10000 -0.625001
20000 -0.584835
30000 -0.563895
40000 -0.510796
50000 -0.514945
60000 -0.570447
70000 -0.609896
80000 -0.523165
90000 -0.552489
100000 -0.534124
110000 -0.570015
120000 -0.638982
130000 -0.512592
140000 -0.55391
150000 -0.566162
160000 -0.606156
170000 -0.59421
180000 -0.524394
190000 -0.504363
200000 -0.52734
210000 -0.581808
220000 -0.586945
230000 -0.580807
240000 -0.580515
250000 -0.576566
260000 -0.583705
270000 -0.558495
280000 -0.564457
290000 -0.553131
300000 -0.54712
310000 -0.576363
320000 -0.587141
330000 -0.601128
340000 -0.583979
350000 -0.547785
360000 -0.511717
370000 -0.575731
380000 -0.555175
390000 -0.595775
400000 -0.585671
410000 -0.53993
420000 -0.584056
430000 -0.604852
440000 -0.54998
450000 -0.591116
460000 -0.603224
470000 -0.580415
480000 -0.587199
490000 -0.519818
500000 -0.555272
510000 -0.511348
520000 -0.584149
530000 -0.455227
540000 -0.485374
550000 -0.619623
560000 -0.457313
570000 -0.514293
580000 -0.52153
590000 -0.582322
600000 -0.568926
610000 -0.65814
620000 -0.582889
630000 -0.641883
640000 -0.544642
650000 -0.618279
660000 -0.509408
670000 -0.574402
680000 -0.524953
690000 -0.481677
700000 -0.618158
710000 -0.589127
720000 -0.520146
730000 -0.552107
740000 -0.622229
750000 -0.549741
760000 -0.569527
770000 -0.608184
780000 -0.647328
790000 -0.523135
800000 -0.475755
810000 -0.517155
820000 -0.5484
830000 -0.517983
840000 -0.58341
850000 -0.633854
860000 -0.654187
870000 -0.570729
880000 -0.604836
890000 -0.577544
900000 -0.522242
910000 -0.591098
920000 -0.594366
930000 -0.518957
940000 -0.579841
950000 -0.623517
960000 -0.532316
970000 -0.53861
980000 -0.557795
990000 -0.586116
1000000 -0.519053
