10000 -0.536428
20000 -0.629723
30000 -0.595035
40000 -0.527263
50000 -0.577319
60000 -0.57214
70000 -0.530916
80000 -0.605294
90000 -0.53629
100000 -0.618066
110000 -0.60563
120000 -0.50876
130000 -0.614015
140000 -0.558756
150000 -0.539142
160000 -0.573899
170000 -0.604869
180000 -0.582291
190000 -0.581179
200000 -0.559505
210000 -0.517162
220000 -0.614509
230000 -0.648543
240000 -0.574569
250000 -0.584183
260000 -0.460614
270000 -0.535677
280000 -0.610722
290000 -0.605339
300000 -0.597251
310000 -0.523683
320000 -0.55682
330000 -0.544788
340000 -0.626494
350000 -0.563195
360000 -0.597061
370000 -0.620437
380000 -0.501709
390000 -0.525933
400000 -0.585019
410000 -0.617777
420000 -0.590454
430000 -0.521959
440000 -0.57
450000 -0.498099
460000 -0.615074
470000 -0.620597
480000 -0.562469
490000 -0.585198
500000 -0.585091
510000 -0.585903
520000 -0.514912
530000 -0.48724
540000 -0.534464
550000 -0.523904
560000 -0.585782
570000 -0.662732
580000 -0.566114
590000 -0.551171
600000 -0.571729
610000 -0.611958
620000 -0.586013
630000 -0.488226
640000 -0.490446
650000 -0.578038
660000 -0.528248
670000 -0.585442
680000 -0.559217
690000 -0.612112
700000 -0.624709
710000 -0.563592
720000 -0.537108
730000 -0.647304
740000 -0.431476
750000 -0.497456
760000 -0.646263
770000 -0.609413
780000 -0.539228
790000 -0.567534
800000 -0.589606
810000 -0.50843
820000 -0.472104
830000 -0.602367
840000 -0.609789
850000 -0.579393
860000 -0.599383
870000 -0.448548
880000 -0.605647
890000 -0.52297
900000 -0.575993
910000 -0.561124
920000 -0.626792
930000 -0.512456
940000 -0.628502
950000 -0.559679
960000 -0.506439
970000 -0.537685
980000 -0.570964
990000 -0.607807
1000000 -0.618964
