10000 -0.516144
20000 -0.590348
30000 -0.589078
40000 -0.547485
50000 -0.613197
60000 -0.589889
70000 -0.580634
80000 -0.643793
90000 -0.58113
100000 -0.617728
110000 -0.526014
120000 -0.572956
130000 -0.546557
140000 -0.587259
150000 -0.551022
160000 -0.538869
170000 -0.606902
180000 -0.541721
190000 -0.569259
200000 -0.625093
210000 -0.518831
220000 -0.523868
230000 -0.516009
240000 -0.548698
250000 -0.519894
260000 -0.6199
270000 -0.546117
280000 -0.576901
290000 -0.582226
300000 -0.618266
310000 -0.577354
320000 -0.531254
330000 -0.578801
340000 -0.571746
350000 -0.565734
360000 -0.661645
370000 -0.553904
380000 -0.55718
390000 -0.55087
400000 -0.595563
410000 -0.520425
420000 -0.610439
430000 -0.545844
440000 -0.556922
450000 -0.530124
460000 -0.579453
470000 -0.571451
480000 -0.619594
490000 -0.585886
500000 -0.597044
510000 -0.601939
520000 -0.50831
530000 -0.570329
540000 -0.549636
550000 -0.575063
560000 -0.518375
570000 -0.598463
580000 -0.590221
590000 -0.484723
600000 -0.61778
610000 -0.56443
620000 -0.523185
630000 -0.536213
640000 -0.518406
650000 -0.574864
660000 -0.480359
670000 -0.601245
680000 -0.487271
690000 -0.489584
700000 -0.555547
710000 -0.519496
720000 -0.639026
730000 -0.548762
740000 -0.495273
750000 -0.580969
760000 -0.52251
770000 -0.564696
780000 -0.590974
790000 -0.641276
800000 -0.533305
810000 -0.511402
820000 -0.631644
830000 -0.563694
840000 -0.5143
850000 -0.555386
860000 -0.526104
870000 -0.60797
880000 -0.625399
890000 -0.614089
900000 -0.626215
910000 -0.502614
920000 -0.525063
930000 -0.538097
940000 -0.529054
950000 -0.555786
960000 -0.570348
970000 -0.601989
980000 -0.549382
990000 -0.604149
1000000 -0.602852
