10000 1.10672
20000 0.824416
30000 0.919177
40000 0.81552
50000 0.329309
60000 0.82645
70000 1.25107
80000 1.00354
90000 0.492447
100000 1.17349
110000 0.99492
120000 0.646461
130000 1.33211
140000 0.410272
150000 0.700204
160000 0.813074
170000 1.1513
180000 0.994664
190000 0.810805
200000 1.12566
210000 1.25534
220000 1.10554
230000 0.862115
240000 0.704589
250000 1.06519
260000 0.926597
270000 1.03492
280000 0.949577
290000 0.648736
300000 1.00839
310000 1.18334
320000 0.809557
330000 1.12676
340000 0.919822
350000 0.929805
360000 1.14021
370000 0.842036
380000 1.20001
390000 0.812696
400000 0.520224
410000 0.680655
420000 1.10841
430000 1.00665
440000 0.714469
450000 1.2685
460000 0.981469
470000 1.06641
480000 0.990664
490000 0.743829
500000 0.704591
510000 0.690534
520000 1.13015
530000 1.02797
540000 0.645772
550000 0.926594
560000 0.923651
570000 0.640983
580000 1.35637
590000 0.969858
600000 1.13262
610000 0.794979
620000 0.812866
630000 0.497371
640000 0.763949
650000 1.1316
660000 0.665281
670000 0.802972
680000 0.890153
690000 1.01241
700000 0.836878
710000 0.809484
720000 0.763609
730000 0.71643
740000 0.61717
750000 1.06764
760000 0.567855
770000 1.1673
780000 0.718263
790000 0.696388
800000 1.08853
810000 1.16275
820000 0.469399
830000 0.596804
840000 1.034
850000 0.864808
860000 1.116
870000 0.805105
880000 0.638283
890000 0.993144
900000 1.06883
910000 0.734677
920000 0.925381
930000 0.861434
940000 0.704589
950000 0.910951
960000 0.782143
970000 1.18479
980000 0.895363
990000 1.29059
1000000 0.723007
