10000 1.12715
20000 1.30335
30000 0.987624
40000 0.706041
50000 0.787048
60000 0.704589
70000 0.529714
80000 0.520393
90000 0.645872
100000 0.69764
110000 0.734889
120000 0.948884
130000 1.01562
140000 0.392713
150000 1.31697
160000 0.946753
170000 1.19509
180000 0.882519
190000 1.31397
200000 0.912687
210000 1.1299
220000 0.624578
230000 0.672636
240000 0.659108
250000 0.919296
260000 0.714469
270000 0.676403
280000 1.3374
290000 0.836976
300000 0.797131
310000 0.732469
320000 0.832178
330000 0.779283
340000 1.03725
350000 0.696965
360000 0.974199
370000 1.18721
380000 0.66576
390000 0.999984
400000 0.837473
410000 0.711154
420000 1.2977
430000 0.660521
440000 0.600851
450000 0.628284
460000 0.748676
470000 1.1637
480000 0.678957
490000 0.929423
500000 1.12391
510000 1.16606
520000 1.32732
530000 0.601599
540000 0.828432
550000 1.22657
560000 1.09547
570000 0.788248
580000 0.688696
590000 1.17097
600000 0.698269
610000 0.998704
620000 0.551928
630000 0.46347
640000 1.10275
650000 0.827006
660000 0.770293
670000 1.02818
680000 1.01098
690000 0.747446
700000 0.909856
710000 1.04177
720000 1.15699
730000 0.796154
740000 1.07085
750000 0.567003
760000 0.993644
770000 1.10374
780000 0.987694
790000 1.04161
800000 1.02351
810000 0.990697
820000 0.53519
830000 0.911805
840000 1.31363
850000 0.438815
860000 0.985211
870000 0.0322532
880000 0.605949
890000 0.819955
900000 1.03065
910000 1.19992
920000 1.07131
930000 0.694299
940000 1.31252
950000 0.856085
960000 0.734544
970000 1.05594
980000 0.522936
990000 0.946509
1000000 1.07538
