10000 0.816152
20000 1.0231
30000 0.741714
40000 1.14557
50000 0.763373
60000 1.32632
70000 0.976403
80000 0.876926
90000 1.20485
100000 1.19422
110000 0.791728
120000 0.784171
130000 1.19707
140000 1.11838
150000 1.17198
160000 0.815865
170000 0.943672
180000 0.615599
190000 1.0313
200000 0.364345
210000 1.06031
220000 0.734386
230000 1.09553
240000 0.796968
250000 1.09695
260000 1.38115
270000 0.754648
280000 1.34991
290000 1.07174
300000 1.07435
310000 1.18525
320000 0.770924
330000 0.950736
340000 0.525746
350000 0.96549
360000 0.63054
370000 0.776536
380000 0.827966
390000 0.87763
400000 0.763623
410000 1.05421
420000 0.984947
430000 1.02502
440000 0.752663
450000 0.953986
460000 0.644835
470000 0.753986
480000 1.12805
490000 1.00435
500000 1.24258
510000 1.15153
520000 0.714469
530000 0.655374
540000 0.956283
550000 0.763774
560000 0.640978
570000 0.741256
580000 1.09174
590000 0.880239
600000 0.946106
610000 1.1989
620000 0.786393
630000 0.413228
640000 1.16652
650000 0.56475
660000 0.83969
670000 1.28593
680000 0.781158
690000 1.13092
700000 1.10863
710000 1.28163
720000 0.767824
730000 1.00816
740000 0.650483
750000 0.66576
760000 0.958259
770000 0.965579
780000 0.729989
790000 1.24189
800000 1.18824
810000 1.11396
820000 0.461355
830000 1.11818
840000 1.06293
850000 1.25252
860000 1.05994
870000 0.84643
880000 0.508662
890000 1.19449
900000 0.756074
910000 0.488812
920000 0.497371
930000 1.05235
940000 1.05401
950000 1.17467
960000 1.13585
970000 1.14044
980000 0.615606
990000 0.726792
1000000 1.15228
