10000 -0.339472
20000 -0.372124
30000 -0.382981
40000 -0.385204
50000 -0.377503
60000 -0.365534
70000 -0.354882
80000 -0.344574
90000 -0.336034
100000 -0.328469
110000 -0.321661
120000 -0.315638
130000 -0.310235
140000 -0.305406
150000 -0.30116
160000 -0.297235
170000 -0.293696
180000 -0.290455
190000 -0.287415
200000 -0.284594
210000 -0.281924
220000 -0.279408
230000 -0.277014
240000 -0.274779
250000 -0.27266
260000 -0.270709
270000 -0.268863
280000 -0.267158
290000 -0.265536
300000 -0.264041
310000 -0.262626
320000 -0.261305
330000 -0.260036
340000 -0.258822
350000 -0.257671
360000 -0.25658
370000 -0.255572
380000 -0.254604
390000 -0.253672
400000 -0.252792
410000 -0.251918
420000 -0.251103
430000 -0.250326
440000 -0.249586
450000 -0.248888
460000 -0.248208
470000 -0.24755
480000 -0.246904
490000 -0.246278
500000 -0.245677
510000 -0.245102
520000 -0.244538
530000 -0.244003
540000 -0.243481
550000 -0.242967
560000 -0.242476
570000 -0.241991
580000 -0.241534
590000 -0.241082
600000 -0.240637
610000 -0.24022
620000 -0.239812
630000 -0.239411
640000 -0.239034
650000 -0.23866
660000 -0.238297
670000 -0.237953
680000 -0.237597
690000 -0.237257
700000 -0.236923
710000 -0.236602
720000 -0.236289
730000 -0.235977
740000 -0.235672
750000 -0.235379
760000 -0.235088
770000 -0.234799
780000 -0.234523
790000 -0.234254
800000 -0.233989
810000 -0.233729
820000 -0.233474
830000 -0.233227
840000 -0.232989
850000 -0.232758
860000 -0.232536
870000 -0.232314
880000 -0.232093
890000 -0.231879
900000 -0.231671
910000 -0.231464
920000 -0.231263
930000 -0.231064
940000 -0.230873
950000 -0.230683
960000 -0.2305
970000 -0.230318
980000 -0.230139
990000 -0.229967
