10000 -0.353266
20000 -0.383735
30000 -0.391251
40000 -0.38969
50000 -0.385951
60000 -0.38001
70000 -0.373114
80000 -0.366604
90000 -0.360328
100000 -0.354659
110000 -0.347923
120000 -0.340707
130000 -0.333892
140000 -0.327733
150000 -0.322045
160000 -0.316773
170000 -0.311784
180000 -0.307144
190000 -0.302662
200000 -0.298465
210000 -0.294317
220000 -0.290101
230000 -0.286008
240000 -0.282028
250000 -0.278242
260000 -0.274691
270000 -0.271277
280000 -0.268109
290000 -0.265122
300000 -0.26226
310000 -0.259613
320000 -0.257162
330000 -0.25486
340000 -0.252653
350000 -0.250542
360000 -0.248567
370000 -0.246689
380000 -0.244917
390000 -0.243207
400000 -0.241566
410000 -0.240008
420000 -0.238531
430000 -0.237114
440000 -0.235753
450000 -0.234459
460000 -0.233224
470000 -0.232036
480000 -0.23089
490000 -0.229783
500000 -0.228732
510000 -0.227716
520000 -0.226743
530000 -0.225803
540000 -0.224904
550000 -0.22403
560000 -0.223189
570000 -0.222375
580000 -0.221587
590000 -0.220825
600000 -0.220092
610000 -0.219381
620000 -0.218702
630000 -0.218037
640000 -0.217395
650000 -0.216771
660000 -0.216169
670000 -0.215584
680000 -0.215019
690000 -0.214468
700000 -0.213932
710000 -0.213409
720000 -0.212896
730000 -0.212399
740000 -0.211914
750000 -0.211443
760000 -0.210987
770000 -0.210541
780000 -0.210109
790000 -0.209685
800000 -0.209274
810000 -0.208877
820000 -0.208487
830000 -0.208104
840000 -0.207732
850000 -0.207369
860000 -0.207013
870000 -0.206664
880000 -0.206323
890000 -0.205985
900000 -0.205657
910000 -0.205333
920000 -0.205018
930000 -0.204706
940000 -0.204403
950000 -0.204104
960000 -0.203812
970000 -0.203525
980000 -0.203245
990000 -0.202969
