10000 -0.448035
20000 -0.419214
30000 -0.409719
40000 -0.384539
50000 -0.362093
60000 -0.342484
70000 -0.32127
80000 -0.302476
90000 -0.269275
100000 -0.253863
110000 -0.24862
120000 -0.241069
130000 -0.231443
140000 -0.227157
150000 -0.225051
160000 -0.222624
170000 -0.222161
180000 -0.219768
190000 -0.221246
200000 -0.219778
210000 -0.219583
220000 -0.219266
230000 -0.219043
240000 -0.218701
250000 -0.2185
260000 -0.218325
270000 -0.218093
280000 -0.217834
290000 -0.217202
300000 -0.215061
310000 -0.2129
320000 -0.210166
330000 -0.207544
340000 -0.203907
350000 -0.199714
360000 -0.195523
370000 -0.19402
380000 -0.193575
390000 -0.193252
400000 -0.192841
410000 -0.192442
420000 -0.191994
430000 -0.191577
440000 -0.191151
450000 -0.190803
460000 -0.190323
470000 -0.190028
480000 -0.189962
490000 -0.190017
500000 -0.190043
510000 -0.190121
520000 -0.190143
530000 -0.190256
540000 -0.190282
550000 -0.190132
560000 -0.190008
570000 -0.18984
580000 -0.189683
590000 -0.189558
600000 -0.189556
610000 -0.18956
620000 -0.189392
630000 -0.189251
640000 -0.189233
650000 -0.189155
660000 -0.188967
670000 -0.189018
680000 -0.188901
690000 -0.188823
700000 -0.188715
710000 -0.188611
720000 -0.188494
730000 -0.188393
740000 -0.188412
750000 -0.188401
760000 -0.187422
770000 -0.186679
780000 -0.186518
790000 -0.185618
800000 -0.185173
810000 -0.18508
820000 -0.1849
830000 -0.184459
840000 -0.184122
850000 -0.183484
860000 -0.182848
870000 -0.182132
880000 -0.181591
890000 -0.181164
900000 -0.18101
910000 -0.180828
920000 -0.180534
930000 -0.180146
940000 -0.179653
950000 -0.179494
960000 -0.178858
970000 -0.17841
980000 -0.178289
990000 -0.177524
