10000 -0.424266
20000 -0.427073
30000 -0.403699
40000 -0.378177
50000 -0.362682
60000 -0.307712
70000 -0.261642
80000 -0.242677
90000 -0.235923
100000 -0.233396
110000 -0.230399
120000 -0.230122
130000 -0.229185
140000 -0.229584
150000 -0.229109
160000 -0.22903
170000 -0.228894
180000 -0.228618
190000 -0.228378
200000 -0.228396
210000 -0.228451
220000 -0.22889
230000 -0.228805
240000 -0.228595
250000 -0.228377
260000 -0.228019
270000 -0.227769
280000 -0.227632
290000 -0.227805
300000 -0.22776
310000 -0.227483
320000 -0.227446
330000 -0.227322
340000 -0.227323
350000 -0.227245
360000 -0.22741
370000 -0.227072
380000 -0.227008
390000 -0.226842
400000 -0.226844
410000 -0.226968
420000 -0.226958
430000 -0.227025
440000 -0.226648
450000 -0.22666
460000 -0.226731
470000 -0.226575
480000 -0.226391
490000 -0.226375
500000 -0.226448
510000 -0.226683
520000 -0.226677
530000 -0.226916
540000 -0.226917
550000 -0.226846
560000 -0.226538
570000 -0.226569
580000 -0.22645
590000 -0.226306
600000 -0.226096
610000 -0.225973
620000 -0.225944
630000 -0.225912
640000 -0.225744
650000 -0.225253
660000 -0.225404
670000 -0.225637
680000 -0.225493
690000 -0.225537
700000 -0.225488
710000 -0.225446
720000 -0.225556
730000 -0.225532
740000 -0.225519
750000 -0.225648
760000 -0.225608
770000 -0.225827
780000 -0.225758
790000 -0.225659
800000 -0.225456
810000 -0.225606
820000 -0.225592
830000 -0.225633
840000 -0.225709
850000 -0.225717
860000 -0.22561
870000 -0.225778
880000 -0.225769
890000 -0.225746
900000 -0.225743
910000 -0.225719
920000 -0.225855
930000 -0.225762
940000 -0.225985
950000 -0.226249
960000 -0.22623
970000 -0.226055
980000 -0.22592
990000 -0.226003
