10000 0.25081
20000 0.128664
30000 0.087704
40000 0.0671865
50000 0.0548698
60000 0.0466541
70000 0.0407846
80000 0.0363799
90000 0.0329545
100000 0.030214
110000 0.0279714
120000 0.0261026
130000 0.0245212
140000 0.0231656
150000 0.0219908
160000 0.0209625
170000 0.0200554
180000 0.019249
190000 0.0185274
200000 0.0178782
210000 0.0172905
220000 0.0167563
230000 0.0162686
240000 0.0158215
250000 0.0154103
260000 0.0150305
270000 0.014679
280000 0.0143525
290000 0.0140486
300000 0.0137649
310000 0.0134995
320000 0.0132507
330000 0.013017
340000 0.012797
350000 0.0125896
360000 0.0123937
370000 0.0122084
380000 0.0120329
390000 0.0118663
400000 0.0117081
410000 0.0115575
420000 0.0114142
430000 0.0112775
440000 0.0111471
450000 0.0110224
460000 0.0109032
470000 0.010789
480000 0.0106796
490000 0.0105746
500000 0.0104739
510000 0.0103771
520000 0.010284
530000 0.0101945
540000 0.0101082
550000 0.0100251
560000 0.00994496
570000 0.00986764
580000 0.00979298
590000 0.00972084
600000 0.00965112
610000 0.00958368
620000 0.0095184
630000 0.00945521
640000 0.00939399
650000 0.00933464
660000 0.0092771
670000 0.00922129
680000 0.00916711
690000 0.00911449
700000 0.00906339
710000 0.00901372
720000 0.00896543
730000 0.00891847
740000 0.00887277
750000 0.00882831
760000 0.00878499
770000 0.00874281
780000 0.0087017
790000 0.00866165
800000 0.00862259
810000 0.00858449
820000 0.00854733
830000 0.00851106
840000 0.00847565
850000 0.00844108
860000 0.00840731
870000 0.00837431
880000 0.00834207
890000 0.00831056
900000 0.00827974
910000 0.00824959
920000 0.00822011
930000 0.00819126
940000 0.00816302
950000 0.00813538
960000 0.00810832
970000 0.0080818
980000 0.00805583
990000 0.00803039
