10000 0.319326
20000 0.198629
30000 0.134051
40000 0.101731
50000 0.0823291
60000 0.0693926
70000 0.0601484
80000 0.0532158
90000 0.0478232
100000 0.0435095
110000 0.0399776
120000 0.0370357
130000 0.0345463
140000 0.032412
150000 0.0305626
160000 0.0289444
170000 0.0275163
180000 0.0262469
190000 0.0251111
200000 0.0240889
210000 0.0231641
220000 0.0223233
230000 0.0215556
240000 0.0208519
250000 0.0202046
260000 0.0196069
270000 0.0190535
280000 0.0185397
290000 0.0180613
300000 0.0176149
310000 0.017197
320000 0.0168055
330000 0.0164377
340000 0.0160914
350000 0.0157649
360000 0.0154566
370000 0.015165
380000 0.0148886
390000 0.0146265
400000 0.0143775
410000 0.0141406
420000 0.013915
430000 0.0136999
440000 0.0134945
450000 0.0132984
460000 0.0131107
470000 0.012931
480000 0.0127587
490000 0.0125936
500000 0.012435
510000 0.0122827
520000 0.0121362
530000 0.0119952
540000 0.0118595
550000 0.0117286
560000 0.0116025
570000 0.0114808
580000 0.0113633
590000 0.0112498
600000 0.01114
610000 0.0110339
620000 0.0109312
630000 0.0108317
640000 0.0107353
650000 0.0106419
660000 0.0105514
670000 0.0104635
680000 0.0103782
690000 0.0102954
700000 0.010215
710000 0.0101368
720000 0.0100608
730000 0.00998693
740000 0.00991502
750000 0.00984499
760000 0.00977683
770000 0.00971044
780000 0.00964576
790000 0.00958271
800000 0.00952124
810000 0.00946128
820000 0.00940279
830000 0.00934572
840000 0.00928999
850000 0.00923557
860000 0.00918242
870000 0.00913049
880000 0.00907975
890000 0.00903015
900000 0.00898164
910000 0.0089342
920000 0.0088878
930000 0.00884238
940000 0.00879794
950000 0.00875444
960000 0.00871184
970000 0.00867011
980000 0.00862925
990000 0.00858921
