10000 0.27903
20000 0.16007
30000 0.10833
40000 0.082439
50000 0.0668877
60000 0.0565214
70000 0.0491165
80000 0.0435624
90000 0.0392415
100000 0.0357854
110000 0.0329569
120000 0.0305996
130000 0.028605
140000 0.0268952
150000 0.0254135
160000 0.0241171
170000 0.0229728
180000 0.0219559
190000 0.021046
200000 0.020227
210000 0.0194861
220000 0.0188125
230000 0.0181974
240000 0.0176336
250000 0.0171151
260000 0.0166362
270000 0.0161928
280000 0.0157811
290000 0.0153979
300000 0.0150401
310000 0.0147055
320000 0.0143917
330000 0.0140969
340000 0.0138196
350000 0.013558
360000 0.013311
370000 0.0130773
380000 0.012856
390000 0.0126459
400000 0.0124465
410000 0.0122566
420000 0.0120759
430000 0.0119036
440000 0.0117391
450000 0.0115818
460000 0.0114315
470000 0.0112875
480000 0.0111496
490000 0.0110172
500000 0.0108902
510000 0.0107681
520000 0.0106508
530000 0.0105378
540000 0.010429
550000 0.0103242
560000 0.0102232
570000 0.0101257
580000 0.0100315
590000 0.00994056
600000 0.00985265
610000 0.00976762
620000 0.00968532
630000 0.0096056
640000 0.0095284
650000 0.00945358
660000 0.00938102
670000 0.00931063
680000 0.00924233
690000 0.00917598
700000 0.00911153
710000 0.00904891
720000 0.00898802
730000 0.00892879
740000 0.00887118
750000 0.0088151
760000 0.00876049
770000 0.00870729
780000 0.00865547
790000 0.00860495
800000 0.0085557
810000 0.00850766
820000 0.0084608
830000 0.00841506
840000 0.00837042
850000 0.00832682
860000 0.00828424
870000 0.00824264
880000 0.00820198
890000 0.00816225
900000 0.00812338
910000 0.00808537
920000 0.0080482
930000 0.00801182
940000 0.00797621
950000 0.00794135
960000 0.00790723
970000 0.0078738
980000 0.00784105
990000 0.00780896
