10000 0.071949
20000 0.038618
30000 0.0274875
40000 0.0219199
50000 0.0185786
60000 0.0163506
70000 0.0147592
80000 0.0135653
90000 0.0126367
100000 0.0118939
110000 0.011286
120000 0.0107794
130000 0.0103508
140000 0.00998338
150000 0.00966499
160000 0.00938632
170000 0.00914048
180000 0.00892194
190000 0.0087264
200000 0.00855041
210000 0.00839118
220000 0.00824644
230000 0.00811426
240000 0.00799311
250000 0.00788164
260000 0.00777875
270000 0.00768348
280000 0.00759502
290000 0.00751266
300000 0.00743578
310000 0.00736387
320000 0.00729645
330000 0.00723312
340000 0.00717351
350000 0.0071173
360000 0.00706422
370000 0.00701401
380000 0.00696645
390000 0.00692132
400000 0.00687844
410000 0.00683766
420000 0.00679882
430000 0.00676179
440000 0.00672644
450000 0.00669266
460000 0.00666035
470000 0.00662941
480000 0.00659976
490000 0.00657133
500000 0.00654403
510000 0.0065178
520000 0.00649258
530000 0.00646831
540000 0.00644494
550000 0.00642242
560000 0.00640071
570000 0.00637975
580000 0.00635952
590000 0.00633998
600000 0.00632108
610000 0.00630281
620000 0.00628512
630000 0.006268
640000 0.00625141
650000 0.00623533
660000 0.00621974
670000 0.00620462
680000 0.00618994
690000 0.00617568
700000 0.00616183
710000 0.00614838
720000 0.00613529
730000 0.00612257
740000 0.00611018
750000 0.00609813
760000 0.0060864
770000 0.00607497
780000 0.00606383
790000 0.00605298
800000 0.0060424
810000 0.00603207
820000 0.006022
830000 0.00601218
840000 0.00600258
850000 0.00599322
860000 0.00598407
870000 0.00597513
880000 0.00596639
890000 0.00595785
900000 0.0059495
910000 0.00594133
920000 0.00593334
930000 0.00592553
940000 0.00591787
950000 0.00591039
960000 0.00590305
970000 0.00589587
980000 0.00588883
990000 0.00588194
