10000 0.246107
20000 0.127005
30000 0.0860842
40000 0.0656051
50000 0.0533184
60000 0.045119
70000 0.0392639
80000 0.0348723
90000 0.0314563
100000 0.0287235
110000 0.0264873
120000 0.0246238
130000 0.0230469
140000 0.0216952
150000 0.0205238
160000 0.0194988
170000 0.0185943
180000 0.0177903
190000 0.0170709
200000 0.0164236
210000 0.0158377
220000 0.0153052
230000 0.014819
240000 0.0143733
250000 0.0139632
260000 0.0135847
270000 0.0132342
280000 0.0129088
290000 0.0126057
300000 0.0123229
310000 0.0120584
320000 0.0118103
330000 0.0115773
340000 0.011358
350000 0.0111513
360000 0.010956
370000 0.0107713
380000 0.0105963
390000 0.0104303
400000 0.0102725
410000 0.0101225
420000 0.00997964
430000 0.00984338
440000 0.00971332
450000 0.00958906
460000 0.00947018
470000 0.00935638
480000 0.0092473
490000 0.0091427
500000 0.00904226
510000 0.00894576
520000 0.00885299
530000 0.00876371
540000 0.00867773
550000 0.00859488
560000 0.00851499
570000 0.0084379
580000 0.00836348
590000 0.00829158
600000 0.00822206
610000 0.00815483
620000 0.00808977
630000 0.00802678
640000 0.00796575
650000 0.0079066
660000 0.00784924
670000 0.00779359
680000 0.00773959
690000 0.00768714
700000 0.0076362
710000 0.00758669
720000 0.00753856
730000 0.00749174
740000 0.0074462
750000 0.00740185
760000 0.00735869
770000 0.00731663
780000 0.00727566
790000 0.00723573
800000 0.0071968
810000 0.00715882
820000 0.00712178
830000 0.00708562
840000 0.00705033
850000 0.00701588
860000 0.00698221
870000 0.00694932
880000 0.00691718
890000 0.00688576
900000 0.00685504
910000 0.006825
920000 0.0067956
930000 0.00676684
940000 0.0067387
950000 0.00671114
960000 0.00668416
970000 0.00665773
980000 0.00663185
990000 0.00660649
