10000 -0.374307
20000 -0.400952
30000 -0.408247
40000 -0.409337
50000 -0.39926
60000 -0.38955
70000 -0.38038
80000 -0.372148
90000 -0.364538
100000 -0.358031
110000 -0.352031
120000 -0.346654
130000 -0.341795
140000 -0.337486
150000 -0.333448
160000 -0.329873
170000 -0.326625
180000 -0.323678
190000 -0.320969
200000 -0.31847
210000 -0.316066
220000 -0.313772
230000 -0.311598
240000 -0.309549
250000 -0.307661
260000 -0.305933
270000 -0.304301
280000 -0.302708
290000 -0.301253
300000 -0.29983
310000 -0.298524
320000 -0.297281
330000 -0.296073
340000 -0.294929
350000 -0.293775
360000 -0.292655
370000 -0.291549
380000 -0.290497
390000 -0.289471
400000 -0.288491
410000 -0.287567
420000 -0.286666
430000 -0.285773
440000 -0.284924
450000 -0.284051
460000 -0.283185
470000 -0.282342
480000 -0.281509
490000 -0.280682
500000 -0.279845
510000 -0.279024
520000 -0.278185
530000 -0.277355
540000 -0.276549
550000 -0.275762
560000 -0.274942
570000 -0.274119
580000 -0.27329
590000 -0.272476
600000 -0.271687
610000 -0.270897
620000 -0.270081
630000 -0.269243
640000 -0.26838
650000 -0.267525
660000 -0.266683
670000 -0.265829
680000 -0.264994
690000 -0.264154
700000 -0.263329
710000 -0.262534
720000 -0.26175
730000 -0.260979
740000 -0.260244
750000 -0.259531
760000 -0.258812
770000 -0.258108
780000 -0.257428
790000 -0.256754
800000 -0.256095
810000 -0.255449
820000 -0.25483
830000 -0.254216
840000 -0.25362
850000 -0.253028
860000 -0.252451
870000 -0.251881
880000 -0.251318
890000 -0.250772
900000 -0.250226
910000 -0.249691
920000 -0.249174
930000 -0.248664
940000 -0.248162
950000 -0.247671
960000 -0.247187
970000 -0.246713
980000 -0.246245
990000 -0.245787
