10000 -0.382858
20000 -0.400812
30000 -0.402649
40000 -0.397513
50000 -0.391179
60000 -0.385608
70000 -0.379871
80000 -0.373596
90000 -0.366669
100000 -0.360135
110000 -0.354183
120000 -0.34818
130000 -0.342571
140000 -0.337696
150000 -0.333324
160000 -0.329222
170000 -0.325488
180000 -0.322111
190000 -0.319044
200000 -0.316286
210000 -0.313651
220000 -0.311171
230000 -0.308881
240000 -0.306738
250000 -0.304737
260000 -0.302895
270000 -0.301182
280000 -0.299537
290000 -0.298034
300000 -0.296623
310000 -0.295294
320000 -0.294053
330000 -0.292872
340000 -0.291758
350000 -0.29071
360000 -0.289714
370000 -0.288773
380000 -0.287887
390000 -0.287007
400000 -0.286189
410000 -0.285397
420000 -0.284659
430000 -0.283949
440000 -0.283277
450000 -0.282628
460000 -0.282003
470000 -0.281401
480000 -0.280814
490000 -0.280244
500000 -0.279707
510000 -0.279189
520000 -0.278711
530000 -0.278228
540000 -0.277784
550000 -0.277354
560000 -0.276926
570000 -0.276515
580000 -0.276113
590000 -0.27572
600000 -0.275346
610000 -0.274982
620000 -0.274629
630000 -0.274279
640000 -0.273946
650000 -0.273605
660000 -0.273282
670000 -0.272968
680000 -0.272663
690000 -0.272363
700000 -0.272068
710000 -0.271778
720000 -0.271503
730000 -0.27123
740000 -0.270967
750000 -0.270709
760000 -0.270466
770000 -0.270224
780000 -0.269988
790000 -0.269754
800000 -0.269523
810000 -0.269303
820000 -0.269087
830000 -0.268872
840000 -0.268662
850000 -0.268455
860000 -0.268246
870000 -0.268044
880000 -0.267851
890000 -0.26766
900000 -0.267467
910000 -0.267284
920000 -0.267101
930000 -0.266928
940000 -0.266754
950000 -0.266583
960000 -0.266421
970000 -0.266261
980000 -0.2661
990000 -0.265947
