10000 -0.395016
20000 -0.414405
30000 -0.421469
40000 -0.425403
50000 -0.425602
60000 -0.424373
70000 -0.418476
80000 -0.411863
90000 -0.40465
100000 -0.398413
110000 -0.392479
120000 -0.387679
130000 -0.383402
140000 -0.379338
150000 -0.375659
160000 -0.372349
170000 -0.369275
180000 -0.366374
190000 -0.363587
200000 -0.360853
210000 -0.358142
220000 -0.35557
230000 -0.353154
240000 -0.350998
250000 -0.348918
260000 -0.347024
270000 -0.345158
280000 -0.343388
290000 -0.34173
300000 -0.340061
310000 -0.338459
320000 -0.33688
330000 -0.335383
340000 -0.333955
350000 -0.332585
360000 -0.331308
370000 -0.330054
380000 -0.328838
390000 -0.327661
400000 -0.326534
410000 -0.325453
420000 -0.324407
430000 -0.323405
440000 -0.322463
450000 -0.321528
460000 -0.320624
470000 -0.319749
480000 -0.31891
490000 -0.318109
500000 -0.317344
510000 -0.316604
520000 -0.315893
530000 -0.3152
540000 -0.314511
550000 -0.31385
560000 -0.313196
570000 -0.312575
580000 -0.31197
590000 -0.311395
600000 -0.310825
610000 -0.310271
620000 -0.309734
630000 -0.309212
640000 -0.308699
650000 -0.308204
660000 -0.307722
670000 -0.307252
680000 -0.30679
690000 -0.306342
700000 -0.305909
710000 -0.30548
720000 -0.305058
730000 -0.304647
740000 -0.304242
750000 -0.303836
760000 -0.30346
770000 -0.303082
780000 -0.302713
790000 -0.30236
800000 -0.302004
810000 -0.30167
820000 -0.301346
830000 -0.301012
840000 -0.300681
850000 -0.300363
860000 -0.300058
870000 -0.299756
880000 -0.299461
890000 -0.299177
900000 -0.298893
910000 -0.298618
920000 -0.298341
930000 -0.298076
940000 -0.297815
950000 -0.297561
960000 -0.297311
970000 -0.297064
980000 -0.296825
990000 -0.296588
