10000 -0.368153
20000 -0.387328
30000 -0.386582
40000 -0.373993
50000 -0.360852
60000 -0.349606
70000 -0.339712
80000 -0.3319
90000 -0.324954
100000 -0.319167
110000 -0.313947
120000 -0.309294
130000 -0.304991
140000 -0.301056
150000 -0.297611
160000 -0.294465
170000 -0.291654
180000 -0.289057
190000 -0.286774
200000 -0.284577
210000 -0.282515
220000 -0.280534
230000 -0.278704
240000 -0.277011
250000 -0.27537
260000 -0.273795
270000 -0.272284
280000 -0.270847
290000 -0.269466
300000 -0.268139
310000 -0.266834
320000 -0.265561
330000 -0.264273
340000 -0.262964
350000 -0.261548
360000 -0.260105
370000 -0.258539
380000 -0.256956
390000 -0.255394
400000 -0.253925
410000 -0.252511
420000 -0.25115
430000 -0.249826
440000 -0.248563
450000 -0.247326
460000 -0.246137
470000 -0.244985
480000 -0.243872
490000 -0.242792
500000 -0.241765
510000 -0.240773
520000 -0.23982
530000 -0.238896
540000 -0.237992
550000 -0.237116
560000 -0.236263
570000 -0.235414
580000 -0.234591
590000 -0.233805
600000 -0.233018
610000 -0.232244
620000 -0.23148
630000 -0.230736
640000 -0.230004
650000 -0.229294
660000 -0.228599
670000 -0.22791
680000 -0.227228
690000 -0.22656
700000 -0.225901
710000 -0.225264
720000 -0.224645
730000 -0.224043
740000 -0.223463
750000 -0.2229
760000 -0.222343
770000 -0.221802
780000 -0.22128
790000 -0.220767
800000 -0.220259
810000 -0.219764
820000 -0.219279
830000 -0.218801
840000 -0.218332
850000 -0.217874
860000 -0.217428
870000 -0.216991
880000 -0.216568
890000 -0.216153
900000 -0.215746
910000 -0.215347
920000 -0.214949
930000 -0.214558
940000 -0.21418
950000 -0.213808
960000 -0.213441
970000 -0.213083
980000 -0.212729
990000 -0.212387
