10000 -0.517445
20000 -0.467689
30000 -0.394391
40000 -0.395826
50000 -0.362049
60000 -0.35988
70000 -0.344115
80000 -0.322792
90000 -0.30641
100000 -0.298508
110000 -0.289593
120000 -0.274485
130000 -0.27266
140000 -0.275353
150000 -0.268083
160000 -0.266636
170000 -0.264221
180000 -0.263615
190000 -0.262502
200000 -0.261376
210000 -0.259565
220000 -0.257946
230000 -0.256886
240000 -0.256232
250000 -0.256164
260000 -0.255905
270000 -0.255697
280000 -0.255399
290000 -0.255236
300000 -0.255403
310000 -0.25526
320000 -0.255328
330000 -0.255155
340000 -0.254906
350000 -0.254788
360000 -0.254639
370000 -0.254603
380000 -0.254208
390000 -0.25384
400000 -0.254041
410000 -0.254077
420000 -0.254101
430000 -0.254149
440000 -0.253917
450000 -0.253901
460000 -0.2537
470000 -0.253285
480000 -0.253564
490000 -0.253734
500000 -0.253305
510000 -0.253424
520000 -0.253503
530000 -0.25358
540000 -0.253521
550000 -0.253502
560000 -0.253519
570000 -0.253283
580000 -0.253094
590000 -0.252947
600000 -0.253106
610000 -0.253006
620000 -0.25289
630000 -0.252625
640000 -0.252515
650000 -0.251873
660000 -0.252255
670000 -0.252211
680000 -0.25208
690000 -0.251772
700000 -0.251526
710000 -0.251693
720000 -0.251664
730000 -0.252001
740000 -0.251802
750000 -0.251815
760000 -0.251818
770000 -0.251841
780000 -0.251691
790000 -0.251676
800000 -0.251308
810000 -0.251419
820000 -0.2511
830000 -0.251035
840000 -0.250887
850000 -0.250822
860000 -0.250916
870000 -0.250921
880000 -0.250676
890000 -0.250661
900000 -0.250702
910000 -0.250664
920000 -0.250927
930000 -0.251004
940000 -0.250737
950000 -0.250747
960000 -0.250726
970000 -0.250726
980000 -0.250769
990000 -0.250503
