10000 0.299619
20000 0.173772
30000 0.131474
40000 0.110276
50000 0.0975433
60000 0.0890506
70000 0.0829805
80000 0.0784274
90000 0.0748848
100000 0.0720506
110000 0.0697313
120000 0.0677983
130000 0.0661625
140000 0.0647603
150000 0.0635451
160000 0.0624817
170000 0.0615433
180000 0.0607091
190000 0.0599627
200000 0.0592909
210000 0.0586831
220000 0.0581306
230000 0.057626
240000 0.0571635
250000 0.056738
260000 0.0563452
270000 0.0559815
280000 0.0556438
290000 0.0553294
300000 0.0550359
310000 0.0547613
320000 0.0545039
330000 0.0542622
340000 0.0540346
350000 0.05382
360000 0.0536173
370000 0.0534256
380000 0.053244
390000 0.0530717
400000 0.052908
410000 0.0527523
420000 0.052604
430000 0.0524626
440000 0.0523277
450000 0.0521987
460000 0.0520753
470000 0.0519572
480000 0.051844
490000 0.0517354
500000 0.0516312
510000 0.0515311
520000 0.0514348
530000 0.0513421
540000 0.0512529
550000 0.0511669
560000 0.051084
570000 0.051004
580000 0.0509267
590000 0.0508521
600000 0.05078
610000 0.0507102
620000 0.0506427
630000 0.0505773
640000 0.0505139
650000 0.0504525
660000 0.050393
670000 0.0503353
680000 0.0502792
690000 0.0502248
700000 0.0501719
710000 0.0501205
720000 0.0500705
730000 0.050022
740000 0.0499747
750000 0.0499287
760000 0.0498839
770000 0.0498402
780000 0.0497977
790000 0.0497562
800000 0.0497158
810000 0.0496764
820000 0.049638
830000 0.0496004
840000 0.0495638
850000 0.049528
860000 0.0494931
870000 0.049459
880000 0.0494256
890000 0.049393
900000 0.0493611
910000 0.0493299
920000 0.0492994
930000 0.0492696
940000 0.0492404
950000 0.0492118
960000 0.0491838
970000 0.0491563
980000 0.0491295
990000 0.0491031
