10000 0.261961
20000 0.163829
30000 0.12824
40000 0.111567
50000 0.10124
60000 0.0938383
70000 0.0884014
80000 0.0841073
90000 0.0808489
100000 0.0783948
110000 0.0762184
120000 0.074454
130000 0.0731436
140000 0.0716704
150000 0.0703933
160000 0.0692753
170000 0.0682892
180000 0.0674121
190000 0.0666274
200000 0.0659212
210000 0.0652813
220000 0.0647
230000 0.064169
240000 0.0636823
250000 0.0632345
260000 0.0628211
270000 0.0624383
280000 0.0620829
290000 0.0617517
300000 0.0614432
310000 0.0611538
320000 0.0608829
330000 0.0606282
340000 0.0603886
350000 0.0601626
360000 0.0599492
370000 0.0597473
380000 0.0595561
390000 0.0593747
400000 0.0591778
410000 0.0589166
420000 0.0586255
430000 0.0583095
440000 0.0579458
450000 0.0575429
460000 0.0571648
470000 0.0568378
480000 0.0564871
490000 0.0561378
500000 0.0557972
510000 0.0554735
520000 0.0551587
530000 0.0548557
540000 0.0545639
550000 0.0542827
560000 0.0540116
570000 0.05375
580000 0.0534973
590000 0.0532533
600000 0.0530173
610000 0.052789
620000 0.0525683
630000 0.0523651
640000 0.0521578
650000 0.0519571
660000 0.0517622
670000 0.0515732
680000 0.0513896
690000 0.0512114
700000 0.0510383
710000 0.0508701
720000 0.0507065
730000 0.0505474
740000 0.0503927
750000 0.050242
760000 0.0500954
770000 0.0499525
780000 0.0498132
790000 0.0496776
800000 0.0495452
810000 0.0494162
820000 0.0492903
830000 0.0491674
840000 0.0490475
850000 0.0489303
860000 0.0488159
870000 0.0487042
880000 0.0485949
890000 0.0484882
900000 0.0483837
910000 0.0482816
920000 0.0481818
930000 0.048084
940000 0.0479884
950000 0.0478947
960000 0.047803
970000 0.0477132
980000 0.0476252
990000 0.047539
