10000 0.434676
20000 0.352947
30000 0.314255
40000 0.292233
50000 0.27798
60000 0.267227
70000 0.259833
80000 0.253612
90000 0.249024
100000 0.245057
110000 0.241779
120000 0.238987
130000 0.236615
140000 0.234681
150000 0.232956
160000 0.231448
170000 0.230084
180000 0.228884
190000 0.227822
200000 0.226875
210000 0.225988
220000 0.225167
230000 0.224424
240000 0.223744
250000 0.223117
260000 0.222524
270000 0.221987
280000 0.22149
290000 0.221023
300000 0.220586
310000 0.22017
320000 0.219786
330000 0.219424
340000 0.219073
350000 0.218746
360000 0.218439
370000 0.218145
380000 0.21787
390000 0.217607
400000 0.217358
410000 0.217117
420000 0.216888
430000 0.216672
440000 0.216467
450000 0.216274
460000 0.216084
470000 0.215907
480000 0.215738
490000 0.215575
500000 0.215419
510000 0.21527
520000 0.215125
530000 0.214983
540000 0.214851
550000 0.214719
560000 0.214529
570000 0.214271
580000 0.213934
590000 0.213504
600000 0.212948
610000 0.212393
620000 0.211846
630000 0.211308
640000 0.210779
650000 0.210257
660000 0.209751
670000 0.20926
680000 0.208781
690000 0.208314
700000 0.20786
710000 0.207419
720000 0.206989
730000 0.206569
740000 0.206159
750000 0.205761
760000 0.205373
770000 0.204994
780000 0.204625
790000 0.204265
800000 0.203913
810000 0.20357
820000 0.203235
830000 0.202907
840000 0.202475
850000 0.201418
860000 0.199867
870000 0.198337
880000 0.196804
890000 0.19512
900000 0.193341
910000 0.1915
920000 0.189686
930000 0.187908
940000 0.18618
950000 0.184434
960000 0.182724
970000 0.181048
980000 0.179407
990000 0.177799
