10000 0.312021
20000 0.234704
30000 0.228397
40000 0.219526
50000 0.216095
60000 0.219395
70000 0.209384
80000 0.211821
90000 0.210509
100000 0.209365
110000 0.208076
120000 0.208128
130000 0.208085
140000 0.20938
150000 0.20951
160000 0.208115
170000 0.208117
180000 0.208625
190000 0.20873
200000 0.209499
210000 0.208121
220000 0.208065
230000 0.208119
240000 0.208038
250000 0.207904
260000 0.207907
270000 0.207969
280000 0.207989
290000 0.207914
300000 0.207834
310000 0.207705
320000 0.207704
330000 0.207689
340000 0.207672
350000 0.207597
360000 0.207642
370000 0.20762
380000 0.207598
390000 0.20756
400000 0.207613
410000 0.207598
420000 0.207585
430000 0.207581
440000 0.207655
450000 0.207709
460000 0.20773
470000 0.207702
480000 0.207786
490000 0.207758
500000 0.207815
510000 0.207726
520000 0.20775
530000 0.207796
540000 0.207791
550000 0.203637
560000 0.198515
570000 0.194377
580000 0.189452
590000 0.176878
600000 0.176633
610000 0.176542
620000 0.176441
630000 0.176132
640000 0.176025
650000 0.175934
660000 0.17591
670000 0.175943
680000 0.175856
690000 0.175787
700000 0.175877
710000 0.175927
720000 0.175835
730000 0.175809
740000 0.175853
750000 0.175837
760000 0.17584
770000 0.175868
780000 0.175866
790000 0.175846
800000 0.175828
810000 0.175812
820000 0.175792
830000 0.175796
840000 0.137531
850000 0.0767734
860000 0.0667565
870000 0.0667565
880000 0.0519742
890000 0.0394299
900000 0.027709
910000 0.0252564
920000 0.0275894
930000 0.0244746
940000 0.0245524
950000 0.0201971
960000 0.0201971
970000 0.0201971
980000 0.0201971
990000 0.0201971
