100000 -0.628567
200000 -0.492128
300000 -0.460588
400000 -0.478433
500000 -0.479798
600000 -0.445247
700000 -0.410389
800000 -0.473363
900000 -0.432843
1000000 -0.450808
1100000 -0.46723
1200000 -0.442608
1300000 -0.434583
1400000 -0.438818
1500000 -0.409192
1600000 -0.418398
1700000 -0.386926
1800000 -0.540251
1900000 -0.373769
2000000 -0.332857
2100000 -0.406808
2200000 -0.372718
2300000 -0.409313
2400000 -0.410541
2500000 -0.270217
2600000 -0.324078
2700000 -0.329434
2800000 -0.249403
2900000 -0.318719
3000000 -0.31257
3100000 -0.289682
3200000 -0.31719
3300000 -0.344061
3400000 -0.472428
3500000 -0.330641
3600000 -0.31402
3700000 -0.262278
3800000 -0.272321
3900000 -0.308943
4000000 -0.278425
4100000 -0.306373
4200000 -0.274457
4300000 -0.299162
4400000 -0.304308
4500000 -0.321651
4600000 -0.363611
4700000 -0.246897
4800000 -0.306231
4900000 -0.313599
5000000 -0.307776
5100000 -0.263013
5200000 -0.313814
5300000 -0.267
5400000 -0.273591
5500000 -0.309026
5600000 -0.301149
5700000 -0.266774
5800000 -0.307113
5900000 -0.303456
6000000 -0.260606
6100000 -0.25869
6200000 -0.26199
6300000 -0.297452
6400000 -0.293775
6500000 -0.244744
6600000 -0.22318
6700000 -0.250859
6800000 -0.221423
6900000 -0.218006
7000000 -0.234096
7100000 -0.295042
7200000 -0.226911
7300000 -0.23233
7400000 -0.224381
7500000 -0.22274
7600000 -0.230083
7700000 -0.220847
7800000 -0.234688
7900000 -0.224207
8000000 -0.222283
8100000 -0.218222
8200000 -0.225564
8300000 -0.27343
8400000 -0.224041
8500000 -0.219145
8600000 -0.219736
8700000 -0.226152
8800000 -0.219787
8900000 -0.224485
9000000 -0.22087
9100000 -0.251913
9200000 -0.225885
9300000 -0.237334
9400000 -0.223109
9500000 -0.225478
9600000 -0.219605
9700000 -0.226912
9800000 -0.220571
9900000 -0.231394
10000000 -0.234743
