100000 -0.429586
200000 -0.465362
300000 -0.48665
400000 -0.430797
500000 -0.52761
600000 -0.457502
700000 -0.433896
800000 -0.480737
900000 -0.54033
1000000 -0.463935
1100000 -0.48142
1200000 -0.469672
1300000 -0.491723
1400000 -0.390646
1500000 -0.448535
1600000 -0.423684
1700000 -0.399804
1800000 -0.337188
1900000 -0.442055
2000000 -0.365677
2100000 -0.41438
2200000 -0.333534
2300000 -0.330875
2400000 -0.336678
2500000 -0.372943
2600000 -0.35934
2700000 -0.327167
2800000 -0.361689
2900000 -0.329278
3000000 -0.360447
3100000 -0.345459
3200000 -0.371565
3300000 -0.333814
3400000 -0.320382
3500000 -0.311273
3600000 -0.245367
3700000 -0.327775
3800000 -0.295579
3900000 -0.297129
4000000 -0.278596
4100000 -0.322616
4200000 -0.308324
4300000 -0.288958
4400000 -0.323336
4500000 -0.265521
4600000 -0.297944
4700000 -0.308078
4800000 -0.316851
4900000 -0.303026
5000000 -0.312854
5100000 -0.31727
5200000 -0.301207
5300000 -0.39116
5400000 -0.261814
5500000 -0.26694
5600000 -0.31194
5700000 -0.273911
5800000 -0.264664
5900000 -0.302146
6000000 -0.3003
6100000 -0.26797
6200000 -0.239322
6300000 -0.261045
6400000 -0.264506
6500000 -0.22017
6600000 -0.232282
6700000 -0.245641
6800000 -0.235075
6900000 -0.231137
7000000 -0.259467
7100000 -0.235067
7200000 -0.230203
7300000 -0.224343
7400000 -0.221571
7500000 -0.23227
7600000 -0.257276
7700000 -0.237927
7800000 -0.221986
7900000 -0.223035
8000000 -0.225109
8100000 -0.220846
8200000 -0.221034
8300000 -0.229238
8400000 -0.226253
8500000 -0.22101
8600000 -0.224494
8700000 -0.216864
8800000 -0.220131
8900000 -0.236772
9000000 -0.22213
9100000 -0.219433
9200000 -0.232987
9300000 -0.226679
9400000 -0.225146
9500000 -0.216238
9600000 -0.220624
9700000 -0.239275
9800000 -0.23454
9900000 -0.223557
10000000 -0.216255
