100000 -0.442061
200000 -0.449562
300000 -0.529995
400000 -0.433441
500000 -0.424973
600000 -0.57207
700000 -0.399052
800000 -0.442068
900000 -0.401051
1000000 -0.379215
1100000 -0.406611
1200000 -0.374114
1300000 -0.407623
1400000 -0.393136
1500000 -0.435
1600000 -0.390967
1700000 -0.367489
1800000 -0.447495
1900000 -0.407389
2000000 -0.357649
2100000 -0.348835
2200000 -0.392777
2300000 -0.391903
2400000 -0.30621
2500000 -0.323571
2600000 -0.334931
2700000 -0.320934
2800000 -0.351181
2900000 -0.336807
3000000 -0.290578
3100000 -0.278133
3200000 -0.310032
3300000 -0.316682
3400000 -0.316964
3500000 -0.279173
3600000 -0.327472
3700000 -0.282606
3800000 -0.265158
3900000 -0.286054
4000000 -0.246639
4100000 -0.285666
4200000 -0.310189
4300000 -0.276838
4400000 -0.275835
4500000 -0.31285
4600000 -0.299545
4700000 -0.293921
4800000 -0.272337
4900000 -0.319675
5000000 -0.307185
5100000 -0.299591
5200000 -0.318625
5300000 -0.34588
5400000 -0.231714
5500000 -0.312532
5600000 -0.258489
5700000 -0.253985
5800000 -0.286793
5900000 -0.325242
6000000 -0.246723
6100000 -0.273181
6200000 -0.228026
6300000 -0.238085
6400000 -0.219268
6500000 -0.230713
6600000 -0.261768
6700000 -0.218647
6800000 -0.227476
6900000 -0.22217
7000000 -0.23496
7100000 -0.227216
7200000 -0.264092
7300000 -0.223832
7400000 -0.253328
7500000 -0.228054
7600000 -0.268567
7700000 -0.22178
7800000 -0.220535
7900000 -0.224148
8000000 -0.234382
8100000 -0.223773
8200000 -0.235475
8300000 -0.223817
8400000 -0.217832
8500000 -0.225474
8600000 -0.223013
8700000 -0.236187
8800000 -0.222026
8900000 -0.217826
9000000 -0.225228
9100000 -0.226836
9200000 -0.232247
9300000 -0.222762
9400000 -0.217036
9500000 -0.220287
9600000 -0.218849
9700000 -0.255506
9800000 -0.21908
9900000 -0.224897
10000000 -0.220726
