100000 -0.430505
200000 -0.470975
300000 -0.423205
400000 -0.437671
500000 -0.4592
600000 -0.442667
700000 -0.463501
800000 -0.427818
900000 -0.416321
1000000 -0.478392
1100000 -0.418871
1200000 -0.429627
1300000 -0.470651
1400000 -0.459025
1500000 -0.448422
1600000 -0.438469
1700000 -0.4332
1800000 -0.482332
1900000 -0.399754
2000000 -0.507114
2100000 -0.439602
2200000 -0.351534
2300000 -0.37721
2400000 -0.331829
2500000 -0.359849
2600000 -0.388759
2700000 -0.3293
2800000 -0.296655
2900000 -0.330658
3000000 -0.341285
3100000 -0.289857
3200000 -0.327977
3300000 -0.243125
3400000 -0.296058
3500000 -0.295908
3600000 -0.310034
3700000 -0.303135
3800000 -0.312172
3900000 -0.309646
4000000 -0.271225
4100000 -0.290015
4200000 -0.281905
4300000 -0.298864
4400000 -0.308473
4500000 -0.305749
4600000 -0.287241
4700000 -0.311641
4800000 -0.277616
4900000 -0.276459
5000000 -0.297857
5100000 -0.274809
5200000 -0.319089
5300000 -0.262524
5400000 -0.266365
5500000 -0.30649
5600000 -0.258325
5700000 -0.29764
5800000 -0.228731
5900000 -0.262295
6000000 -0.33469
6100000 -0.219019
6200000 -0.223747
6300000 -0.232394
6400000 -0.219724
6500000 -0.256299
6600000 -0.224258
6700000 -0.228446
6800000 -0.274161
6900000 -0.22745
7000000 -0.222539
7100000 -0.230447
7200000 -0.265744
7300000 -0.225898
7400000 -0.236457
7500000 -0.22118
7600000 -0.22412
7700000 -0.225088
7800000 -0.243171
7900000 -0.217895
8000000 -0.228477
8100000 -0.262283
8200000 -0.236812
8300000 -0.219915
8400000 -0.229317
8500000 -0.219369
8600000 -0.22452
8700000 -0.223137
8800000 -0.21445
8900000 -0.215903
9000000 -0.230919
9100000 -0.218557
9200000 -0.222281
9300000 -0.225143
9400000 -0.229549
9500000 -0.21904
9600000 -0.226335
9700000 -0.236509
9800000 -0.222744
9900000 -0.22882
10000000 -0.227359
