100000 -0.557692
200000 -0.598233
300000 -0.574426
400000 -0.462152
500000 -0.595368
600000 -0.478987
700000 -0.452436
800000 -0.44074
900000 -0.476756
1000000 -0.55523
1100000 -0.600918
1200000 -0.4571
1300000 -0.320758
1400000 -0.598035
1500000 -0.355633
1600000 -0.401183
1700000 -0.389107
1800000 -0.33824
1900000 -0.416693
2000000 -0.416118
2100000 -0.369947
2200000 -0.388748
2300000 -0.427538
2400000 -0.357644
2500000 -0.283128
2600000 -0.33867
2700000 -0.297307
2800000 -0.333223
2900000 -0.343233
3000000 -0.314766
3100000 -0.323727
3200000 -0.31723
3300000 -0.255086
3400000 -0.328369
3500000 -0.293736
3600000 -0.26708
3700000 -0.38648
3800000 -0.309775
3900000 -0.48791
4000000 -0.268962
4100000 -0.328745
4200000 -0.276152
4300000 -0.282108
4400000 -0.309558
4500000 -0.292556
4600000 -0.319994
4700000 -0.300638
4800000 -0.337446
4900000 -0.319867
5000000 -0.283657
5100000 -0.335455
5200000 -0.299864
5300000 -0.261961
5400000 -0.303287
5500000 -0.295304
5600000 -0.3165
5700000 -0.276338
5800000 -0.248191
5900000 -0.231452
6000000 -0.258541
6100000 -0.230727
6200000 -0.233539
6300000 -0.221789
6400000 -0.261884
6500000 -0.220164
6600000 -0.226414
6700000 -0.230811
6800000 -0.221011
6900000 -0.229697
7000000 -0.218553
7100000 -0.228159
7200000 -0.221519
7300000 -0.262254
7400000 -0.235458
7500000 -0.22777
7600000 -0.233311
7700000 -0.243051
7800000 -0.22656
7900000 -0.248486
8000000 -0.224616
8100000 -0.222724
8200000 -0.215012
8300000 -0.218261
8400000 -0.221341
8500000 -0.223697
8600000 -0.220155
8700000 -0.219062
8800000 -0.220671
8900000 -0.225595
9000000 -0.225475
9100000 -0.221198
9200000 -0.229051
9300000 -0.21815
9400000 -0.246119
9500000 -0.224537
9600000 -0.218434
9700000 -0.223777
9800000 -0.220362
9900000 -0.258171
10000000 -0.259124
