100000 -0.462288
200000 -0.601249
300000 -0.474806
400000 -0.613464
500000 -0.438072
600000 -0.455207
700000 -0.451097
800000 -0.433862
900000 -0.459456
1000000 -0.414099
1100000 -0.591899
1200000 -0.429467
1300000 -0.42519
1400000 -0.427508
1500000 -0.464372
1600000 -0.437045
1700000 -0.403601
1800000 -0.387388
1900000 -0.482228
2000000 -0.384655
2100000 -0.392389
2200000 -0.308191
2300000 -0.381073
2400000 -0.327614
2500000 -0.417595
2600000 -0.287951
2700000 -0.352835
2800000 -0.320083
2900000 -0.353077
3000000 -0.29014
3100000 -0.365865
3200000 -0.309967
3300000 -0.316093
3400000 -0.322832
3500000 -0.274736
3600000 -0.329405
3700000 -0.291282
3800000 -0.277815
3900000 -0.295923
4000000 -0.312561
4100000 -0.319701
4200000 -0.291087
4300000 -0.298913
4400000 -0.273423
4500000 -0.318656
4600000 -0.289461
4700000 -0.255478
4800000 -0.307332
4900000 -0.342171
5000000 -0.321711
5100000 -0.248383
5200000 -0.308665
5300000 -0.270721
5400000 -0.297999
5500000 -0.335956
5600000 -0.319986
5700000 -0.258223
5800000 -0.319509
5900000 -0.271026
6000000 -0.264544
6100000 -0.303553
6200000 -0.309163
6300000 -0.302381
6400000 -0.253309
6500000 -0.241476
6600000 -0.276486
6700000 -0.228648
6800000 -0.220833
6900000 -0.228759
7000000 -0.222124
7100000 -0.236536
7200000 -0.221475
7300000 -0.234791
7400000 -0.234376
7500000 -0.224211
7600000 -0.224299
7700000 -0.234121
7800000 -0.22374
7900000 -0.220456
8000000 -0.231267
8100000 -0.225333
8200000 -0.21889
8300000 -0.231587
8400000 -0.254332
8500000 -0.265771
8600000 -0.245223
8700000 -0.221897
8800000 -0.219533
8900000 -0.253876
9000000 -0.218589
9100000 -0.215997
9200000 -0.221609
9300000 -0.236558
9400000 -0.22072
9500000 -0.223375
9600000 -0.223587
9700000 -0.221717
9800000 -0.22355
9900000 -0.253392
10000000 -0.220792
