10000 -0.395853
20000 -0.357519
30000 -0.251432
40000 -0.234983
50000 -0.225017
60000 -0.21764
70000 -0.224268
80000 -0.230582
90000 -0.215154
100000 -0.219683
110000 -0.213955
120000 -0.215909
130000 -0.224016
140000 -0.219517
150000 -0.230689
160000 -0.216466
170000 -0.217657
180000 -0.220456
190000 -0.214335
200000 -0.215101
210000 -0.217728
220000 -0.214259
230000 -0.211919
240000 -0.214605
250000 -0.217711
260000 -0.212595
270000 -0.215697
280000 -0.212458
290000 -0.216506
300000 -0.212725
310000 -0.21539
320000 -0.214802
330000 -0.21446
340000 -0.212853
350000 -0.217763
360000 -0.215105
370000 -0.214161
380000 -0.216876
390000 -0.214396
400000 -0.213001
410000 -0.212768
420000 -0.211894
430000 -0.212356
440000 -0.225009
450000 -0.215781
460000 -0.218776
470000 -0.214742
480000 -0.211964
490000 -0.211806
500000 -0.213776
510000 -0.212133
520000 -0.21366
530000 -0.211694
540000 -0.21381
550000 -0.216
560000 -0.213027
570000 -0.214728
580000 -0.218998
590000 -0.215776
600000 -0.213622
610000 -0.211737
620000 -0.216103
630000 -0.211528
640000 -0.213831
650000 -0.213382
660000 -0.214406
670000 -0.216569
680000 -0.21229
690000 -0.211571
700000 -0.21438
710000 -0.211575
720000 -0.211449
730000 -0.211165
740000 -0.211297
750000 -0.211224
760000 -0.216476
770000 -0.211184
780000 -0.213918
790000 -0.213582
800000 -0.213654
810000 -0.218451
820000 -0.213465
830000 -0.211253
840000 -0.215715
850000 -0.21276
860000 -0.211697
870000 -0.21627
880000 -0.216647
890000 -0.211815
900000 -0.21169
910000 -0.213378
920000 -0.21329
930000 -0.211821
940000 -0.211312
950000 -0.219332
960000 -0.212332
970000 -0.212045
980000 -0.215388
990000 -0.227902
1000000 -0.216108
