10000 -0.361904
20000 -0.367129
30000 -0.307742
40000 -0.220896
50000 -0.226854
60000 -0.22133
70000 -0.23016
80000 -0.225043
90000 -0.219416
100000 -0.218647
110000 -0.216261
120000 -0.223533
130000 -0.216569
140000 -0.21536
150000 -0.215321
160000 -0.230669
170000 -0.217644
180000 -0.217777
190000 -0.230163
200000 -0.215169
210000 -0.216314
220000 -0.21226
230000 -0.216443
240000 -0.215812
250000 -0.219179
260000 -0.212349
270000 -0.21504
280000 -0.214794
290000 -0.215155
300000 -0.211191
310000 -0.215028
320000 -0.218261
330000 -0.213455
340000 -0.213276
350000 -0.214943
360000 -0.210257
370000 -0.215585
380000 -0.216089
390000 -0.211666
400000 -0.21068
410000 -0.214613
420000 -0.214562
430000 -0.215584
440000 -0.216751
450000 -0.21167
460000 -0.213403
470000 -0.214218
480000 -0.214434
490000 -0.211727
500000 -0.209064
510000 -0.223448
520000 -0.20856
530000 -0.208888
540000 -0.213952
550000 -0.21279
560000 -0.209877
570000 -0.216954
580000 -0.212074
590000 -0.210096
600000 -0.212951
610000 -0.212908
620000 -0.215162
630000 -0.21352
640000 -0.207943
650000 -0.210628
660000 -0.210964
670000 -0.211528
680000 -0.210504
690000 -0.211016
700000 -0.214069
710000 -0.208091
720000 -0.210566
730000 -0.208135
740000 -0.212395
750000 -0.212134
760000 -0.210578
770000 -0.209987
780000 -0.211176
790000 -0.221502
800000 -0.213689
810000 -0.210744
820000 -0.215001
830000 -0.212484
840000 -0.212274
850000 -0.211079
860000 -0.212539
870000 -0.211358
880000 -0.209106
890000 -0.210468
900000 -0.2118
910000 -0.212133
920000 -0.212632
930000 -0.213032
940000 -0.212885
950000 -0.20888
960000 -0.214669
970000 -0.210334
980000 -0.210018
990000 -0.213215
1000000 -0.210374
