10000 -0.623038
20000 -0.442111
30000 -0.558485
40000 -0.585386
50000 -0.462997
60000 -0.611217
70000 -0.443836
80000 -0.4255
90000 -0.585065
100000 -0.424006
110000 -0.475667
120000 -0.463946
130000 -0.456319
140000 -0.457766
150000 -0.412581
160000 -0.452771
170000 -0.439412
180000 -0.462765
190000 -0.470216
200000 -0.404795
210000 -0.600003
220000 -0.431448
230000 -0.443678
240000 -0.42348
250000 -0.374131
260000 -0.423986
270000 -0.391167
280000 -0.447159
290000 -0.469564
300000 -0.409774
310000 -0.447036
320000 -0.444917
330000 -0.384468
340000 -0.434942
350000 -0.460235
360000 -0.444027
370000 -0.374921
380000 -0.416339
390000 -0.469642
400000 -0.479633
410000 -0.427365
420000 -0.34732
430000 -0.347445
440000 -0.40297
450000 -0.429384
460000 -0.389352
470000 -0.458907
480000 -0.373616
490000 -0.406423
500000 -0.428706
510000 -0.381729
520000 -0.414356
530000 -0.332349
540000 -0.382376
550000 -0.379784
560000 -0.356528
570000 -0.30345
580000 -0.354201
590000 -0.351042
600000 -0.281614
610000 -0.358326
620000 -0.389856
630000 -0.297497
640000 -0.38932
650000 -0.337513
660000 -0.331666
670000 -0.348503
680000 -0.321387
690000 -0.31258
700000 -0.295262
710000 -0.299715
720000 -0.270479
730000 -0.302988
740000 -0.299054
750000 -0.339453
760000 -0.325453
770000 -0.275782
780000 -0.271142
790000 -0.255127
800000 -0.323378
810000 -0.314985
820000 -0.346565
830000 -0.301824
840000 -0.338136
850000 -0.31112
860000 -0.324026
870000 -0.312259
880000 -0.328965
890000 -0.279166
900000 -0.30823
910000 -0.324577
920000 -0.324847
930000 -0.290111
940000 -0.33566
950000 -0.319644
960000 -0.329132
970000 -0.243372
980000 -0.297867
990000 -0.342885
1000000 -0.288811
