10000 -0.450713
20000 -0.467808
30000 -0.461874
40000 -0.466499
50000 -0.406551
60000 -0.491722
70000 -0.479816
80000 -0.464892
90000 -0.446488
100000 -0.464762
110000 -0.469399
120000 -0.440006
130000 -0.459175
140000 -0.447822
150000 -0.435374
160000 -0.488189
170000 -0.447957
180000 -0.575451
190000 -0.396641
200000 -0.41778
210000 -0.441199
220000 -0.477009
230000 -0.459218
240000 -0.411292
250000 -0.433739
260000 -0.431169
270000 -0.466449
280000 -0.411977
290000 -0.404709
300000 -0.42988
310000 -0.459159
320000 -0.406424
330000 -0.602552
340000 -0.446034
350000 -0.540908
360000 -0.458132
370000 -0.465361
380000 -0.426291
390000 -0.373953
400000 -0.421259
410000 -0.562568
420000 -0.390521
430000 -0.32673
440000 -0.417002
450000 -0.399188
460000 -0.439319
470000 -0.391963
480000 -0.380808
490000 -0.378208
500000 -0.373854
510000 -0.373825
520000 -0.37132
530000 -0.36973
540000 -0.306582
550000 -0.322557
560000 -0.364489
570000 -0.4061
580000 -0.276023
590000 -0.355159
600000 -0.344933
610000 -0.342957
620000 -0.455481
630000 -0.325528
640000 -0.319776
650000 -0.320863
660000 -0.269788
670000 -0.375578
680000 -0.31139
690000 -0.325673
700000 -0.301135
710000 -0.284361
720000 -0.360669
730000 -0.281002
740000 -0.303063
750000 -0.294223
760000 -0.312698
770000 -0.358744
780000 -0.287453
790000 -0.320491
800000 -0.274198
810000 -0.310818
820000 -0.299851
830000 -0.307722
840000 -0.308918
850000 -0.352294
860000 -0.30894
870000 -0.318904
880000 -0.34171
890000 -0.287866
900000 -0.320592
910000 -0.287349
920000 -0.309339
930000 -0.282885
940000 -0.282919
950000 -0.327701
960000 -0.305846
970000 -0.319775
980000 -0.234789
990000 -0.304751
1000000 -0.234247
