10000 -0.464516
20000 -0.478451
30000 -0.432808
40000 -0.569001
50000 -0.431314
60000 -0.438134
70000 -0.443367
80000 -0.545019
90000 -0.407699
100000 -0.595434
110000 -0.42325
120000 -0.448566
130000 -0.449617
140000 -0.478505
150000 -0.43942
160000 -0.486523
170000 -0.58699
180000 -0.418469
190000 -0.607734
200000 -0.430576
210000 -0.462561
220000 -0.474639
230000 -0.458612
240000 -0.455948
250000 -0.405771
260000 -0.449871
270000 -0.517554
280000 -0.470637
290000 -0.468664
300000 -0.428049
310000 -0.433356
320000 -0.476657
330000 -0.45354
340000 -0.570709
350000 -0.435424
360000 -0.382437
370000 -0.573096
380000 -0.418757
390000 -0.322032
400000 -0.418039
410000 -0.433596
420000 -0.348588
430000 -0.423845
440000 -0.385763
450000 -0.378016
460000 -0.398494
470000 -0.370797
480000 -0.376613
490000 -0.414576
500000 -0.388164
510000 -0.378858
520000 -0.329584
530000 -0.319693
540000 -0.419597
550000 -0.362247
560000 -0.316863
570000 -0.294067
580000 -0.348514
590000 -0.327125
600000 -0.28191
610000 -0.328851
620000 -0.321859
630000 -0.346369
640000 -0.302049
650000 -0.34739
660000 -0.342383
670000 -0.323893
680000 -0.373783
690000 -0.313557
700000 -0.287583
710000 -0.297351
720000 -0.278322
730000 -0.302411
740000 -0.277988
750000 -0.315903
760000 -0.3078
770000 -0.302769
780000 -0.324153
790000 -0.298881
800000 -0.340566
810000 -0.355102
820000 -0.266006
830000 -0.294668
840000 -0.324319
850000 -0.321599
860000 -0.248262
870000 -0.295774
880000 -0.278063
890000 -0.289733
900000 -0.311999
910000 -0.331191
920000 -0.302792
930000 -0.302728
940000 -0.295095
950000 -0.295826
960000 -0.309286
970000 -0.330179
980000 -0.305603
990000 -0.276253
1000000 -0.35094
