10000 -0.457697
20000 -0.421565
30000 -0.478402
40000 -0.444314
50000 -0.482334
60000 -0.474389
70000 -0.441415
80000 -0.437793
90000 -0.5836
100000 -0.468215
110000 -0.435549
120000 -0.448392
130000 -0.471474
140000 -0.435657
150000 -0.491006
160000 -0.584981
170000 -0.396912
180000 -0.442408
190000 -0.450914
200000 -0.451332
210000 -0.464579
220000 -0.380419
230000 -0.406489
240000 -0.418104
250000 -0.435143
260000 -0.467639
270000 -0.474665
280000 -0.405716
290000 -0.482628
300000 -0.587299
310000 -0.403231
320000 -0.474588
330000 -0.390012
340000 -0.487362
350000 -0.587407
360000 -0.436
370000 -0.415877
380000 -0.474691
390000 -0.454629
400000 -0.353923
410000 -0.379283
420000 -0.401446
430000 -0.344593
440000 -0.38188
450000 -0.357693
460000 -0.354379
470000 -0.366908
480000 -0.394752
490000 -0.325431
500000 -0.321527
510000 -0.359945
520000 -0.413689
530000 -0.309911
540000 -0.406755
550000 -0.390483
560000 -0.352103
570000 -0.266939
580000 -0.353108
590000 -0.333894
600000 -0.347368
610000 -0.355651
620000 -0.331624
630000 -0.339856
640000 -0.307475
650000 -0.338394
660000 -0.328846
670000 -0.314342
680000 -0.259082
690000 -0.317427
700000 -0.35248
710000 -0.311193
720000 -0.317186
730000 -0.284359
740000 -0.382
750000 -0.266247
760000 -0.31255
770000 -0.313027
780000 -0.350844
790000 -0.307793
800000 -0.27542
810000 -0.35152
820000 -0.301879
830000 -0.302448
840000 -0.339047
850000 -0.274987
860000 -0.323217
870000 -0.329422
880000 -0.267607
890000 -0.304783
900000 -0.298141
910000 -0.322827
920000 -0.326528
930000 -0.315267
940000 -0.285061
950000 -0.270642
960000 -0.296078
970000 -0.327313
980000 -0.3099
990000 -0.320003
1000000 -0.301669
