10000 -0.437183
20000 -0.469142
30000 -0.433512
40000 -0.458561
50000 -0.54761
60000 -0.58108
70000 -0.622965
80000 -0.577995
90000 -0.448337
100000 -0.412157
110000 -0.534418
120000 -0.454535
130000 -0.574086
140000 -0.476046
150000 -0.457114
160000 -0.610925
170000 -0.566332
180000 -0.476181
190000 -0.4704
200000 -0.604435
210000 -0.585602
220000 -0.453238
230000 -0.631661
240000 -0.589044
250000 -0.424793
260000 -0.447521
270000 -0.455112
280000 -0.466573
290000 -0.490399
300000 -0.452456
310000 -0.548282
320000 -0.408711
330000 -0.550038
340000 -0.49295
350000 -0.457694
360000 -0.602307
370000 -0.428929
380000 -0.621325
390000 -0.601447
400000 -0.518313
410000 -0.591537
420000 -0.565942
430000 -0.456009
440000 -0.458684
450000 -0.462512
460000 -0.525549
470000 -0.486159
480000 -0.597102
490000 -0.456221
500000 -0.457
510000 -0.441466
520000 -0.604297
530000 -0.572345
540000 -0.594979
550000 -0.450624
560000 -0.608835
570000 -0.589703
580000 -0.435417
590000 -0.53998
600000 -0.481912
610000 -0.401532
620000 -0.593138
630000 -0.554468
640000 -0.609852
650000 -0.603556
660000 -0.45988
670000 -0.58167
680000 -0.446206
690000 -0.531528
700000 -0.474896
710000 -0.439477
720000 -0.584295
730000 -0.491374
740000 -0.590626
750000 -0.457055
760000 -0.567186
770000 -0.444112
780000 -0.432134
790000 -0.566913
800000 -0.416643
810000 -0.45745
820000 -0.574131
830000 -0.610006
840000 -0.573653
850000 -0.591523
860000 -0.590597
870000 -0.457889
880000 -0.486999
890000 -0.467567
900000 -0.49594
910000 -0.573542
920000 -0.617408
930000 -0.566693
940000 -0.631975
950000 -0.630619
960000 -0.622354
970000 -0.43549
980000 -0.605989
990000 -0.400792
1000000 -0.476103
