10000 -0.618095
20000 -0.447202
30000 -0.572545
40000 -0.553573
50000 -0.427461
60000 -0.622925
70000 -0.606125
80000 -0.462429
90000 -0.410749
100000 -0.455633
110000 -0.579359
120000 -0.616944
130000 -0.609551
140000 -0.568298
150000 -0.422023
160000 -0.443247
170000 -0.612265
180000 -0.567723
190000 -0.446241
200000 -0.430683
210000 -0.557583
220000 -0.606907
230000 -0.476059
240000 -0.638714
250000 -0.41863
260000 -0.576993
270000 -0.612887
280000 -0.449348
290000 -0.489262
300000 -0.493379
310000 -0.594845
320000 -0.407384
330000 -0.437644
340000 -0.572606
350000 -0.602508
360000 -0.548573
370000 -0.449497
380000 -0.480445
390000 -0.459729
400000 -0.49347
410000 -0.463247
420000 -0.466985
430000 -0.45622
440000 -0.447388
450000 -0.42056
460000 -0.553773
470000 -0.492909
480000 -0.574967
490000 -0.526188
500000 -0.495262
510000 -0.484788
520000 -0.547207
530000 -0.462014
540000 -0.476614
550000 -0.594029
560000 -0.623002
570000 -0.584272
580000 -0.580884
590000 -0.482327
600000 -0.463132
610000 -0.445262
620000 -0.491872
630000 -0.605463
640000 -0.620463
650000 -0.561694
660000 -0.478602
670000 -0.441379
680000 -0.554162
690000 -0.463463
700000 -0.594253
710000 -0.603786
720000 -0.620691
730000 -0.467684
740000 -0.468248
750000 -0.48264
760000 -0.485305
770000 -0.494624
780000 -0.597085
790000 -0.473961
800000 -0.492968
810000 -0.620408
820000 -0.61991
830000 -0.585309
840000 -0.600637
850000 -0.472456
860000 -0.483724
870000 -0.56163
880000 -0.536289
890000 -0.568023
900000 -0.457623
910000 -0.573586
920000 -0.591421
930000 -0.436049
940000 -0.4477
950000 -0.605231
960000 -0.454036
970000 -0.481174
980000 -0.432107
990000 -0.579567
1000000 -0.571391
