10000 0.872112
20000 0.81003
30000 0.604428
40000 0.854413
50000 0.584122
60000 0.85182
70000 0.774417
80000 1.19059
90000 0.79672
100000 0.955581
110000 1.09288
120000 1.01562
130000 1.05289
140000 1.05903
150000 0.87584
160000 0.639321
170000 1.00021
180000 0.780434
190000 0.918422
200000 1.11505
210000 0.272723
220000 0.931355
230000 0.655382
240000 1.2116
250000 0.552549
260000 0.974994
270000 0.667176
280000 0.460912
290000 0.733785
300000 0.820058
310000 1.0509
320000 0.891103
330000 0.99486
340000 1.27845
350000 0.455519
360000 1.07096
370000 0.846234
380000 0.775077
390000 0.848175
400000 0.803837
410000 0.581397
420000 0.661469
430000 0.65357
440000 0.509166
450000 0.834914
460000 0.652298
470000 0.606016
480000 0.793652
490000 0.595665
500000 0.891432
510000 0.899565
520000 0.705887
530000 0.784265
540000 0.866184
550000 0.761894
560000 0.985952
570000 1.1551
580000 0.954854
590000 1.23411
600000 0.78903
610000 0.884155
620000 0.761354
630000 0.919241
640000 1.09189
650000 0.946722
660000 1.05033
670000 1.24133
680000 1.10121
690000 0.76305
700000 0.934699
710000 0.888113
720000 1.16133
730000 1.06297
740000 0.768082
750000 1.1819
760000 0.789559
770000 0.828386
780000 1.14476
790000 1.31611
800000 0.961068
810000 0.598308
820000 0.676324
830000 1.06199
840000 0.761703
850000 0.88435
860000 1.00335
870000 1.13638
880000 0.863672
890000 1.09224
900000 0.556412
910000 0.625578
920000 0.722274
930000 0.751737
940000 0.941337
950000 0.663721
960000 1.09061
970000 1.20331
980000 0.871483
990000 0.653257
1000000 0.997828
