10000 1.07917
20000 0.749985
30000 0.995857
40000 0.911614
50000 0.454295
60000 1.18045
70000 1.04057
80000 1.02212
90000 0.954205
100000 0.946007
110000 1.05791
120000 1.05047
130000 0.975732
140000 0.925064
150000 1.08149
160000 1.08516
170000 0.845744
180000 0.983567
190000 0.904221
200000 0.859228
210000 0.49487
220000 1.13004
230000 1.13532
240000 0.816972
250000 1.30052
260000 1.07463
270000 0.654044
280000 1.20002
290000 0.863242
300000 0.981335
310000 1.04262
320000 1.00624
330000 1.16283
340000 0.796319
350000 0.782205
360000 1.00438
370000 1.04109
380000 0.788579
390000 1.1549
400000 0.694832
410000 1.03245
420000 1.23407
430000 0.867061
440000 0.962724
450000 1.0871
460000 0.796002
470000 1.08611
480000 0.668611
490000 1.16893
500000 1.00736
510000 0.972292
520000 1.06617
530000 0.729931
540000 0.656634
550000 0.89992
560000 1.13185
570000 0.846529
580000 0.999067
590000 0.929819
600000 0.612792
610000 0.72614
620000 0.951653
630000 0.670336
640000 1.02279
650000 1.35418
660000 0.580884
670000 0.903328
680000 0.998941
690000 0.683043
700000 0.812319
710000 0.495664
720000 0.654977
730000 1.09427
740000 0.669961
750000 0.80556
760000 0.980166
770000 1.33882
780000 0.532119
790000 0.715769
800000 0.829329
810000 1.05656
820000 1.07969
830000 1.02666
840000 0.858255
850000 0.642553
860000 0.701525
870000 1.1804
880000 0.618307
890000 0.167307
900000 1.25218
910000 0.804141
920000 0.959526
930000 0.788286
940000 1.00446
950000 1.0889
960000 0.762866
970000 0.466838
980000 1.07167
990000 0.968199
1000000 0.843308
