10000 1.05623
20000 0.784963
30000 0.805232
40000 1.0582
50000 1.12628
60000 0.703061
70000 1.20706
80000 0.659026
90000 0.552105
100000 0.925784
110000 1.19192
120000 1.00552
130000 1.28444
140000 0.942934
150000 0.976341
160000 0.93097
170000 1.02779
180000 0.533389
190000 1.10586
200000 0.99019
210000 0.653599
220000 1.00369
230000 0.962422
240000 0.913698
250000 1.0496
260000 0.695179
270000 1.12496
280000 0.787544
290000 0.800173
300000 0.847038
310000 0.952235
320000 0.602818
330000 0.523297
340000 0.775548
350000 0.770619
360000 0.804849
370000 0.973963
380000 1.13902
390000 0.721876
400000 0.775263
410000 0.654756
420000 0.60426
430000 0.903474
440000 0.522306
450000 0.803359
460000 1.07387
470000 0.804912
480000 1.09963
490000 1.22326
500000 1.04434
510000 0.741913
520000 1.07309
530000 0.775548
540000 0.742445
550000 0.998897
560000 0.974265
570000 0.692825
580000 0.664586
590000 0.455519
600000 0.944463
610000 0.280715
620000 0.998207
630000 0.654334
640000 1.28775
650000 0.748295
660000 0.9332
670000 0.598535
680000 0.852736
690000 1.30267
700000 0.91162
710000 0.960776
720000 1.11073
730000 0.847605
740000 1.07252
750000 1.30024
760000 0.979738
770000 1.14098
780000 1.09904
790000 1.05594
800000 0.828854
810000 0.661224
820000 0.887468
830000 1.05287
840000 1.06563
850000 0.655382
860000 1.15018
870000 0.759523
880000 0.942126
890000 0.79742
900000 0.743394
910000 0.7596
920000 0.819508
930000 1.03784
940000 0.786512
950000 0.981501
960000 0.946069
970000 0.897825
980000 1.04004
990000 1.15908
1000000 0.952992
