10000 1.26961
20000 0.811886
30000 0.900305
40000 0.855035
50000 0.937596
60000 0.971099
70000 0.68588
80000 0.721072
90000 1.07736
100000 0.548263
110000 0.989553
120000 0.888595
130000 1.09682
140000 1.12099
150000 0.946754
160000 0.707563
170000 1.01223
180000 0.654766
190000 0.739887
200000 1.26715
210000 1.13479
220000 0.668636
230000 0.560929
240000 0.767714
250000 1.04304
260000 0.709171
270000 0.80806
280000 0.87942
290000 0.890893
300000 0.647812
310000 0.873324
320000 0.653178
330000 1.10797
340000 0.880254
350000 1.21604
360000 0.600542
370000 0.647198
380000 0.761003
390000 0.455519
400000 0.652407
410000 0.783364
420000 0.654044
430000 1.2081
440000 0.796068
450000 0.848211
460000 0.64033
470000 0.189717
480000 0.821647
490000 0.962564
500000 1.24569
510000 1.08528
520000 0.747827
530000 0.839294
540000 1.27413
550000 1.12303
560000 0.574927
570000 0.682216
580000 0.646859
590000 1.07422
600000 1.06373
610000 0.996606
620000 0.748692
630000 0.986594
640000 1.06038
650000 1.05623
660000 0.634846
670000 0.807273
680000 0.331734
690000 0.197528
700000 0.863321
710000 0.814153
720000 1.18184
730000 0.99072
740000 0.820564
750000 0.959167
760000 0.908963
770000 0.785978
780000 0.745209
790000 0.519483
800000 1.00578
810000 1.0572
820000 0.587784
830000 1.07023
840000 0.807384
850000 1.10548
860000 0.40176
870000 0.820967
880000 0.649598
890000 0.793099
900000 1.01638
910000 0.886294
920000 0.662736
930000 0.846136
940000 0.776231
950000 0.57013
960000 1.08286
970000 0.998684
980000 1.13633
990000 0.731567
1000000 1.20174
