10000 1.11038
20000 1.10034
30000 0.679211
40000 0.817135
50000 0.810894
60000 1.1599
70000 0.969963
80000 0.484551
90000 1.05737
100000 1.16924
110000 1.07082
120000 1.05047
130000 1.19595
140000 1.07036
150000 0.776334
160000 0.561704
170000 0.654999
180000 0.909644
190000 1.00765
200000 0.950419
210000 0.720356
220000 0.841054
230000 0.981639
240000 1.16825
250000 0.833695
260000 0.75397
270000 0.586696
280000 0.747779
290000 0.656108
300000 0.961352
310000 1.03761
320000 1.01577
330000 1.05095
340000 1.14092
350000 1.19728
360000 0.616068
370000 1.22031
380000 0.695404
390000 0.997148
400000 0.846763
410000 1.03644
420000 0.78477
430000 0.86143
440000 0.866357
450000 0.782391
460000 1.27101
470000 0.743197
480000 1.2264
490000 1.31549
500000 0.655606
510000 0.922826
520000 0.840305
530000 1.20496
540000 1.11218
550000 1.16785
560000 1.16556
570000 0.985551
580000 0.930791
590000 1.03414
600000 0.949001
610000 0.741716
620000 1.12832
630000 0.945126
640000 0.867537
650000 1.06269
660000 0.663749
670000 0.48417
680000 0.939171
690000 0.965429
700000 0.832274
710000 0.969608
720000 1.02358
730000 0.932785
740000 1.15372
750000 1.32765
760000 0.731205
770000 0.935686
780000 1.2493
790000 0.602712
800000 1.02006
810000 0.856922
820000 1.13618
830000 1.19371
840000 0.740805
850000 1.16208
860000 1.08302
870000 0.778289
880000 0.827241
890000 0.975953
900000 0.562623
910000 0.699889
920000 0.778832
930000 0.796153
940000 0.972668
950000 1.07979
960000 0.765683
970000 0.86943
980000 0.538382
990000 0.788615
1000000 0.490359
