10000 0.750602
20000 0.656726
30000 0.614524
40000 0.97677
50000 0.8506
60000 0.630047
70000 1.15394
80000 0.617944
90000 1.08646
100000 1.04456
110000 0.851959
120000 0.89264
130000 0.920021
140000 1.07016
150000 0.920419
160000 0.808023
170000 0.942667
180000 0.892335
190000 0.361183
200000 0.883845
210000 0.864674
220000 0.897125
230000 0.68371
240000 0.854012
250000 1.07764
260000 0.936146
270000 1.16669
280000 0.981509
290000 1.04905
300000 1.11967
310000 0.879344
320000 0.769779
330000 0.84406
340000 0.821749
350000 1.03868
360000 1.0338
370000 1.30033
380000 0.491971
390000 0.884608
400000 0.817191
410000 0.648855
420000 0.767892
430000 1.09546
440000 1.0221
450000 0.655449
460000 0.967481
470000 0.803968
480000 0.356697
490000 0.786146
500000 0.71634
510000 0.498248
520000 0.502467
530000 0.819074
540000 1.13643
550000 0.766759
560000 0.821456
570000 0.401472
580000 0.622398
590000 0.652407
600000 0.732129
610000 0.996996
620000 0.469942
630000 1.06953
640000 0.814844
650000 0.763085
660000 1.32268
670000 0.899151
680000 1.16759
690000 0.62618
700000 0.885196
710000 0.733737
720000 1.02402
730000 0.759928
740000 0.454009
750000 0.803153
760000 0.804808
770000 0.809217
780000 0.925657
790000 0.790699
800000 0.803823
810000 1.09671
820000 0.571222
830000 0.4664
840000 0.860698
850000 0.910622
860000 0.842188
870000 0.971975
880000 0.723108
890000 0.904643
900000 0.26584
910000 0.879768
920000 1.05921
930000 0.818787
940000 0.650567
950000 0.816815
960000 0.968707
970000 0.691299
980000 0.951198
990000 1.1827
1000000 1.03601
