10000 -0.393904
20000 -0.414829
30000 -0.424168
40000 -0.429815
50000 -0.433514
60000 -0.435423
70000 -0.436605
80000 -0.437266
90000 -0.437438
100000 -0.436727
110000 -0.435387
120000 -0.434732
130000 -0.433446
140000 -0.431059
150000 -0.428063
160000 -0.424866
170000 -0.420945
180000 -0.416483
190000 -0.412126
200000 -0.407624
210000 -0.403337
220000 -0.401503
230000 -0.399308
240000 -0.397055
250000 -0.394326
260000 -0.390923
270000 -0.386667
280000 -0.382623
290000 -0.378809
300000 -0.37528
310000 -0.371779
320000 -0.368354
330000 -0.364859
340000 -0.361522
350000 -0.358202
360000 -0.354839
370000 -0.351822
380000 -0.348723
390000 -0.345743
400000 -0.342747
410000 -0.340085
420000 -0.337644
430000 -0.335121
440000 -0.33417
450000 -0.334257
460000 -0.334074
470000 -0.33368
480000 -0.333127
490000 -0.332452
500000 -0.331563
510000 -0.330467
520000 -0.329167
530000 -0.327624
540000 -0.325809
550000 -0.32384
560000 -0.321964
570000 -0.320212
580000 -0.318449
590000 -0.316704
600000 -0.315011
610000 -0.313331
620000 -0.311711
630000 -0.31019
640000 -0.308705
650000 -0.307214
660000 -0.305797
670000 -0.30444
680000 -0.303875
690000 -0.303151
700000 -0.302168
710000 -0.300921
720000 -0.29965
730000 -0.298488
740000 -0.29732
750000 -0.296161
760000 -0.295026
770000 -0.293891
780000 -0.292775
790000 -0.291689
800000 -0.290719
810000 -0.289762
820000 -0.288832
830000 -0.287894
840000 -0.286989
850000 -0.286109
860000 -0.285249
870000 -0.284396
880000 -0.283585
890000 -0.282787
900000 -0.28202
910000 -0.28127
920000 -0.280517
930000 -0.279794
940000 -0.279041
950000 -0.278311
960000 -0.277609
970000 -0.276906
980000 -0.276247
990000 -0.275589
