10000 -0.378952
20000 -0.402739
30000 -0.411581
40000 -0.420206
50000 -0.424984
60000 -0.428128
70000 -0.429245
80000 -0.429338
90000 -0.42827
100000 -0.426825
110000 -0.424737
120000 -0.421472
130000 -0.417888
140000 -0.41361
150000 -0.40929
160000 -0.404527
170000 -0.39947
180000 -0.39438
190000 -0.388846
200000 -0.382902
210000 -0.377062
220000 -0.371483
230000 -0.366372
240000 -0.361617
250000 -0.356908
260000 -0.352866
270000 -0.349845
280000 -0.347177
290000 -0.346134
300000 -0.344561
310000 -0.342938
320000 -0.341313
330000 -0.339512
340000 -0.337741
350000 -0.335984
360000 -0.334215
370000 -0.332371
380000 -0.330585
390000 -0.328762
400000 -0.327007
410000 -0.325345
420000 -0.323704
430000 -0.322131
440000 -0.320607
450000 -0.319085
460000 -0.317708
470000 -0.316362
480000 -0.315229
490000 -0.314122
500000 -0.312895
510000 -0.311689
520000 -0.310532
530000 -0.309409
540000 -0.308266
550000 -0.307168
560000 -0.306176
570000 -0.305152
580000 -0.304181
590000 -0.303225
600000 -0.302293
610000 -0.301376
620000 -0.300522
630000 -0.299688
640000 -0.298855
650000 -0.298043
660000 -0.297265
670000 -0.296489
680000 -0.295752
690000 -0.295147
700000 -0.294438
710000 -0.293728
720000 -0.293041
730000 -0.292361
740000 -0.291698
750000 -0.291065
760000 -0.290438
770000 -0.289828
780000 -0.289235
790000 -0.288645
800000 -0.288074
810000 -0.287523
820000 -0.287002
830000 -0.286511
840000 -0.285996
850000 -0.285512
860000 -0.285051
870000 -0.284627
880000 -0.284252
890000 -0.28389
900000 -0.283528
910000 -0.283194
920000 -0.282851
930000 -0.28252
940000 -0.282212
950000 -0.281907
960000 -0.281599
970000 -0.281302
980000 -0.281014
990000 -0.280719
