10000 -0.377172
20000 -0.399128
30000 -0.412803
40000 -0.419754
50000 -0.422525
60000 -0.421006
70000 -0.417239
80000 -0.413037
90000 -0.409015
100000 -0.40542
110000 -0.402369
120000 -0.399318
130000 -0.397177
140000 -0.394947
150000 -0.391439
160000 -0.388101
170000 -0.385146
180000 -0.382374
190000 -0.37961
200000 -0.377097
210000 -0.374721
220000 -0.37237
230000 -0.370334
240000 -0.36833
250000 -0.366517
260000 -0.364757
270000 -0.362888
280000 -0.360991
290000 -0.359039
300000 -0.35708
310000 -0.355266
320000 -0.353581
330000 -0.352304
340000 -0.350933
350000 -0.34961
360000 -0.348573
370000 -0.347799
380000 -0.347024
390000 -0.346263
400000 -0.345493
410000 -0.344695
420000 -0.34394
430000 -0.343202
440000 -0.342464
450000 -0.341779
460000 -0.341103
470000 -0.340477
480000 -0.339886
490000 -0.339279
500000 -0.338685
510000 -0.337993
520000 -0.337557
530000 -0.337118
540000 -0.336627
550000 -0.336123
560000 -0.335559
570000 -0.335047
580000 -0.33449
590000 -0.33401
600000 -0.333631
610000 -0.333456
620000 -0.33316
630000 -0.332803
640000 -0.332701
650000 -0.332591
660000 -0.332459
670000 -0.332302
680000 -0.332126
690000 -0.331965
700000 -0.331766
710000 -0.331582
720000 -0.331397
730000 -0.331221
740000 -0.331081
750000 -0.330928
760000 -0.330781
770000 -0.33062
780000 -0.330417
790000 -0.33021
800000 -0.330013
810000 -0.329821
820000 -0.329719
830000 -0.329602
840000 -0.329438
850000 -0.329257
860000 -0.329098
870000 -0.328968
880000 -0.328804
890000 -0.328647
900000 -0.32844
910000 -0.328221
920000 -0.328027
930000 -0.32786
940000 -0.327654
950000 -0.327456
960000 -0.327234
970000 -0.32703
980000 -0.326819
990000 -0.3266
