10000 -0.51899
20000 -0.476681
30000 -0.437505
40000 -0.41845
50000 -0.401438
60000 -0.34539
70000 -0.365118
80000 -0.37035
90000 -0.330286
100000 -0.355926
110000 -0.39024
120000 -0.364536
130000 -0.314425
140000 -0.260376
150000 -0.268201
160000 -0.306393
170000 -0.299284
180000 -0.278497
190000 -0.43492
200000 -0.423424
210000 -0.413692
220000 -0.406132
230000 -0.402508
240000 -0.38735
250000 -0.404954
260000 -0.400331
270000 -0.389895
280000 -0.380133
290000 -0.375051
300000 -0.375891
310000 -0.367197
320000 -0.361595
330000 -0.356136
340000 -0.352565
350000 -0.349452
360000 -0.348264
370000 -0.347
380000 -0.342185
390000 -0.34308
400000 -0.340785
410000 -0.336197
420000 -0.330338
430000 -0.334228
440000 -0.333639
450000 -0.332702
460000 -0.327206
470000 -0.322786
480000 -0.322543
490000 -0.320165
500000 -0.317644
510000 -0.3179
520000 -0.315625
530000 -0.317618
540000 -0.308735
550000 -0.304042
560000 -0.311323
570000 -0.301805
580000 -0.308374
590000 -0.299823
600000 -0.296507
610000 -0.294812
620000 -0.293639
630000 -0.29117
640000 -0.310634
650000 -0.309009
660000 -0.306424
670000 -0.307353
680000 -0.304165
690000 -0.302219
700000 -0.298723
710000 -0.29845
720000 -0.296487
730000 -0.295787
740000 -0.294868
750000 -0.29674
760000 -0.294714
770000 -0.290757
780000 -0.290391
790000 -0.290602
800000 -0.291039
810000 -0.334225
820000 -0.334014
830000 -0.331689
840000 -0.330005
850000 -0.328048
860000 -0.325804
870000 -0.320999
880000 -0.323965
890000 -0.320752
900000 -0.318585
910000 -0.318938
920000 -0.31504
930000 -0.314075
940000 -0.313742
950000 -0.310446
960000 -0.306626
970000 -0.304644
980000 -0.302251
990000 -0.301341
