10000 -0.539411
20000 -0.507783
30000 -0.483902
40000 -0.467846
50000 -0.446297
60000 -0.42861
70000 -0.443507
80000 -0.413362
90000 -0.373581
100000 -0.373607
110000 -0.345263
120000 -0.343943
130000 -0.328885
140000 -0.31444
150000 -0.324399
160000 -0.306152
170000 -0.290072
180000 -0.27775
190000 -0.264998
200000 -0.25784
210000 -0.25617
220000 -0.255623
230000 -0.310334
240000 -0.318039
250000 -0.304033
260000 -0.341634
270000 -0.348195
280000 -0.331056
290000 -0.319683
300000 -0.309061
310000 -0.306142
320000 -0.312684
330000 -0.299038
340000 -0.286449
350000 -0.299053
360000 -0.272885
370000 -0.273092
380000 -0.272737
390000 -0.269635
400000 -0.271967
410000 -0.425113
420000 -0.409009
430000 -0.392972
440000 -0.378409
450000 -0.363731
460000 -0.352533
470000 -0.339738
480000 -0.327986
490000 -0.3136
500000 -0.304239
510000 -0.288564
520000 -0.277064
530000 -0.254787
540000 -0.242768
550000 -0.233959
560000 -0.232979
570000 -0.231719
580000 -0.232273
590000 -0.231096
600000 -0.228462
610000 -0.230415
620000 -0.228331
630000 -0.228263
640000 -0.232138
650000 -0.22692
660000 -0.222658
670000 -0.225464
680000 -0.223592
690000 -0.227026
700000 -0.218618
710000 -0.218166
720000 -0.218087
730000 -0.220682
740000 -0.217365
750000 -0.217486
760000 -0.217987
770000 -0.216755
780000 -0.214917
790000 -0.216278
800000 -0.218707
810000 -0.215624
820000 -0.224405
830000 -0.225865
840000 -0.219937
850000 -0.217535
860000 -0.213946
870000 -0.215442
880000 -0.213439
890000 -0.211092
900000 -0.209072
910000 -0.209485
920000 -0.21041
930000 -0.275422
940000 -0.27164
950000 -0.269726
960000 -0.267816
970000 -0.262376
980000 -0.262348
990000 -0.260924
