10000 0.373364
20000 0.423574
30000 0.189457
40000 0.126324
50000 0.0587295
60000 0.116509
70000 0.11249
80000 0.074885
90000 0.0663179
100000 0.0605839
110000 0.0599237
120000 0.0587206
130000 0.0591574
140000 0.0797117
150000 0.109223
160000 0.0604894
170000 0.0641941
180000 0.0843023
190000 0.109758
200000 0.0786558
210000 0.0595384
220000 0.0594174
230000 0.0593272
240000 0.0593039
250000 0.0592919
260000 0.0591929
270000 0.0885844
280000 0.0677647
290000 0.0591028
300000 0.0590399
310000 0.0590278
320000 0.0589304
330000 0.0588218
340000 0.0588001
350000 0.0587156
360000 0.0587506
370000 0.0587403
380000 0.105301
390000 0.0903757
400000 0.160835
410000 0.128493
420000 0.107521
430000 0.0884211
440000 0.153098
450000 0.139849
460000 0.124359
470000 0.113353
480000 0.113089
490000 0.0952885
500000 0.0813366
510000 0.0649654
520000 0.0590768
530000 0.0616419
540000 0.0590549
550000 0.0590242
560000 0.0589936
570000 0.0649967
580000 0.0588817
590000 0.0711643
600000 0.0810026
610000 0.0607467
620000 0.0659978
630000 0.0585929
640000 0.0679172
650000 0.0617361
660000 0.0595824
670000 0.0583235
680000 0.0772164
690000 0.0581779
700000 0.0669482
710000 0.0613179
720000 0.0579702
730000 0.0579086
740000 0.0578703
750000 0.0578001
760000 0.0577802
770000 0.0578306
780000 0.0577824
790000 0.0577433
800000 0.0577049
810000 0.0577049
820000 0.0577465
830000 0.0576836
840000 0.057661
850000 0.0576532
860000 0.0576294
870000 0.0576019
880000 0.0575117
890000 0.0574687
900000 0.057487
910000 0.0574506
920000 0.057391
930000 0.0573834
940000 0.0574097
950000 0.0573275
960000 0.057297
970000 0.0572686
980000 0.0572556
990000 0.0571617
