10000 0.562555
20000 0.312432
30000 0.254801
40000 0.137325
50000 0.127213
60000 0.130776
70000 0.0973236
80000 0.0795366
90000 0.0794864
100000 0.0576417
110000 0.0572794
120000 0.0560563
130000 0.0549176
140000 0.153297
150000 0.109151
160000 0.0942241
170000 0.097231
180000 0.093184
190000 0.0740534
200000 0.0711381
210000 0.0699023
220000 0.121886
230000 0.0831631
240000 0.0689251
250000 0.0690568
260000 0.0690285
270000 0.0896338
280000 0.0690208
290000 0.068937
300000 0.0689405
310000 0.0689273
320000 0.0914713
330000 0.0720052
340000 0.0732995
350000 0.0688543
360000 0.068843
370000 0.0834362
380000 0.0798201
390000 0.0766923
400000 0.074723
410000 0.0732762
420000 0.0716339
430000 0.0706347
440000 0.0689052
450000 0.0676399
460000 0.0667907
470000 0.0667038
480000 0.0665453
490000 0.0664492
500000 0.06622
510000 0.0658583
520000 0.0657358
530000 0.0656309
540000 0.0655674
550000 0.0653521
560000 0.0651211
570000 0.0649592
580000 0.0647087
590000 0.0645586
600000 0.0642893
610000 0.0640021
620000 0.0638125
630000 0.0636266
640000 0.0635096
650000 0.0631801
660000 0.0630082
670000 0.0627324
680000 0.0625655
690000 0.0623871
700000 0.0620775
710000 0.0619116
720000 0.0617143
730000 0.061568
740000 0.0613336
750000 0.0610867
760000 0.0608094
770000 0.0604822
780000 0.0603737
790000 0.0603329
800000 0.059964
810000 0.0595577
820000 0.0590884
830000 0.0587095
840000 0.0583575
850000 0.0578722
860000 0.0576096
870000 0.0572889
880000 0.0569908
890000 0.0567765
900000 0.0562546
910000 0.0560172
920000 0.055591
930000 0.0554636
940000 0.0551701
950000 0.0547835
960000 0.0544063
970000 0.0540332
980000 0.0534164
990000 0.0531416
