10000 0.533839
20000 0.454322
30000 0.203569
40000 0.0804205
50000 0.0441529
60000 0.0135151
70000 0.0360051
80000 0.0135151
90000 0.0135151
100000 0.0135151
110000 0.0135151
120000 0.415646
130000 0.259496
140000 0.216333
150000 0.182857
160000 0.147915
170000 0.118409
180000 0.0863249
190000 0.0519824
200000 0.0135151
210000 0.0135151
220000 0.0135151
230000 0.0135151
240000 0.0135151
250000 0.0135151
260000 0.0135151
270000 0.0135151
280000 0.0135151
290000 0.0135151
300000 0.0135151
310000 0.0135151
320000 0.0135151
330000 0.0135151
340000 0.0135151
350000 0.0135151
360000 0.0135151
370000 0.0135151
380000 0.0135151
390000 0.0135151
400000 0.0135151
410000 0.0135151
420000 0.0135151
430000 0.0135151
440000 0.0135151
450000 0.0135151
460000 0.0135151
470000 0.277216
480000 0.276386
490000 0.275112
500000 0.274193
510000 0.273032
520000 0.271617
530000 0.270612
540000 0.269439
550000 0.268582
560000 0.267608
570000 0.266619
580000 0.265597
590000 0.26426
600000 0.26346
610000 0.262488
620000 0.261171
630000 0.260316
640000 0.259295
650000 0.258374
660000 0.257606
670000 0.256493
680000 0.255696
690000 0.25476
700000 0.253876
710000 0.253201
720000 0.252205
730000 0.251328
740000 0.250483
750000 0.249671
760000 0.24897
770000 0.248103
780000 0.247315
790000 0.24669
800000 0.245904
810000 0.245128
820000 0.244434
830000 0.243842
840000 0.242973
850000 0.241793
860000 0.241014
870000 0.240291
880000 0.239964
890000 0.238864
900000 0.238183
910000 0.237542
920000 0.237025
930000 0.23639
940000 0.235321
950000 0.234493
960000 0.233978
970000 0.233103
980000 0.232412
990000 0.231755
