10000 -0.373116
20000 -0.395368
30000 -0.403463
40000 -0.408433
50000 -0.410531
60000 -0.409344
70000 -0.406873
80000 -0.403527
90000 -0.400401
100000 -0.398809
110000 -0.396066
120000 -0.394252
130000 -0.393057
140000 -0.390698
150000 -0.390996
160000 -0.390893
170000 -0.39149
180000 -0.39141
190000 -0.39107
200000 -0.392471
210000 -0.39438
220000 -0.395992
230000 -0.396842
240000 -0.397393
250000 -0.397287
260000 -0.396693
270000 -0.395814
280000 -0.394656
290000 -0.394328
300000 -0.394748
310000 -0.394975
320000 -0.395117
330000 -0.39516
340000 -0.395053
350000 -0.394854
360000 -0.394639
370000 -0.394417
380000 -0.394098
390000 -0.393772
400000 -0.393307
410000 -0.392837
420000 -0.392352
430000 -0.391878
440000 -0.391303
450000 -0.390819
460000 -0.390446
470000 -0.390028
480000 -0.389588
490000 -0.389152
500000 -0.388679
510000 -0.388219
520000 -0.387776
530000 -0.387318
540000 -0.386804
550000 -0.386276
560000 -0.385731
570000 -0.385183
580000 -0.38463
590000 -0.384097
600000 -0.383519
610000 -0.382941
620000 -0.382334
630000 -0.38171
640000 -0.381095
650000 -0.380479
660000 -0.379917
670000 -0.379314
680000 -0.378725
690000 -0.378158
700000 -0.377582
710000 -0.377001
720000 -0.376413
730000 -0.375817
740000 -0.37522
750000 -0.374627
760000 -0.374013
770000 -0.373422
780000 -0.372848
790000 -0.372273
800000 -0.371674
810000 -0.371086
820000 -0.370479
830000 -0.369887
840000 -0.369311
850000 -0.368712
860000 -0.368098
870000 -0.367506
880000 -0.366912
890000 -0.36631
900000 -0.365718
910000 -0.365125
920000 -0.364539
930000 -0.363973
940000 -0.363368
950000 -0.3628
960000 -0.36299
970000 -0.363189
980000 -0.363369
990000 -0.363521
