10000 -0.383571
20000 -0.405618
30000 -0.414647
40000 -0.420739
50000 -0.425599
60000 -0.427937
70000 -0.428622
80000 -0.427939
90000 -0.424765
100000 -0.422409
110000 -0.420523
120000 -0.4171
130000 -0.413524
140000 -0.409329
150000 -0.405275
160000 -0.400893
170000 -0.396747
180000 -0.393756
190000 -0.394677
200000 -0.394831
210000 -0.394835
220000 -0.394487
230000 -0.394471
240000 -0.394413
250000 -0.393994
260000 -0.393066
270000 -0.391795
280000 -0.391307
290000 -0.390947
300000 -0.390689
310000 -0.390264
320000 -0.38968
330000 -0.389282
340000 -0.388566
350000 -0.387629
360000 -0.38673
370000 -0.385713
380000 -0.3848
390000 -0.383853
400000 -0.382888
410000 -0.381959
420000 -0.380824
430000 -0.379755
440000 -0.378676
450000 -0.377619
460000 -0.376374
470000 -0.375217
480000 -0.373875
490000 -0.372528
500000 -0.371208
510000 -0.369806
520000 -0.368416
530000 -0.366894
540000 -0.365323
550000 -0.363845
560000 -0.362385
570000 -0.360915
580000 -0.35944
590000 -0.357997
600000 -0.356653
610000 -0.355291
620000 -0.353982
630000 -0.352687
640000 -0.351429
650000 -0.35021
660000 -0.349034
670000 -0.347874
680000 -0.346743
690000 -0.345663
700000 -0.344614
710000 -0.34362
720000 -0.342609
730000 -0.341708
740000 -0.341074
750000 -0.340849
760000 -0.34061
770000 -0.340277
780000 -0.339933
790000 -0.339499
800000 -0.339057
810000 -0.33855
820000 -0.337978
830000 -0.337372
840000 -0.336677
850000 -0.33593
860000 -0.335228
870000 -0.334478
880000 -0.333744
890000 -0.333018
900000 -0.332311
910000 -0.331611
920000 -0.330935
930000 -0.330251
940000 -0.329637
950000 -0.329033
960000 -0.328408
970000 -0.327912
980000 -0.327926
990000 -0.32781
