10000 -0.383934
20000 -0.404652
30000 -0.416934
40000 -0.426059
50000 -0.440489
60000 -0.449027
70000 -0.452738
80000 -0.452935
90000 -0.450813
100000 -0.444272
110000 -0.436272
120000 -0.429213
130000 -0.424731
140000 -0.420979
150000 -0.416811
160000 -0.412303
170000 -0.407702
180000 -0.40275
190000 -0.398026
200000 -0.393608
210000 -0.389092
220000 -0.385142
230000 -0.381105
240000 -0.376736
250000 -0.37233
260000 -0.368149
270000 -0.363721
280000 -0.359519
290000 -0.355353
300000 -0.351209
310000 -0.347347
320000 -0.343691
330000 -0.340185
340000 -0.336894
350000 -0.333614
360000 -0.330384
370000 -0.327269
380000 -0.324334
390000 -0.322355
400000 -0.320238
410000 -0.318192
420000 -0.316137
430000 -0.314018
440000 -0.31179
450000 -0.309473
460000 -0.307088
470000 -0.304815
480000 -0.302495
490000 -0.300139
500000 -0.297838
510000 -0.295544
520000 -0.293243
530000 -0.290994
540000 -0.288802
550000 -0.286576
560000 -0.284389
570000 -0.282295
580000 -0.280213
590000 -0.278068
600000 -0.275901
610000 -0.273714
620000 -0.271643
630000 -0.269704
640000 -0.267917
650000 -0.266203
660000 -0.264549
670000 -0.262967
680000 -0.261407
690000 -0.260642
700000 -0.260165
710000 -0.259651
720000 -0.259025
730000 -0.258324
740000 -0.258022
750000 -0.258923
760000 -0.259725
770000 -0.260436
780000 -0.261066
790000 -0.261636
800000 -0.262144
810000 -0.262572
820000 -0.26291
830000 -0.263188
840000 -0.263431
850000 -0.263607
860000 -0.263761
870000 -0.263868
880000 -0.263927
890000 -0.263953
900000 -0.2639
910000 -0.263823
920000 -0.26371
930000 -0.263559
940000 -0.263368
950000 -0.263139
960000 -0.262878
970000 -0.262582
980000 -0.262256
990000 -0.26193
