10000 -0.38507
20000 -0.417336
30000 -0.427714
40000 -0.430019
50000 -0.426109
60000 -0.420764
70000 -0.413241
80000 -0.407383
90000 -0.401981
100000 -0.398986
110000 -0.396825
120000 -0.393622
130000 -0.390021
140000 -0.385925
150000 -0.381686
160000 -0.377036
170000 -0.372205
180000 -0.367479
190000 -0.362345
200000 -0.357562
210000 -0.353578
220000 -0.349856
230000 -0.345624
240000 -0.342129
250000 -0.338622
260000 -0.335732
270000 -0.334165
280000 -0.332703
290000 -0.33116
300000 -0.329581
310000 -0.32808
320000 -0.326913
330000 -0.325878
340000 -0.324959
350000 -0.324077
360000 -0.323234
370000 -0.322379
380000 -0.321407
390000 -0.320513
400000 -0.319646
410000 -0.318741
420000 -0.317777
430000 -0.316827
440000 -0.315986
450000 -0.315211
460000 -0.314537
470000 -0.313689
480000 -0.312963
490000 -0.312459
500000 -0.314229
510000 -0.315831
520000 -0.317317
530000 -0.318652
540000 -0.31978
550000 -0.320739
560000 -0.321569
570000 -0.322372
580000 -0.323066
590000 -0.323681
600000 -0.324145
610000 -0.324548
620000 -0.324839
630000 -0.325077
640000 -0.325291
650000 -0.325384
660000 -0.32536
670000 -0.325449
680000 -0.325444
690000 -0.325659
700000 -0.325669
710000 -0.325512
720000 -0.325306
730000 -0.325075
740000 -0.324765
750000 -0.324395
760000 -0.323937
770000 -0.323397
780000 -0.322828
790000 -0.322237
800000 -0.321508
810000 -0.320665
820000 -0.319784
830000 -0.318801
840000 -0.317815
850000 -0.316883
860000 -0.315936
870000 -0.314944
880000 -0.313984
890000 -0.313011
900000 -0.312034
910000 -0.311098
920000 -0.310209
930000 -0.309332
940000 -0.308431
950000 -0.307552
960000 -0.306661
970000 -0.305784
980000 -0.304868
990000 -0.304002
