10000 -0.386414
20000 -0.408938
30000 -0.418752
40000 -0.423637
50000 -0.42408
60000 -0.423495
70000 -0.421566
80000 -0.421185
90000 -0.417777
100000 -0.413062
110000 -0.408327
120000 -0.403274
130000 -0.398187
140000 -0.393136
150000 -0.387947
160000 -0.383701
170000 -0.378851
180000 -0.373704
190000 -0.368442
200000 -0.363232
210000 -0.358401
220000 -0.353822
230000 -0.351505
240000 -0.350288
250000 -0.348857
260000 -0.3485
270000 -0.348257
280000 -0.347921
290000 -0.347179
300000 -0.346315
310000 -0.345246
320000 -0.344206
330000 -0.342995
340000 -0.341779
350000 -0.340455
360000 -0.338935
370000 -0.337197
380000 -0.335357
390000 -0.333601
400000 -0.331922
410000 -0.333388
420000 -0.33537
430000 -0.336952
440000 -0.338195
450000 -0.339058
460000 -0.339646
470000 -0.339907
480000 -0.339849
490000 -0.339529
500000 -0.339029
510000 -0.338303
520000 -0.337342
530000 -0.336098
540000 -0.334465
550000 -0.332647
560000 -0.33092
570000 -0.32918
580000 -0.32754
590000 -0.32595
600000 -0.324361
610000 -0.322825
620000 -0.321344
630000 -0.319852
640000 -0.31842
650000 -0.317052
660000 -0.315718
670000 -0.314364
680000 -0.313041
690000 -0.311783
700000 -0.310515
710000 -0.309269
720000 -0.308031
730000 -0.306849
740000 -0.30566
750000 -0.304522
760000 -0.303396
770000 -0.302278
780000 -0.301174
790000 -0.300097
800000 -0.299079
810000 -0.298078
820000 -0.297126
830000 -0.29623
840000 -0.295306
850000 -0.294396
860000 -0.293494
870000 -0.292603
880000 -0.291753
890000 -0.29086
900000 -0.289988
910000 -0.289111
920000 -0.288246
930000 -0.28798
940000 -0.287905
950000 -0.287848
960000 -0.287768
970000 -0.287645
980000 -0.28753
990000 -0.287403
