10000 -0.521554
20000 -0.515505
30000 -0.488943
40000 -0.488345
50000 -0.482187
60000 -0.469692
70000 -0.460754
80000 -0.451226
90000 -0.440371
100000 -0.428609
110000 -0.404254
120000 -0.390874
130000 -0.375718
140000 -0.363385
150000 -0.335512
160000 -0.321708
170000 -0.314791
180000 -0.298949
190000 -0.272311
200000 -0.255536
210000 -0.254508
220000 -0.250145
230000 -0.254825
240000 -0.251876
250000 -0.237729
260000 -0.278463
270000 -0.261253
280000 -0.326984
290000 -0.301977
300000 -0.294682
310000 -0.292953
320000 -0.280517
330000 -0.274867
340000 -0.272341
350000 -0.272238
360000 -0.264197
370000 -0.265445
380000 -0.258921
390000 -0.259383
400000 -0.258276
410000 -0.255853
420000 -0.253501
430000 -0.251851
440000 -0.249932
450000 -0.253777
460000 -0.25424
470000 -0.254478
480000 -0.260485
490000 -0.257554
500000 -0.248882
510000 -0.257132
520000 -0.253654
530000 -0.246741
540000 -0.246898
550000 -0.249329
560000 -0.248302
570000 -0.245157
580000 -0.247944
590000 -0.246539
600000 -0.245097
610000 -0.246151
620000 -0.250131
630000 -0.247066
640000 -0.243804
650000 -0.25027
660000 -0.244505
670000 -0.248215
680000 -0.245587
690000 -0.247329
700000 -0.243811
710000 -0.249844
720000 -0.24455
730000 -0.243304
740000 -0.242481
750000 -0.242811
760000 -0.242366
770000 -0.244403
780000 -0.241889
790000 -0.241571
800000 -0.241346
810000 -0.242572
820000 -0.242934
830000 -0.24311
840000 -0.243759
850000 -0.243485
860000 -0.245591
870000 -0.251184
880000 -0.252845
890000 -0.251033
900000 -0.251947
910000 -0.250401
920000 -0.251935
930000 -0.251384
940000 -0.252644
950000 -0.252756
960000 -0.250129
970000 -0.252194
980000 -0.250929
990000 -0.250329
