10000 -0.514101
20000 -0.479837
30000 -0.460798
40000 -0.444342
50000 -0.413503
60000 -0.410186
70000 -0.368932
80000 -0.408662
90000 -0.332678
100000 -0.418273
110000 -0.358375
120000 -0.365737
130000 -0.32822
140000 -0.329331
150000 -0.308502
160000 -0.298844
170000 -0.288376
180000 -0.281459
190000 -0.268196
200000 -0.270766
210000 -0.278209
220000 -0.26087
230000 -0.249036
240000 -0.252303
250000 -0.250816
260000 -0.284953
270000 -0.293251
280000 -0.284003
290000 -0.279721
300000 -0.292772
310000 -0.285114
320000 -0.291957
330000 -0.285907
340000 -0.285441
350000 -0.283944
360000 -0.300337
370000 -0.278795
380000 -0.27754
390000 -0.29507
400000 -0.286805
410000 -0.272393
420000 -0.275774
430000 -0.269484
440000 -0.287643
450000 -0.279015
460000 -0.285693
470000 -0.277492
480000 -0.272015
490000 -0.401248
500000 -0.393362
510000 -0.388977
520000 -0.379307
530000 -0.371537
540000 -0.367899
550000 -0.358698
560000 -0.356223
570000 -0.356309
580000 -0.352683
590000 -0.347224
600000 -0.339933
610000 -0.333366
620000 -0.328491
630000 -0.325682
640000 -0.325882
650000 -0.320918
660000 -0.321535
670000 -0.314508
680000 -0.350188
690000 -0.313958
700000 -0.311946
710000 -0.299853
720000 -0.302058
730000 -0.300431
740000 -0.293032
750000 -0.286964
760000 -0.275397
770000 -0.272609
780000 -0.266342
790000 -0.258725
800000 -0.252514
810000 -0.249852
820000 -0.242986
830000 -0.229685
840000 -0.24143
850000 -0.233403
860000 -0.230853
870000 -0.228593
880000 -0.226492
890000 -0.223092
900000 -0.227932
910000 -0.222727
920000 -0.223333
930000 -0.224766
940000 -0.221155
950000 -0.221112
960000 -0.218777
970000 -0.218414
980000 -0.213961
990000 -0.218999
