10000 0.404675
20000 0.310315
30000 0.303309
40000 0.342372
50000 0.372506
60000 0.377448
70000 0.374934
80000 0.372582
90000 0.370896
100000 0.365997
110000 0.359149
120000 0.366931
130000 0.373078
140000 0.374759
150000 0.373054
160000 0.368842
170000 0.362898
180000 0.355887
190000 0.347735
200000 0.338894
210000 0.329763
220000 0.320279
230000 0.310471
240000 0.300373
250000 0.290276
260000 0.280841
270000 0.281381
280000 0.285949
290000 0.290658
300000 0.291331
310000 0.290195
320000 0.287905
330000 0.284541
340000 0.280093
350000 0.275013
360000 0.270068
370000 0.265305
380000 0.260698
390000 0.25625
400000 0.251959
410000 0.247992
420000 0.244183
430000 0.240318
440000 0.236519
450000 0.233217
460000 0.230007
470000 0.226978
480000 0.224397
490000 0.221844
500000 0.219314
510000 0.216819
520000 0.214367
530000 0.211943
540000 0.209544
550000 0.207188
560000 0.204863
570000 0.202572
580000 0.200303
590000 0.19806
600000 0.195848
610000 0.193649
620000 0.191477
630000 0.189324
640000 0.187191
650000 0.185076
660000 0.182984
670000 0.180913
680000 0.178881
690000 0.176886
700000 0.174916
710000 0.17297
720000 0.171037
730000 0.169131
740000 0.167255
750000 0.165421
760000 0.163635
770000 0.161893
780000 0.160196
790000 0.15854
800000 0.158106
810000 0.158632
820000 0.158845
830000 0.158813
840000 0.158599
850000 0.158221
860000 0.157698
870000 0.157057
880000 0.156309
890000 0.155496
900000 0.154565
910000 0.153547
920000 0.152441
930000 0.151233
940000 0.149987
950000 0.148767
960000 0.14757
970000 0.146939
980000 0.145911
990000 0.14496
