10000 0.470209
20000 0.303498
30000 0.212793
40000 0.220156
50000 0.2893
60000 0.327403
70000 0.344782
80000 0.349488
90000 0.347498
100000 0.354478
110000 0.3593
120000 0.362274
130000 0.363192
140000 0.36263
150000 0.367417
160000 0.370777
170000 0.372537
180000 0.373044
190000 0.372533
200000 0.371227
210000 0.369464
220000 0.367152
230000 0.364672
240000 0.361696
250000 0.358317
260000 0.354655
270000 0.350528
280000 0.348987
290000 0.34866
300000 0.347394
310000 0.345402
320000 0.342767
330000 0.339566
340000 0.33657
350000 0.332516
360000 0.327539
370000 0.322357
380000 0.31706
390000 0.311673
400000 0.306078
410000 0.300419
420000 0.294869
430000 0.289958
440000 0.285486
450000 0.287041
460000 0.288388
470000 0.289518
480000 0.290536
490000 0.291395
500000 0.292107
510000 0.292668
520000 0.29309
530000 0.293485
540000 0.297831
550000 0.302367
560000 0.306586
570000 0.310515
580000 0.314156
590000 0.317556
600000 0.320682
610000 0.323581
620000 0.326265
630000 0.32874
640000 0.331018
650000 0.333102
660000 0.334982
670000 0.336696
680000 0.338245
690000 0.339634
700000 0.340877
710000 0.341981
720000 0.342947
730000 0.344531
740000 0.346194
750000 0.34762
760000 0.348889
770000 0.350011
780000 0.350985
790000 0.351829
800000 0.352539
810000 0.353136
820000 0.353623
830000 0.354036
840000 0.354357
850000 0.354643
860000 0.354848
870000 0.354944
880000 0.354949
890000 0.354926
900000 0.354899
910000 0.354903
920000 0.354874
930000 0.354739
940000 0.354691
950000 0.354619
960000 0.354495
970000 0.354273
980000 0.353988
990000 0.353642
