10000 0.546848
20000 0.506786
30000 0.502677
40000 0.481688
50000 0.446341
60000 0.410768
70000 0.380168
80000 0.353388
90000 0.329865
100000 0.332055
110000 0.332464
120000 0.331397
130000 0.331929
140000 0.328086
150000 0.32353
160000 0.327399
170000 0.325763
180000 0.317704
190000 0.308095
200000 0.299707
210000 0.292896
220000 0.293829
230000 0.292067
240000 0.289964
250000 0.286086
260000 0.281987
270000 0.277712
280000 0.27336
290000 0.268929
300000 0.264536
310000 0.260417
320000 0.256302
330000 0.252122
340000 0.247894
350000 0.243646
360000 0.239405
370000 0.236144
380000 0.235076
390000 0.232168
400000 0.22847
410000 0.224921
420000 0.221504
430000 0.218894
440000 0.219344
450000 0.218025
460000 0.216208
470000 0.213523
480000 0.210923
490000 0.208411
500000 0.205952
510000 0.210821
520000 0.215841
530000 0.220031
540000 0.22357
550000 0.226542
560000 0.229027
570000 0.231105
580000 0.232818
590000 0.234242
600000 0.235465
610000 0.236415
620000 0.237158
630000 0.237716
640000 0.238115
650000 0.238362
660000 0.238489
670000 0.239533
680000 0.241446
690000 0.243162
700000 0.244702
710000 0.24607
720000 0.24729
730000 0.248365
740000 0.249309
750000 0.250128
760000 0.250818
770000 0.251396
780000 0.251858
790000 0.252207
800000 0.252439
810000 0.252552
820000 0.252545
830000 0.253889
840000 0.256245
850000 0.258443
860000 0.260461
870000 0.262278
880000 0.263963
890000 0.265478
900000 0.266848
910000 0.268086
920000 0.269194
930000 0.270183
940000 0.271057
950000 0.271819
960000 0.272475
970000 0.273026
980000 0.273475
990000 0.273825
