10000 0.618181
20000 0.431634
30000 0.489327
40000 0.385192
50000 0.31629
60000 0.491878
70000 0.441958
80000 0.396031
90000 0.432309
100000 0.41892
110000 0.410686
120000 0.412328
130000 0.404173
140000 0.393186
150000 0.383426
160000 0.378227
170000 0.371078
180000 0.365937
190000 0.35331
200000 0.353836
210000 0.345058
220000 0.342234
230000 0.338359
240000 0.337719
250000 0.346728
260000 0.332465
270000 0.323849
280000 0.318502
290000 0.312987
300000 0.305859
310000 0.337212
320000 0.327072
330000 0.320005
340000 0.312229
350000 0.307614
360000 0.300843
370000 0.293435
380000 0.286442
390000 0.278775
400000 0.27046
410000 0.263281
420000 0.251242
430000 0.246007
440000 0.239817
450000 0.234415
460000 0.228291
470000 0.222985
480000 0.216347
490000 0.211887
500000 0.206501
510000 0.201898
520000 0.199749
530000 0.23021
540000 0.242311
550000 0.234947
560000 0.227464
570000 0.220925
580000 0.216183
590000 0.210771
600000 0.204795
610000 0.198175
620000 0.191709
630000 0.186016
640000 0.181721
650000 0.174834
660000 0.169021
670000 0.16223
680000 0.171146
690000 0.175622
700000 0.164432
710000 0.153784
720000 0.15015
730000 0.141077
740000 0.136093
750000 0.123408
760000 0.121514
770000 0.113987
780000 0.116221
790000 0.117613
800000 0.102485
810000 0.0947966
820000 0.0896133
830000 0.0842725
840000 0.0802874
850000 0.0764561
860000 0.0716763
870000 0.0692472
880000 0.0663765
890000 0.0638182
900000 0.0612512
910000 0.0601023
920000 0.059115
930000 0.0568649
940000 0.0568365
950000 0.0568217
960000 0.206762
970000 0.204533
980000 0.202209
990000 0.199473
