10000 0.187647
20000 0.172515
30000 0.324068
40000 0.507763
50000 0.405325
60000 0.30638
70000 0.337525
80000 0.304975
90000 0.26716
100000 0.221992
110000 0.214093
120000 0.440195
130000 0.376629
140000 0.317901
150000 0.269536
160000 0.230334
170000 0.205843
180000 0.176906
190000 0.145716
200000 0.126817
210000 0.107708
220000 0.086275
230000 0.0628831
240000 0.0418233
250000 0.0346638
260000 0.0345102
270000 0.286778
280000 0.344759
290000 0.274803
300000 0.202806
310000 0.175761
320000 0.144591
330000 0.115994
340000 0.0845457
350000 0.0754547
360000 0.0741358
370000 0.0721161
380000 0.0696804
390000 0.0685572
400000 0.0671144
410000 0.0795822
420000 0.0661228
430000 0.0632531
440000 0.0740673
450000 0.0720527
460000 0.0700079
470000 0.0895595
480000 0.081961
490000 0.0780119
500000 0.074871
510000 0.0727449
520000 0.0706283
530000 0.0676288
540000 0.0655497
550000 0.0634434
560000 0.0615332
570000 0.0588663
580000 0.0567816
590000 0.0545213
600000 0.0525131
610000 0.050137
620000 0.0483194
630000 0.045987
640000 0.0436137
650000 0.0415014
660000 0.0398546
670000 0.0379915
680000 0.0371257
690000 0.0355363
700000 0.0343566
710000 0.0328055
720000 0.0306649
730000 0.0305069
740000 0.0292593
750000 0.0291939
760000 0.0291104
770000 0.0290768
780000 0.0289962
790000 0.0288939
800000 0.211319
810000 0.184747
820000 0.162823
830000 0.146028
840000 0.131698
850000 0.118101
860000 0.105485
870000 0.0950854
880000 0.08577
890000 0.076182
900000 0.0658396
910000 0.0569815
920000 0.044106
930000 0.0347768
940000 0.0337829
950000 0.0336981
960000 0.0336436
970000 0.0403534
980000 0.0551599
990000 0.0483689
