10000 0.0713177
20000 0.0713177
30000 0.0713177
40000 0.154553
50000 0.351223
60000 0.282035
70000 0.202066
80000 0.160457
90000 0.140512
100000 0.114482
110000 0.114493
120000 0.0749494
130000 0.555365
140000 0.525698
150000 0.472414
160000 0.453471
170000 0.440918
180000 0.419302
190000 0.406993
200000 0.392162
210000 0.376303
220000 0.365392
230000 0.350377
240000 0.375009
250000 0.364332
260000 0.363386
270000 0.35015
280000 0.337452
290000 0.32717
300000 0.314815
310000 0.304556
320000 0.301309
330000 0.281922
340000 0.267609
350000 0.26
360000 0.253083
370000 0.246015
380000 0.239195
390000 0.232077
400000 0.228948
410000 0.216679
420000 0.204018
430000 0.190976
440000 0.179004
450000 0.175671
460000 0.159269
470000 0.150177
480000 0.1421
490000 0.134109
500000 0.127084
510000 0.119347
520000 0.112469
530000 0.10488
540000 0.0990377
550000 0.0919279
560000 0.0957975
570000 0.155957
580000 0.154255
590000 0.151439
600000 0.149254
610000 0.145679
620000 0.143558
630000 0.142267
640000 0.13912
650000 0.138735
660000 0.136004
670000 0.132737
680000 0.130905
690000 0.128735
700000 0.126684
710000 0.125758
720000 0.123393
730000 0.121368
740000 0.121184
750000 0.118588
760000 0.115948
770000 0.113221
780000 0.11091
790000 0.10888
800000 0.106604
810000 0.104387
820000 0.10234
830000 0.100454
840000 0.0985061
850000 0.0963456
860000 0.0942391
870000 0.11216
880000 0.10978
890000 0.105631
900000 0.102969
910000 0.0984594
920000 0.0939894
930000 0.0898795
940000 0.0851283
950000 0.0791285
960000 0.0746909
970000 0.0704603
980000 0.0665363
990000 0.0637066
