10000 0.300579
20000 0.0546794
30000 0.0495026
40000 0.0463472
50000 0.0405619
60000 0.720813
70000 0.522922
80000 0.435031
90000 0.350748
100000 0.228509
110000 0.146088
120000 0.115986
130000 0.115014
140000 0.114858
150000 0.113367
160000 0.112482
170000 0.111281
180000 0.110348
190000 0.109488
200000 0.108412
210000 0.10745
220000 0.106776
230000 0.105482
240000 0.105099
250000 0.103483
260000 0.10293
270000 0.100349
280000 0.099455
290000 0.0980942
300000 0.0967097
310000 0.0952556
320000 0.0940299
330000 0.092413
340000 0.0907225
350000 0.0898471
360000 0.0873882
370000 0.0858355
380000 0.0835912
390000 0.0820071
400000 0.0785214
410000 0.0774896
420000 0.0766058
430000 0.0755542
440000 0.0910372
450000 0.0898768
460000 0.0887753
470000 0.0875783
480000 0.0863843
490000 0.085408
500000 0.0841615
510000 0.0828295
520000 0.0816153
530000 0.0805166
540000 0.0794722
550000 0.0780766
560000 0.0764975
570000 0.0749444
580000 0.0734868
590000 0.0721543
600000 0.0707818
610000 0.0689053
620000 0.0667771
630000 0.0651345
640000 0.0634825
650000 0.0612468
660000 0.0591969
670000 0.0571738
680000 0.0543497
690000 0.0502436
700000 0.0480278
710000 0.052839
720000 0.0508283
730000 0.0477431
740000 0.0447688
750000 0.0405133
760000 0.0389781
770000 0.0370007
780000 0.03521
790000 0.0328242
800000 0.0303036
810000 0.0277298
820000 0.0251735
830000 0.0237575
840000 0.0201971
850000 0.0201971
860000 0.0201971
870000 0.0201971
880000 0.0201971
890000 0.0201971
900000 0.0201971
910000 0.0201971
920000 0.0201971
930000 0.0201971
940000 0.0201971
950000 0.0201971
960000 0.0201971
970000 0.0201971
980000 0.0201971
990000 0.0201971
