10000 -0.35425
20000 -0.369872
30000 -0.374889
40000 -0.371552
50000 -0.363681
60000 -0.355653
70000 -0.345965
80000 -0.335877
90000 -0.326752
100000 -0.319135
110000 -0.311772
120000 -0.305129
130000 -0.299247
140000 -0.294054
150000 -0.289412
160000 -0.285282
170000 -0.281585
180000 -0.278142
190000 -0.274947
200000 -0.272137
210000 -0.269567
220000 -0.267131
230000 -0.26489
240000 -0.262818
250000 -0.260842
260000 -0.258998
270000 -0.257282
280000 -0.255636
290000 -0.254023
300000 -0.252621
310000 -0.251228
320000 -0.249984
330000 -0.248787
340000 -0.247602
350000 -0.246501
360000 -0.245501
370000 -0.244479
380000 -0.243562
390000 -0.242657
400000 -0.241779
410000 -0.240906
420000 -0.240045
430000 -0.239205
440000 -0.238371
450000 -0.237607
460000 -0.23689
470000 -0.236148
480000 -0.235431
490000 -0.234737
500000 -0.234087
510000 -0.233451
520000 -0.232856
530000 -0.232284
540000 -0.231716
550000 -0.231169
560000 -0.230625
570000 -0.230078
580000 -0.229588
590000 -0.229097
600000 -0.228616
610000 -0.228126
620000 -0.227689
630000 -0.227236
640000 -0.226783
650000 -0.226368
660000 -0.225949
670000 -0.225585
680000 -0.225185
690000 -0.224793
700000 -0.224415
710000 -0.224056
720000 -0.223705
730000 -0.223371
740000 -0.223042
750000 -0.222722
760000 -0.222393
770000 -0.222077
780000 -0.221767
790000 -0.221465
800000 -0.221173
810000 -0.220885
820000 -0.220604
830000 -0.220338
840000 -0.22007
850000 -0.219817
860000 -0.219554
870000 -0.219311
880000 -0.219079
890000 -0.218835
900000 -0.218601
910000 -0.21838
920000 -0.218158
930000 -0.217935
940000 -0.217729
950000 -0.217522
960000 -0.217318
970000 -0.217114
980000 -0.216918
990000 -0.216729
