10000 -0.379954
20000 -0.401027
30000 -0.406557
40000 -0.408778
50000 -0.407489
60000 -0.403068
70000 -0.398953
80000 -0.395077
90000 -0.39142
100000 -0.388433
110000 -0.384948
120000 -0.381515
130000 -0.378174
140000 -0.374803
150000 -0.371687
160000 -0.368557
170000 -0.365796
180000 -0.363151
190000 -0.360543
200000 -0.358009
210000 -0.355491
220000 -0.3529
230000 -0.350451
240000 -0.348059
250000 -0.345652
260000 -0.343279
270000 -0.340824
280000 -0.338454
290000 -0.336168
300000 -0.333987
310000 -0.331878
320000 -0.32992
330000 -0.328045
340000 -0.326273
350000 -0.324618
360000 -0.323019
370000 -0.321509
380000 -0.32005
390000 -0.318693
400000 -0.317398
410000 -0.316138
420000 -0.314947
430000 -0.313798
440000 -0.312712
450000 -0.311635
460000 -0.310605
470000 -0.309628
480000 -0.308682
490000 -0.307736
500000 -0.306873
510000 -0.306007
520000 -0.305189
530000 -0.304406
540000 -0.30365
550000 -0.302879
560000 -0.302163
570000 -0.301456
580000 -0.300767
590000 -0.300103
600000 -0.299457
610000 -0.298825
620000 -0.298225
630000 -0.297633
640000 -0.297042
650000 -0.296482
660000 -0.295942
670000 -0.295413
680000 -0.2949
690000 -0.294387
700000 -0.293903
710000 -0.293418
720000 -0.292944
730000 -0.292485
740000 -0.292027
750000 -0.291594
760000 -0.291172
770000 -0.290755
780000 -0.290351
790000 -0.28995
800000 -0.28956
810000 -0.289178
820000 -0.288812
830000 -0.288473
840000 -0.288127
850000 -0.287785
860000 -0.287448
870000 -0.287113
880000 -0.286788
890000 -0.286472
900000 -0.286168
910000 -0.285874
920000 -0.285581
930000 -0.2853
940000 -0.28502
950000 -0.284743
960000 -0.284469
970000 -0.284205
980000 -0.283947
990000 -0.283692
