10000 -0.372885
20000 -0.39972
30000 -0.393064
40000 -0.378697
50000 -0.363626
60000 -0.350202
70000 -0.337642
80000 -0.325369
90000 -0.314454
100000 -0.304949
110000 -0.296617
120000 -0.289524
130000 -0.282973
140000 -0.277223
150000 -0.272117
160000 -0.267588
170000 -0.263518
180000 -0.259817
190000 -0.256453
200000 -0.253349
210000 -0.250563
220000 -0.247918
230000 -0.245574
240000 -0.243368
250000 -0.241327
260000 -0.239406
270000 -0.23769
280000 -0.236053
290000 -0.234498
300000 -0.233045
310000 -0.231634
320000 -0.230345
330000 -0.229066
340000 -0.227912
350000 -0.226783
360000 -0.225731
370000 -0.224728
380000 -0.223764
390000 -0.222847
400000 -0.221965
410000 -0.221158
420000 -0.220343
430000 -0.219549
440000 -0.218785
450000 -0.218031
460000 -0.217316
470000 -0.216619
480000 -0.215935
490000 -0.21528
500000 -0.214648
510000 -0.214032
520000 -0.213426
530000 -0.212834
540000 -0.21228
550000 -0.211748
560000 -0.211242
570000 -0.210744
580000 -0.210267
590000 -0.209799
600000 -0.209361
610000 -0.20892
620000 -0.208497
630000 -0.20808
640000 -0.207673
650000 -0.207281
660000 -0.206893
670000 -0.206524
680000 -0.206166
690000 -0.205812
700000 -0.205462
710000 -0.205132
720000 -0.204813
730000 -0.204481
740000 -0.204165
750000 -0.203861
760000 -0.203555
770000 -0.203263
780000 -0.20298
790000 -0.202698
800000 -0.202428
810000 -0.202163
820000 -0.201903
830000 -0.201645
840000 -0.201399
850000 -0.201166
860000 -0.200929
870000 -0.200699
880000 -0.20047
890000 -0.200253
900000 -0.200033
910000 -0.199821
920000 -0.199615
930000 -0.199415
940000 -0.199215
950000 -0.199024
960000 -0.198826
970000 -0.198638
980000 -0.198455
990000 -0.198273
