10000 -0.372066
20000 -0.392346
30000 -0.403548
40000 -0.397562
50000 -0.386565
60000 -0.372695
70000 -0.358977
80000 -0.346972
90000 -0.33748
100000 -0.329697
110000 -0.323333
120000 -0.317534
130000 -0.312841
140000 -0.308744
150000 -0.304941
160000 -0.30171
170000 -0.298926
180000 -0.296488
190000 -0.294228
200000 -0.29218
210000 -0.29027
220000 -0.288538
230000 -0.286854
240000 -0.285297
250000 -0.283831
260000 -0.2825
270000 -0.281267
280000 -0.280044
290000 -0.278917
300000 -0.277847
310000 -0.276833
320000 -0.275868
330000 -0.274965
340000 -0.274077
350000 -0.27328
360000 -0.272525
370000 -0.271788
380000 -0.271088
390000 -0.270397
400000 -0.26971
410000 -0.269046
420000 -0.268408
430000 -0.267803
440000 -0.267211
450000 -0.266548
460000 -0.265912
470000 -0.265317
480000 -0.264711
490000 -0.264127
500000 -0.263551
510000 -0.262996
520000 -0.262431
530000 -0.261871
540000 -0.261333
550000 -0.260794
560000 -0.260312
570000 -0.25981
580000 -0.259359
590000 -0.258916
600000 -0.258474
610000 -0.258027
620000 -0.257596
630000 -0.257203
640000 -0.256811
650000 -0.256437
660000 -0.256041
670000 -0.255658
680000 -0.255285
690000 -0.254928
700000 -0.254569
710000 -0.254228
720000 -0.253873
730000 -0.253525
740000 -0.253167
750000 -0.252815
760000 -0.252486
770000 -0.252157
780000 -0.251836
790000 -0.251514
800000 -0.251203
810000 -0.250901
820000 -0.250606
830000 -0.250325
840000 -0.250035
850000 -0.249754
860000 -0.249472
870000 -0.249208
880000 -0.248939
890000 -0.248672
900000 -0.24841
910000 -0.248153
920000 -0.24791
930000 -0.247662
940000 -0.247419
950000 -0.247175
960000 -0.246945
970000 -0.246717
980000 -0.246489
990000 -0.246254
