10000 -0.388721
20000 -0.395533
30000 -0.377702
40000 -0.359559
50000 -0.34487
60000 -0.333831
70000 -0.325515
80000 -0.318584
90000 -0.311644
100000 -0.305431
110000 -0.300132
120000 -0.295226
130000 -0.290539
140000 -0.286373
150000 -0.282579
160000 -0.279004
170000 -0.275831
180000 -0.27269
190000 -0.269729
200000 -0.267002
210000 -0.264323
220000 -0.261921
230000 -0.259805
240000 -0.25765
250000 -0.255606
260000 -0.253677
270000 -0.251795
280000 -0.250012
290000 -0.24832
300000 -0.246656
310000 -0.24515
320000 -0.2437
330000 -0.242331
340000 -0.24097
350000 -0.23965
360000 -0.238294
370000 -0.236977
380000 -0.23568
390000 -0.234432
400000 -0.233204
410000 -0.232045
420000 -0.230939
430000 -0.229849
440000 -0.228814
450000 -0.227853
460000 -0.226916
470000 -0.226015
480000 -0.225149
490000 -0.224339
500000 -0.22355
510000 -0.222794
520000 -0.22206
530000 -0.221328
540000 -0.220627
550000 -0.219984
560000 -0.219328
570000 -0.218675
580000 -0.218046
590000 -0.217437
600000 -0.216837
610000 -0.216254
620000 -0.215696
630000 -0.215142
640000 -0.214615
650000 -0.214103
660000 -0.2136
670000 -0.213105
680000 -0.212629
690000 -0.21218
700000 -0.211744
710000 -0.21131
720000 -0.210885
730000 -0.210469
740000 -0.210057
750000 -0.209658
760000 -0.209269
770000 -0.208889
780000 -0.208514
790000 -0.208158
800000 -0.207806
810000 -0.207461
820000 -0.207124
830000 -0.2068
840000 -0.206477
850000 -0.206155
860000 -0.205847
870000 -0.205542
880000 -0.205241
890000 -0.204945
900000 -0.20466
910000 -0.204372
920000 -0.204094
930000 -0.203824
940000 -0.203561
950000 -0.203298
960000 -0.203042
970000 -0.202793
980000 -0.202553
990000 -0.202312
