10000 -0.461478
20000 -0.405003
30000 -0.37812
40000 -0.354828
50000 -0.341029
60000 -0.322528
70000 -0.294644
80000 -0.278873
90000 -0.268756
100000 -0.260672
110000 -0.254786
120000 -0.245284
130000 -0.238938
140000 -0.236104
150000 -0.229696
160000 -0.230947
170000 -0.226807
180000 -0.224358
190000 -0.222857
200000 -0.220662
210000 -0.219198
220000 -0.217155
230000 -0.217251
240000 -0.216321
250000 -0.216255
260000 -0.21387
270000 -0.212116
280000 -0.211054
290000 -0.209727
300000 -0.208737
310000 -0.20778
320000 -0.207337
330000 -0.206388
340000 -0.206333
350000 -0.20622
360000 -0.204724
370000 -0.204141
380000 -0.203995
390000 -0.204285
400000 -0.203464
410000 -0.203474
420000 -0.203378
430000 -0.202797
440000 -0.202923
450000 -0.203291
460000 -0.203495
470000 -0.203173
480000 -0.202977
490000 -0.202965
500000 -0.202708
510000 -0.202542
520000 -0.202285
530000 -0.201742
540000 -0.201982
550000 -0.201543
560000 -0.202246
570000 -0.202117
580000 -0.202037
590000 -0.201787
600000 -0.201878
610000 -0.201384
620000 -0.201006
630000 -0.200661
640000 -0.200842
650000 -0.201876
660000 -0.201671
670000 -0.201205
680000 -0.201999
690000 -0.202003
700000 -0.201806
710000 -0.20121
720000 -0.200763
730000 -0.19969
740000 -0.199862
750000 -0.199675
760000 -0.199846
770000 -0.199691
780000 -0.199246
790000 -0.199118
800000 -0.199046
810000 -0.198773
820000 -0.198826
830000 -0.199483
840000 -0.198715
850000 -0.198598
860000 -0.198631
870000 -0.198619
880000 -0.198619
890000 -0.198598
900000 -0.198608
910000 -0.198532
920000 -0.198974
930000 -0.198793
940000 -0.199079
950000 -0.198983
960000 -0.199099
970000 -0.199106
980000 -0.198635
990000 -0.198753
