10000 -0.508954
20000 -0.48102
30000 -0.423404
40000 -0.393186
50000 -0.385517
60000 -0.375891
70000 -0.36101
80000 -0.347192
90000 -0.344488
100000 -0.34324
110000 -0.340532
120000 -0.337716
130000 -0.337221
140000 -0.337264
150000 -0.335136
160000 -0.334298
170000 -0.333
180000 -0.329033
190000 -0.325534
200000 -0.324799
210000 -0.324489
220000 -0.319297
230000 -0.313233
240000 -0.307157
250000 -0.303381
260000 -0.296275
270000 -0.289433
280000 -0.285374
290000 -0.280389
300000 -0.274237
310000 -0.269618
320000 -0.270426
330000 -0.270166
340000 -0.269659
350000 -0.268966
360000 -0.268882
370000 -0.268623
380000 -0.268719
390000 -0.268487
400000 -0.268284
410000 -0.26767
420000 -0.267626
430000 -0.267384
440000 -0.26727
450000 -0.267379
460000 -0.266771
470000 -0.26697
480000 -0.266855
490000 -0.266699
500000 -0.266653
510000 -0.266545
520000 -0.266046
530000 -0.266428
540000 -0.266461
550000 -0.266255
560000 -0.266198
570000 -0.266009
580000 -0.266045
590000 -0.26554
600000 -0.264871
610000 -0.264614
620000 -0.264346
630000 -0.263954
640000 -0.26434
650000 -0.264131
660000 -0.263253
670000 -0.262889
680000 -0.262698
690000 -0.262703
700000 -0.262316
710000 -0.262138
720000 -0.260939
730000 -0.260895
740000 -0.260584
750000 -0.260338
760000 -0.259815
770000 -0.260111
780000 -0.260466
790000 -0.260277
800000 -0.260053
810000 -0.260046
820000 -0.259786
830000 -0.259511
840000 -0.259427
850000 -0.259471
860000 -0.259373
870000 -0.259161
880000 -0.258704
890000 -0.258742
900000 -0.258343
910000 -0.258192
920000 -0.257523
930000 -0.257641
940000 -0.256939
950000 -0.256677
960000 -0.254002
970000 -0.250384
980000 -0.249044
990000 -0.247924
