10000 -0.467452
20000 -0.432418
30000 -0.401218
40000 -0.39245
50000 -0.382385
60000 -0.356707
70000 -0.344974
80000 -0.340046
90000 -0.335751
100000 -0.327489
110000 -0.318508
120000 -0.309108
130000 -0.309527
140000 -0.303298
150000 -0.302803
160000 -0.301668
170000 -0.301732
180000 -0.301478
190000 -0.300859
200000 -0.300085
210000 -0.299573
220000 -0.298425
230000 -0.297335
240000 -0.296895
250000 -0.296525
260000 -0.296101
270000 -0.295495
280000 -0.29589
290000 -0.29534
300000 -0.295024
310000 -0.295032
320000 -0.294328
330000 -0.29398
340000 -0.293964
350000 -0.294244
360000 -0.293553
370000 -0.292968
380000 -0.293072
390000 -0.292676
400000 -0.292532
410000 -0.292382
420000 -0.292245
430000 -0.291648
440000 -0.291461
450000 -0.291766
460000 -0.291479
470000 -0.291348
480000 -0.291289
490000 -0.29118
500000 -0.291689
510000 -0.291448
520000 -0.286841
530000 -0.285682
540000 -0.285287
550000 -0.28495
560000 -0.283199
570000 -0.282303
580000 -0.279713
590000 -0.278161
600000 -0.277825
610000 -0.277944
620000 -0.277738
630000 -0.277392
640000 -0.277144
650000 -0.276943
660000 -0.276512
670000 -0.27628
680000 -0.276155
690000 -0.275927
700000 -0.275764
710000 -0.275549
720000 -0.275226
730000 -0.274998
740000 -0.274612
750000 -0.274374
760000 -0.274055
770000 -0.273915
780000 -0.273805
790000 -0.273679
800000 -0.273566
810000 -0.273526
820000 -0.273213
830000 -0.273164
840000 -0.27303
850000 -0.2729
860000 -0.272703
870000 -0.272571
880000 -0.272485
890000 -0.272378
900000 -0.272285
910000 -0.272139
920000 -0.271899
930000 -0.271799
940000 -0.271605
950000 -0.271605
960000 -0.271439
970000 -0.271343
980000 -0.271314
990000 -0.271258
