10000 -0.50364
20000 -0.475178
30000 -0.442773
40000 -0.366422
50000 -0.321632
60000 -0.283316
70000 -0.266098
80000 -0.261496
90000 -0.26169
100000 -0.25998
110000 -0.258088
120000 -0.254623
130000 -0.253893
140000 -0.253334
150000 -0.253844
160000 -0.25269
170000 -0.252639
180000 -0.252594
190000 -0.25285
200000 -0.251962
210000 -0.251492
220000 -0.250139
230000 -0.249157
240000 -0.247971
250000 -0.248586
260000 -0.247734
270000 -0.24726
280000 -0.246539
290000 -0.24648
300000 -0.245804
310000 -0.245951
320000 -0.245334
330000 -0.245761
340000 -0.245565
350000 -0.245512
360000 -0.244921
370000 -0.244882
380000 -0.244641
390000 -0.243519
400000 -0.243099
410000 -0.242923
420000 -0.241818
430000 -0.241398
440000 -0.238611
450000 -0.237761
460000 -0.23675
470000 -0.236554
480000 -0.235688
490000 -0.235243
500000 -0.234546
510000 -0.234376
520000 -0.232681
530000 -0.232418
540000 -0.231901
550000 -0.232136
560000 -0.232667
570000 -0.232472
580000 -0.231836
590000 -0.231409
600000 -0.23043
610000 -0.230851
620000 -0.231816
630000 -0.232432
640000 -0.23179
650000 -0.230417
660000 -0.230168
670000 -0.229366
680000 -0.229326
690000 -0.228862
700000 -0.229459
710000 -0.228775
720000 -0.228846
730000 -0.227823
740000 -0.226799
750000 -0.22698
760000 -0.226988
770000 -0.226673
780000 -0.226468
790000 -0.226479
800000 -0.226393
810000 -0.226482
820000 -0.226425
830000 -0.225927
840000 -0.2258
850000 -0.225601
860000 -0.225301
870000 -0.225363
880000 -0.225306
890000 -0.225206
900000 -0.225066
910000 -0.224874
920000 -0.224773
930000 -0.224734
940000 -0.224605
950000 -0.224656
960000 -0.224504
970000 -0.224403
980000 -0.224313
990000 -0.224357
