10000 0.143154
20000 0.0818095
30000 0.0613053
40000 0.0510404
50000 0.0448757
60000 0.0407656
70000 0.0378291
80000 0.0356272
90000 0.0339129
100000 0.0325422
110000 0.0314204
120000 0.0304852
130000 0.0296941
140000 0.0290159
150000 0.0284281
160000 0.0279142
170000 0.0274601
180000 0.0270566
190000 0.0266956
200000 0.0263708
210000 0.0260768
220000 0.0258096
230000 0.0255657
240000 0.0253421
250000 0.0251363
260000 0.0249463
270000 0.0247704
280000 0.0246071
290000 0.0244551
300000 0.0243132
310000 0.0241805
320000 0.024056
330000 0.023939
340000 0.023829
350000 0.0237252
360000 0.0236272
370000 0.0235345
380000 0.0234467
390000 0.0233634
400000 0.0232843
410000 0.023209
420000 0.0231373
430000 0.0230689
440000 0.0230036
450000 0.0229413
460000 0.0228816
470000 0.0228245
480000 0.0227637
490000 0.0226365
500000 0.0225074
510000 0.0223828
520000 0.0223082
530000 0.0222426
540000 0.0221677
550000 0.022071
560000 0.0219877
570000 0.021914
580000 0.0218431
590000 0.0217706
600000 0.0216804
610000 0.0215671
620000 0.0214708
630000 0.0213668
640000 0.0212624
650000 0.021166
660000 0.02108
670000 0.0209831
680000 0.0208778
690000 0.0207846
700000 0.0207119
710000 0.0206594
720000 0.0206116
730000 0.0205651
740000 0.0205144
750000 0.0204669
760000 0.020418
770000 0.0203713
780000 0.0203203
790000 0.0202662
800000 0.020223
810000 0.0201822
820000 0.0201353
830000 0.0200874
840000 0.0200383
850000 0.0199836
860000 0.019922
870000 0.0198511
880000 0.019779
890000 0.0197087
900000 0.0196398
910000 0.0195725
920000 0.0195066
930000 0.0194422
940000 0.0193791
950000 0.0193174
960000 0.019257
970000 0.0191978
980000 0.0191398
990000 0.0190829
