10000 0.374644
20000 0.330324
30000 0.293953
40000 0.275436
50000 0.264351
60000 0.256854
70000 0.251053
80000 0.245009
90000 0.239555
100000 0.234304
110000 0.229087
120000 0.224112
130000 0.219542
140000 0.214868
150000 0.208537
160000 0.196428
170000 0.185668
180000 0.176104
190000 0.167547
200000 0.159845
210000 0.152877
220000 0.146543
230000 0.140759
240000 0.135457
250000 0.130579
260000 0.126077
270000 0.121908
280000 0.118037
290000 0.114432
300000 0.111069
310000 0.107922
320000 0.104971
330000 0.1022
340000 0.0995917
350000 0.0971324
360000 0.0948097
370000 0.0926125
380000 0.090531
390000 0.0885562
400000 0.0866802
410000 0.0848957
420000 0.0831962
430000 0.0815757
440000 0.0800288
450000 0.0785507
460000 0.0771369
470000 0.0757833
480000 0.074486
490000 0.0732417
500000 0.0720472
510000 0.0708995
520000 0.0697959
530000 0.068734
540000 0.0677115
550000 0.0667261
560000 0.0657759
570000 0.064859
580000 0.0639738
590000 0.0631186
600000 0.0622918
610000 0.0614922
620000 0.0607184
630000 0.0599691
640000 0.0592433
650000 0.0585398
660000 0.0578576
670000 0.0571958
680000 0.0565534
690000 0.0559296
700000 0.0553237
710000 0.0547349
720000 0.0541624
730000 0.0536056
740000 0.0530638
750000 0.0525365
760000 0.052023
770000 0.0515229
780000 0.0510357
790000 0.0505607
800000 0.0500976
810000 0.049646
820000 0.0492054
830000 0.0487754
840000 0.0483556
850000 0.0479457
860000 0.0475454
870000 0.0471542
880000 0.046772
890000 0.0463983
900000 0.0460329
910000 0.0456756
920000 0.045326
930000 0.044984
940000 0.0446492
950000 0.0443215
960000 0.0440006
970000 0.0436863
980000 0.0433784
990000 0.0430768
