10000 0.071712
20000 0.0426354
30000 0.0329336
40000 0.0280811
50000 0.0251677
60000 0.023226
70000 0.021839
80000 0.0207987
90000 0.0199895
100000 0.0193421
110000 0.0188125
120000 0.0183711
130000 0.0179976
140000 0.0176774
150000 0.0173999
160000 0.0171572
170000 0.016943
180000 0.0167525
190000 0.0165821
200000 0.0164288
210000 0.01629
220000 0.0161639
230000 0.0160488
240000 0.0159432
250000 0.0158461
260000 0.0157564
270000 0.0156734
280000 0.0155963
290000 0.0155246
300000 0.0154576
310000 0.0153949
320000 0.0153362
330000 0.015281
340000 0.0152291
350000 0.0151801
360000 0.0151339
370000 0.0150901
380000 0.0150487
390000 0.0150093
400000 0.014972
410000 0.0149365
420000 0.0149026
430000 0.0148703
440000 0.0148395
450000 0.0148101
460000 0.014782
470000 0.014755
480000 0.0147292
490000 0.0147044
500000 0.0146806
510000 0.0146578
520000 0.0146358
530000 0.0146146
540000 0.0145943
550000 0.0145747
560000 0.0145557
570000 0.0145375
580000 0.0145199
590000 0.0145028
600000 0.0144864
610000 0.0144704
620000 0.014455
630000 0.0144401
640000 0.0144257
650000 0.0144117
660000 0.0143981
670000 0.0143849
680000 0.0143721
690000 0.0143597
700000 0.0143476
710000 0.0143359
720000 0.0143245
730000 0.0143134
740000 0.0143026
750000 0.0142921
760000 0.0142819
770000 0.0142719
780000 0.0142622
790000 0.0142528
800000 0.0142435
810000 0.0142346
820000 0.0142258
830000 0.0142172
840000 0.0142089
850000 0.0142007
860000 0.0141927
870000 0.0141849
880000 0.0141773
890000 0.0141699
900000 0.0141626
910000 0.0141555
920000 0.0141485
930000 0.0141417
940000 0.0141351
950000 0.0141285
960000 0.0141221
970000 0.0141159
980000 0.0141098
990000 0.0141037
