10000 0.0201971
20000 0.0201971
30000 0.0201971
40000 0.0201971
50000 0.0201971
60000 0.0201971
70000 0.0201971
80000 0.0201971
90000 0.0201971
100000 0.0201971
110000 0.0201971
120000 0.0201971
130000 0.0201971
140000 0.0201971
150000 0.0201971
160000 0.0201971
170000 0.0201971
180000 0.0201971
190000 0.0201971
200000 0.0201971
210000 0.0201971
220000 0.0201971
230000 0.0201971
240000 0.0201971
250000 0.0201971
260000 0.0201971
270000 0.0201971
280000 0.0201971
290000 0.0201971
300000 0.0201971
310000 0.0201971
320000 0.0201971
330000 0.0201971
340000 0.0201971
350000 0.0201971
360000 0.0201971
370000 0.0201971
380000 0.0201971
390000 0.0201971
400000 0.0201971
410000 0.0201971
420000 0.0201971
430000 0.0201971
440000 0.0201971
450000 0.0201971
460000 0.0201971
470000 0.0201971
480000 0.0184505
490000 0.0157289
500000 0.0163069
510000 0.0168553
520000 0.0185093
530000 0.0183356
540000 0.0174906
550000 0.0171643
560000 0.0184635
570000 0.0178466
580000 0.0175583
590000 0.0178497
600000 0.0144574
610000 0.0151476
620000 0.0153139
630000 0.0146323
640000 0.0144353
650000 0.0147692
660000 0.015626
670000 0.0135151
680000 0.0139844
690000 0.0145801
700000 0.0168426
710000 0.0172278
720000 0.0171608
730000 0.0172583
740000 0.0165567
750000 0.0172209
760000 0.0167386
770000 0.0166564
780000 0.0160922
790000 0.0158992
800000 0.0173391
810000 0.0164861
820000 0.0164447
830000 0.0158169
840000 0.0162362
850000 0.0148413
860000 0.0146585
870000 0.0135151
880000 0.0135151
890000 0.0135151
900000 0.0135151
910000 0.0135151
920000 0.0135151
930000 0.0135151
940000 0.0135151
950000 0.0135151
960000 0.0135151
970000 0.0135151
980000 0.0135151
990000 0.0135151
