10000 -0.343714
20000 -0.366914
30000 -0.379463
40000 -0.38651
50000 -0.389676
60000 -0.392379
70000 -0.394032
80000 -0.395409
90000 -0.396307
100000 -0.396443
110000 -0.39645
120000 -0.397572
130000 -0.398906
140000 -0.399462
150000 -0.399816
160000 -0.399601
170000 -0.398949
180000 -0.398003
190000 -0.396813
200000 -0.394952
210000 -0.392574
220000 -0.390408
230000 -0.387976
240000 -0.385694
250000 -0.383545
260000 -0.38121
270000 -0.379037
280000 -0.376867
290000 -0.374617
300000 -0.372562
310000 -0.370541
320000 -0.368217
330000 -0.36587
340000 -0.363602
350000 -0.361257
360000 -0.358946
370000 -0.356892
380000 -0.354849
390000 -0.352829
400000 -0.351019
410000 -0.349376
420000 -0.347594
430000 -0.345761
440000 -0.343928
450000 -0.342143
460000 -0.340404
470000 -0.338605
480000 -0.336955
490000 -0.335434
500000 -0.333953
510000 -0.332496
520000 -0.33106
530000 -0.329603
540000 -0.328227
550000 -0.327095
560000 -0.327719
570000 -0.328436
580000 -0.329078
590000 -0.329696
600000 -0.33017
610000 -0.330489
620000 -0.330702
630000 -0.33076
640000 -0.330803
650000 -0.330668
660000 -0.330489
670000 -0.330172
680000 -0.329774
690000 -0.329413
700000 -0.328975
710000 -0.328496
720000 -0.328028
730000 -0.327545
740000 -0.326962
750000 -0.326348
760000 -0.325647
770000 -0.324921
780000 -0.324104
790000 -0.323232
800000 -0.322452
810000 -0.321673
820000 -0.320853
830000 -0.32004
840000 -0.319218
850000 -0.318395
860000 -0.317559
870000 -0.316746
880000 -0.315934
890000 -0.315157
900000 -0.314394
910000 -0.313594
920000 -0.312784
930000 -0.312087
940000 -0.311317
950000 -0.310615
960000 -0.309927
970000 -0.309194
980000 -0.308533
990000 -0.307896
