10000 -0.333426
20000 -0.360329
30000 -0.376798
40000 -0.387497
50000 -0.395659
60000 -0.400492
70000 -0.404044
80000 -0.406697
90000 -0.408377
100000 -0.409765
110000 -0.410633
120000 -0.410632
130000 -0.410336
140000 -0.410111
150000 -0.409402
160000 -0.408405
170000 -0.406809
180000 -0.405042
190000 -0.403494
200000 -0.401766
210000 -0.399451
220000 -0.400604
230000 -0.405207
240000 -0.409095
250000 -0.412447
260000 -0.415305
270000 -0.417602
280000 -0.419429
290000 -0.420707
300000 -0.421619
310000 -0.42204
320000 -0.422017
330000 -0.421576
340000 -0.420703
350000 -0.419428
360000 -0.417824
370000 -0.415988
380000 -0.413818
390000 -0.411451
400000 -0.408893
410000 -0.406266
420000 -0.403545
430000 -0.400742
440000 -0.397878
450000 -0.394959
460000 -0.391999
470000 -0.389431
480000 -0.387732
490000 -0.38602
500000 -0.384242
510000 -0.382436
520000 -0.380578
530000 -0.378684
540000 -0.376686
550000 -0.374701
560000 -0.372755
570000 -0.370803
580000 -0.368785
590000 -0.366756
600000 -0.364701
610000 -0.36258
620000 -0.360483
630000 -0.358378
640000 -0.356226
650000 -0.354107
660000 -0.351991
670000 -0.349807
680000 -0.347621
690000 -0.345486
700000 -0.343336
710000 -0.34121
720000 -0.338997
730000 -0.336771
740000 -0.334527
750000 -0.332263
760000 -0.330067
770000 -0.32792
780000 -0.325801
790000 -0.323677
800000 -0.321608
810000 -0.319586
820000 -0.317583
830000 -0.315592
840000 -0.31362
850000 -0.31168
860000 -0.309817
870000 -0.307951
880000 -0.306115
890000 -0.304297
900000 -0.302506
910000 -0.300708
920000 -0.298974
930000 -0.297245
940000 -0.295534
950000 -0.293849
960000 -0.292799
970000 -0.29219
980000 -0.291602
990000 -0.290997
