10000 -0.467345
20000 -0.466707
30000 -0.459963
40000 -0.453447
50000 -0.442079
60000 -0.442629
70000 -0.427152
80000 -0.422701
90000 -0.413023
100000 -0.414128
110000 -0.40087
120000 -0.380956
130000 -0.379417
140000 -0.371933
150000 -0.376721
160000 -0.360092
170000 -0.347785
180000 -0.341779
190000 -0.337299
200000 -0.333942
210000 -0.331974
220000 -0.339915
230000 -0.334824
240000 -0.347046
250000 -0.329993
260000 -0.313153
270000 -0.336197
280000 -0.427398
290000 -0.422957
300000 -0.416967
310000 -0.402339
320000 -0.393367
330000 -0.39048
340000 -0.390688
350000 -0.382515
360000 -0.377887
370000 -0.377805
380000 -0.369721
390000 -0.362291
400000 -0.364298
410000 -0.360747
420000 -0.360028
430000 -0.3551
440000 -0.352095
450000 -0.346798
460000 -0.34307
470000 -0.34228
480000 -0.338693
490000 -0.331614
500000 -0.329948
510000 -0.32905
520000 -0.330897
530000 -0.326332
540000 -0.324026
550000 -0.323003
560000 -0.317776
570000 -0.317442
580000 -0.314725
590000 -0.320435
600000 -0.318442
610000 -0.314865
620000 -0.311613
630000 -0.306427
640000 -0.311269
650000 -0.303833
660000 -0.308125
670000 -0.310342
680000 -0.348266
690000 -0.339571
700000 -0.335157
710000 -0.330454
720000 -0.330961
730000 -0.318749
740000 -0.312761
750000 -0.306679
760000 -0.297497
770000 -0.294377
780000 -0.297791
790000 -0.28477
800000 -0.28977
810000 -0.284441
820000 -0.285934
830000 -0.290003
840000 -0.286847
850000 -0.28291
860000 -0.287465
870000 -0.282578
880000 -0.286171
890000 -0.280674
900000 -0.283358
910000 -0.276193
920000 -0.279067
930000 -0.282185
940000 -0.274689
950000 -0.276308
960000 -0.270149
970000 -0.266188
980000 -0.263045
990000 -0.271646
