10000 -0.483247
20000 -0.462041
30000 -0.452743
40000 -0.451419
50000 -0.436437
60000 -0.439126
70000 -0.426326
80000 -0.418429
90000 -0.394076
100000 -0.383975
110000 -0.382811
120000 -0.367874
130000 -0.355584
140000 -0.346037
150000 -0.323157
160000 -0.31227
170000 -0.314161
180000 -0.31583
190000 -0.305711
200000 -0.318105
210000 -0.305807
220000 -0.298032
230000 -0.279957
240000 -0.269747
250000 -0.301582
260000 -0.278958
270000 -0.290429
280000 -0.289761
290000 -0.279678
300000 -0.284315
310000 -0.283209
320000 -0.301152
330000 -0.313163
340000 -0.295162
350000 -0.281345
360000 -0.277295
370000 -0.273193
380000 -0.407565
390000 -0.397527
400000 -0.391042
410000 -0.387461
420000 -0.372416
430000 -0.366483
440000 -0.360486
450000 -0.352293
460000 -0.354048
470000 -0.344321
480000 -0.336614
490000 -0.329198
500000 -0.323103
510000 -0.316016
520000 -0.31644
530000 -0.30208
540000 -0.291804
550000 -0.279109
560000 -0.260966
570000 -0.263996
580000 -0.253714
590000 -0.261356
600000 -0.265735
610000 -0.268886
620000 -0.273384
630000 -0.261606
640000 -0.25462
650000 -0.265052
660000 -0.272139
670000 -0.272233
680000 -0.264284
690000 -0.269885
700000 -0.263163
710000 -0.267639
720000 -0.265159
730000 -0.251398
740000 -0.266345
750000 -0.255466
760000 -0.260368
770000 -0.251715
780000 -0.255538
790000 -0.258224
800000 -0.259574
810000 -0.258175
820000 -0.264083
830000 -0.252619
840000 -0.255118
850000 -0.251816
860000 -0.252742
870000 -0.259181
880000 -0.258759
890000 -0.254828
900000 -0.250841
910000 -0.249054
920000 -0.252359
930000 -0.252709
940000 -0.249351
950000 -0.245263
960000 -0.253243
970000 -0.247064
980000 -0.25568
990000 -0.255153
