10000 0.0991445
20000 0.0518293
30000 0.121515
40000 0.174471
50000 0.181935
60000 0.176217
70000 0.166563
80000 0.156167
90000 0.146203
100000 0.13704
110000 0.12875
120000 0.121288
130000 0.114583
140000 0.108549
150000 0.103103
160000 0.0981659
170000 0.0936852
180000 0.0896009
190000 0.0858659
200000 0.0824387
210000 0.0792833
220000 0.0763694
230000 0.0736724
240000 0.0845496
250000 0.100242
260000 0.114167
270000 0.12657
280000 0.137651
290000 0.147566
300000 0.15644
310000 0.164403
320000 0.171535
330000 0.177832
340000 0.183492
350000 0.188585
360000 0.19317
370000 0.197281
380000 0.200972
390000 0.204274
400000 0.207223
410000 0.209856
420000 0.212202
430000 0.214287
440000 0.216124
450000 0.217743
460000 0.220317
470000 0.227134
480000 0.233511
490000 0.23947
500000 0.245048
510000 0.250275
520000 0.255171
530000 0.259759
540000 0.264067
550000 0.268105
560000 0.27189
570000 0.275444
580000 0.278778
590000 0.281904
600000 0.284835
610000 0.287583
620000 0.290157
630000 0.292568
640000 0.294828
650000 0.296943
660000 0.299008
670000 0.301152
680000 0.303166
690000 0.305057
700000 0.306828
710000 0.308494
720000 0.310054
730000 0.311513
740000 0.312881
750000 0.315313
760000 0.318021
770000 0.320416
780000 0.322506
790000 0.324308
800000 0.325831
810000 0.327095
820000 0.328153
830000 0.329007
840000 0.329635
850000 0.330049
860000 0.330279
870000 0.330338
880000 0.330234
890000 0.329989
900000 0.329606
910000 0.32911
920000 0.328517
930000 0.327831
940000 0.327065
950000 0.326223
960000 0.325315
970000 0.324344
980000 0.323317
990000 0.322241
