10000 0.126242
20000 0.0657575
30000 0.248808
40000 0.313945
50000 0.340177
60000 0.36787
70000 0.381702
80000 0.385001
90000 0.382021
100000 0.375535
110000 0.367113
120000 0.35773
130000 0.34782
140000 0.337739
150000 0.327679
160000 0.317709
170000 0.307901
180000 0.298285
190000 0.288841
200000 0.279486
210000 0.270416
220000 0.267485
230000 0.276841
240000 0.283206
250000 0.287359
260000 0.289836
270000 0.291005
280000 0.291198
290000 0.290622
300000 0.289385
310000 0.287615
320000 0.285432
330000 0.282916
340000 0.280159
350000 0.277225
360000 0.274159
370000 0.271002
380000 0.267782
390000 0.264524
400000 0.261249
410000 0.257972
420000 0.254708
430000 0.251465
440000 0.248251
450000 0.245075
460000 0.241942
470000 0.238855
480000 0.235816
490000 0.232828
500000 0.229893
510000 0.228084
520000 0.227133
530000 0.226018
540000 0.224854
550000 0.223658
560000 0.222439
570000 0.221193
580000 0.219929
590000 0.218652
600000 0.217362
610000 0.216061
620000 0.214753
630000 0.213613
640000 0.213146
650000 0.21263
660000 0.212065
670000 0.211456
680000 0.210808
690000 0.210119
700000 0.209396
710000 0.208638
720000 0.207857
730000 0.207051
740000 0.20643
750000 0.205765
760000 0.205062
770000 0.204332
780000 0.203577
790000 0.202797
800000 0.201988
810000 0.201172
820000 0.200343
830000 0.199499
840000 0.198646
850000 0.197781
860000 0.196908
870000 0.196028
880000 0.195143
890000 0.194249
900000 0.193354
910000 0.192451
920000 0.191548
930000 0.190642
940000 0.189736
950000 0.188828
960000 0.187919
970000 0.18701
980000 0.186103
990000 0.185198
