10000 0.0041209
20000 0.0041209
30000 0.00516088
40000 0.00518983
50000 0.00518004
60000 0.00520631
70000 0.00520631
80000 0.00520631
90000 0.00520631
100000 0.00520631
110000 0.00520631
120000 0.00520631
130000 0.00520631
140000 0.00520631
150000 0.00520631
160000 0.00520631
170000 0.00520631
180000 0.00520631
190000 0.00520631
200000 0.00520631
210000 0.00520631
220000 0.00520631
230000 0.00520631
240000 0.400529
250000 0.391513
260000 0.383101
270000 0.375757
280000 0.368336
290000 0.360948
300000 0.353696
310000 0.346939
320000 0.341148
330000 0.250114
340000 0.243293
350000 0.239349
360000 0.235524
370000 0.231731
380000 0.228154
390000 0.22453
400000 0.220974
410000 0.217701
420000 0.214527
430000 0.2113
440000 0.207969
450000 0.204857
460000 0.457443
470000 0.428223
480000 0.408064
490000 0.403627
500000 0.399254
510000 0.396173
520000 0.393298
530000 0.389723
540000 0.386707
550000 0.383238
560000 0.380048
570000 0.378006
580000 0.374001
590000 0.372697
600000 0.368343
610000 0.365378
620000 0.362542
630000 0.360129
640000 0.356444
650000 0.354061
660000 0.368827
670000 0.360984
680000 0.359033
690000 0.355948
700000 0.35282
710000 0.350745
720000 0.348411
730000 0.346077
740000 0.342932
750000 0.137965
760000 0.134435
770000 0.130719
780000 0.127082
790000 0.123536
800000 0.119874
810000 0.116482
820000 0.117096
830000 0.109804
840000 0.105372
850000 0.0996093
860000 0.0970492
870000 0.0937691
880000 0.0911441
890000 0.0886683
900000 0.0864619
910000 0.0851219
920000 0.0838075
930000 0.0824144
940000 0.0811211
950000 0.0797489
960000 0.0782826
970000 0.0768731
980000 0.075486
990000 0.0739869
