10000 0.266463
20000 0.0367637
30000 0.0210424
40000 0.0110022
50000 0.0122301
60000 0.0132106
70000 0.00833636
80000 0.0182953
90000 0.00348151
100000 0.0100898
110000 0.00924718
120000 0.00988729
130000 0.30666
140000 0.295843
150000 0.271944
160000 0.264027
170000 0.252028
180000 0.259138
190000 0.264233
200000 0.260936
210000 0.258074
220000 0.258218
230000 0.253462
240000 0.252853
250000 0.250731
260000 0.250321
270000 0.249128
280000 0.248025
290000 0.247084
300000 0.246939
310000 0.247626
320000 0.246985
330000 0.249131
340000 0.252766
350000 0.245837
360000 0.245803
370000 0.246473
380000 0.245703
390000 0.244241
400000 0.243412
410000 0.244222
420000 0.247572
430000 0.24514
440000 0.243562
450000 0.241507
460000 0.240776
470000 0.241002
480000 0.239269
490000 0.24133
500000 0.23981
510000 0.239182
520000 0.236977
530000 0.237389
540000 0.238328
550000 0.233866
560000 0.233351
570000 0.235758
580000 0.235484
590000 0.235211
600000 0.233677
610000 0.230871
620000 0.231575
630000 0.232217
640000 0.23219
650000 0.233713
660000 0.232667
670000 0.243592
680000 0.241025
690000 0.236866
700000 0.235174
710000 0.279364
720000 0.255989
730000 0.341841
740000 0.309067
750000 0.286373
760000 0.269288
770000 0.254122
780000 0.240676
790000 0.243204
800000 0.23751
810000 0.240227
820000 0.23666
830000 0.237343
840000 0.245212
850000 0.239802
860000 0.239452
870000 0.23958
880000 0.242683
890000 0.239592
900000 0.238059
910000 0.237662
920000 0.321304
930000 0.31371
940000 0.310754
950000 0.308026
960000 0.306734
970000 0.302565
980000 0.298911
990000 0.296649
