10000 0.00466471
20000 0.00519792
30000 0.00519954
40000 0.0582794
50000 0.00779244
60000 0.00533318
70000 0.00533394
80000 0.00532871
90000 0.00532702
100000 0.00531466
110000 0.00837809
120000 0.00529536
130000 0.00529538
140000 0.00529478
150000 0.00529508
160000 0.00529473
170000 0.0052952
180000 0.00529556
190000 0.00529528
200000 0.00529529
210000 0.00529252
220000 0.00529234
230000 0.0052919
240000 0.00529233
250000 0.00529275
260000 0.0052929
270000 0.00529295
280000 0.00529363
290000 0.00529385
300000 0.00529446
310000 0.00529466
320000 0.00529497
330000 0.189987
340000 0.0051421
350000 0.00514071
360000 0.00514096
370000 0.00514131
380000 0.0051416
390000 0.00514006
400000 0.00513106
410000 0.00513102
420000 0.00513091
430000 0.00513099
440000 0.00513071
450000 0.00513043
460000 0.00513014
470000 0.00512987
480000 0.00512905
490000 0.00512855
500000 0.00512921
510000 0.00512959
520000 0.00512948
530000 0.00512832
540000 0.00512804
550000 0.0051285
560000 0.00512895
570000 0.00512852
580000 0.00512835
590000 0.00512829
600000 0.00490621
610000 0.00490648
620000 0.00490627
630000 0.00490608
640000 0.00490602
650000 0.00490604
660000 0.0381805
670000 0.00426802
680000 0.00426775
690000 0.00426768
700000 0.00426775
710000 0.00418396
720000 0.0041833
730000 0.0041832
740000 0.00418307
750000 0.00418277
760000 0.144341
770000 0.00907112
780000 0.00401557
790000 0.00401476
800000 0.00398864
810000 0.00398862
820000 0.00398842
830000 0.00398851
840000 0.00398881
850000 0.003988
860000 0.00599526
870000 0.00399427
880000 0.00399281
890000 0.0039915
900000 0.00399093
910000 0.168067
920000 0.150554
930000 0.140043
940000 0.127518
950000 0.107815
960000 0.09806
970000 0.0976726
980000 0.100944
990000 0.100339
