10000 0.149758
20000 0.132416
30000 0.102891
40000 0.476462
50000 0.407658
60000 0.477372
70000 0.393101
80000 0.348239
90000 0.326697
100000 0.265312
110000 0.221886
120000 0.199538
130000 0.183977
140000 0.186583
150000 0.177109
160000 0.165472
170000 0.156997
180000 0.153489
190000 0.148198
200000 0.143404
210000 0.142012
220000 0.142367
230000 0.139039
240000 0.137225
250000 0.13254
260000 0.12787
270000 0.131333
280000 0.127496
290000 0.125031
300000 0.120487
310000 0.119768
320000 0.116368
330000 0.114997
340000 0.111481
350000 0.108361
360000 0.10514
370000 0.102869
380000 0.0982045
390000 0.0942318
400000 0.0953886
410000 0.0911326
420000 0.0947709
430000 0.0938009
440000 0.0918694
450000 0.0907798
460000 0.0903653
470000 0.0904087
480000 0.233209
490000 0.166959
500000 0.125559
510000 0.024641
520000 0.0172224
530000 0.0129131
540000 0.0135044
550000 0.00851137
560000 0.00851147
570000 0.00851128
580000 0.0084838
590000 0.00848397
600000 0.00848356
610000 0.00848295
620000 0.00848273
630000 0.00848335
640000 0.00848245
650000 0.00848193
660000 0.00848133
670000 0.00848168
680000 0.00848026
690000 0.00848004
700000 0.0084801
710000 0.00848061
720000 0.00848093
730000 0.00848086
740000 0.00848036
750000 0.0427607
760000 0.0179212
770000 0.00832924
780000 0.00831212
790000 0.00825355
800000 0.00825327
810000 0.00825415
820000 0.0082527
830000 0.00825217
840000 0.00825123
850000 0.008251
860000 0.00825051
870000 0.0147439
880000 0.0137227
890000 0.0127423
900000 0.0127453
910000 0.0127429
920000 0.0127361
930000 0.0127368
940000 0.0127285
950000 0.0127291
960000 0.0127294
970000 0.0127208
980000 0.0127159
990000 0.0127197
