10000 0.0714057
20000 0.0546432
30000 0.137067
40000 0.460349
50000 0.320744
60000 0.282175
70000 0.233145
80000 0.192636
90000 0.148702
100000 0.125418
110000 0.103722
120000 0.0849574
130000 0.0781927
140000 0.0770801
150000 0.0761696
160000 0.0751379
170000 0.0741464
180000 0.073213
190000 0.072137
200000 0.0710987
210000 0.07021
220000 0.337518
230000 0.179304
240000 0.15487
250000 0.141758
260000 0.122798
270000 0.118402
280000 0.116732
290000 0.112067
300000 0.111268
310000 0.111729
320000 0.107346
330000 0.105731
340000 0.103169
350000 0.102024
360000 0.100965
370000 0.100202
380000 0.0992006
390000 0.0996562
400000 0.0984637
410000 0.0978286
420000 0.0974326
430000 0.0984052
440000 0.0970946
450000 0.0967087
460000 0.0963056
470000 0.0954115
480000 0.0950559
490000 0.0950413
500000 0.0945514
510000 0.0953705
520000 0.093891
530000 0.0935497
540000 0.0935183
550000 0.0935521
560000 0.0926893
570000 0.092283
580000 0.133813
590000 0.115605
600000 0.104805
610000 0.103918
620000 0.104812
630000 0.10154
640000 0.101134
650000 0.0981241
660000 0.0991678
670000 0.0994525
680000 0.0973562
690000 0.348162
700000 0.308214
710000 0.337268
720000 0.316247
730000 0.305428
740000 0.308447
750000 0.293764
760000 0.293874
770000 0.290596
780000 0.289639
790000 0.28421
800000 0.289819
810000 0.27909
820000 0.271116
830000 0.271817
840000 0.266792
850000 0.271923
860000 0.262138
870000 0.261262
880000 0.256737
890000 0.257719
900000 0.247184
910000 0.248682
920000 0.246452
930000 0.246278
940000 0.242891
950000 0.241807
960000 0.2387
970000 0.236474
980000 0.234634
990000 0.232582
