10000 -0.289907
20000 -0.342831
30000 -0.357426
40000 -0.361672
50000 -0.362447
60000 -0.360464
70000 -0.355487
80000 -0.350981
90000 -0.346345
100000 -0.351056
110000 -0.354752
120000 -0.356169
130000 -0.35735
140000 -0.357934
150000 -0.35752
160000 -0.357998
170000 -0.357581
180000 -0.357247
190000 -0.356964
200000 -0.356334
210000 -0.35553
220000 -0.354787
230000 -0.353966
240000 -0.353113
250000 -0.352323
260000 -0.351707
270000 -0.350898
280000 -0.350037
290000 -0.349222
300000 -0.348551
310000 -0.347827
320000 -0.347109
330000 -0.346253
340000 -0.345562
350000 -0.344918
360000 -0.344341
370000 -0.343684
380000 -0.342907
390000 -0.342121
400000 -0.341468
410000 -0.340602
420000 -0.339865
430000 -0.339445
440000 -0.339121
450000 -0.338777
460000 -0.338531
470000 -0.337887
480000 -0.337151
490000 -0.336319
500000 -0.33539
510000 -0.334417
520000 -0.333652
530000 -0.333086
540000 -0.332523
550000 -0.331974
560000 -0.33141
570000 -0.330813
580000 -0.330232
590000 -0.329644
600000 -0.329078
610000 -0.328489
620000 -0.327891
630000 -0.327287
640000 -0.326689
650000 -0.3261
660000 -0.325503
670000 -0.324933
680000 -0.324338
690000 -0.323692
700000 -0.323058
710000 -0.322425
720000 -0.321755
730000 -0.321095
740000 -0.320452
750000 -0.319814
760000 -0.319166
770000 -0.318507
780000 -0.317851
790000 -0.317208
800000 -0.316586
810000 -0.31599
820000 -0.315402
830000 -0.314869
840000 -0.314369
850000 -0.313895
860000 -0.313414
870000 -0.312929
880000 -0.31244
890000 -0.311957
900000 -0.31147
910000 -0.310993
920000 -0.310502
930000 -0.310004
940000 -0.30953
950000 -0.30906
960000 -0.308606
970000 -0.308154
980000 -0.3077
990000 -0.307256
