10000 -0.276791
20000 -0.34035
30000 -0.372809
40000 -0.387741
50000 -0.396642
60000 -0.399883
70000 -0.400302
80000 -0.399842
90000 -0.398854
100000 -0.397748
110000 -0.395236
120000 -0.39239
130000 -0.389798
140000 -0.387235
150000 -0.384721
160000 -0.381628
170000 -0.379078
180000 -0.376737
190000 -0.374665
200000 -0.372579
210000 -0.370031
220000 -0.367608
230000 -0.364849
240000 -0.361826
250000 -0.358507
260000 -0.354901
270000 -0.351298
280000 -0.347738
290000 -0.344163
300000 -0.340895
310000 -0.337824
320000 -0.334669
330000 -0.331769
340000 -0.328864
350000 -0.326163
360000 -0.323612
370000 -0.321051
380000 -0.318564
390000 -0.316141
400000 -0.313773
410000 -0.311484
420000 -0.30936
430000 -0.307293
440000 -0.305349
450000 -0.303412
460000 -0.301525
470000 -0.299644
480000 -0.29786
490000 -0.296179
500000 -0.294492
510000 -0.292826
520000 -0.291184
530000 -0.289571
540000 -0.287977
550000 -0.28645
560000 -0.284968
570000 -0.283606
580000 -0.282169
590000 -0.280947
600000 -0.28023
610000 -0.27951
620000 -0.278943
630000 -0.278158
640000 -0.277362
650000 -0.276572
660000 -0.275856
670000 -0.275141
680000 -0.274434
690000 -0.273706
700000 -0.273026
710000 -0.272341
720000 -0.271655
730000 -0.270957
740000 -0.270231
750000 -0.270034
760000 -0.270936
770000 -0.271659
780000 -0.272186
790000 -0.272545
800000 -0.272705
810000 -0.272663
820000 -0.272391
830000 -0.271778
840000 -0.271032
850000 -0.270302
860000 -0.269567
870000 -0.268858
880000 -0.268146
890000 -0.267423
900000 -0.266712
910000 -0.266008
920000 -0.265323
930000 -0.264669
940000 -0.264026
950000 -0.263368
960000 -0.262723
970000 -0.262078
980000 -0.261448
990000 -0.260837
