10000 -0.301591
20000 -0.351855
30000 -0.375781
40000 -0.39074
50000 -0.399152
60000 -0.403579
70000 -0.406609
80000 -0.406778
90000 -0.407049
100000 -0.406598
110000 -0.408243
120000 -0.409565
130000 -0.409632
140000 -0.409065
150000 -0.408206
160000 -0.407212
170000 -0.405849
180000 -0.403963
190000 -0.402067
200000 -0.400261
210000 -0.39793
220000 -0.395226
230000 -0.392059
240000 -0.389261
250000 -0.38672
260000 -0.383829
270000 -0.38094
280000 -0.378161
290000 -0.375551
300000 -0.373002
310000 -0.37046
320000 -0.367952
330000 -0.365501
340000 -0.363128
350000 -0.360694
360000 -0.358392
370000 -0.356097
380000 -0.35398
390000 -0.351856
400000 -0.34987
410000 -0.34791
420000 -0.346057
430000 -0.344256
440000 -0.342467
450000 -0.340773
460000 -0.339114
470000 -0.337527
480000 -0.335928
490000 -0.334309
500000 -0.332901
510000 -0.33188
520000 -0.330903
530000 -0.329967
540000 -0.329085
550000 -0.32822
560000 -0.327357
570000 -0.32656
580000 -0.325741
590000 -0.324919
600000 -0.324108
610000 -0.323351
620000 -0.322418
630000 -0.321726
640000 -0.320998
650000 -0.320327
660000 -0.31968
670000 -0.319039
680000 -0.318407
690000 -0.317786
700000 -0.317202
710000 -0.316609
720000 -0.316024
730000 -0.315423
740000 -0.314846
750000 -0.314307
760000 -0.313771
770000 -0.313218
780000 -0.31268
790000 -0.312182
800000 -0.311684
810000 -0.311191
820000 -0.310709
830000 -0.310232
840000 -0.309793
850000 -0.309326
860000 -0.308864
870000 -0.308405
880000 -0.307961
890000 -0.307527
900000 -0.307093
910000 -0.306671
920000 -0.306252
930000 -0.305846
940000 -0.305444
950000 -0.305051
960000 -0.30466
970000 -0.304276
980000 -0.303886
990000 -0.303506
