10000 -0.530599
20000 -0.505205
30000 -0.486849
40000 -0.465721
50000 -0.460177
60000 -0.445313
70000 -0.421346
80000 -0.408892
90000 -0.390514
100000 -0.395855
110000 -0.386146
120000 -0.380418
130000 -0.380673
140000 -0.392344
150000 -0.384803
160000 -0.355273
170000 -0.345552
180000 -0.357607
190000 -0.332538
200000 -0.346342
210000 -0.326385
220000 -0.324664
230000 -0.313693
240000 -0.304445
250000 -0.297155
260000 -0.294989
270000 -0.298629
280000 -0.303969
290000 -0.291777
300000 -0.296815
310000 -0.295285
320000 -0.288064
330000 -0.299016
340000 -0.294527
350000 -0.294553
360000 -0.289744
370000 -0.28679
380000 -0.288502
390000 -0.294701
400000 -0.292834
410000 -0.28681
420000 -0.28582
430000 -0.34004
440000 -0.336781
450000 -0.332564
460000 -0.332042
470000 -0.328458
480000 -0.327922
490000 -0.323806
500000 -0.321904
510000 -0.323026
520000 -0.322202
530000 -0.318631
540000 -0.315541
550000 -0.316533
560000 -0.315667
570000 -0.313821
580000 -0.307361
590000 -0.30617
600000 -0.305384
610000 -0.301227
620000 -0.29799
630000 -0.295951
640000 -0.314448
650000 -0.3075
660000 -0.307908
670000 -0.304357
680000 -0.30192
690000 -0.301049
700000 -0.302194
710000 -0.302223
720000 -0.298357
730000 -0.296913
740000 -0.296134
750000 -0.297767
760000 -0.298085
770000 -0.298498
780000 -0.297899
790000 -0.297539
800000 -0.2976
810000 -0.296394
820000 -0.295606
830000 -0.294596
840000 -0.314316
850000 -0.310559
860000 -0.308466
870000 -0.306546
880000 -0.299266
890000 -0.294448
900000 -0.290481
910000 -0.286799
920000 -0.285978
930000 -0.286041
940000 -0.28589
950000 -0.283995
960000 -0.284
970000 -0.2822
980000 -0.280695
990000 -0.278925
