10000 -0.509311
20000 -0.478337
30000 -0.449193
40000 -0.438979
50000 -0.408702
60000 -0.380474
70000 -0.390404
80000 -0.434621
90000 -0.408987
100000 -0.398067
110000 -0.389817
120000 -0.377518
130000 -0.37209
140000 -0.367155
150000 -0.361015
160000 -0.349153
170000 -0.33815
180000 -0.340629
190000 -0.343863
200000 -0.339296
210000 -0.328742
220000 -0.33466
230000 -0.326165
240000 -0.315731
250000 -0.306257
260000 -0.290066
270000 -0.335085
280000 -0.326288
290000 -0.324985
300000 -0.318749
310000 -0.31136
320000 -0.308882
330000 -0.305914
340000 -0.303432
350000 -0.300661
360000 -0.297254
370000 -0.294608
380000 -0.293322
390000 -0.28753
400000 -0.287016
410000 -0.286001
420000 -0.283547
430000 -0.283342
440000 -0.282382
450000 -0.279384
460000 -0.281682
470000 -0.279724
480000 -0.277879
490000 -0.282016
500000 -0.279333
510000 -0.275907
520000 -0.273226
530000 -0.274543
540000 -0.270592
550000 -0.272102
560000 -0.271629
570000 -0.272197
580000 -0.271459
590000 -0.268713
600000 -0.26731
610000 -0.26696
620000 -0.266277
630000 -0.268777
640000 -0.269991
650000 -0.268736
660000 -0.268205
670000 -0.267821
680000 -0.26668
690000 -0.266678
700000 -0.266865
710000 -0.266464
720000 -0.265698
730000 -0.265281
740000 -0.262286
750000 -0.265053
760000 -0.265035
770000 -0.264594
780000 -0.262445
790000 -0.263744
800000 -0.264614
810000 -0.263372
820000 -0.263938
830000 -0.26591
840000 -0.266392
850000 -0.264286
860000 -0.265305
870000 -0.265216
880000 -0.26361
890000 -0.261382
900000 -0.260483
910000 -0.26424
920000 -0.262788
930000 -0.263429
940000 -0.266891
950000 -0.265103
960000 -0.263365
970000 -0.261879
980000 -0.262131
990000 -0.261989
