10000 -0.517874
20000 -0.480244
30000 -0.487089
40000 -0.470509
50000 -0.473003
60000 -0.463816
70000 -0.461362
80000 -0.437886
90000 -0.433793
100000 -0.436963
110000 -0.426734
120000 -0.421514
130000 -0.424948
140000 -0.425198
150000 -0.424262
160000 -0.421253
170000 -0.416695
180000 -0.408221
190000 -0.404411
200000 -0.397853
210000 -0.396017
220000 -0.388717
230000 -0.390617
240000 -0.38546
250000 -0.379562
260000 -0.373643
270000 -0.366065
280000 -0.363799
290000 -0.356323
300000 -0.353719
310000 -0.350933
320000 -0.348916
330000 -0.350133
340000 -0.349074
350000 -0.347553
360000 -0.346214
370000 -0.34247
380000 -0.345808
390000 -0.340248
400000 -0.338516
410000 -0.337236
420000 -0.335021
430000 -0.336779
440000 -0.333922
450000 -0.328991
460000 -0.331081
470000 -0.328586
480000 -0.323933
490000 -0.32346
500000 -0.32234
510000 -0.316575
520000 -0.311641
530000 -0.310169
540000 -0.309647
550000 -0.300069
560000 -0.296591
570000 -0.293703
580000 -0.290712
590000 -0.295091
600000 -0.2897
610000 -0.295637
620000 -0.294609
630000 -0.292387
640000 -0.318147
650000 -0.313297
660000 -0.309562
670000 -0.304924
680000 -0.298675
690000 -0.295401
700000 -0.290989
710000 -0.287136
720000 -0.281216
730000 -0.274705
740000 -0.266908
750000 -0.276076
760000 -0.305101
770000 -0.301448
780000 -0.297356
790000 -0.294163
800000 -0.290513
810000 -0.284301
820000 -0.279214
830000 -0.273135
840000 -0.268089
850000 -0.263672
860000 -0.254473
870000 -0.250173
880000 -0.245115
890000 -0.238015
900000 -0.235639
910000 -0.228755
920000 -0.226
930000 -0.218705
940000 -0.213717
950000 -0.222949
960000 -0.220006
970000 -0.210828
980000 -0.208678
990000 -0.221781
