10000 -0.505792
20000 -0.486358
30000 -0.452561
40000 -0.431954
50000 -0.43622
60000 -0.410036
70000 -0.405578
80000 -0.392902
90000 -0.379006
100000 -0.381911
110000 -0.369407
120000 -0.362775
130000 -0.38457
140000 -0.360261
150000 -0.351685
160000 -0.351953
170000 -0.353272
180000 -0.340694
190000 -0.334276
200000 -0.328722
210000 -0.321986
220000 -0.313992
230000 -0.298404
240000 -0.274747
250000 -0.248018
260000 -0.223084
270000 -0.204663
280000 -0.203583
290000 -0.19795
300000 -0.189956
310000 -0.188093
320000 -0.182342
330000 -0.180418
340000 -0.184326
350000 -0.180274
360000 -0.177734
370000 -0.176576
380000 -0.176211
390000 -0.179153
400000 -0.178328
410000 -0.173586
420000 -0.172199
430000 -0.171388
440000 -0.170414
450000 -0.169798
460000 -0.168192
470000 -0.166809
480000 -0.170071
490000 -0.167844
500000 -0.166169
510000 -0.166932
520000 -0.163257
530000 -0.166223
540000 -0.166824
550000 -0.16932
560000 -0.166029
570000 -0.162745
580000 -0.16546
590000 -0.165494
600000 -0.164316
610000 -0.164583
620000 -0.162772
630000 -0.16305
640000 -0.163372
650000 -0.163389
660000 -0.163247
670000 -0.208734
680000 -0.202539
690000 -0.198044
700000 -0.193243
710000 -0.190591
720000 -0.206215
730000 -0.203346
740000 -0.194408
750000 -0.206808
760000 -0.198829
770000 -0.205191
780000 -0.193171
790000 -0.191374
800000 -0.197913
810000 -0.190428
820000 -0.201202
830000 -0.1912
840000 -0.186595
850000 -0.19218
860000 -0.185264
870000 -0.184918
880000 -0.183584
890000 -0.181633
900000 -0.180315
910000 -0.179834
920000 -0.181415
930000 -0.177554
940000 -0.177008
950000 -0.324154
960000 -0.315654
970000 -0.308523
980000 -0.302154
990000 -0.297804
