10000 0.489334
20000 0.535872
30000 0.522423
40000 0.511895
50000 0.502231
60000 0.488099
70000 0.469189
80000 0.453474
90000 0.434623
100000 0.415276
110000 0.396437
120000 0.377607
130000 0.358478
140000 0.339833
150000 0.323096
160000 0.307982
170000 0.294176
180000 0.281753
190000 0.274627
200000 0.278863
210000 0.283485
220000 0.286975
230000 0.289627
240000 0.291544
250000 0.29272
260000 0.293434
270000 0.29363
280000 0.29325
290000 0.292273
300000 0.290771
310000 0.288863
320000 0.286944
330000 0.284667
340000 0.282112
350000 0.28015
360000 0.278087
370000 0.275948
380000 0.274998
390000 0.276312
400000 0.277656
410000 0.278818
420000 0.279636
430000 0.280141
440000 0.280308
450000 0.280289
460000 0.280006
470000 0.27941
480000 0.278535
490000 0.277361
500000 0.275837
510000 0.274088
520000 0.272028
530000 0.269443
540000 0.266791
550000 0.264056
560000 0.261206
570000 0.258334
580000 0.255434
590000 0.252476
600000 0.249542
610000 0.246545
620000 0.243515
630000 0.240465
640000 0.237389
650000 0.234219
660000 0.231299
670000 0.229215
680000 0.227055
690000 0.224823
700000 0.222528
710000 0.220186
720000 0.217764
730000 0.215249
740000 0.212613
750000 0.210004
760000 0.207461
770000 0.204518
780000 0.203855
790000 0.203191
800000 0.202492
810000 0.201775
820000 0.201041
830000 0.200241
840000 0.199568
850000 0.198891
860000 0.198216
870000 0.197542
880000 0.196864
890000 0.196183
900000 0.195499
910000 0.194813
920000 0.194117
930000 0.193418
940000 0.19272
950000 0.192026
960000 0.191325
970000 0.190626
980000 0.189926
990000 0.18923
