10000 0.480415
20000 0.527243
30000 0.512921
40000 0.49846
50000 0.484661
60000 0.471943
70000 0.466727
80000 0.458946
90000 0.452985
100000 0.451558
110000 0.444676
120000 0.434964
130000 0.432369
140000 0.427904
150000 0.424671
160000 0.421219
170000 0.416575
180000 0.410824
190000 0.40238
200000 0.392003
210000 0.379811
220000 0.366115
230000 0.351755
240000 0.338517
250000 0.326524
260000 0.315212
270000 0.30446
280000 0.294403
290000 0.284779
300000 0.275771
310000 0.267312
320000 0.259381
330000 0.251932
340000 0.24492
350000 0.238309
360000 0.233022
370000 0.229912
380000 0.226779
390000 0.223623
400000 0.220444
410000 0.217255
420000 0.214044
430000 0.210819
440000 0.207583
450000 0.204363
460000 0.201127
470000 0.197858
480000 0.194526
490000 0.191116
500000 0.187604
510000 0.184191
520000 0.180909
530000 0.17775
540000 0.174709
550000 0.171778
560000 0.168952
570000 0.166225
580000 0.163593
590000 0.161049
600000 0.15859
610000 0.156212
620000 0.15391
630000 0.151682
640000 0.149523
650000 0.147431
660000 0.145402
670000 0.143433
680000 0.141523
690000 0.139668
700000 0.137865
710000 0.136114
720000 0.134411
730000 0.132755
740000 0.131144
750000 0.129576
760000 0.128048
770000 0.126561
780000 0.125112
790000 0.123699
800000 0.122322
810000 0.120979
820000 0.119668
830000 0.118389
840000 0.117141
850000 0.115922
860000 0.114731
870000 0.113567
880000 0.11243
890000 0.111319
900000 0.110232
910000 0.109169
920000 0.10813
930000 0.107112
940000 0.106117
950000 0.105142
960000 0.104188
970000 0.103253
980000 0.102337
990000 0.10144
