10000 0.455175
20000 0.494884
30000 0.497441
40000 0.491703
50000 0.488982
60000 0.484137
70000 0.475467
80000 0.461451
90000 0.442729
100000 0.419444
110000 0.402951
120000 0.384825
130000 0.361374
140000 0.348571
150000 0.337181
160000 0.325513
170000 0.313826
180000 0.30964
190000 0.305004
200000 0.300108
210000 0.295268
220000 0.290181
230000 0.285013
240000 0.278666
250000 0.274308
260000 0.269968
270000 0.265446
280000 0.261035
290000 0.256624
300000 0.252239
310000 0.247929
320000 0.24369
330000 0.239597
340000 0.235572
350000 0.231623
360000 0.227658
370000 0.223665
380000 0.21972
390000 0.215837
400000 0.212333
410000 0.209243
420000 0.206021
430000 0.202763
440000 0.199634
450000 0.196587
460000 0.19366
470000 0.190851
480000 0.188161
490000 0.18558
500000 0.183098
510000 0.180708
520000 0.178412
530000 0.17621
540000 0.174083
550000 0.172034
560000 0.170053
570000 0.167956
580000 0.1671
590000 0.166178
600000 0.165167
610000 0.164094
620000 0.162964
630000 0.161768
640000 0.160545
650000 0.159295
660000 0.158
670000 0.156601
680000 0.155201
690000 0.153828
700000 0.152494
710000 0.15153
720000 0.151139
730000 0.150726
740000 0.150276
750000 0.149833
760000 0.149372
770000 0.148889
780000 0.148386
790000 0.147854
800000 0.147294
810000 0.14672
820000 0.146113
830000 0.145483
840000 0.144832
850000 0.144169
860000 0.143489
870000 0.142775
880000 0.142032
890000 0.14125
900000 0.140425
910000 0.139566
920000 0.138706
930000 0.137864
940000 0.13704
950000 0.136234
960000 0.135444
970000 0.134671
980000 0.133913
990000 0.133171
