10000 0.623628
20000 0.380298
30000 0.293132
40000 0.306126
50000 0.274269
60000 0.226327
70000 0.21879
80000 0.179967
90000 0.262663
100000 0.239666
110000 0.204287
120000 0.183352
130000 0.314282
140000 0.301108
150000 0.309347
160000 0.297284
170000 0.284241
180000 0.285395
190000 0.269689
200000 0.264546
210000 0.244487
220000 0.237482
230000 0.225671
240000 0.232356
250000 0.228937
260000 0.224336
270000 0.217104
280000 0.216075
290000 0.209071
300000 0.19816
310000 0.189363
320000 0.216028
330000 0.202768
340000 0.187168
350000 0.166841
360000 0.145368
370000 0.134035
380000 0.125574
390000 0.111369
400000 0.0980698
410000 0.0953434
420000 0.0935546
430000 0.178557
440000 0.174265
450000 0.175791
460000 0.170623
470000 0.164483
480000 0.157396
490000 0.15205
500000 0.147041
510000 0.177878
520000 0.171982
530000 0.167232
540000 0.161979
550000 0.15641
560000 0.152005
570000 0.143951
580000 0.143087
590000 0.136351
600000 0.128827
610000 0.120907
620000 0.112999
630000 0.108139
640000 0.100693
650000 0.0999515
660000 0.0987864
670000 0.0980207
680000 0.0967678
690000 0.0961286
700000 0.0949924
710000 0.0936851
720000 0.0974955
730000 0.0937976
740000 0.373623
750000 0.365505
760000 0.360206
770000 0.355473
780000 0.350785
790000 0.346579
800000 0.341496
810000 0.33767
820000 0.332935
830000 0.337731
840000 0.333191
850000 0.32862
860000 0.32261
870000 0.318809
880000 0.313808
890000 0.308669
900000 0.305103
910000 0.300999
920000 0.29536
930000 0.302241
940000 0.298561
950000 0.295437
960000 0.292168
970000 0.289414
980000 0.286026
990000 0.282196
