10000 0.410506
20000 0.383024
30000 0.38088
40000 0.357727
50000 0.352828
60000 0.350763
70000 0.353282
80000 0.463246
90000 0.436854
100000 0.410795
110000 0.374938
120000 0.34989
130000 0.31376
140000 0.270606
150000 0.264837
160000 0.247086
170000 0.226074
180000 0.21179
190000 0.195665
200000 0.180406
210000 0.198937
220000 0.180368
230000 0.176355
240000 0.144126
250000 0.135499
260000 0.125609
270000 0.116444
280000 0.106713
290000 0.0968999
300000 0.0891834
310000 0.0842428
320000 0.0745275
330000 0.064417
340000 0.0548991
350000 0.0471369
360000 0.0396554
370000 0.0308051
380000 0.0270513
390000 0.0270513
400000 0.0270513
410000 0.0270513
420000 0.0270513
430000 0.0270513
440000 0.0270513
450000 0.0270513
460000 0.0270513
470000 0.0270513
480000 0.0270513
490000 0.0270513
500000 0.0270513
510000 0.0270513
520000 0.0270513
530000 0.0270513
540000 0.0270513
550000 0.0270513
560000 0.0270513
570000 0.0270513
580000 0.0270513
590000 0.0270513
600000 0.0270513
610000 0.0270513
620000 0.0270513
630000 0.0270513
640000 0.0270513
650000 0.0270513
660000 0.0270513
670000 0.0270513
680000 0.0270513
690000 0.0270513
700000 0.0270513
710000 0.0270513
720000 0.0270513
730000 0.0270513
740000 0.0270513
750000 0.0270513
760000 0.0270513
770000 0.0270513
780000 0.0270513
790000 0.0270513
800000 0.0270513
810000 0.0270513
820000 0.0270513
830000 0.0270513
840000 0.0270513
850000 0.0270513
860000 0.0270513
870000 0.0270513
880000 0.0270513
890000 0.0270513
900000 0.0270513
910000 0.0270513
920000 0.0270513
930000 0.0270513
940000 0.0270513
950000 0.0270513
960000 0.0270513
970000 0.0270513
980000 0.0270513
990000 0.0270513
