10000 -0.387463
20000 -0.402864
30000 -0.397704
40000 -0.384995
50000 -0.365958
60000 -0.349805
70000 -0.334931
80000 -0.322659
90000 -0.31258
100000 -0.304149
110000 -0.296899
120000 -0.290677
130000 -0.285334
140000 -0.28065
150000 -0.276347
160000 -0.272516
170000 -0.269041
180000 -0.265822
190000 -0.262892
200000 -0.26016
210000 -0.257583
220000 -0.255198
230000 -0.252991
240000 -0.250966
250000 -0.249105
260000 -0.247244
270000 -0.245503
280000 -0.243835
290000 -0.242227
300000 -0.240685
310000 -0.239166
320000 -0.237726
330000 -0.236326
340000 -0.235018
350000 -0.233812
360000 -0.232647
370000 -0.231537
380000 -0.230495
390000 -0.229481
400000 -0.228515
410000 -0.227628
420000 -0.226746
430000 -0.225915
440000 -0.225077
450000 -0.224302
460000 -0.223539
470000 -0.222809
480000 -0.22213
490000 -0.221471
500000 -0.220867
510000 -0.220245
520000 -0.219609
530000 -0.219026
540000 -0.218467
550000 -0.217909
560000 -0.217385
570000 -0.216881
580000 -0.216397
590000 -0.215914
600000 -0.21545
610000 -0.215005
620000 -0.214563
630000 -0.214148
640000 -0.213737
650000 -0.213339
660000 -0.212938
670000 -0.212569
680000 -0.212196
690000 -0.211855
700000 -0.211502
710000 -0.211166
720000 -0.210839
730000 -0.210522
740000 -0.210208
750000 -0.209898
760000 -0.209609
770000 -0.209316
780000 -0.209032
790000 -0.208734
800000 -0.208454
810000 -0.208183
820000 -0.207931
830000 -0.20768
840000 -0.207431
850000 -0.207189
860000 -0.206949
870000 -0.206726
880000 -0.2065
890000 -0.206271
900000 -0.206057
910000 -0.205845
920000 -0.205617
930000 -0.205396
940000 -0.205181
950000 -0.204975
960000 -0.204768
970000 -0.204563
980000 -0.204368
990000 -0.204171
