10000 -0.382601
20000 -0.381138
30000 -0.373306
40000 -0.365764
50000 -0.362347
60000 -0.359484
70000 -0.356735
80000 -0.352973
90000 -0.349618
100000 -0.346637
110000 -0.344129
120000 -0.341702
130000 -0.339707
140000 -0.338049
150000 -0.336559
160000 -0.335236
170000 -0.334
180000 -0.33294
190000 -0.33198
200000 -0.331062
210000 -0.330241
220000 -0.329427
230000 -0.32867
240000 -0.327969
250000 -0.32731
260000 -0.326749
270000 -0.326184
280000 -0.325667
290000 -0.32521
300000 -0.324759
310000 -0.324331
320000 -0.323956
330000 -0.323579
340000 -0.323197
350000 -0.32284
360000 -0.322495
370000 -0.322284
380000 -0.321964
390000 -0.321616
400000 -0.321292
410000 -0.320993
420000 -0.320717
430000 -0.320462
440000 -0.320166
450000 -0.319894
460000 -0.319642
470000 -0.319385
480000 -0.319153
490000 -0.318931
500000 -0.318714
510000 -0.318512
520000 -0.318304
530000 -0.318119
540000 -0.317931
550000 -0.317747
560000 -0.317561
570000 -0.31739
580000 -0.317132
590000 -0.316667
600000 -0.316082
610000 -0.315378
620000 -0.314505
630000 -0.313606
640000 -0.312668
650000 -0.311746
660000 -0.310861
670000 -0.30999
680000 -0.309156
690000 -0.308338
700000 -0.307338
710000 -0.305401
720000 -0.30267
730000 -0.299965
740000 -0.297291
750000 -0.294648
760000 -0.292049
770000 -0.2895
780000 -0.286989
790000 -0.28453
800000 -0.282129
810000 -0.279787
820000 -0.277517
830000 -0.275285
840000 -0.273111
850000 -0.270992
860000 -0.268924
870000 -0.266903
880000 -0.264931
890000 -0.263004
900000 -0.261117
910000 -0.259271
920000 -0.257463
930000 -0.255695
940000 -0.253963
950000 -0.252268
960000 -0.250612
970000 -0.248987
980000 -0.247401
990000 -0.245846
