10000 -0.382127
20000 -0.39969
30000 -0.400566
40000 -0.397482
50000 -0.394619
60000 -0.389566
70000 -0.384028
80000 -0.378717
90000 -0.373838
100000 -0.369364
110000 -0.365255
120000 -0.361064
130000 -0.356921
140000 -0.353491
150000 -0.350247
160000 -0.34728
170000 -0.34463
180000 -0.342289
190000 -0.340087
200000 -0.338173
210000 -0.336421
220000 -0.334778
230000 -0.333134
240000 -0.331702
250000 -0.330346
260000 -0.329082
270000 -0.327825
280000 -0.326709
290000 -0.325691
300000 -0.324698
310000 -0.323725
320000 -0.322825
330000 -0.321962
340000 -0.321153
350000 -0.320412
360000 -0.319674
370000 -0.318964
380000 -0.318292
390000 -0.317645
400000 -0.317032
410000 -0.316435
420000 -0.315868
430000 -0.315308
440000 -0.314768
450000 -0.314277
460000 -0.313787
470000 -0.313319
480000 -0.312875
490000 -0.31244
500000 -0.312034
510000 -0.311626
520000 -0.311201
530000 -0.310764
540000 -0.310305
550000 -0.309864
560000 -0.309411
570000 -0.30896
580000 -0.308471
590000 -0.307961
600000 -0.307453
610000 -0.306959
620000 -0.306493
630000 -0.306035
640000 -0.305578
650000 -0.305163
660000 -0.304742
670000 -0.304325
680000 -0.303917
690000 -0.303519
700000 -0.303136
710000 -0.302765
720000 -0.302389
730000 -0.302031
740000 -0.301664
750000 -0.301304
760000 -0.30096
770000 -0.300606
780000 -0.300274
790000 -0.299951
800000 -0.299645
810000 -0.299322
820000 -0.299012
830000 -0.29871
840000 -0.298407
850000 -0.29812
860000 -0.297839
870000 -0.297555
880000 -0.297278
890000 -0.297009
900000 -0.296741
910000 -0.296475
920000 -0.296222
930000 -0.29597
940000 -0.295719
950000 -0.29547
960000 -0.295219
970000 -0.294983
980000 -0.294738
990000 -0.294509
