10000 -0.372117
20000 -0.387732
30000 -0.385672
40000 -0.377212
50000 -0.371126
60000 -0.364158
70000 -0.356313
80000 -0.347721
90000 -0.339533
100000 -0.332588
110000 -0.325954
120000 -0.320347
130000 -0.31468
140000 -0.30962
150000 -0.304746
160000 -0.300452
170000 -0.296597
180000 -0.292901
190000 -0.289552
200000 -0.286308
210000 -0.28329
220000 -0.2805
230000 -0.277813
240000 -0.275418
250000 -0.273159
260000 -0.271049
270000 -0.268986
280000 -0.267002
290000 -0.265128
300000 -0.263333
310000 -0.261598
320000 -0.260035
330000 -0.258493
340000 -0.257039
350000 -0.255656
360000 -0.254247
370000 -0.252949
380000 -0.251704
390000 -0.250508
400000 -0.249397
410000 -0.248293
420000 -0.24723
430000 -0.246256
440000 -0.245271
450000 -0.24435
460000 -0.243463
470000 -0.242629
480000 -0.241795
490000 -0.241019
500000 -0.240272
510000 -0.239564
520000 -0.238852
530000 -0.23816
540000 -0.23751
550000 -0.236882
560000 -0.236257
570000 -0.235664
580000 -0.235098
590000 -0.234545
600000 -0.234016
610000 -0.233491
620000 -0.232979
630000 -0.232483
640000 -0.231983
650000 -0.231516
660000 -0.231081
670000 -0.230645
680000 -0.230231
690000 -0.22982
700000 -0.229438
710000 -0.229044
720000 -0.228657
730000 -0.228268
740000 -0.22789
750000 -0.227515
760000 -0.227156
770000 -0.226792
780000 -0.226447
790000 -0.226108
800000 -0.22577
810000 -0.225442
820000 -0.22513
830000 -0.224815
840000 -0.224506
850000 -0.224212
860000 -0.223913
870000 -0.22363
880000 -0.223349
890000 -0.223071
900000 -0.222796
910000 -0.222532
920000 -0.222267
930000 -0.222018
940000 -0.221775
950000 -0.221537
960000 -0.221306
970000 -0.221078
980000 -0.220859
990000 -0.220633
