10000 -0.379372
20000 -0.396558
30000 -0.402546
40000 -0.403669
50000 -0.401326
60000 -0.395367
70000 -0.386436
80000 -0.375348
90000 -0.363793
100000 -0.353714
110000 -0.345312
120000 -0.33787
130000 -0.331462
140000 -0.325841
150000 -0.320856
160000 -0.31635
170000 -0.312256
180000 -0.308578
190000 -0.305082
200000 -0.301817
210000 -0.298919
220000 -0.296056
230000 -0.293391
240000 -0.290853
250000 -0.28843
260000 -0.286162
270000 -0.283961
280000 -0.2819
290000 -0.279906
300000 -0.278082
310000 -0.276359
320000 -0.274732
330000 -0.2732
340000 -0.271735
350000 -0.270322
360000 -0.26894
370000 -0.267676
380000 -0.266382
390000 -0.265221
400000 -0.264016
410000 -0.2629
420000 -0.261837
430000 -0.260778
440000 -0.259824
450000 -0.258844
460000 -0.25786
470000 -0.256928
480000 -0.256029
490000 -0.25516
500000 -0.254315
510000 -0.253496
520000 -0.252724
530000 -0.251946
540000 -0.251215
550000 -0.250492
560000 -0.249791
570000 -0.249112
580000 -0.248441
590000 -0.247815
600000 -0.247185
610000 -0.246601
620000 -0.246
630000 -0.245437
640000 -0.244873
650000 -0.244321
660000 -0.243786
670000 -0.243256
680000 -0.242744
690000 -0.242251
700000 -0.241764
710000 -0.241281
720000 -0.240796
730000 -0.240347
740000 -0.2399
750000 -0.239468
760000 -0.239044
770000 -0.238638
780000 -0.238237
790000 -0.237844
800000 -0.237448
810000 -0.237061
820000 -0.236692
830000 -0.236324
840000 -0.235963
850000 -0.235606
860000 -0.235258
870000 -0.234914
880000 -0.234586
890000 -0.234258
900000 -0.233945
910000 -0.233636
920000 -0.233325
930000 -0.233024
940000 -0.232723
950000 -0.232431
960000 -0.232143
970000 -0.231856
980000 -0.231573
990000 -0.231311
