10000 -0.496194
20000 -0.391248
30000 -0.360437
40000 -0.292952
50000 -0.268519
60000 -0.252383
70000 -0.251815
80000 -0.244272
90000 -0.240798
100000 -0.235437
110000 -0.231375
120000 -0.231537
130000 -0.229734
140000 -0.228106
150000 -0.225865
160000 -0.222829
170000 -0.221863
180000 -0.220421
190000 -0.22087
200000 -0.219948
210000 -0.219494
220000 -0.21875
230000 -0.217105
240000 -0.216745
250000 -0.215583
260000 -0.214719
270000 -0.21413
280000 -0.214358
290000 -0.212509
300000 -0.211852
310000 -0.211268
320000 -0.211619
330000 -0.210475
340000 -0.207956
350000 -0.206533
360000 -0.206453
370000 -0.206544
380000 -0.204758
390000 -0.205326
400000 -0.204734
410000 -0.202413
420000 -0.202708
430000 -0.199793
440000 -0.199964
450000 -0.200164
460000 -0.19986
470000 -0.201451
480000 -0.202344
490000 -0.202663
500000 -0.203455
510000 -0.202381
520000 -0.200298
530000 -0.200169
540000 -0.200685
550000 -0.200672
560000 -0.19966
570000 -0.199465
580000 -0.198884
590000 -0.19777
600000 -0.196514
610000 -0.196252
620000 -0.195354
630000 -0.194622
640000 -0.193128
650000 -0.191677
660000 -0.191666
670000 -0.19083
680000 -0.190313
690000 -0.189475
700000 -0.189225
710000 -0.189313
720000 -0.188851
730000 -0.187978
740000 -0.187825
750000 -0.187028
760000 -0.186452
770000 -0.186216
780000 -0.186054
790000 -0.185765
800000 -0.185888
810000 -0.186476
820000 -0.186223
830000 -0.186107
840000 -0.185691
850000 -0.185258
860000 -0.184874
870000 -0.183988
880000 -0.183749
890000 -0.183585
900000 -0.183319
910000 -0.183327
920000 -0.183044
930000 -0.183496
940000 -0.183635
950000 -0.183829
960000 -0.182665
970000 -0.182688
980000 -0.182432
990000 -0.182292
