10000 -0.43525
20000 -0.412833
30000 -0.379951
40000 -0.359619
50000 -0.331494
60000 -0.302315
70000 -0.274697
80000 -0.25222
90000 -0.246307
100000 -0.237826
110000 -0.230866
120000 -0.226335
130000 -0.224321
140000 -0.222238
150000 -0.220543
160000 -0.219031
170000 -0.21828
180000 -0.216921
190000 -0.215628
200000 -0.215433
210000 -0.215272
220000 -0.215148
230000 -0.213217
240000 -0.212833
250000 -0.212355
260000 -0.211102
270000 -0.209754
280000 -0.208837
290000 -0.210733
300000 -0.208724
310000 -0.210041
320000 -0.210374
330000 -0.207667
340000 -0.207703
350000 -0.207139
360000 -0.207686
370000 -0.207298
380000 -0.207326
390000 -0.206789
400000 -0.205812
410000 -0.204318
420000 -0.202636
430000 -0.202935
440000 -0.202444
450000 -0.203223
460000 -0.202024
470000 -0.201227
480000 -0.201001
490000 -0.200783
500000 -0.200438
510000 -0.20119
520000 -0.200994
530000 -0.201743
540000 -0.200659
550000 -0.200289
560000 -0.200196
570000 -0.200321
580000 -0.199669
590000 -0.199162
600000 -0.199092
610000 -0.198813
620000 -0.198596
630000 -0.198783
640000 -0.198598
650000 -0.198463
660000 -0.198255
670000 -0.198223
680000 -0.198146
690000 -0.198151
700000 -0.198025
710000 -0.198002
720000 -0.198448
730000 -0.198578
740000 -0.19844
750000 -0.197684
760000 -0.197353
770000 -0.197557
780000 -0.197603
790000 -0.197739
800000 -0.197625
810000 -0.197698
820000 -0.197714
830000 -0.19773
840000 -0.197776
850000 -0.197909
860000 -0.197804
870000 -0.197818
880000 -0.197819
890000 -0.197692
900000 -0.197624
910000 -0.197643
920000 -0.197643
930000 -0.197744
940000 -0.197639
950000 -0.197574
960000 -0.197599
970000 -0.197644
980000 -0.197705
990000 -0.197621
