10000 0.159029
20000 0.0932532
30000 0.0712319
40000 0.0601991
50000 0.0535766
60000 0.04916
70000 0.0460036
80000 0.0436365
90000 0.0417945
100000 0.040321
110000 0.0391153
120000 0.0381105
130000 0.0372601
140000 0.036531
150000 0.0358993
160000 0.0353464
170000 0.0348587
180000 0.0344251
190000 0.0340371
200000 0.0336878
210000 0.0333719
220000 0.0330847
230000 0.0328224
240000 0.032582
250000 0.0323608
260000 0.0321566
270000 0.0319676
280000 0.031792
290000 0.0316286
300000 0.0314761
310000 0.0313334
320000 0.0311995
330000 0.0310739
340000 0.0309556
350000 0.030844
360000 0.0307387
370000 0.0306391
380000 0.0305447
390000 0.0304551
400000 0.03037
410000 0.0302891
420000 0.030212
430000 0.0301385
440000 0.0300684
450000 0.0300013
460000 0.0299372
470000 0.0298758
480000 0.029817
490000 0.0297605
500000 0.0297064
510000 0.0296543
520000 0.0296042
530000 0.0295561
540000 0.0295097
550000 0.029465
560000 0.0294404
570000 0.0293775
580000 0.0293286
590000 0.0292299
600000 0.0290949
610000 0.0289485
620000 0.0287986
630000 0.0286341
640000 0.0284469
650000 0.0282559
660000 0.0280594
670000 0.027868
680000 0.0276742
690000 0.0274861
700000 0.0273033
710000 0.0271257
720000 0.026953
730000 0.026785
740000 0.0266216
750000 0.0264625
760000 0.0263077
770000 0.0261568
780000 0.0260098
790000 0.0258666
800000 0.0257269
810000 0.0255906
820000 0.0254577
830000 0.025328
840000 0.0252014
850000 0.0250778
860000 0.024957
870000 0.024839
880000 0.0247237
890000 0.024611
900000 0.0245007
910000 0.024393
920000 0.0242875
930000 0.0241843
940000 0.0240833
950000 0.0239845
960000 0.0238877
970000 0.0237929
980000 0.0237
990000 0.023609
