10000 0.0667565
20000 0.0667565
30000 0.0667565
40000 0.0667565
50000 0.0667565
60000 0.0667565
70000 0.0667565
80000 0.0667565
90000 0.0667565
100000 0.0667565
110000 0.0667565
120000 0.0667565
130000 0.0667565
140000 0.0667565
150000 0.0667565
160000 0.0667565
170000 0.0667565
180000 0.0667565
190000 0.0667565
200000 0.0667565
210000 0.0667565
220000 0.0667565
230000 0.0667565
240000 0.0667565
250000 0.0448786
260000 0.0322532
270000 0.0388478
280000 0.0383642
290000 0.0322532
300000 0.0322532
310000 0.0322532
320000 0.0322532
330000 0.0322532
340000 0.0322532
350000 0.0322532
360000 0.0241933
370000 0.0213181
380000 0.0210935
390000 0.0232283
400000 0.0249479
410000 0.0221416
420000 0.0204826
430000 0.0146917
440000 0.0146917
450000 0.0146917
460000 0.0146917
470000 0.0146917
480000 0.0146917
490000 0.0146917
500000 0.0146917
510000 0.0146917
520000 0.0146917
530000 0.0146917
540000 0.0146917
550000 0.0146917
560000 0.0146917
570000 0.0146917
580000 0.0146917
590000 0.0146917
600000 0.0146917
610000 0.0146917
620000 0.0146917
630000 0.0146917
640000 0.0146917
650000 0.0146917
660000 0.0146917
670000 0.0146917
680000 0.0146917
690000 0.0146917
700000 0.0146917
710000 0.0146917
720000 0.0146917
730000 0.0146917
740000 0.0146917
750000 0.0146917
760000 0.0146917
770000 0.0146917
780000 0.0146917
790000 0.0146917
800000 0.0146917
810000 0.0146917
820000 0.0146917
830000 0.0146917
840000 0.0146917
850000 0.0146917
860000 0.0146917
870000 0.0146917
880000 0.0146917
890000 0.0146917
900000 0.0146917
910000 0.0146917
920000 0.0146917
930000 0.0146917
940000 0.0146917
950000 0.0146917
960000 0.0146917
970000 0.0146917
980000 0.0146917
990000 0.0146917
