10000 -0.380628
20000 -0.405036
30000 -0.412846
40000 -0.415975
50000 -0.416687
60000 -0.413542
70000 -0.408652
80000 -0.402783
90000 -0.396936
100000 -0.39214
110000 -0.387719
120000 -0.383778
130000 -0.380225
140000 -0.376982
150000 -0.373917
160000 -0.371203
170000 -0.368708
180000 -0.366347
190000 -0.364062
200000 -0.361929
210000 -0.359894
220000 -0.357958
230000 -0.356119
240000 -0.3542
250000 -0.352257
260000 -0.350407
270000 -0.34866
280000 -0.346958
290000 -0.345388
300000 -0.343882
310000 -0.34245
320000 -0.341083
330000 -0.339769
340000 -0.338477
350000 -0.337254
360000 -0.336061
370000 -0.334964
380000 -0.333892
390000 -0.332869
400000 -0.331903
410000 -0.330974
420000 -0.330089
430000 -0.329253
440000 -0.328438
450000 -0.327659
460000 -0.326899
470000 -0.32618
480000 -0.325505
490000 -0.324828
500000 -0.324187
510000 -0.323572
520000 -0.322983
530000 -0.322407
540000 -0.321866
550000 -0.321341
560000 -0.320834
570000 -0.320338
580000 -0.319853
590000 -0.319381
600000 -0.318915
610000 -0.318481
620000 -0.318056
630000 -0.317637
640000 -0.317228
650000 -0.316829
660000 -0.316441
670000 -0.316064
680000 -0.315694
690000 -0.315346
700000 -0.314999
710000 -0.314669
720000 -0.314344
730000 -0.314028
740000 -0.313719
750000 -0.313411
760000 -0.31311
770000 -0.31282
780000 -0.312539
790000 -0.312263
800000 -0.311992
810000 -0.311735
820000 -0.311481
830000 -0.311236
840000 -0.31099
850000 -0.310749
860000 -0.310515
870000 -0.310291
880000 -0.310067
890000 -0.30985
900000 -0.309634
910000 -0.309424
920000 -0.309213
930000 -0.309004
940000 -0.308803
950000 -0.308601
960000 -0.308409
970000 -0.30822
980000 -0.308035
990000 -0.307851
