10000 -0.385687
20000 -0.390511
30000 -0.387373
40000 -0.381975
50000 -0.37478
60000 -0.368242
70000 -0.362243
80000 -0.356076
90000 -0.350733
100000 -0.345943
110000 -0.341073
120000 -0.33663
130000 -0.332711
140000 -0.328791
150000 -0.325119
160000 -0.321688
170000 -0.318555
180000 -0.315695
190000 -0.312947
200000 -0.310376
210000 -0.307987
220000 -0.305737
230000 -0.3037
240000 -0.301782
250000 -0.3
260000 -0.298344
270000 -0.296744
280000 -0.295309
290000 -0.293958
300000 -0.292681
310000 -0.291457
320000 -0.290306
330000 -0.289173
340000 -0.288113
350000 -0.28713
360000 -0.286202
370000 -0.28533
380000 -0.284517
390000 -0.283706
400000 -0.282948
410000 -0.282219
420000 -0.281494
430000 -0.280818
440000 -0.280156
450000 -0.279521
460000 -0.278913
470000 -0.278335
480000 -0.277783
490000 -0.277246
500000 -0.276735
510000 -0.276249
520000 -0.275779
530000 -0.275325
540000 -0.274889
550000 -0.274472
560000 -0.274071
570000 -0.273688
580000 -0.273307
590000 -0.272936
600000 -0.27258
610000 -0.272224
620000 -0.271886
630000 -0.271563
640000 -0.271244
650000 -0.270931
660000 -0.270618
670000 -0.270315
680000 -0.270034
690000 -0.269763
700000 -0.269498
710000 -0.269235
720000 -0.26898
730000 -0.268743
740000 -0.26851
750000 -0.268266
760000 -0.268029
770000 -0.267807
780000 -0.267588
790000 -0.267372
800000 -0.267159
810000 -0.266947
820000 -0.266738
830000 -0.266538
840000 -0.266346
850000 -0.26615
860000 -0.265958
870000 -0.265774
880000 -0.265588
890000 -0.265403
900000 -0.265222
910000 -0.26505
920000 -0.264882
930000 -0.264712
940000 -0.264553
950000 -0.264392
960000 -0.264236
970000 -0.264091
980000 -0.263946
990000 -0.263803
