10000 -0.518374
20000 -0.457687
30000 -0.385304
40000 -0.324013
50000 -0.283377
60000 -0.263417
70000 -0.247276
80000 -0.240372
90000 -0.234327
100000 -0.231906
110000 -0.233208
120000 -0.229136
130000 -0.228393
140000 -0.223851
150000 -0.224171
160000 -0.221697
170000 -0.221215
180000 -0.21886
190000 -0.217422
200000 -0.217131
210000 -0.2154
220000 -0.216526
230000 -0.214862
240000 -0.214283
250000 -0.21355
260000 -0.210806
270000 -0.210179
280000 -0.209674
290000 -0.208716
300000 -0.207001
310000 -0.205887
320000 -0.204425
330000 -0.204235
340000 -0.20388
350000 -0.203488
360000 -0.202847
370000 -0.202137
380000 -0.201918
390000 -0.201925
400000 -0.20201
410000 -0.201426
420000 -0.200934
430000 -0.200824
440000 -0.200768
450000 -0.199477
460000 -0.198724
470000 -0.199367
480000 -0.199298
490000 -0.198501
500000 -0.197832
510000 -0.198145
520000 -0.198116
530000 -0.197969
540000 -0.197658
550000 -0.197368
560000 -0.196569
570000 -0.196377
580000 -0.195569
590000 -0.195268
600000 -0.195874
610000 -0.195141
620000 -0.195505
630000 -0.195188
640000 -0.194683
650000 -0.194948
660000 -0.194598
670000 -0.19454
680000 -0.194944
690000 -0.194447
700000 -0.194637
710000 -0.19457
720000 -0.194746
730000 -0.19442
740000 -0.194376
750000 -0.194337
760000 -0.194221
770000 -0.19409
780000 -0.194044
790000 -0.193806
800000 -0.193594
810000 -0.193464
820000 -0.193501
830000 -0.193309
840000 -0.193319
850000 -0.193325
860000 -0.193243
870000 -0.193137
880000 -0.19303
890000 -0.192901
900000 -0.192838
910000 -0.193001
920000 -0.192897
930000 -0.192963
940000 -0.192961
950000 -0.192932
960000 -0.192937
970000 -0.192921
980000 -0.192864
990000 -0.192898
