10000 -0.47422
20000 -0.427254
30000 -0.391907
40000 -0.367925
50000 -0.320495
60000 -0.294041
70000 -0.287826
80000 -0.281927
90000 -0.27349
100000 -0.268936
110000 -0.263195
120000 -0.258381
130000 -0.254811
140000 -0.252986
150000 -0.251361
160000 -0.248272
170000 -0.244699
180000 -0.243814
190000 -0.242863
200000 -0.244172
210000 -0.23939
220000 -0.24072
230000 -0.239644
240000 -0.237723
250000 -0.236003
260000 -0.235654
270000 -0.234546
280000 -0.234294
290000 -0.233981
300000 -0.233358
310000 -0.234347
320000 -0.23483
330000 -0.234289
340000 -0.233629
350000 -0.234051
360000 -0.233903
370000 -0.233792
380000 -0.233233
390000 -0.233259
400000 -0.23329
410000 -0.233059
420000 -0.232825
430000 -0.232684
440000 -0.232625
450000 -0.232815
460000 -0.232351
470000 -0.232501
480000 -0.232492
490000 -0.232608
500000 -0.232237
510000 -0.232058
520000 -0.231726
530000 -0.231568
540000 -0.231763
550000 -0.231836
560000 -0.231534
570000 -0.231727
580000 -0.231796
590000 -0.23185
600000 -0.230972
610000 -0.230693
620000 -0.230466
630000 -0.230257
640000 -0.230027
650000 -0.229881
660000 -0.229379
670000 -0.229234
680000 -0.22882
690000 -0.228263
700000 -0.228212
710000 -0.227367
720000 -0.227135
730000 -0.226714
740000 -0.226869
750000 -0.225925
760000 -0.226269
770000 -0.226588
780000 -0.22569
790000 -0.225644
800000 -0.225349
810000 -0.22516
820000 -0.224609
830000 -0.223207
840000 -0.223529
850000 -0.223938
860000 -0.22357
870000 -0.223627
880000 -0.223563
890000 -0.222899
900000 -0.222751
910000 -0.221896
920000 -0.221746
930000 -0.221677
940000 -0.221906
950000 -0.221891
960000 -0.22173
970000 -0.22168
980000 -0.221524
990000 -0.221487
