10000 -0.51785
20000 -0.476264
30000 -0.43639
40000 -0.410566
50000 -0.383062
60000 -0.356824
70000 -0.327319
80000 -0.317901
90000 -0.313408
100000 -0.304965
110000 -0.303731
120000 -0.296472
130000 -0.292362
140000 -0.289613
150000 -0.28798
160000 -0.283568
170000 -0.282262
180000 -0.280554
190000 -0.27753
200000 -0.276808
210000 -0.275886
220000 -0.274556
230000 -0.273549
240000 -0.273623
250000 -0.272238
260000 -0.27059
270000 -0.270583
280000 -0.271024
290000 -0.270316
300000 -0.270569
310000 -0.270707
320000 -0.270497
330000 -0.270225
340000 -0.270114
350000 -0.270057
360000 -0.269725
370000 -0.26909
380000 -0.268815
390000 -0.268635
400000 -0.26859
410000 -0.26862
420000 -0.268507
430000 -0.268091
440000 -0.26795
450000 -0.267738
460000 -0.267397
470000 -0.267337
480000 -0.267439
490000 -0.267097
500000 -0.267288
510000 -0.26704
520000 -0.266818
530000 -0.266921
540000 -0.266812
550000 -0.266673
560000 -0.266361
570000 -0.266172
580000 -0.26591
590000 -0.266195
600000 -0.265618
610000 -0.265356
620000 -0.265307
630000 -0.26496
640000 -0.265249
650000 -0.265331
660000 -0.264856
670000 -0.264645
680000 -0.264642
690000 -0.264512
700000 -0.264725
710000 -0.264352
720000 -0.264273
730000 -0.264003
740000 -0.263949
750000 -0.263634
760000 -0.264143
770000 -0.263697
780000 -0.263961
790000 -0.263824
800000 -0.263912
810000 -0.263963
820000 -0.264647
830000 -0.264209
840000 -0.264522
850000 -0.264403
860000 -0.264413
870000 -0.264614
880000 -0.264802
890000 -0.264547
900000 -0.264243
910000 -0.264266
920000 -0.263994
930000 -0.26368
940000 -0.263594
950000 -0.263563
960000 -0.26346
970000 -0.263325
980000 -0.263328
990000 -0.263232
