10000 -0.472825
20000 -0.421997
30000 -0.373376
40000 -0.329997
50000 -0.274931
60000 -0.256428
70000 -0.240794
80000 -0.226597
90000 -0.220096
100000 -0.212769
110000 -0.206838
120000 -0.205504
130000 -0.203277
140000 -0.200327
150000 -0.198977
160000 -0.197706
170000 -0.194615
180000 -0.193704
190000 -0.192738
200000 -0.191451
210000 -0.190728
220000 -0.189444
230000 -0.188612
240000 -0.187185
250000 -0.187505
260000 -0.187148
270000 -0.187828
280000 -0.18811
290000 -0.186694
300000 -0.185822
310000 -0.184662
320000 -0.185087
330000 -0.184849
340000 -0.184986
350000 -0.184438
360000 -0.184164
370000 -0.184289
380000 -0.184443
390000 -0.183901
400000 -0.183446
410000 -0.18397
420000 -0.183257
430000 -0.182911
440000 -0.182891
450000 -0.182973
460000 -0.18305
470000 -0.183048
480000 -0.183006
490000 -0.183285
500000 -0.183084
510000 -0.182872
520000 -0.182968
530000 -0.183056
540000 -0.182675
550000 -0.182321
560000 -0.182384
570000 -0.182377
580000 -0.182201
590000 -0.182168
600000 -0.182272
610000 -0.182467
620000 -0.182337
630000 -0.181725
640000 -0.181907
650000 -0.181274
660000 -0.181157
670000 -0.181455
680000 -0.181287
690000 -0.181186
700000 -0.181535
710000 -0.181493
720000 -0.181339
730000 -0.180974
740000 -0.181031
750000 -0.181036
760000 -0.180997
770000 -0.18118
780000 -0.180994
790000 -0.181068
800000 -0.181179
810000 -0.181246
820000 -0.181249
830000 -0.181128
840000 -0.18108
850000 -0.180978
860000 -0.180824
870000 -0.180999
880000 -0.182349
890000 -0.181062
900000 -0.181497
910000 -0.181393
920000 -0.181346
930000 -0.181413
940000 -0.181491
950000 -0.181322
960000 -0.181028
970000 -0.181217
980000 -0.181555
990000 -0.181169
