10000 -0.490105
20000 -0.434475
30000 -0.369273
40000 -0.286855
50000 -0.248977
60000 -0.23553
70000 -0.226122
80000 -0.215405
90000 -0.208037
100000 -0.204718
110000 -0.201706
120000 -0.198847
130000 -0.195182
140000 -0.192186
150000 -0.189145
160000 -0.188514
170000 -0.18734
180000 -0.186064
190000 -0.186806
200000 -0.183361
210000 -0.183424
220000 -0.183
230000 -0.181401
240000 -0.180724
250000 -0.180531
260000 -0.180209
270000 -0.178949
280000 -0.178343
290000 -0.177872
300000 -0.176727
310000 -0.176969
320000 -0.176712
330000 -0.175992
340000 -0.175692
350000 -0.17603
360000 -0.175971
370000 -0.176588
380000 -0.176075
390000 -0.176408
400000 -0.176436
410000 -0.17596
420000 -0.175689
430000 -0.175197
440000 -0.175432
450000 -0.17535
460000 -0.174848
470000 -0.174653
480000 -0.174758
490000 -0.174722
500000 -0.174977
510000 -0.174911
520000 -0.174647
530000 -0.174459
540000 -0.174622
550000 -0.174525
560000 -0.174168
570000 -0.174058
580000 -0.174068
590000 -0.174016
600000 -0.174023
610000 -0.17366
620000 -0.173326
630000 -0.173351
640000 -0.172994
650000 -0.173037
660000 -0.17326
670000 -0.17291
680000 -0.173022
690000 -0.172978
700000 -0.172786
710000 -0.172919
720000 -0.173126
730000 -0.172892
740000 -0.172973
750000 -0.172959
760000 -0.172898
770000 -0.172768
780000 -0.172953
790000 -0.17297
800000 -0.172883
810000 -0.172971
820000 -0.172873
830000 -0.173087
840000 -0.173103
850000 -0.173103
860000 -0.173078
870000 -0.173016
880000 -0.173008
890000 -0.172956
900000 -0.172641
910000 -0.172399
920000 -0.172311
930000 -0.17234
940000 -0.172309
950000 -0.172097
960000 -0.171972
970000 -0.171996
980000 -0.17197
990000 -0.172
