10000 -0.36636
20000 -0.394552
30000 -0.409623
40000 -0.415106
50000 -0.417915
60000 -0.415789
70000 -0.411477
80000 -0.406
90000 -0.400859
100000 -0.39469
110000 -0.388838
120000 -0.383111
130000 -0.37773
140000 -0.372073
150000 -0.366434
160000 -0.360989
170000 -0.355935
180000 -0.350986
190000 -0.346398
200000 -0.342205
210000 -0.338241
220000 -0.334396
230000 -0.330855
240000 -0.327474
250000 -0.324259
260000 -0.32112
270000 -0.318044
280000 -0.315021
290000 -0.312252
300000 -0.309526
310000 -0.306909
320000 -0.304504
330000 -0.30216
340000 -0.299958
350000 -0.297844
360000 -0.295772
370000 -0.293863
380000 -0.292004
390000 -0.29026
400000 -0.288601
410000 -0.286945
420000 -0.285403
430000 -0.283991
440000 -0.282538
450000 -0.28115
460000 -0.279796
470000 -0.278456
480000 -0.277116
490000 -0.275846
500000 -0.274644
510000 -0.273431
520000 -0.272292
530000 -0.271201
540000 -0.270106
550000 -0.269091
560000 -0.268037
570000 -0.267067
580000 -0.266134
590000 -0.265196
600000 -0.26427
610000 -0.263382
620000 -0.262471
630000 -0.261574
640000 -0.260637
650000 -0.259685
660000 -0.258647
670000 -0.257506
680000 -0.256321
690000 -0.255013
700000 -0.253688
710000 -0.25223
720000 -0.250613
730000 -0.248841
740000 -0.246937
750000 -0.244946
760000 -0.242871
770000 -0.240816
780000 -0.23883
790000 -0.236863
800000 -0.234963
810000 -0.233106
820000 -0.231297
830000 -0.229526
840000 -0.227785
850000 -0.226084
860000 -0.224415
870000 -0.222782
880000 -0.221197
890000 -0.21965
900000 -0.218136
910000 -0.216634
920000 -0.215167
930000 -0.213762
940000 -0.212359
950000 -0.210975
960000 -0.209619
970000 -0.208295
980000 -0.207005
990000 -0.205732
