10000 -0.376259
20000 -0.383073
30000 -0.384799
40000 -0.382241
50000 -0.375153
60000 -0.368754
70000 -0.361969
80000 -0.355653
90000 -0.349837
100000 -0.343238
110000 -0.33664
120000 -0.330758
130000 -0.325797
140000 -0.321471
150000 -0.317651
160000 -0.314213
170000 -0.310892
180000 -0.307822
190000 -0.305162
200000 -0.302648
210000 -0.300339
220000 -0.298074
230000 -0.295937
240000 -0.294094
250000 -0.29236
260000 -0.290649
270000 -0.288886
280000 -0.287342
290000 -0.286002
300000 -0.284682
310000 -0.28348
320000 -0.28233
330000 -0.28129
340000 -0.28021
350000 -0.27917
360000 -0.278231
370000 -0.277278
380000 -0.276442
390000 -0.275597
400000 -0.274781
410000 -0.274032
420000 -0.273302
430000 -0.272622
440000 -0.271902
450000 -0.271297
460000 -0.270686
470000 -0.27013
480000 -0.269549
490000 -0.268988
500000 -0.268472
510000 -0.267919
520000 -0.267422
530000 -0.266899
540000 -0.266392
550000 -0.265923
560000 -0.26549
570000 -0.265037
580000 -0.264575
590000 -0.264057
600000 -0.263405
610000 -0.26263
620000 -0.261762
630000 -0.260839
640000 -0.259914
650000 -0.259006
660000 -0.258124
670000 -0.257271
680000 -0.256422
690000 -0.255589
700000 -0.254819
710000 -0.254068
720000 -0.253302
730000 -0.252592
740000 -0.251863
750000 -0.251173
760000 -0.250458
770000 -0.24978
780000 -0.249126
790000 -0.248491
800000 -0.24786
810000 -0.247258
820000 -0.246674
830000 -0.246096
840000 -0.245551
850000 -0.24501
860000 -0.244064
870000 -0.242462
880000 -0.240542
890000 -0.238635
900000 -0.236772
910000 -0.23495
920000 -0.233169
930000 -0.231424
940000 -0.229716
950000 -0.228044
960000 -0.226409
970000 -0.224803
980000 -0.22323
990000 -0.221688
