10000 -0.376193
20000 -0.395238
30000 -0.399086
40000 -0.398263
50000 -0.397153
60000 -0.395616
70000 -0.390819
80000 -0.386382
90000 -0.382257
100000 -0.377569
110000 -0.374179
120000 -0.370292
130000 -0.36598
140000 -0.362121
150000 -0.357625
160000 -0.352768
170000 -0.348028
180000 -0.343042
190000 -0.338051
200000 -0.333262
210000 -0.328776
220000 -0.324633
230000 -0.320751
240000 -0.317073
250000 -0.313706
260000 -0.310489
270000 -0.307562
280000 -0.304584
290000 -0.301753
300000 -0.298978
310000 -0.296353
320000 -0.293935
330000 -0.291525
340000 -0.289184
350000 -0.286967
360000 -0.284746
370000 -0.282731
380000 -0.280697
390000 -0.278812
400000 -0.27699
410000 -0.275282
420000 -0.273555
430000 -0.271707
440000 -0.269781
450000 -0.267837
460000 -0.265771
470000 -0.263738
480000 -0.261793
490000 -0.259892
500000 -0.257985
510000 -0.256129
520000 -0.254365
530000 -0.252648
540000 -0.251057
550000 -0.249439
560000 -0.247903
570000 -0.246349
580000 -0.244885
590000 -0.243465
600000 -0.24207
610000 -0.240698
620000 -0.239386
630000 -0.238154
640000 -0.236931
650000 -0.235731
660000 -0.234569
670000 -0.233436
680000 -0.232359
690000 -0.231268
700000 -0.230182
710000 -0.229173
720000 -0.228173
730000 -0.227194
740000 -0.226235
750000 -0.225256
760000 -0.224371
770000 -0.223482
780000 -0.222624
790000 -0.221793
800000 -0.22094
810000 -0.220113
820000 -0.219324
830000 -0.218536
840000 -0.217788
850000 -0.217029
860000 -0.216332
870000 -0.215609
880000 -0.21491
890000 -0.214221
900000 -0.213543
910000 -0.212894
920000 -0.212249
930000 -0.211628
940000 -0.211008
950000 -0.210406
960000 -0.209823
970000 -0.209235
980000 -0.208656
990000 -0.208083
