10000 -0.365573
20000 -0.381722
30000 -0.382147
40000 -0.381398
50000 -0.379068
60000 -0.375079
70000 -0.371866
80000 -0.368657
90000 -0.365146
100000 -0.362326
110000 -0.359908
120000 -0.356867
130000 -0.353956
140000 -0.350409
150000 -0.346499
160000 -0.34286
170000 -0.338773
180000 -0.33465
190000 -0.330701
200000 -0.327276
210000 -0.323897
220000 -0.320675
230000 -0.317734
240000 -0.315167
250000 -0.31264
260000 -0.310429
270000 -0.308269
280000 -0.306397
290000 -0.304596
300000 -0.302989
310000 -0.301427
320000 -0.299932
330000 -0.298276
340000 -0.29674
350000 -0.29531
360000 -0.293911
370000 -0.292592
380000 -0.29138
390000 -0.290157
400000 -0.289
410000 -0.287919
420000 -0.286878
430000 -0.285906
440000 -0.284984
450000 -0.284056
460000 -0.283143
470000 -0.282266
480000 -0.281424
490000 -0.280617
500000 -0.279801
510000 -0.279049
520000 -0.27829
530000 -0.277531
540000 -0.27685
550000 -0.27612
560000 -0.275421
570000 -0.274764
580000 -0.274101
590000 -0.273492
600000 -0.272873
610000 -0.272302
620000 -0.271741
630000 -0.271172
640000 -0.270629
650000 -0.270109
660000 -0.269563
670000 -0.26905
680000 -0.268549
690000 -0.268066
700000 -0.267589
710000 -0.267122
720000 -0.266678
730000 -0.266256
740000 -0.265853
750000 -0.265485
760000 -0.265084
770000 -0.26469
780000 -0.26431
790000 -0.263917
800000 -0.263567
810000 -0.263205
820000 -0.262861
830000 -0.262516
840000 -0.262182
850000 -0.26185
860000 -0.261523
870000 -0.261197
880000 -0.260872
890000 -0.260564
900000 -0.260247
910000 -0.259946
920000 -0.259624
930000 -0.259315
940000 -0.259021
950000 -0.258757
960000 -0.258466
970000 -0.257895
980000 -0.257106
990000 -0.256
