10000 -0.477528
20000 -0.419573
30000 -0.390213
40000 -0.379493
50000 -0.36878
60000 -0.363282
70000 -0.354612
80000 -0.342366
90000 -0.340412
100000 -0.335992
110000 -0.328237
120000 -0.316605
130000 -0.309033
140000 -0.292684
150000 -0.286971
160000 -0.280428
170000 -0.267074
180000 -0.26239
190000 -0.258755
200000 -0.257886
210000 -0.253075
220000 -0.253091
230000 -0.255142
240000 -0.256168
250000 -0.251132
260000 -0.257861
270000 -0.254715
280000 -0.253725
290000 -0.258777
300000 -0.256667
310000 -0.257237
320000 -0.248191
330000 -0.246958
340000 -0.246598
350000 -0.246242
360000 -0.245909
370000 -0.24493
380000 -0.244997
390000 -0.244566
400000 -0.244358
410000 -0.244396
420000 -0.24395
430000 -0.243156
440000 -0.242827
450000 -0.242439
460000 -0.242133
470000 -0.240904
480000 -0.240284
490000 -0.240934
500000 -0.240389
510000 -0.239163
520000 -0.23832
530000 -0.237692
540000 -0.237584
550000 -0.237052
560000 -0.237334
570000 -0.237003
580000 -0.236897
590000 -0.236477
600000 -0.235939
610000 -0.235975
620000 -0.236245
630000 -0.236289
640000 -0.235556
650000 -0.23513
660000 -0.235496
670000 -0.235112
680000 -0.23525
690000 -0.234966
700000 -0.235486
710000 -0.235593
720000 -0.235629
730000 -0.235173
740000 -0.235454
750000 -0.234658
760000 -0.234612
770000 -0.234498
780000 -0.234019
790000 -0.234311
800000 -0.234036
810000 -0.233919
820000 -0.233885
830000 -0.233737
840000 -0.233421
850000 -0.233322
860000 -0.233264
870000 -0.232806
880000 -0.23245
890000 -0.231837
900000 -0.231973
910000 -0.231522
920000 -0.231443
930000 -0.231446
940000 -0.231213
950000 -0.231169
960000 -0.210278
970000 -0.198076
980000 -0.165284
990000 -0.127785
