10000 -0.529101
20000 -0.513577
30000 -0.500679
40000 -0.482627
50000 -0.462951
60000 -0.410254
70000 -0.378998
80000 -0.368968
90000 -0.351196
100000 -0.333856
110000 -0.325719
120000 -0.314571
130000 -0.303872
140000 -0.292083
150000 -0.279437
160000 -0.272083
170000 -0.269037
180000 -0.26564
190000 -0.261593
200000 -0.257392
210000 -0.253638
220000 -0.250989
230000 -0.247559
240000 -0.245616
250000 -0.241379
260000 -0.23775
270000 -0.234034
280000 -0.231851
290000 -0.230967
300000 -0.228019
310000 -0.226983
320000 -0.224648
330000 -0.224245
340000 -0.225308
350000 -0.22304
360000 -0.221379
370000 -0.222342
380000 -0.222688
390000 -0.22238
400000 -0.221423
410000 -0.22058
420000 -0.220763
430000 -0.220605
440000 -0.21969
450000 -0.218104
460000 -0.216092
470000 -0.215555
480000 -0.214397
490000 -0.213632
500000 -0.213137
510000 -0.213662
520000 -0.213875
530000 -0.212757
540000 -0.212829
550000 -0.212355
560000 -0.212062
570000 -0.21098
580000 -0.210419
590000 -0.20965
600000 -0.209643
610000 -0.208912
620000 -0.207972
630000 -0.199061
640000 -0.193445
650000 -0.19317
660000 -0.184944
670000 -0.175605
680000 -0.167828
690000 -0.162338
700000 -0.152086
710000 -0.142271
720000 -0.12533
730000 -0.112919
740000 -0.103727
750000 -0.0922198
760000 -0.0854686
770000 -0.0852025
780000 -0.0848052
790000 -0.0846024
800000 -0.0842816
810000 -0.0840767
820000 -0.0839194
830000 -0.0836077
840000 -0.0833214
850000 -0.0830984
860000 -0.0828409
870000 -0.0824914
880000 -0.0823722
890000 -0.0824024
900000 -0.0819809
910000 -0.0819947
920000 -0.0818061
930000 -0.0815752
940000 -0.0814211
950000 -0.0812583
960000 -0.080843
970000 -0.0807803
980000 -0.0805784
990000 -0.0805944
