10000 0.425959
20000 0.335776
30000 0.236696
40000 0.184346
50000 0.152895
60000 0.13193
70000 0.11695
80000 0.105715
90000 0.0969766
100000 0.0899852
110000 0.0842647
120000 0.0794976
130000 0.0754633
140000 0.072006
150000 0.0690091
160000 0.0663869
170000 0.0640731
180000 0.0620166
190000 0.0601764
200000 0.0585202
210000 0.0570219
220000 0.0556598
230000 0.0544159
240000 0.0532758
250000 0.0522267
260000 0.0512585
270000 0.0503619
280000 0.0495294
290000 0.0487544
300000 0.048031
310000 0.0473543
320000 0.0467198
330000 0.0461238
340000 0.045563
350000 0.045034
360000 0.0445345
370000 0.044062
380000 0.0436144
390000 0.0431897
400000 0.0427862
410000 0.0424025
420000 0.042037
430000 0.0416885
440000 0.0413558
450000 0.0410379
460000 0.0407339
470000 0.0404428
480000 0.0401638
490000 0.0398962
500000 0.0396393
510000 0.0393925
520000 0.0391552
530000 0.0389268
540000 0.0387069
550000 0.038495
560000 0.0382906
570000 0.0380934
580000 0.0379031
590000 0.0377191
600000 0.0375413
610000 0.0373694
620000 0.037203
630000 0.0370418
640000 0.0368857
650000 0.0367344
660000 0.0365877
670000 0.0364454
680000 0.0363072
690000 0.0361731
700000 0.0360428
710000 0.0359162
720000 0.035793
730000 0.0356733
740000 0.0355568
750000 0.0354434
760000 0.035333
770000 0.0352254
780000 0.0351206
790000 0.0350185
800000 0.0349189
810000 0.0348218
820000 0.034727
830000 0.0346345
840000 0.0345443
850000 0.0344561
860000 0.03437
870000 0.0342859
880000 0.0342037
890000 0.0341233
900000 0.0340447
910000 0.0339679
920000 0.0338927
930000 0.0338191
940000 0.0337471
950000 0.0336766
960000 0.0336076
970000 0.03354
980000 0.0334738
990000 0.033409
