10000 0.424837
20000 0.252925
30000 0.188469
40000 0.155781
50000 0.136194
60000 0.123146
70000 0.113667
80000 0.106295
90000 0.100207
100000 0.0952938
110000 0.0912083
120000 0.0877486
130000 0.0847078
140000 0.0819854
150000 0.0796251
160000 0.077559
170000 0.075735
180000 0.0741143
190000 0.072662
200000 0.0713561
210000 0.0701753
220000 0.0690999
230000 0.0681191
240000 0.0672211
250000 0.0664277
260000 0.065682
270000 0.065318
280000 0.064583
290000 0.0631773
300000 0.0617584
310000 0.0604236
320000 0.0591699
330000 0.0579907
340000 0.0568803
350000 0.0558331
360000 0.0548439
370000 0.0539081
380000 0.0530214
390000 0.0521799
400000 0.0513807
410000 0.0506203
420000 0.0498961
430000 0.0492056
440000 0.0485464
450000 0.0479165
460000 0.0473141
470000 0.0467372
480000 0.0461844
490000 0.0456541
500000 0.045145
510000 0.0446559
520000 0.0441856
530000 0.043733
540000 0.0432972
550000 0.0428773
560000 0.0424723
570000 0.0420815
580000 0.0417042
590000 0.0413398
600000 0.0409874
610000 0.0406466
620000 0.0403168
630000 0.0399974
640000 0.0396881
650000 0.0393882
660000 0.0390975
670000 0.0388154
680000 0.0385416
690000 0.0382757
700000 0.0380175
710000 0.0377665
720000 0.0375225
730000 0.0372852
740000 0.0370543
750000 0.0368295
760000 0.0366107
770000 0.0363975
780000 0.0361898
790000 0.0359874
800000 0.03579
810000 0.0355975
820000 0.0354097
830000 0.0352265
840000 0.0350475
850000 0.0348728
860000 0.0347022
870000 0.0345355
880000 0.0343725
890000 0.0342133
900000 0.0340575
910000 0.0339052
920000 0.0337562
930000 0.0336104
940000 0.0334677
950000 0.0333281
960000 0.0331913
970000 0.0330573
980000 0.0329261
990000 0.0327975
