100000 -0.471204
200000 -0.448979
300000 -0.467802
400000 -0.476159
500000 -0.439208
600000 -0.598714
700000 -0.485994
800000 -0.485264
900000 -0.446711
1000000 -0.587139
1100000 -0.469573
1200000 -0.474409
1300000 -0.472496
1400000 -0.466146
1500000 -0.46364
1600000 -0.453176
1700000 -0.432443
1800000 -0.468139
1900000 -0.418786
2000000 -0.47578
2100000 -0.596908
2200000 -0.468924
2300000 -0.458897
2400000 -0.363512
2500000 -0.532876
2600000 -0.447312
2700000 -0.423466
2800000 -0.469075
2900000 -0.593451
3000000 -0.468159
3100000 -0.474091
3200000 -0.440842
3300000 -0.45951
3400000 -0.560796
3500000 -0.491525
3600000 -0.523509
3700000 -0.492233
3800000 -0.432256
3900000 -0.455321
4000000 -0.492234
4100000 -0.450011
4200000 -0.454899
4300000 -0.374059
4400000 -0.466411
4500000 -0.390267
4600000 -0.470291
4700000 -0.47992
4800000 -0.441287
4900000 -0.401395
5000000 -0.504381
5100000 -0.415071
5200000 -0.40632
5300000 -0.505666
5400000 -0.444655
5500000 -0.599076
5600000 -0.432025
5700000 -0.464602
5800000 -0.432576
5900000 -0.44815
6000000 -0.456026
6100000 -0.447161
6200000 -0.433975
6300000 -0.4769
6400000 -0.492036
6500000 -0.411186
6600000 -0.445673
6700000 -0.43044
6800000 -0.444484
6900000 -0.416944
7000000 -0.444781
7100000 -0.423595
7200000 -0.494426
7300000 -0.456685
7400000 -0.431321
7500000 -0.376045
7600000 -0.443964
7700000 -0.494138
7800000 -0.425587
7900000 -0.520847
8000000 -0.452043
8100000 -0.441918
8200000 -0.372912
8300000 -0.442903
8400000 -0.382134
8500000 -0.474829
8600000 -0.424718
8700000 -0.47256
8800000 -0.477528
8900000 -0.416669
9000000 -0.558125
9100000 -0.475365
9200000 -0.509288
9300000 -0.471183
9400000 -0.378035
9500000 -0.358927
9600000 -0.594134
9700000 -0.440186
9800000 -0.461411
9900000 -0.456378
10000000 -0.453073
