100000 -0.597842
200000 -0.383073
300000 -0.465786
400000 -0.474467
500000 -0.446003
600000 -0.462862
700000 -0.475109
800000 -0.483532
900000 -0.426541
1000000 -0.437748
1100000 -0.456109
1200000 -0.459552
1300000 -0.439167
1400000 -0.445354
1500000 -0.449311
1600000 -0.463725
1700000 -0.47959
1800000 -0.445858
1900000 -0.485466
2000000 -0.466052
2100000 -0.461715
2200000 -0.427408
2300000 -0.455271
2400000 -0.428802
2500000 -0.44525
2600000 -0.469752
2700000 -0.45001
2800000 -0.483547
2900000 -0.460313
3000000 -0.379746
3100000 -0.436026
3200000 -0.450084
3300000 -0.453689
3400000 -0.420357
3500000 -0.449172
3600000 -0.579821
3700000 -0.435888
3800000 -0.427677
3900000 -0.442938
4000000 -0.494844
4100000 -0.469676
4200000 -0.411133
4300000 -0.411313
4400000 -0.415766
4500000 -0.43935
4600000 -0.442269
4700000 -0.466914
4800000 -0.450714
4900000 -0.468429
5000000 -0.453974
5100000 -0.491675
5200000 -0.400185
5300000 -0.468453
5400000 -0.431933
5500000 -0.435729
5600000 -0.480135
5700000 -0.465782
5800000 -0.466254
5900000 -0.480657
6000000 -0.457713
6100000 -0.473552
6200000 -0.396243
6300000 -0.478184
6400000 -0.447111
6500000 -0.471082
6600000 -0.402307
6700000 -0.441754
6800000 -0.582305
6900000 -0.472789
7000000 -0.458076
7100000 -0.480788
7200000 -0.446311
7300000 -0.467899
7400000 -0.436886
7500000 -0.438852
7600000 -0.423859
7700000 -0.454218
7800000 -0.451143
7900000 -0.451699
8000000 -0.541953
8100000 -0.419306
8200000 -0.491365
8300000 -0.418762
8400000 -0.43923
8500000 -0.41788
8600000 -0.454571
8700000 -0.461195
8800000 -0.423501
8900000 -0.406229
9000000 -0.475393
9100000 -0.491198
9200000 -0.486136
9300000 -0.471117
9400000 -0.448787
9500000 -0.428532
9600000 -0.592128
9700000 -0.466098
9800000 -0.446504
9900000 -0.427933
10000000 -0.445613
