100000 -0.579024
200000 -0.47376
300000 -0.622362
400000 -0.487592
500000 -0.442066
600000 -0.494568
700000 -0.464467
800000 -0.449362
900000 -0.397946
1000000 -0.43238
1100000 -0.454669
1200000 -0.466414
1300000 -0.372103
1400000 -0.490159
1500000 -0.445122
1600000 -0.447336
1700000 -0.468766
1800000 -0.423519
1900000 -0.56393
2000000 -0.464966
2100000 -0.470765
2200000 -0.428463
2300000 -0.468304
2400000 -0.490099
2500000 -0.46844
2600000 -0.630419
2700000 -0.45797
2800000 -0.568388
2900000 -0.420536
3000000 -0.467487
3100000 -0.443335
3200000 -0.41745
3300000 -0.637083
3400000 -0.309106
3500000 -0.619088
3600000 -0.437466
3700000 -0.423729
3800000 -0.433229
3900000 -0.490171
4000000 -0.452811
4100000 -0.449695
4200000 -0.41716
4300000 -0.455964
4400000 -0.442452
4500000 -0.435439
4600000 -0.595073
4700000 -0.444324
4800000 -0.468115
4900000 -0.447813
5000000 -0.451385
5100000 -0.441327
5200000 -0.48176
5300000 -0.454143
5400000 -0.419155
5500000 -0.42749
5600000 -0.456528
5700000 -0.460492
5800000 -0.4447
5900000 -0.424359
6000000 -0.48618
6100000 -0.461837
6200000 -0.453754
6300000 -0.451765
6400000 -0.39358
6500000 -0.463342
6600000 -0.46678
6700000 -0.465722
6800000 -0.453855
6900000 -0.42341
7000000 -0.484309
7100000 -0.612068
7200000 -0.467772
7300000 -0.492884
7400000 -0.399837
7500000 -0.420226
7600000 -0.412004
7700000 -0.407378
7800000 -0.458192
7900000 -0.452211
8000000 -0.459094
8100000 -0.478575
8200000 -0.472386
8300000 -0.435932
8400000 -0.38633
8500000 -0.38353
8600000 -0.459584
8700000 -0.390342
8800000 -0.438063
8900000 -0.421635
9000000 -0.474973
9100000 -0.457049
9200000 -0.467091
9300000 -0.461696
9400000 -0.465621
9500000 -0.409651
9600000 -0.45314
9700000 -0.450198
9800000 -0.397993
9900000 -0.444423
10000000 -0.473819
