100000 -0.483218
200000 -0.619302
300000 -0.426429
400000 -0.479159
500000 -0.492078
600000 -0.440702
700000 -0.46975
800000 -0.470838
900000 -0.43434
1000000 -0.415606
1100000 -0.592132
1200000 -0.596615
1300000 -0.412078
1400000 -0.464487
1500000 -0.443996
1600000 -0.433585
1700000 -0.407142
1800000 -0.450015
1900000 -0.444591
2000000 -0.489891
2100000 -0.440255
2200000 -0.468183
2300000 -0.484501
2400000 -0.439219
2500000 -0.482691
2600000 -0.427192
2700000 -0.450924
2800000 -0.625981
2900000 -0.434783
3000000 -0.492265
3100000 -0.494765
3200000 -0.539351
3300000 -0.458746
3400000 -0.464188
3500000 -0.432155
3600000 -0.623021
3700000 -0.443694
3800000 -0.477506
3900000 -0.426449
4000000 -0.407084
4100000 -0.46791
4200000 -0.468847
4300000 -0.422182
4400000 -0.412558
4500000 -0.475931
4600000 -0.474621
4700000 -0.420859
4800000 -0.472746
4900000 -0.494701
5000000 -0.45332
5100000 -0.416589
5200000 -0.57189
5300000 -0.464171
5400000 -0.464386
5500000 -0.483565
5600000 -0.47783
5700000 -0.458873
5800000 -0.365693
5900000 -0.48315
6000000 -0.443078
6100000 -0.473234
6200000 -0.351189
6300000 -0.596682
6400000 -0.472264
6500000 -0.44938
6600000 -0.54261
6700000 -0.491912
6800000 -0.455035
6900000 -0.611992
7000000 -0.460834
7100000 -0.479745
7200000 -0.444481
7300000 -0.452918
7400000 -0.362254
7500000 -0.480294
7600000 -0.390208
7700000 -0.453311
7800000 -0.483001
7900000 -0.490253
8000000 -0.461295
8100000 -0.604735
8200000 -0.609125
8300000 -0.424753
8400000 -0.452878
8500000 -0.48314
8600000 -0.459298
8700000 -0.437484
8800000 -0.449417
8900000 -0.474565
9000000 -0.489117
9100000 -0.490838
9200000 -0.422997
9300000 -0.472891
9400000 -0.397972
9500000 -0.456223
9600000 -0.417673
9700000 -0.44389
9800000 -0.458165
9900000 -0.406598
10000000 -0.434597
