100000 -0.438779
200000 -0.458266
300000 -0.434252
400000 -0.470049
500000 -0.44108
600000 -0.427417
700000 -0.461744
800000 -0.466874
900000 -0.442785
1000000 -0.465342
1100000 -0.485403
1200000 -0.449609
1300000 -0.601141
1400000 -0.43645
1500000 -0.407624
1600000 -0.465202
1700000 -0.439215
1800000 -0.451618
1900000 -0.468112
2000000 -0.46695
2100000 -0.406228
2200000 -0.467435
2300000 -0.448393
2400000 -0.48424
2500000 -0.433444
2600000 -0.473118
2700000 -0.590644
2800000 -0.46744
2900000 -0.489328
3000000 -0.464562
3100000 -0.447079
3200000 -0.607554
3300000 -0.514623
3400000 -0.447516
3500000 -0.444639
3600000 -0.404815
3700000 -0.457062
3800000 -0.491917
3900000 -0.376355
4000000 -0.34428
4100000 -0.412151
4200000 -0.389341
4300000 -0.466758
4400000 -0.454917
4500000 -0.459717
4600000 -0.48487
4700000 -0.417203
4800000 -0.404004
4900000 -0.608192
5000000 -0.469107
5100000 -0.628851
5200000 -0.445034
5300000 -0.406282
5400000 -0.460568
5500000 -0.47215
5600000 -0.431082
5700000 -0.452743
5800000 -0.47732
5900000 -0.432039
6000000 -0.449989
6100000 -0.59176
6200000 -0.44354
6300000 -0.368116
6400000 -0.428721
6500000 -0.423404
6600000 -0.427664
6700000 -0.471449
6800000 -0.467678
6900000 -0.436969
7000000 -0.457007
7100000 -0.467127
7200000 -0.435479
7300000 -0.462088
7400000 -0.471346
7500000 -0.525451
7600000 -0.479554
7700000 -0.473563
7800000 -0.464011
7900000 -0.457372
8000000 -0.469475
8100000 -0.461639
8200000 -0.364382
8300000 -0.384341
8400000 -0.418333
8500000 -0.436398
8600000 -0.457214
8700000 -0.471505
8800000 -0.430132
8900000 -0.433847
9000000 -0.443579
9100000 -0.337503
9200000 -0.437087
9300000 -0.41918
9400000 -0.427269
9500000 -0.470802
9600000 -0.442929
9700000 -0.429738
9800000 -0.474427
9900000 -0.425161
10000000 -0.441699
