100000 -0.599856
200000 -0.569727
300000 -0.448887
400000 -0.572747
500000 -0.475802
600000 -0.593968
700000 -0.471884
800000 -0.551845
900000 -0.43665
1000000 -0.414136
1100000 -0.447039
1200000 -0.443314
1300000 -0.59976
1400000 -0.422617
1500000 -0.464332
1600000 -0.457999
1700000 -0.566813
1800000 -0.616256
1900000 -0.613342
2000000 -0.435596
2100000 -0.468602
2200000 -0.59887
2300000 -0.556536
2400000 -0.600279
2500000 -0.591599
2600000 -0.482016
2700000 -0.392119
2800000 -0.426755
2900000 -0.491149
3000000 -0.405874
3100000 -0.575368
3200000 -0.442771
3300000 -0.418687
3400000 -0.449844
3500000 -0.465284
3600000 -0.478411
3700000 -0.481482
3800000 -0.480228
3900000 -0.416324
4000000 -0.41254
4100000 -0.4555
4200000 -0.44122
4300000 -0.487531
4400000 -0.442401
4500000 -0.43648
4600000 -0.488951
4700000 -0.437261
4800000 -0.613002
4900000 -0.430525
5000000 -0.480342
5100000 -0.431861
5200000 -0.450853
5300000 -0.443591
5400000 -0.475882
5500000 -0.477601
5600000 -0.432322
5700000 -0.401834
5800000 -0.480138
5900000 -0.465463
6000000 -0.406426
6100000 -0.45922
6200000 -0.486016
6300000 -0.456627
6400000 -0.442317
6500000 -0.440612
6600000 -0.531369
6700000 -0.422874
6800000 -0.486846
6900000 -0.430182
7000000 -0.455948
7100000 -0.445523
7200000 -0.469988
7300000 -0.431042
7400000 -0.430822
7500000 -0.41318
7600000 -0.449067
7700000 -0.462276
7800000 -0.460747
7900000 -0.460055
8000000 -0.446074
8100000 -0.436966
8200000 -0.402516
8300000 -0.461596
8400000 -0.449215
8500000 -0.579845
8600000 -0.392012
8700000 -0.435854
8800000 -0.442368
8900000 -0.38862
9000000 -0.432484
9100000 -0.481471
9200000 -0.426479
9300000 -0.460013
9400000 -0.461134
9500000 -0.447637
9600000 -0.451882
9700000 -0.462319
9800000 -0.407499
9900000 -0.483649
10000000 -0.466168
