100000 -0.527231
200000 -0.566622
300000 -0.476925
400000 -0.440698
500000 -0.581055
600000 -0.462689
700000 -0.452187
800000 -0.398023
900000 -0.30739
1000000 -0.601561
1100000 -0.394824
1200000 -0.478114
1300000 -0.439372
1400000 -0.627499
1500000 -0.493392
1600000 -0.47983
1700000 -0.41474
1800000 -0.587387
1900000 -0.48105
2000000 -0.434211
2100000 -0.472387
2200000 -0.466082
2300000 -0.419617
2400000 -0.44223
2500000 -0.578252
2600000 -0.423441
2700000 -0.464669
2800000 -0.415185
2900000 -0.468104
3000000 -0.482784
3100000 -0.552002
3200000 -0.46303
3300000 -0.478907
3400000 -0.471831
3500000 -0.459308
3600000 -0.470589
3700000 -0.564294
3800000 -0.461095
3900000 -0.472517
4000000 -0.488667
4100000 -0.483365
4200000 -0.478744
4300000 -0.493788
4400000 -0.482607
4500000 -0.491388
4600000 -0.491022
4700000 -0.549693
4800000 -0.470497
4900000 -0.489779
5000000 -0.471738
5100000 -0.382157
5200000 -0.491819
5300000 -0.490216
5400000 -0.473276
5500000 -0.472752
5600000 -0.449557
5700000 -0.425731
5800000 -0.435058
5900000 -0.602573
6000000 -0.44785
6100000 -0.428459
6200000 -0.512828
6300000 -0.610158
6400000 -0.485483
6500000 -0.444364
6600000 -0.580307
6700000 -0.574774
6800000 -0.45136
6900000 -0.551106
7000000 -0.441336
7100000 -0.495159
7200000 -0.492581
7300000 -0.428144
7400000 -0.474345
7500000 -0.449436
7600000 -0.397676
7700000 -0.394318
7800000 -0.483938
7900000 -0.467135
8000000 -0.527171
8100000 -0.468328
8200000 -0.47016
8300000 -0.457993
8400000 -0.403616
8500000 -0.382847
8600000 -0.48387
8700000 -0.458943
8800000 -0.43421
8900000 -0.413656
9000000 -0.469079
9100000 -0.479222
9200000 -0.425627
9300000 -0.433297
9400000 -0.461824
9500000 -0.436089
9600000 -0.429788
9700000 -0.368886
9800000 -0.57913
9900000 -0.445656
10000000 -0.450145
