100000 -0.45976
200000 -0.452418
300000 -0.454056
400000 -0.628568
500000 -0.436812
600000 -0.579053
700000 -0.502849
800000 -0.415618
900000 -0.425197
1000000 -0.407618
1100000 -0.416634
1200000 -0.464054
1300000 -0.374751
1400000 -0.463609
1500000 -0.561591
1600000 -0.445613
1700000 -0.556771
1800000 -0.433558
1900000 -0.402938
2000000 -0.452379
2100000 -0.424543
2200000 -0.329535
2300000 -0.483983
2400000 -0.635476
2500000 -0.45667
2600000 -0.504092
2700000 -0.431361
2800000 -0.615709
2900000 -0.629535
3000000 -0.452718
3100000 -0.450064
3200000 -0.44782
3300000 -0.398632
3400000 -0.477587
3500000 -0.618298
3600000 -0.485165
3700000 -0.530473
3800000 -0.477867
3900000 -0.417607
4000000 -0.567966
4100000 -0.453525
4200000 -0.456393
4300000 -0.472075
4400000 -0.479742
4500000 -0.560843
4600000 -0.492512
4700000 -0.423752
4800000 -0.453743
4900000 -0.476466
5000000 -0.336299
5100000 -0.429466
5200000 -0.479658
5300000 -0.431714
5400000 -0.470864
5500000 -0.406454
5600000 -0.413881
5700000 -0.42654
5800000 -0.417812
5900000 -0.428097
6000000 -0.397548
6100000 -0.493405
6200000 -0.453305
6300000 -0.594348
6400000 -0.465407
6500000 -0.454832
6600000 -0.485576
6700000 -0.469672
6800000 -0.473502
6900000 -0.466877
7000000 -0.452601
7100000 -0.394049
7200000 -0.449292
7300000 -0.440596
7400000 -0.48213
7500000 -0.439971
7600000 -0.454266
7700000 -0.439288
7800000 -0.466213
7900000 -0.426428
8000000 -0.456599
8100000 -0.481513
8200000 -0.431082
8300000 -0.37157
8400000 -0.470131
8500000 -0.418388
8600000 -0.47129
8700000 -0.475281
8800000 -0.348477
8900000 -0.574132
9000000 -0.466647
9100000 -0.463911
9200000 -0.437816
9300000 -0.437226
9400000 -0.450755
9500000 -0.394411
9600000 -0.432859
9700000 -0.414661
9800000 -0.397379
9900000 -0.59462
10000000 -0.455727
