100000 -0.443645
200000 -0.472753
300000 -0.618836
400000 -0.554635
500000 -0.47086
600000 -0.457135
700000 -0.441508
800000 -0.438978
900000 -0.452051
1000000 -0.400695
1100000 -0.390316
1200000 -0.573509
1300000 -0.612014
1400000 -0.44829
1500000 -0.471693
1600000 -0.4541
1700000 -0.584078
1800000 -0.469091
1900000 -0.641444
2000000 -0.42735
2100000 -0.449957
2200000 -0.612627
2300000 -0.431742
2400000 -0.445695
2500000 -0.488994
2600000 -0.581334
2700000 -0.53089
2800000 -0.627749
2900000 -0.463832
3000000 -0.559497
3100000 -0.476365
3200000 -0.39579
3300000 -0.592558
3400000 -0.449575
3500000 -0.46561
3600000 -0.460349
3700000 -0.550016
3800000 -0.476109
3900000 -0.464176
4000000 -0.446395
4100000 -0.470015
4200000 -0.441457
4300000 -0.484897
4400000 -0.465476
4500000 -0.45043
4600000 -0.486744
4700000 -0.483146
4800000 -0.440388
4900000 -0.600345
5000000 -0.453958
5100000 -0.453992
5200000 -0.421976
5300000 -0.458762
5400000 -0.439231
5500000 -0.446488
5600000 -0.615426
5700000 -0.448278
5800000 -0.471593
5900000 -0.362448
6000000 -0.386791
6100000 -0.560529
6200000 -0.405436
6300000 -0.477563
6400000 -0.443453
6500000 -0.463788
6600000 -0.445591
6700000 -0.471775
6800000 -0.385898
6900000 -0.39487
7000000 -0.44389
7100000 -0.393809
7200000 -0.471706
7300000 -0.48003
7400000 -0.474374
7500000 -0.425566
7600000 -0.366809
7700000 -0.471031
7800000 -0.443787
7900000 -0.455543
8000000 -0.474773
8100000 -0.463401
8200000 -0.611698
8300000 -0.476232
8400000 -0.459514
8500000 -0.36551
8600000 -0.468433
8700000 -0.441408
8800000 -0.414444
8900000 -0.488006
9000000 -0.425579
9100000 -0.465668
9200000 -0.440784
9300000 -0.454611
9400000 -0.461788
9500000 -0.446052
9600000 -0.456787
9700000 -0.423886
9800000 -0.446535
9900000 -0.451199
10000000 -0.409444
