0 0 146 1
0 1 144 0.836183
0 1 249 0.163817
1 2 145 1
1 4 249 1
2 2 147 1
2 3 148 0.999999
2 3 249 7.42031e-07
2 4 249 1
3 0 150 0.193505
3 0 249 0.806495
3 1 149 0.0211801
3 1 249 0.97882
4 2 249 1
4 4 249 1
5 2 249 1
5 3 249 1
5 4 249 1
6 0 152 0.184388
6 0 249 0.815612
6 1 151 0.0254135
6 1 249 0.974587
7 2 249 1
7 4 249 1
8 2 249 1
8 3 249 1
8 4 249 1
9 0 154 0.306825
9 0 249 0.693175
9 1 249 1
11 2 249 1
11 3 249 1
11 4 249 1
12 0 156 0.182134
12 0 249 0.817866
12 1 155 0.0326843
12 1 249 0.967316
13 2 249 1
13 4 249 1
14 2 249 1
14 3 249 1
14 4 249 1
15 0 158 4.50278e-05
15 0 249 0.999955
15 1 157 2.81362e-06
15 1 249 0.999997
16 2 249 1
16 4 249 1
17 2 249 1
17 3 249 1
17 4 249 1
18 0 160 0.517149
18 0 249 0.482851
18 1 159 0.258086
18 1 249 0.741914
19 2 249 1
19 4 249 1
20 2 249 1
20 3 249 1
20 4 249 1
21 0 162 0.690614
21 0 249 0.309386
21 1 161 0.434234
21 1 249 0.565766
22 2 249 1
22 4 249 1
23 2 249 1
23 3 249 1
23 4 249 1
24 0 164 0.55612
24 0 249 0.44388
24 1 163 0.216772
24 1 249 0.783228
25 2 249 1
25 4 249 1
26 2 249 1
26 3 249 1
26 4 249 1
27 0 166 0.493267
27 0 249 0.506733
27 1 165 0.353986
27 1 249 0.646014
28 2 249 1
28 4 249 1
29 2 249 1
29 3 249 1
29 4 249 1
30 0 168 0.0121728
30 0 249 0.987827
30 1 167 9.51963e-05
30 1 249 0.999905
31 2 249 1
31 4 249 1
32 2 249 1
32 3 249 1
32 4 249 1
33 0 170 0.473927
33 0 249 0.526073
33 1 169 0.394998
33 1 249 0.605002
34 2 249 1
34 4 249 1
35 2 249 1
35 3 249 1
35 4 249 1
36 0 172 0.609459
36 0 249 0.390541
36 1 171 0.310048
36 1 249 0.689952
37 2 249 1
37 4 249 1
38 2 249 1
38 3 249 1
38 4 249 1
39 0 174 0.533375
39 0 249 0.466625
39 1 173 0.18417
39 1 249 0.81583
40 2 249 1
40 4 249 1
41 2 249 1
41 3 249 1
41 4 249 1
42 0 176 0.660472
42 0 249 0.339528
42 1 175 0.300842
42 1 249 0.699158
43 2 249 1
43 4 249 1
44 2 249 1
44 3 249 1
44 4 249 1
45 0 178 0.235332
45 0 249 0.764668
45 1 177 0.158666
45 1 249 0.841334
46 2 249 1
46 4 249 1
47 2 249 1
47 3 249 1
47 4 249 1
48 0 181 1
48 1 179 0.672369
48 1 249 0.327631
49 2 180 1
49 4 249 1
50 2 182 1
50 3 183 0.999998
50 3 249 1.80131e-06
50 4 249 1
51 0 185 0.182261
51 0 249 0.817739
51 1 184 0.0886159
51 1 249 0.911384
52 2 249 1
52 4 249 1
53 2 249 1
53 3 249 1
53 4 249 1
54 0 187 0.167359
54 0 249 0.832641
54 1 186 0.0574535
54 1 249 0.942547
55 2 249 1
55 4 249 1
56 2 249 1
56 3 249 1
56 4 249 1
57 0 189 0.434549
57 0 249 0.565451
57 1 188 0.0989805
57 1 249 0.90102
58 2 249 1
58 4 249 1
59 2 249 1
59 3 249 1
59 4 249 1
60 0 191 0.211441
60 0 249 0.788559
60 1 190 0.124991
60 1 249 0.875009
61 2 249 1
61 4 249 1
62 2 249 1
62 3 249 1
62 4 249 1
63 0 193 0.699784
63 0 249 0.300216
63 1 192 0.512066
63 1 249 0.487934
64 2 249 1
64 4 249 1
65 2 249 1
65 3 249 1
65 4 249 1
66 0 195 0.372632
66 0 249 0.627368
66 1 194 0.0614737
66 1 249 0.938526
67 2 249 1
67 4 249 1
68 2 249 1
68 3 249 1
68 4 249 1
69 0 197 0.498853
69 0 249 0.501147
69 1 196 0.0379072
69 1 249 0.962093
70 2 249 1
70 4 249 1
71 2 249 1
71 3 249 1
71 4 249 1
72 0 199 0.361629
72 0 249 0.638371
72 1 198 0.0111526
72 1 249 0.988847
73 2 249 1
73 4 249 1
74 2 249 1
74 3 249 1
74 4 249 1
75 0 201 0.27714
75 0 249 0.72286
75 1 200 0.052474
75 1 249 0.947526
76 2 249 1
76 4 249 1
77 2 249 1
77 3 249 1
77 4 249 1
78 0 203 0.0102629
78 0 249 0.989737
78 1 202 3.5317e-06
78 1 249 0.999996
79 2 249 1
79 4 249 1
80 2 249 1
80 3 249 1
80 4 249 1
81 0 205 0.677548
81 0 249 0.322452
81 1 204 0.484087
81 1 249 0.515913
82 2 249 1
82 4 249 1
83 2 249 1
83 3 249 1
83 4 249 1
84 0 207 0.630295
84 0 249 0.369705
84 1 206 0.439347
84 1 249 0.560653
85 2 249 1
85 4 249 1
86 2 249 1
86 3 249 1
86 4 249 1
87 0 209 0.589175
87 0 249 0.410825
87 1 208 0.253176
87 1 249 0.746824
88 2 249 1
88 4 249 1
89 2 249 1
89 3 249 1
89 4 249 1
90 0 211 0.606904
90 0 249 0.393096
90 1 210 0.427101
90 1 249 0.572899
91 2 249 1
91 4 249 1
92 2 249 1
92 3 249 1
92 4 249 1
93 0 213 0.16132
93 0 249 0.83868
93 1 212 0.103045
93 1 249 0.896955
94 2 249 1
94 4 249 1
95 2 249 1
95 3 249 1
95 4 249 1
96 0 216 1
96 1 214 0.672371
96 1 249 0.327629
97 2 215 1
97 4 249 1
98 2 217 1
98 3 218 0.999998
98 3 249 1.72239e-06
98 4 249 1
99 0 220 0.333622
99 0 249 0.666378
99 1 219 0.0994518
99 1 249 0.900548
100 2 249 1
100 4 249 1
101 2 249 1
101 3 249 1
101 4 249 1
102 0 222 0.255539
102 0 249 0.744461
102 1 221 0.0650257
102 1 249 0.934974
103 2 249 1
103 4 249 1
104 2 249 1
104 3 249 1
104 4 249 1
105 0 224 0.315866
105 0 249 0.684134
105 1 223 0.0942349
105 1 249 0.905765
106 2 249 1
106 4 249 1
107 2 249 1
107 3 249 1
107 4 249 1
108 0 226 0.308374
108 0 249 0.691626
108 1 225 0.127111
108 1 249 0.872889
109 2 249 1
109 4 249 1
110 2 249 1
110 3 249 1
110 4 249 1
111 0 228 0.823252
111 0 249 0.176748
111 1 227 0.602416
111 1 249 0.397584
112 2 249 1
112 4 249 1
113 2 249 1
113 3 249 1
113 4 249 1
114 0 230 0.576588
114 0 249 0.423412
114 1 229 0.393751
114 1 249 0.606249
115 2 249 1
115 4 249 1
116 2 249 1
116 3 249 1
116 4 249 1
117 0 232 0.799385
117 0 249 0.200615
117 1 231 0.578304
117 1 249 0.421696
118 2 249 1
118 4 249 1
119 2 249 1
119 3 249 1
119 4 249 1
120 0 234 0.645932
120 0 249 0.354068
120 1 233 0.271028
120 1 249 0.728972
121 2 249 1
121 4 249 1
122 2 249 1
122 3 249 1
122 4 249 1
123 0 236 0.604106
123 0 249 0.395894
123 1 235 0.458728
123 1 249 0.541272
124 2 249 1
124 4 249 1
125 2 249 1
125 3 249 1
125 4 249 1
126 0 238 0.00914464
126 0 249 0.990855
126 1 237 5.9492e-05
126 1 249 0.999941
127 2 249 1
127 4 249 1
128 2 249 1
128 3 249 1
128 4 249 1
129 0 240 0.230793
129 0 249 0.769207
129 1 249 1
131 2 249 1
131 3 249 1
131 4 249 1
132 0 242 0.469698
132 0 249 0.530302
132 1 241 0.114548
132 1 249 0.885452
133 2 249 1
133 4 249 1
134 2 249 1
134 3 249 1
134 4 249 1
135 0 244 0.364646
135 0 249 0.635354
135 1 243 0.0300353
135 1 249 0.969965
136 2 249 1
136 4 249 1
137 2 249 1
137 3 249 1
137 4 249 1
138 0 246 0.478572
138 0 249 0.521428
138 1 245 0.0748088
138 1 249 0.925191
139 2 249 1
139 4 249 1
140 2 249 1
140 3 249 1
140 4 249 1
141 0 248 0.0713937
141 0 249 0.928606
141 1 247 0.0354663
141 1 249 0.964534
142 2 249 1
142 4 249 1
143 2 249 1
143 3 249 1
143 4 249 1
144 5 1 0.466796
144 5 3 0.125754
144 5 18 0.216337
144 5 33 0.191113
145 5 6 0.242991
145 5 21 0.351486
145 5 36 0.405523
146 5 2 0.798888
146 5 15 0.015098
146 5 30 0.100547
146 5 45 0.085467
147 5 9 0.231449
147 5 24 0.374837
147 5 39 0.393714
148 5 12 0.231449
148 5 27 0.374837
148 5 42 0.393713
149 5 4 1
150 5 5 1
151 5 7 1
152 5 8 1
154 5 11 1
155 5 13 1
156 5 14 1
157 5 16 1
158 5 17 1
159 5 19 1
160 5 20 1
161 5 22 1
162 5 23 1
163 5 25 1
164 5 26 1
165 5 28 1
166 5 29 1
167 5 31 1
168 5 32 1
169 5 34 1
170 5 35 1
171 5 37 1
172 5 38 1
173 5 40 1
174 5 41 1
175 5 43 1
176 5 44 1
177 5 46 1
178 5 47 1
179 5 49 0.424369
179 5 51 0.269045
179 5 66 0.112652
179 5 81 0.193934
180 5 54 0.480822
180 5 69 0.148419
180 5 84 0.370758
181 5 50 0.658186
181 5 63 0.100547
181 5 78 0.085449
181 5 93 0.155818
182 5 57 0.454967
182 5 72 0.17404
182 5 87 0.370992
183 5 60 0.454968
183 5 75 0.17404
183 5 90 0.370992
184 5 52 1
185 5 53 1
186 5 55 1
187 5 56 1
188 5 58 1
189 5 59 1
190 5 61 1
191 5 62 1
192 5 64 1
193 5 65 1
194 5 67 1
195 5 68 1
196 5 70 1
197 5 71 1
198 5 73 1
199 5 74 1
200 5 76 1
201 5 77 1
202 5 79 1
203 5 80 1
204 5 82 1
205 5 83 1
206 5 85 1
207 5 86 1
208 5 88 1
209 5 89 1
210 5 91 1
211 5 92 1
212 5 94 1
213 5 95 1
214 5 97 0.487108
214 5 99 0.237675
214 5 114 0.193934
214 5 129 0.0812824
215 5 102 0.483293
215 5 117 0.323005
215 5 132 0.193702
216 5 98 0.688346
216 5 111 0.085467
216 5 126 0.155818
216 5 141 0.070369
217 5 105 0.45694
217 5 120 0.354737
217 5 135 0.188322
218 5 108 0.456941
218 5 123 0.354737
218 5 138 0.188322
219 5 100 1
220 5 101 1
221 5 103 1
222 5 104 1
223 5 106 1
224 5 107 1
225 5 109 1
226 5 110 1
227 5 112 1
228 5 113 1
229 5 115 1
230 5 116 1
231 5 118 1
232 5 119 1
233 5 121 1
234 5 122 1
235 5 124 1
236 5 125 1
237 5 127 1
238 5 128 1
240 5 131 1
241 5 133 1
242 5 134 1
243 5 136 1
244 5 137 1
245 5 139 1
246 5 140 1
247 5 142 1
248 5 143 1
