0 1 1 1
1 4 -3 1
2 3 3 1
2 4 -1 1
3 0 3 1
3 1 3 0.702668
3 1 7 0.297332
4 2 11 1
4 4 -7 1
5 2 7 1
5 3 7 0.315923
5 3 11 0.684077
5 4 -3 1
6 0 5 1
6 1 5 0.445126
6 1 9 0.554874
7 2 13 1
7 4 -9 1
8 2 9 1
8 3 9 0.0075307
8 3 13 0.992469
8 4 -5 1
9 0 3 1
9 1 3 0.602847
9 1 7 0.397153
11 2 7 1
11 3 7 0.76853
11 3 11 0.23147
11 4 -3 1
12 0 5 1
12 1 5 0.56228
12 1 9 0.43772
13 2 13 1
13 4 -9 1
14 2 9 1
14 3 13 1
14 4 -5 1
15 0 1 1
15 1 1 0.999999
15 1 5 5.96107e-07
16 2 9 1
16 4 -5 1
17 2 5 1
17 3 5 0.666044
17 3 9 0.333956
17 4 -1 1
18 0 -3 0.911939
18 0 0 0.0880613
18 1 -7 0.281905
18 1 3 0.718095
19 2 -11 0.900267
19 2 0 0.0997331
19 4 -7 1
20 2 -7 0.947311
20 2 0 0.0526891
20 3 -11 0.449368
20 3 7 0.550632
20 4 -3 1
21 0 -5 1
21 1 -9 0.49288
21 1 5 0.50712
22 2 -13 0.973066
22 2 0 0.0269342
22 4 -9 1
23 2 -9 0.942247
23 2 0 0.0577527
23 3 -13 0.635615
23 3 9 0.364385
23 4 -5 1
24 0 -3 0.899708
24 0 0 0.100292
24 1 -7 0.480033
24 1 3 0.519967
25 2 -11 0.980398
25 2 0 0.0196023
25 4 -7 1
26 2 -7 0.902066
26 2 0 0.097934
26 3 -11 0.600495
26 3 7 0.399505
26 4 -3 1
27 0 -5 0.908623
27 0 0 0.0913768
27 1 -9 0.247187
27 1 0 1.53216e-06
27 1 5 0.752812
28 2 -13 0.943294
28 2 0 0.0567059
28 4 -9 1
29 2 -9 0.89321
29 2 0 0.10679
29 3 -13 0.676947
29 3 9 0.323053
29 4 -5 1
30 0 -1 0.297031
30 0 0 0.702969
30 1 -5 0.219062
30 1 1 0.780938
31 2 -9 1
31 4 -5 1
32 2 -5 0.559652
32 2 0 0.440348
32 3 -9 0.559637
32 3 0 0.00762243
32 3 5 0.432741
32 4 -1 1
33 0 -3 0.999908
33 0 0 9.15765e-05
33 1 -7 0.260647
33 1 3 0.739353
34 2 -11 1
34 4 -7 1
35 2 -7 0.833458
35 2 0 0.166542
35 3 -11 0.833458
35 3 7 0.166542
35 4 -3 1
36 0 -5 0.911543
36 0 0 0.0884574
36 1 -9 0.567066
36 1 5 0.432934
37 2 -13 0.952432
37 2 0 0.0475677
37 4 -9 1
38 2 -9 0.999961
38 2 0 3.91386e-05
38 3 -13 0.68855
38 3 0 3.48334e-08
38 3 9 0.31145
38 4 -5 1
39 0 -3 0.877669
39 0 0 0.122331
39 1 -7 0.44945
39 1 3 0.55055
40 2 -11 0.932786
40 2 0 0.0672135
40 4 -7 1
41 2 -7 0.930345
41 2 0 0.0696547
41 3 -11 0.533143
41 3 7 0.466857
41 4 -3 1
42 0 -5 0.734123
42 0 0 0.265877
42 1 -9 0.578726
42 1 0 1.34782e-06
42 1 5 0.421273
43 2 -13 0.897685
43 2 0 0.102315
43 4 -9 1
44 2 -9 0.994002
44 2 0 0.00599813
44 3 -13 0.638307
44 3 9 0.361693
44 4 -5 1
45 0 -1 0.000269383
45 0 0 0.999731
45 1 -5 0.0562063
45 1 1 0.943794
46 2 -9 0.815963
46 2 0 0.184037
46 4 -5 1
47 2 -5 0.750227
47 2 0 0.249773
47 3 -9 0.750226
47 3 5 0.249774
47 4 -1 1
48 1 1 1
49 4 -3 1
50 3 3 1
50 4 -1 1
51 0 0 0.146593
51 0 3 0.853407
51 1 0 0.185625
51 1 3 0.814375
52 2 -11 0.787313
52 2 0 0.0651815
52 2 11 0.147506
52 4 -7 1
53 2 -7 0.382794
53 2 0 0.617091
53 2 7 0.000114871
53 3 -11 0.382794
53 3 0 0.422177
53 3 7 0.195029
53 3 11 2.96367e-07
53 4 -3 1
54 0 0 0.354368
54 0 5 0.645632
54 1 -9 4.23162e-07
54 1 0 0.396636
54 1 5 0.603364
55 2 -13 0.694207
55 2 0 0.305793
55 4 -9 1
56 2 -9 0.238319
56 2 0 0.761649
56 2 9 3.21217e-05
56 3 -13 0.238319
56 3 0 0.755921
56 3 9 0.00574415
56 3 13 1.55755e-05
56 4 -5 1
57 0 0 0.51388
57 0 3 0.48612
57 1 0 0.272168
57 1 3 0.727832
58 2 -11 1
58 4 -7 1
59 2 -7 0.227777
59 2 0 0.099732
59 2 7 0.672491
59 3 -11 0.227777
59 3 0 0.099732
59 3 7 0.670124
59 3 11 0.00236717
59 4 -3 1
60 0 0 0.28083
60 0 5 0.71917
60 1 0 0.298789
60 1 5 0.701211
61 2 -13 0.791894
61 2 0 0.114821
61 2 13 0.0932847
61 4 -9 1
62 2 -9 0.468118
62 2 0 0.531882
62 3 -13 0.468118
62 3 0 0.531882
62 4 -5 1
63 0 0 0.000290627
63 0 1 0.999709
63 1 -5 0.384697
63 1 0 1.83448e-07
63 1 1 0.615303
64 2 -9 0.999999
64 2 0 8.25068e-07
64 4 -5 1
65 2 -5 0.999984
65 2 0 3.22849e-06
65 2 5 1.2867e-05
65 3 -9 0.999984
65 3 0 3.14003e-06
65 3 5 1.27822e-05
65 3 9 1.73319e-07
65 4 -1 1
66 0 3 1
66 1 3 0.733888
66 1 7 0.266112
67 2 11 1
67 4 -7 1
68 2 7 1
68 3 7 0.99986
68 3 11 0.000140311
68 4 -3 1
69 0 5 1
69 1 5 0.530512
69 1 9 0.469488
70 2 13 1
70 4 -9 1
71 2 9 1
71 3 9 0.946635
71 3 13 0.0533655
71 4 -5 1
72 0 3 1
72 1 3 0.66353
72 1 7 0.33647
73 2 11 1
73 4 -7 1
74 2 7 1
74 3 7 0.999873
74 3 11 0.000127322
74 4 -3 1
75 0 5 1
75 1 5 0.779716
75 1 9 0.220284
76 2 13 1
76 4 -9 1
77 2 9 1
77 3 9 0.999985
77 3 13 1.50939e-05
77 4 -5 1
78 0 1 1
78 1 1 0.871128
78 1 5 0.128872
79 2 9 1
79 4 -5 1
80 2 5 1
80 3 5 0.60395
80 3 9 0.39605
80 4 -1 1
81 0 0 0.999634
81 0 3 0.000366205
81 1 0 0.187297
81 1 3 0.812703
82 2 -11 1
82 4 -7 1
83 2 -7 0.714468
83 2 7 0.285532
83 3 -11 0.714468
83 3 7 0.285532
83 4 -3 1
84 0 0 0.720375
84 0 5 0.279625
84 1 0 0.52207
84 1 5 0.47793
85 2 -13 0.79342
85 2 0 0.106126
85 2 13 0.100454
85 4 -9 1
86 2 -9 0.553054
86 2 0 0.446833
86 2 9 0.00011325
86 3 -13 0.553054
86 3 0 0.221562
86 3 9 0.225384
86 3 13 1.00792e-07
86 4 -5 1
87 0 0 0.642043
87 0 3 0.357957
87 1 -7 0.169318
87 1 0 0.231558
87 1 3 0.599124
88 2 -11 0.874039
88 2 11 0.125961
88 4 -7 1
89 2 -7 0.590209
89 2 0 0.24734
89 2 7 0.162451
89 3 -11 0.590209
89 3 0 0.0157481
89 3 7 0.394043
89 4 -3 1
90 0 0 0.408384
90 0 5 0.591616
90 1 0 0.454876
90 1 5 0.545119
90 1 9 4.23753e-06
91 2 -13 0.814181
91 2 0 0.000153405
91 2 13 0.185665
91 4 -9 1
92 2 -9 0.572969
92 2 0 0.410214
92 2 9 0.0168164
92 3 -13 0.572969
92 3 0 0.160906
92 3 9 0.266124
92 4 -5 1
93 0 0 6.73595e-05
93 0 1 0.999933
93 1 -5 0.0287925
93 1 0 6.26058e-05
93 1 1 0.971145
94 2 -9 0.689132
94 2 0 3.74432e-06
94 2 9 0.310865
94 4 -5 1
95 2 -5 0.60028
95 2 0 7.8519e-06
95 2 5 0.399712
95 3 -9 0.60028
95 3 0 7.53751e-06
95 3 5 0.399713
95 4 -1 1
96 1 1 1
97 4 -3 1
98 3 3 1
98 4 -1 1
99 0 -3 0.407265
99 0 0 0.592735
99 1 -7 0.425305
99 1 3 0.574695
100 2 -11 0.92561
100 2 0 0.0743905
100 4 -7 1
101 2 -7 0.999964
101 2 0 3.5519e-05
101 3 -11 0.758888
101 3 0 9.16391e-08
101 3 7 0.241112
101 4 -3 1
102 0 -5 0.687058
102 0 0 0.312942
102 1 -9 0.693138
102 1 5 0.306862
103 2 -13 1
103 4 -9 1
104 2 -9 0.999991
104 2 0 9.11702e-06
104 3 -13 0.993488
104 3 0 4.42075e-06
104 3 9 0.0065073
104 4 -5 1
105 0 -3 0.808738
105 0 0 0.191262
105 1 -7 0.515523
105 1 3 0.484477
106 2 -11 1
106 4 -7 1
107 2 -7 0.559592
107 2 0 0.440408
107 3 -11 0.559592
107 3 0 0.00155024
107 3 7 0.438857
107 4 -3 1
108 0 -5 0.609675
108 0 0 0.390325
108 1 -9 0.570311
108 1 5 0.429689
109 2 -13 0.956335
109 2 0 0.0436653
109 4 -9 1
110 2 -9 1
110 3 -13 1
110 4 -5 1
111 0 -1 0.0011615
111 0 0 0.998839
111 1 -5 0.555422
111 1 1 0.444578
112 2 -9 1
112 4 -5 1
113 2 -5 0.999994
113 2 0 6.43354e-06
113 3 -9 0.999993
113 3 0 8.66598e-08
113 3 5 6.52381e-06
113 4 -1 1
114 0 0 0.721366
114 0 3 0.278634
114 1 0 0.239301
114 1 3 0.760699
115 2 -11 0.818623
115 2 11 0.181377
115 4 -7 1
116 2 -7 0.559036
116 2 0 0.309844
116 2 7 0.13112
116 3 -11 0.559036
116 3 0 5.26734e-05
116 3 7 0.440912
116 4 -3 1
117 0 0 1
117 1 0 0.428788
117 1 5 0.571212
118 2 -13 0.947532
118 2 0 1.20555e-05
118 2 13 0.0524562
118 4 -9 1
119 2 -9 0.685481
119 2 0 0.185107
119 2 9 0.129412
119 3 -13 0.685481
119 3 0 0.0133314
119 3 9 0.301188
119 4 -5 1
120 0 0 0.691618
120 0 3 0.308382
120 1 -7 0.204272
120 1 0 0.214117
120 1 3 0.581612
121 2 -11 0.961469
121 2 0 7.69816e-05
121 2 11 0.0384539
121 4 -7 1
122 2 -7 0.633958
122 2 0 0.159238
122 2 7 0.206804
122 3 -11 0.633958
122 3 0 3.344e-05
122 3 7 0.366009
122 4 -3 1
123 0 0 0.713132
123 0 5 0.286868
123 1 0 0.1809
123 1 5 0.819096
123 1 9 4.48514e-06
124 2 -13 0.892674
124 2 13 0.107326
124 4 -9 1
125 2 -9 0.677852
125 2 0 0.10828
125 2 9 0.213867
125 3 -13 0.677852
125 3 0 3.24841e-06
125 3 9 0.322145
125 4 -5 1
126 0 -1 6.12074e-08
126 0 0 0.0955419
126 0 1 0.904458
126 1 -5 1.64047e-07
126 1 0 0.0706761
126 1 1 0.929324
127 2 -9 0.967445
127 2 0 0.0325548
127 4 -5 1
128 2 -5 0.0063096
128 2 0 0.237205
128 2 5 0.756485
128 3 -9 0.00630632
128 3 0 0.237201
128 3 5 0.743398
128 3 9 0.0130948
128 4 -1 1
129 0 3 1
129 1 3 0.769449
129 1 7 0.230551
131 2 7 1
131 3 7 1
131 4 -3 1
132 0 5 1
132 1 5 0.44877
132 1 9 0.55123
133 2 13 1
133 4 -9 1
134 2 9 1
134 3 9 0.504213
134 3 13 0.495787
134 4 -5 1
135 0 3 1
135 1 3 0.664164
135 1 7 0.335836
136 2 11 1
136 4 -7 1
137 2 7 1
137 3 7 0.95207
137 3 11 0.04793
137 4 -3 1
138 0 5 1
138 1 5 0.469425
138 1 9 0.530575
139 2 13 1
139 4 -9 1
140 2 9 1
140 3 9 0.615629
140 3 13 0.384371
140 4 -5 1
141 0 1 1
141 1 1 0.999871
141 1 5 0.000128915
142 2 9 1
142 4 -5 1
143 2 5 1
143 3 5 0.999962
143 3 9 3.77132e-05
143 4 -1 1
