10000 -0.615736
20000 -0.59082
30000 -0.534961
40000 -0.569241
50000 -0.580034
60000 -0.584401
70000 -0.501611
80000 -0.609647
90000 -0.571857
100000 -0.539776
110000 -0.591757
120000 -0.46538
130000 -0.544891
140000 -0.5166
150000 -0.582574
160000 -0.573118
170000 -0.567461
180000 -0.50804
190000 -0.536647
200000 -0.565081
210000 -0.51294
220000 -0.506322
230000 -0.564144
240000 -0.445978
250000 -0.524299
260000 -0.567456
270000 -0.498242
280000 -0.415557
290000 -0.544413
300000 -0.51659
310000 -0.571989
320000 -0.449045
330000 -0.602116
340000 -0.555264
350000 -0.404236
360000 -0.551041
370000 -0.489136
380000 -0.498151
390000 -0.540297
400000 -0.439769
410000 -0.37416
420000 -0.522468
430000 -0.471665
440000 -0.422503
450000 -0.45617
460000 -0.376139
470000 -0.437954
480000 -0.494053
490000 -0.462197
500000 -0.409852
510000 -0.363786
520000 -0.374171
530000 -0.428912
540000 -0.462719
550000 -0.418169
560000 -0.357481
570000 -0.388968
580000 -0.377717
590000 -0.423411
600000 -0.359466
610000 -0.353053
620000 -0.327837
630000 -0.346042
640000 -0.374077
650000 -0.353093
660000 -0.344107
670000 -0.349818
680000 -0.326402
690000 -0.40025
700000 -0.306695
710000 -0.311001
720000 -0.368861
730000 -0.388757
740000 -0.33674
750000 -0.324926
760000 -0.36762
770000 -0.344119
780000 -0.319923
790000 -0.337356
800000 -0.368224
810000 -0.296582
820000 -0.338025
830000 -0.302007
840000 -0.325477
850000 -0.276837
860000 -0.362451
870000 -0.309159
880000 -0.316735
890000 -0.304695
900000 -0.301102
910000 -0.310006
920000 -0.301982
930000 -0.316516
940000 -0.332596
950000 -0.315311
960000 -0.29976
970000 -0.293981
980000 -0.289354
990000 -0.276065
1000000 -0.29624
