10000 -0.604867
20000 -0.547974
30000 -0.584934
40000 -0.484233
50000 -0.513935
60000 -0.469247
70000 -0.580229
80000 -0.490289
90000 -0.572492
100000 -0.480577
110000 -0.589697
120000 -0.584276
130000 -0.613589
140000 -0.632407
150000 -0.499967
160000 -0.465231
170000 -0.488797
180000 -0.546704
190000 -0.443608
200000 -0.495484
210000 -0.532771
220000 -0.405178
230000 -0.509976
240000 -0.500717
250000 -0.47672
260000 -0.438193
270000 -0.470832
280000 -0.469673
290000 -0.622016
300000 -0.498369
310000 -0.448168
320000 -0.522703
330000 -0.558564
340000 -0.51855
350000 -0.555332
360000 -0.473629
370000 -0.453383
380000 -0.508911
390000 -0.4672
400000 -0.377117
410000 -0.529812
420000 -0.484784
430000 -0.431748
440000 -0.414709
450000 -0.448925
460000 -0.380384
470000 -0.395339
480000 -0.38592
490000 -0.356076
500000 -0.391802
510000 -0.31118
520000 -0.325271
530000 -0.327189
540000 -0.345919
550000 -0.319277
560000 -0.33408
570000 -0.33599
580000 -0.264661
590000 -0.340699
600000 -0.287193
610000 -0.2645
620000 -0.316961
630000 -0.326188
640000 -0.314238
650000 -0.258932
660000 -0.288769
670000 -0.294641
680000 -0.331082
690000 -0.316578
700000 -0.346429
710000 -0.265104
720000 -0.320022
730000 -0.245687
740000 -0.253845
750000 -0.245378
760000 -0.300008
770000 -0.294889
780000 -0.339683
790000 -0.253402
800000 -0.273977
810000 -0.300557
820000 -0.282329
830000 -0.25737
840000 -0.290326
850000 -0.284417
860000 -0.257056
870000 -0.341595
880000 -0.236476
890000 -0.238722
900000 -0.257188
910000 -0.230448
920000 -0.225334
930000 -0.275047
940000 -0.288272
950000 -0.278476
960000 -0.265411
970000 -0.276981
980000 -0.237842
990000 -0.244704
1000000 -0.276163
