10000 -0.501782
20000 -0.506827
30000 -0.505461
40000 -0.629169
50000 -0.638367
60000 -0.530374
70000 -0.598913
80000 -0.594261
90000 -0.554824
100000 -0.581714
110000 -0.561345
120000 -0.558096
130000 -0.562945
140000 -0.540009
150000 -0.574197
160000 -0.54199
170000 -0.550221
180000 -0.54014
190000 -0.485913
200000 -0.582959
210000 -0.565337
220000 -0.544576
230000 -0.529585
240000 -0.54643
250000 -0.536983
260000 -0.469071
270000 -0.478758
280000 -0.555503
290000 -0.52739
300000 -0.578775
310000 -0.495082
320000 -0.540362
330000 -0.545016
340000 -0.513577
350000 -0.500348
360000 -0.456952
370000 -0.455365
380000 -0.526875
390000 -0.560907
400000 -0.499095
410000 -0.519004
420000 -0.462806
430000 -0.457522
440000 -0.381783
450000 -0.468743
460000 -0.429818
470000 -0.40682
480000 -0.319662
490000 -0.422141
500000 -0.415266
510000 -0.468442
520000 -0.340702
530000 -0.325325
540000 -0.343296
550000 -0.372757
560000 -0.389872
570000 -0.357315
580000 -0.28068
590000 -0.265523
600000 -0.31914
610000 -0.338495
620000 -0.405173
630000 -0.325454
640000 -0.269574
650000 -0.287282
660000 -0.277094
670000 -0.343157
680000 -0.265322
690000 -0.340589
700000 -0.289265
710000 -0.263598
720000 -0.232694
730000 -0.311277
740000 -0.268914
750000 -0.259957
760000 -0.236724
770000 -0.251912
780000 -0.284049
790000 -0.302665
800000 -0.347188
810000 -0.283512
820000 -0.274905
830000 -0.286937
840000 -0.289716
850000 -0.289181
860000 -0.249576
870000 -0.235875
880000 -0.286048
890000 -0.251853
900000 -0.231519
910000 -0.291835
920000 -0.29018
930000 -0.231133
940000 -0.240337
950000 -0.257697
960000 -0.269469
970000 -0.285824
980000 -0.222203
990000 -0.247634
1000000 -0.23087
