10000 -0.601048
20000 -0.547456
30000 -0.615958
40000 -0.536457
50000 -0.562745
60000 -0.567578
70000 -0.543581
80000 -0.560353
90000 -0.440093
100000 -0.555074
110000 -0.466217
120000 -0.56864
130000 -0.566498
140000 -0.545885
150000 -0.457171
160000 -0.548023
170000 -0.488712
180000 -0.517158
190000 -0.565813
200000 -0.523173
210000 -0.567558
220000 -0.497798
230000 -0.606564
240000 -0.490478
250000 -0.583149
260000 -0.546872
270000 -0.524876
280000 -0.5286
290000 -0.525372
300000 -0.444742
310000 -0.483454
320000 -0.542497
330000 -0.461838
340000 -0.446314
350000 -0.5878
360000 -0.527868
370000 -0.53472
380000 -0.471711
390000 -0.605184
400000 -0.54146
410000 -0.41579
420000 -0.356274
430000 -0.469409
440000 -0.509122
450000 -0.453551
460000 -0.483499
470000 -0.408486
480000 -0.431977
490000 -0.416211
500000 -0.401128
510000 -0.394562
520000 -0.416369
530000 -0.274742
540000 -0.384161
550000 -0.358307
560000 -0.315381
570000 -0.377966
580000 -0.422078
590000 -0.314498
600000 -0.387455
610000 -0.292297
620000 -0.327494
630000 -0.259423
640000 -0.28711
650000 -0.288129
660000 -0.300685
670000 -0.303538
680000 -0.326634
690000 -0.278439
700000 -0.317092
710000 -0.284938
720000 -0.263304
730000 -0.34696
740000 -0.333623
750000 -0.279256
760000 -0.2533
770000 -0.306838
780000 -0.251495
790000 -0.246657
800000 -0.290359
810000 -0.259558
820000 -0.292254
830000 -0.271219
840000 -0.25146
850000 -0.283098
860000 -0.284791
870000 -0.248691
880000 -0.244631
890000 -0.286413
900000 -0.251168
910000 -0.248932
920000 -0.239719
930000 -0.25859
940000 -0.273518
950000 -0.250049
960000 -0.255362
970000 -0.273962
980000 -0.325164
990000 -0.236611
1000000 -0.249039
