10000 -0.570874
20000 -0.598428
30000 -0.546329
40000 -0.591471
50000 -0.481932
60000 -0.564342
70000 -0.466917
80000 -0.598611
90000 -0.511681
100000 -0.518219
110000 -0.565682
120000 -0.560066
130000 -0.627122
140000 -0.457067
150000 -0.532018
160000 -0.495124
170000 -0.501695
180000 -0.564435
190000 -0.486084
200000 -0.546628
210000 -0.484346
220000 -0.5754
230000 -0.553743
240000 -0.546696
250000 -0.569879
260000 -0.54513
270000 -0.55758
280000 -0.501962
290000 -0.510492
300000 -0.513928
310000 -0.524216
320000 -0.499815
330000 -0.483109
340000 -0.543655
350000 -0.534615
360000 -0.433582
370000 -0.458304
380000 -0.613074
390000 -0.56442
400000 -0.548736
410000 -0.401583
420000 -0.57789
430000 -0.511338
440000 -0.518633
450000 -0.523183
460000 -0.397971
470000 -0.447417
480000 -0.432293
490000 -0.488065
500000 -0.420152
510000 -0.516035
520000 -0.372961
530000 -0.427692
540000 -0.523241
550000 -0.388049
560000 -0.395377
570000 -0.36616
580000 -0.406902
590000 -0.355392
600000 -0.396483
610000 -0.341174
620000 -0.368476
630000 -0.32624
640000 -0.350714
650000 -0.37427
660000 -0.314177
670000 -0.378356
680000 -0.354633
690000 -0.319326
700000 -0.344191
710000 -0.324757
720000 -0.309339
730000 -0.372809
740000 -0.295667
750000 -0.361859
760000 -0.31716
770000 -0.356172
780000 -0.334866
790000 -0.31401
800000 -0.333792
810000 -0.344821
820000 -0.324843
830000 -0.311007
840000 -0.332093
850000 -0.302764
860000 -0.333855
870000 -0.32648
880000 -0.34321
890000 -0.301672
900000 -0.321236
910000 -0.36513
920000 -0.3096
930000 -0.29304
940000 -0.305344
950000 -0.340239
960000 -0.328607
970000 -0.323026
980000 -0.333113
990000 -0.330329
1000000 -0.394345
