10000 -0.512492
20000 -0.541481
30000 -0.590354
40000 -0.605151
50000 -0.513985
60000 -0.481186
70000 -0.537252
80000 -0.520606
90000 -0.578862
100000 -0.555273
110000 -0.580662
120000 -0.467041
130000 -0.586084
140000 -0.46301
150000 -0.451322
160000 -0.575797
170000 -0.6274
180000 -0.521148
190000 -0.553157
200000 -0.539215
210000 -0.542032
220000 -0.508107
230000 -0.52797
240000 -0.543006
250000 -0.507766
260000 -0.4948
270000 -0.510049
280000 -0.460243
290000 -0.520521
300000 -0.474835
310000 -0.489435
320000 -0.598043
330000 -0.512393
340000 -0.56932
350000 -0.477545
360000 -0.517794
370000 -0.530985
380000 -0.436846
390000 -0.497149
400000 -0.468803
410000 -0.538824
420000 -0.551075
430000 -0.485492
440000 -0.537627
450000 -0.466174
460000 -0.512849
470000 -0.401865
480000 -0.474296
490000 -0.430195
500000 -0.469891
510000 -0.430711
520000 -0.455452
530000 -0.519551
540000 -0.415813
550000 -0.412733
560000 -0.414298
570000 -0.470244
580000 -0.31507
590000 -0.392053
600000 -0.395589
610000 -0.435547
620000 -0.306764
630000 -0.369166
640000 -0.412208
650000 -0.368559
660000 -0.396253
670000 -0.327599
680000 -0.300099
690000 -0.394045
700000 -0.330751
710000 -0.340662
720000 -0.32879
730000 -0.316131
740000 -0.375637
750000 -0.331154
760000 -0.366595
770000 -0.326877
780000 -0.318626
790000 -0.314968
800000 -0.366825
810000 -0.341701
820000 -0.344195
830000 -0.308694
840000 -0.309615
850000 -0.326016
860000 -0.320541
870000 -0.347594
880000 -0.321631
890000 -0.347021
900000 -0.309752
910000 -0.277525
920000 -0.331139
930000 -0.329782
940000 -0.297406
950000 -0.322867
960000 -0.327395
970000 -0.318147
980000 -0.3303
990000 -0.338134
1000000 -0.297567
