10000 -0.342378
20000 -0.372044
30000 -0.389007
40000 -0.397761
50000 -0.400354
60000 -0.402376
70000 -0.40373
80000 -0.404426
90000 -0.403539
100000 -0.402146
110000 -0.401161
120000 -0.400382
130000 -0.399959
140000 -0.398478
150000 -0.39729
160000 -0.396404
170000 -0.395512
180000 -0.39383
190000 -0.392643
200000 -0.39084
210000 -0.388867
220000 -0.38739
230000 -0.386126
240000 -0.384544
250000 -0.382917
260000 -0.381533
270000 -0.38001
280000 -0.378397
290000 -0.376327
300000 -0.374369
310000 -0.372568
320000 -0.370378
330000 -0.368136
340000 -0.365913
350000 -0.363615
360000 -0.36139
370000 -0.359188
380000 -0.356541
390000 -0.353511
400000 -0.350558
410000 -0.347484
420000 -0.344467
430000 -0.341276
440000 -0.338177
450000 -0.334712
460000 -0.331265
470000 -0.32764
480000 -0.324171
490000 -0.320769
500000 -0.317221
510000 -0.313847
520000 -0.310396
530000 -0.307127
540000 -0.303707
550000 -0.300562
560000 -0.297577
570000 -0.294615
580000 -0.291672
590000 -0.288251
600000 -0.284786
610000 -0.28125
620000 -0.277898
630000 -0.274529
640000 -0.271249
650000 -0.268067
660000 -0.264979
670000 -0.261946
680000 -0.259015
690000 -0.256179
700000 -0.253385
710000 -0.250653
720000 -0.247974
730000 -0.245423
740000 -0.242935
750000 -0.240476
760000 -0.2381
770000 -0.235766
780000 -0.233492
790000 -0.231261
800000 -0.229165
810000 -0.227039
820000 -0.225028
830000 -0.223074
840000 -0.221116
850000 -0.219247
860000 -0.217389
870000 -0.215558
880000 -0.21381
890000 -0.212077
900000 -0.210463
910000 -0.208813
920000 -0.2072
930000 -0.205606
940000 -0.204082
950000 -0.202539
960000 -0.201056
970000 -0.199622
980000 -0.198174
990000 -0.196775
