10000 -0.333259
20000 -0.365111
30000 -0.377567
40000 -0.383922
50000 -0.390168
60000 -0.392454
70000 -0.394259
80000 -0.395188
90000 -0.396532
100000 -0.398012
110000 -0.397564
120000 -0.397099
130000 -0.396674
140000 -0.396459
150000 -0.396512
160000 -0.395802
170000 -0.395267
180000 -0.394861
190000 -0.394437
200000 -0.39433
210000 -0.393594
220000 -0.392848
230000 -0.391886
240000 -0.390592
250000 -0.389424
260000 -0.388147
270000 -0.387175
280000 -0.386323
290000 -0.385479
300000 -0.384553
310000 -0.383407
320000 -0.381955
330000 -0.380578
340000 -0.379257
350000 -0.377849
360000 -0.37656
370000 -0.375103
380000 -0.373707
390000 -0.372004
400000 -0.370192
410000 -0.368588
420000 -0.36723
430000 -0.365701
440000 -0.364146
450000 -0.362735
460000 -0.361238
470000 -0.359836
480000 -0.358345
490000 -0.35694
500000 -0.355627
510000 -0.354144
520000 -0.352933
530000 -0.351709
540000 -0.350483
550000 -0.349302
560000 -0.348234
570000 -0.347218
580000 -0.346158
590000 -0.345122
600000 -0.344312
610000 -0.343565
620000 -0.342571
630000 -0.341816
640000 -0.340849
650000 -0.340103
660000 -0.339272
670000 -0.338381
680000 -0.337534
690000 -0.336761
700000 -0.336011
710000 -0.33525
720000 -0.334521
730000 -0.333762
740000 -0.332996
750000 -0.33235
760000 -0.331659
770000 -0.330942
780000 -0.330355
790000 -0.329684
800000 -0.329053
810000 -0.328381
820000 -0.327791
830000 -0.32721
840000 -0.326622
850000 -0.325971
860000 -0.325436
870000 -0.324849
880000 -0.324321
890000 -0.323207
900000 -0.321814
910000 -0.319775
920000 -0.317642
930000 -0.31549
940000 -0.313339
950000 -0.311198
960000 -0.309151
970000 -0.307134
980000 -0.305155
990000 -0.303204
