10000 -0.33558
20000 -0.35319
30000 -0.349025
40000 -0.349531
50000 -0.350519
60000 -0.349936
70000 -0.347145
80000 -0.346331
90000 -0.345292
100000 -0.344275
110000 -0.34351
120000 -0.342647
130000 -0.341423
140000 -0.340611
150000 -0.339671
160000 -0.338425
170000 -0.337346
180000 -0.336275
190000 -0.334983
200000 -0.333953
210000 -0.332925
220000 -0.332084
230000 -0.33161
240000 -0.330716
250000 -0.329948
260000 -0.329021
270000 -0.328206
280000 -0.32756
290000 -0.327088
300000 -0.326397
310000 -0.325726
320000 -0.325126
330000 -0.324441
340000 -0.323788
350000 -0.323151
360000 -0.32292
370000 -0.322351
380000 -0.321825
390000 -0.321115
400000 -0.320543
410000 -0.319939
420000 -0.319419
430000 -0.318638
440000 -0.31818
450000 -0.317701
460000 -0.317282
470000 -0.316712
480000 -0.316286
490000 -0.315812
500000 -0.315356
510000 -0.314915
520000 -0.314633
530000 -0.314269
540000 -0.313883
550000 -0.313565
560000 -0.313227
570000 -0.312745
580000 -0.312371
590000 -0.312136
600000 -0.311752
610000 -0.31153
620000 -0.311146
630000 -0.310836
640000 -0.310524
650000 -0.310252
660000 -0.310146
670000 -0.310014
680000 -0.309779
690000 -0.30956
700000 -0.309306
710000 -0.308892
720000 -0.308689
730000 -0.308381
740000 -0.308243
750000 -0.308029
760000 -0.307808
770000 -0.307611
780000 -0.307371
790000 -0.307111
800000 -0.306911
810000 -0.306657
820000 -0.306461
830000 -0.30624
840000 -0.30597
850000 -0.305765
860000 -0.305599
870000 -0.305469
880000 -0.305304
890000 -0.30513
900000 -0.30501
910000 -0.304885
920000 -0.304748
930000 -0.304576
940000 -0.304443
950000 -0.304043
960000 -0.303174
970000 -0.30186
980000 -0.300565
990000 -0.299134
