10000 -0.327589
20000 -0.357957
30000 -0.375768
40000 -0.381949
50000 -0.384197
60000 -0.3875
70000 -0.388139
80000 -0.388051
90000 -0.387348
100000 -0.384644
110000 -0.381177
120000 -0.376522
130000 -0.371086
140000 -0.365917
150000 -0.360654
160000 -0.356043
170000 -0.351066
180000 -0.345984
190000 -0.341622
200000 -0.337134
210000 -0.333114
220000 -0.329359
230000 -0.326231
240000 -0.322865
250000 -0.319711
260000 -0.316706
270000 -0.314314
280000 -0.311757
290000 -0.309153
300000 -0.306633
310000 -0.304407
320000 -0.302081
330000 -0.299925
340000 -0.297865
350000 -0.295825
360000 -0.294157
370000 -0.292252
380000 -0.290303
390000 -0.288497
400000 -0.287021
410000 -0.28531
420000 -0.283747
430000 -0.282052
440000 -0.2804
450000 -0.278702
460000 -0.277255
470000 -0.275833
480000 -0.274476
490000 -0.273298
500000 -0.271961
510000 -0.270594
520000 -0.269373
530000 -0.268263
540000 -0.26702
550000 -0.265813
560000 -0.264787
570000 -0.263632
580000 -0.262521
590000 -0.261498
600000 -0.26051
610000 -0.259519
620000 -0.258517
630000 -0.257486
640000 -0.256582
650000 -0.255869
660000 -0.255024
670000 -0.25407
680000 -0.253272
690000 -0.252493
700000 -0.251799
710000 -0.250995
720000 -0.250237
730000 -0.249571
740000 -0.248881
750000 -0.248185
760000 -0.247672
770000 -0.247002
780000 -0.246405
790000 -0.245737
800000 -0.244993
810000 -0.24449
820000 -0.244138
830000 -0.243523
840000 -0.242809
850000 -0.242234
860000 -0.241673
870000 -0.241144
880000 -0.24059
890000 -0.240017
900000 -0.239559
910000 -0.239001
920000 -0.238452
930000 -0.23799
940000 -0.237509
950000 -0.23696
960000 -0.23651
970000 -0.236061
980000 -0.235606
990000 -0.235124
