10000 -0.33037
20000 -0.353819
30000 -0.372578
40000 -0.382602
50000 -0.39035
60000 -0.395895
70000 -0.399634
80000 -0.403107
90000 -0.403814
100000 -0.405195
110000 -0.406349
120000 -0.4071
130000 -0.406766
140000 -0.407308
150000 -0.406641
160000 -0.405329
170000 -0.403631
180000 -0.401603
190000 -0.400316
200000 -0.398157
210000 -0.395746
220000 -0.393158
230000 -0.390202
240000 -0.387507
250000 -0.384687
260000 -0.381748
270000 -0.379118
280000 -0.377125
290000 -0.374965
300000 -0.372613
310000 -0.370355
320000 -0.368204
330000 -0.366197
340000 -0.364009
350000 -0.361992
360000 -0.360084
370000 -0.358542
380000 -0.356756
390000 -0.355209
400000 -0.353707
410000 -0.352028
420000 -0.350257
430000 -0.348437
440000 -0.346928
450000 -0.345296
460000 -0.343604
470000 -0.34216
480000 -0.340434
490000 -0.338813
500000 -0.337365
510000 -0.335858
520000 -0.334432
530000 -0.333249
540000 -0.331777
550000 -0.330543
560000 -0.329163
570000 -0.327967
580000 -0.32662
590000 -0.32533
600000 -0.323866
610000 -0.322738
620000 -0.321561
630000 -0.320417
640000 -0.319377
650000 -0.318265
660000 -0.317067
670000 -0.316111
680000 -0.314988
690000 -0.313919
700000 -0.312961
710000 -0.311994
720000 -0.311097
730000 -0.310103
740000 -0.30923
750000 -0.308494
760000 -0.307433
770000 -0.306516
780000 -0.30552
790000 -0.304644
800000 -0.303755
810000 -0.302855
820000 -0.301981
830000 -0.301186
840000 -0.300306
850000 -0.299418
860000 -0.298565
870000 -0.297755
880000 -0.29697
890000 -0.296169
900000 -0.295469
910000 -0.294679
920000 -0.29392
930000 -0.293135
940000 -0.29247
950000 -0.291786
960000 -0.291113
970000 -0.290389
980000 -0.289676
990000 -0.288956
