10000 -0.455892
20000 -0.394104
30000 -0.37109
40000 -0.366818
50000 -0.359258
60000 -0.347789
70000 -0.344202
80000 -0.346356
90000 -0.33859
100000 -0.336716
110000 -0.334991
120000 -0.331765
130000 -0.329028
140000 -0.329459
150000 -0.330972
160000 -0.323863
170000 -0.32141
180000 -0.32059
190000 -0.318316
200000 -0.315453
210000 -0.312804
220000 -0.313071
230000 -0.311678
240000 -0.31102
250000 -0.310706
260000 -0.309838
270000 -0.309895
280000 -0.308283
290000 -0.308952
300000 -0.309181
310000 -0.306886
320000 -0.306535
330000 -0.30469
340000 -0.303419
350000 -0.303419
360000 -0.302568
370000 -0.301145
380000 -0.300054
390000 -0.29898
400000 -0.298381
410000 -0.297349
420000 -0.297734
430000 -0.296302
440000 -0.295982
450000 -0.295502
460000 -0.294438
470000 -0.294777
480000 -0.294249
490000 -0.29365
500000 -0.293585
510000 -0.293672
520000 -0.293622
530000 -0.294384
540000 -0.294006
550000 -0.293489
560000 -0.292254
570000 -0.292357
580000 -0.292427
590000 -0.29236
600000 -0.292074
610000 -0.292048
620000 -0.291522
630000 -0.291455
640000 -0.291589
650000 -0.291904
660000 -0.291701
670000 -0.291468
680000 -0.291207
690000 -0.290972
700000 -0.290765
710000 -0.290472
720000 -0.290581
730000 -0.29187
740000 -0.291298
750000 -0.290916
760000 -0.290744
770000 -0.291314
780000 -0.290765
790000 -0.289852
800000 -0.290546
810000 -0.290127
820000 -0.289549
830000 -0.289956
840000 -0.289127
850000 -0.289521
860000 -0.290501
870000 -0.28905
880000 -0.29211
890000 -0.29279
900000 -0.293814
910000 -0.293066
920000 -0.29302
930000 -0.291028
940000 -0.291346
950000 -0.238914
960000 -0.183932
970000 -0.178112
980000 -0.165275
990000 -0.154548
