10000 0.452947
20000 0.414746
30000 0.39397
40000 0.380362
50000 0.359711
60000 0.34062
70000 0.324078
80000 0.312139
90000 0.301051
100000 0.292769
110000 0.283819
120000 0.268762
130000 0.25305
140000 0.238738
150000 0.224736
160000 0.211895
170000 0.200528
180000 0.190141
190000 0.180853
200000 0.172487
210000 0.164917
220000 0.158035
230000 0.151752
240000 0.145992
250000 0.140693
260000 0.135801
270000 0.131272
280000 0.127067
290000 0.123151
300000 0.119497
310000 0.116078
320000 0.112873
330000 0.109862
340000 0.107028
350000 0.104356
360000 0.101833
370000 0.099446
380000 0.0971846
390000 0.0950393
400000 0.0930012
410000 0.0910625
420000 0.0892161
430000 0.0874556
440000 0.0857751
450000 0.0841694
460000 0.0826334
470000 0.0811628
480000 0.0797535
490000 0.0784017
500000 0.0771039
510000 0.0758571
520000 0.0746582
530000 0.0735046
540000 0.0723937
550000 0.0713231
560000 0.0702908
570000 0.0692948
580000 0.0683331
590000 0.0674039
600000 0.0665058
610000 0.0656371
620000 0.0647964
630000 0.0639824
640000 0.0631939
650000 0.0624296
660000 0.0616885
670000 0.0609695
680000 0.0602716
690000 0.059594
700000 0.0589357
710000 0.058296
720000 0.057674
730000 0.0570691
740000 0.0564805
750000 0.0559077
760000 0.0553499
770000 0.0548065
780000 0.0542772
790000 0.0537612
800000 0.0532581
810000 0.0527675
820000 0.0522888
830000 0.0518216
840000 0.0513656
850000 0.0509203
860000 0.0504853
870000 0.0500604
880000 0.0496451
890000 0.0492392
900000 0.0488422
910000 0.048454
920000 0.0480742
930000 0.0477026
940000 0.0473389
950000 0.0469829
960000 0.0466343
970000 0.0462928
980000 0.0459584
990000 0.0456307
