10000 0.477681
20000 0.397872
30000 0.322972
40000 0.262686
50000 0.223398
60000 0.193164
70000 0.170908
80000 0.153962
90000 0.14006
100000 0.129003
110000 0.119967
120000 0.111717
130000 0.104814
140000 0.0987553
150000 0.0934982
160000 0.0887865
170000 0.0846902
180000 0.081078
190000 0.0777361
200000 0.0746617
210000 0.0718229
220000 0.0692338
230000 0.0669156
240000 0.0647277
250000 0.0627358
260000 0.0609351
270000 0.0591923
280000 0.0576135
290000 0.0561527
300000 0.0547823
310000 0.0534844
320000 0.052301
330000 0.051154
340000 0.0500808
350000 0.0490714
360000 0.0481381
370000 0.0472199
380000 0.0463696
390000 0.0455597
400000 0.0447966
410000 0.0440665
420000 0.0433664
430000 0.0427038
440000 0.0420604
450000 0.0414701
460000 0.0408762
470000 0.0403228
480000 0.0397935
490000 0.0392794
500000 0.0387888
510000 0.0383281
520000 0.0378669
530000 0.0374267
540000 0.0370121
550000 0.036603
560000 0.0362168
570000 0.0358378
580000 0.0354751
590000 0.0351205
600000 0.0347795
610000 0.034454
620000 0.0341342
630000 0.0338285
640000 0.0335257
650000 0.0332387
660000 0.0329605
670000 0.0326875
680000 0.0324215
690000 0.0321636
700000 0.0319209
710000 0.0316728
720000 0.0314379
730000 0.03121
740000 0.0309882
750000 0.0307719
760000 0.0305574
770000 0.0303547
780000 0.0301514
790000 0.0299562
800000 0.0297655
810000 0.0295805
820000 0.0293998
830000 0.0292252
840000 0.0290497
850000 0.0288795
860000 0.0287147
870000 0.0285559
880000 0.0283996
890000 0.0282444
900000 0.028093
910000 0.0279459
920000 0.027802
930000 0.0276618
940000 0.0275235
950000 0.027389
960000 0.0272584
970000 0.027127
980000 0.0270014
990000 0.0268775
