10000 0.43922
20000 0.317833
30000 0.228882
40000 0.183701
50000 0.156402
60000 0.138183
70000 0.12513
80000 0.115319
90000 0.107695
100000 0.101589
110000 0.0966087
120000 0.0924286
130000 0.0889014
140000 0.0858801
150000 0.08326
160000 0.080967
170000 0.0789434
180000 0.0771436
190000 0.0755332
200000 0.0740841
210000 0.0727755
220000 0.0715805
230000 0.070492
240000 0.0694962
250000 0.0685756
260000 0.0677281
270000 0.0669436
280000 0.0662165
290000 0.0655358
300000 0.0649027
310000 0.0643105
320000 0.0637544
330000 0.0632332
340000 0.0627411
350000 0.0622781
360000 0.061841
370000 0.0614268
380000 0.061035
390000 0.0606628
400000 0.0603096
410000 0.0599737
420000 0.0596538
430000 0.0593483
440000 0.0590571
450000 0.0587783
460000 0.058512
470000 0.0582571
480000 0.0580128
490000 0.0577783
500000 0.0575682
510000 0.0573666
520000 0.0571584
530000 0.0568437
540000 0.0564298
550000 0.0560028
560000 0.0555349
570000 0.0550154
580000 0.0544697
590000 0.0539573
600000 0.0533338
610000 0.0527003
620000 0.0520872
630000 0.0514936
640000 0.0509185
650000 0.0503612
660000 0.0498207
670000 0.0492964
680000 0.0487875
690000 0.0482933
700000 0.0478133
710000 0.0473468
720000 0.0468932
730000 0.0464521
740000 0.0460229
750000 0.0456052
760000 0.0451984
770000 0.0448022
780000 0.0444162
790000 0.0440399
800000 0.0436731
810000 0.0433153
820000 0.0429662
830000 0.0426255
840000 0.042293
850000 0.0419683
860000 0.0416511
870000 0.0413412
880000 0.0410384
890000 0.0407423
900000 0.0404529
910000 0.0401698
920000 0.0398929
930000 0.0396219
940000 0.0393567
950000 0.039097
960000 0.0388428
970000 0.0385938
980000 0.0383499
990000 0.038111
