10000 0.538136
20000 0.433992
30000 0.375655
40000 0.342481
50000 0.236518
60000 0.109688
70000 0.122831
80000 0.132427
90000 0.124929
100000 0.117536
110000 0.10237
120000 0.101435
130000 0.101435
140000 0.101435
150000 0.101435
160000 0.101435
170000 0.101435
180000 0.101435
190000 0.101435
200000 0.101435
210000 0.0895273
220000 0.0885997
230000 0.0786627
240000 0.0589426
250000 0.0545752
260000 0.0553131
270000 0.0555023
280000 0.0387762
290000 0.0389157
300000 0.0382054
310000 0.036753
320000 0.0365053
330000 0.0303141
340000 0.0270513
350000 0.0270513
360000 0.0270513
370000 0.0270513
380000 0.0270513
390000 0.0270513
400000 0.0270513
410000 0.0270513
420000 0.0270513
430000 0.0270513
440000 0.0270513
450000 0.0270513
460000 0.0270513
470000 0.0270513
480000 0.0270513
490000 0.0270513
500000 0.0270513
510000 0.0270513
520000 0.0270513
530000 0.0270513
540000 0.0270513
550000 0.0270513
560000 0.0270513
570000 0.0270513
580000 0.0270513
590000 0.0270513
600000 0.0270513
610000 0.0270513
620000 0.0270513
630000 0.0270513
640000 0.0270513
650000 0.0270513
660000 0.0270513
670000 0.0270513
680000 0.0270513
690000 0.0270513
700000 0.0270513
710000 0.0270513
720000 0.0270513
730000 0.0270513
740000 0.0250826
750000 0.0246496
760000 0.0235527
770000 0.0233686
780000 0.0239838
790000 0.0241356
800000 0.0238343
810000 0.0239237
820000 0.0232708
830000 0.0235129
840000 0.0235616
850000 0.0238775
860000 0.0248121
870000 0.0247946
880000 0.0249263
890000 0.0247859
900000 0.0236878
910000 0.023585
920000 0.0231758
930000 0.0230799
940000 0.0229638
950000 0.0226044
960000 0.0224949
970000 0.0221143
980000 0.0218823
990000 0.0222602
