10000 -0.535538
20000 -0.33499
30000 -0.241183
40000 -0.23236
50000 -0.211845
60000 -0.214263
70000 -0.21006
80000 -0.179725
90000 -0.181111
100000 -0.184945
110000 -0.182675
120000 -0.184721
130000 -0.178043
140000 -0.182351
150000 -0.180487
160000 -0.179634
170000 -0.179313
180000 -0.176201
190000 -0.176817
200000 -0.179424
210000 -0.19366
220000 -0.176284
230000 -0.174594
240000 -0.180633
250000 -0.182835
260000 -0.178512
270000 -0.174381
280000 -0.175778
290000 -0.174316
300000 -0.17323
310000 -0.173868
320000 -0.1754
330000 -0.182098
340000 -0.176731
350000 -0.174303
360000 -0.175198
370000 -0.17457
380000 -0.175289
390000 -0.174894
400000 -0.174827
410000 -0.180348
420000 -0.172365
430000 -0.176611
440000 -0.176382
450000 -0.174073
460000 -0.178389
470000 -0.17477
480000 -0.175166
490000 -0.172751
500000 -0.173366
510000 -0.171562
520000 -0.171552
530000 -0.17227
540000 -0.17593
550000 -0.17799
560000 -0.175304
570000 -0.171793
580000 -0.175218
590000 -0.179199
600000 -0.172365
610000 -0.171687
620000 -0.17234
630000 -0.177748
640000 -0.174306
650000 -0.173754
660000 -0.173448
670000 -0.17758
680000 -0.173472
690000 -0.174866
700000 -0.175177
710000 -0.17157
720000 -0.175012
730000 -0.178761
740000 -0.1732
750000 -0.172404
760000 -0.171816
770000 -0.171891
780000 -0.17248
790000 -0.172259
800000 -0.172352
810000 -0.170891
820000 -0.175617
830000 -0.175812
840000 -0.173034
850000 -0.172906
860000 -0.171716
870000 -0.170436
880000 -0.175232
890000 -0.172241
900000 -0.171025
910000 -0.172343
920000 -0.174439
930000 -0.17284
940000 -0.173952
950000 -0.175058
960000 -0.171818
970000 -0.171949
980000 -0.173397
990000 -0.173367
1000000 -0.172543
