10000 -0.494769
20000 -0.242619
30000 -0.230228
40000 -0.235869
50000 -0.224315
60000 -0.221849
70000 -0.211808
80000 -0.19409
90000 -0.197254
100000 -0.194371
110000 -0.193111
120000 -0.186636
130000 -0.189176
140000 -0.187862
150000 -0.194152
160000 -0.185793
170000 -0.213365
180000 -0.242823
190000 -0.182079
200000 -0.182283
210000 -0.179524
220000 -0.180451
230000 -0.183645
240000 -0.187244
250000 -0.182977
260000 -0.181347
270000 -0.180219
280000 -0.179607
290000 -0.180944
300000 -0.180554
310000 -0.181067
320000 -0.184172
330000 -0.182495
340000 -0.185569
350000 -0.184198
360000 -0.180078
370000 -0.181422
380000 -0.181242
390000 -0.184225
400000 -0.185859
410000 -0.184366
420000 -0.184033
430000 -0.183952
440000 -0.195199
450000 -0.181968
460000 -0.180359
470000 -0.184621
480000 -0.179557
490000 -0.179222
500000 -0.180136
510000 -0.181156
520000 -0.182622
530000 -0.183998
540000 -0.181738
550000 -0.186433
560000 -0.181591
570000 -0.178947
580000 -0.181437
590000 -0.18052
600000 -0.178959
610000 -0.181274
620000 -0.181758
630000 -0.181379
640000 -0.179277
650000 -0.179349
660000 -0.18026
670000 -0.181494
680000 -0.181752
690000 -0.180227
700000 -0.184461
710000 -0.179495
720000 -0.185424
730000 -0.233905
740000 -0.182606
750000 -0.180196
760000 -0.180748
770000 -0.18555
780000 -0.182713
790000 -0.179802
800000 -0.18144
810000 -0.19177
820000 -0.179076
830000 -0.181843
840000 -0.185033
850000 -0.181728
860000 -0.182804
870000 -0.180527
880000 -0.186149
890000 -0.179944
900000 -0.179813
910000 -0.179811
920000 -0.179873
930000 -0.18114
940000 -0.181093
950000 -0.180058
960000 -0.178592
970000 -0.185614
980000 -0.18882
990000 -0.187708
1000000 -0.179227
