10000 -0.549399
20000 -0.343991
30000 -0.283975
40000 -0.254965
50000 -0.220486
60000 -0.199024
70000 -0.19347
80000 -0.2294
90000 -0.202374
100000 -0.188526
110000 -0.186952
120000 -0.192665
130000 -0.184892
140000 -0.190671
150000 -0.19399
160000 -0.184414
170000 -0.190341
180000 -0.186218
190000 -0.184372
200000 -0.194965
210000 -0.183293
220000 -0.191008
230000 -0.185216
240000 -0.183786
250000 -0.208442
260000 -0.187626
270000 -0.188509
280000 -0.185394
290000 -0.185692
300000 -0.184328
310000 -0.182531
320000 -0.185152
330000 -0.183935
340000 -0.182749
350000 -0.182485
360000 -0.181296
370000 -0.181742
380000 -0.184724
390000 -0.183573
400000 -0.213998
410000 -0.182316
420000 -0.183515
430000 -0.186765
440000 -0.18726
450000 -0.186581
460000 -0.182748
470000 -0.183171
480000 -0.184142
490000 -0.183171
500000 -0.184583
510000 -0.18138
520000 -0.182859
530000 -0.182074
540000 -0.185342
550000 -0.1832
560000 -0.182181
570000 -0.184176
580000 -0.182032
590000 -0.18356
600000 -0.185026
610000 -0.184666
620000 -0.181693
630000 -0.189326
640000 -0.182407
650000 -0.182396
660000 -0.182291
670000 -0.187279
680000 -0.181052
690000 -0.182192
700000 -0.183657
710000 -0.181388
720000 -0.183982
730000 -0.19011
740000 -0.184417
750000 -0.18236
760000 -0.183046
770000 -0.181519
780000 -0.181271
790000 -0.186922
800000 -0.182115
810000 -0.183346
820000 -0.183684
830000 -0.181179
840000 -0.182085
850000 -0.182235
860000 -0.219138
870000 -0.183016
880000 -0.184432
890000 -0.182519
900000 -0.183656
910000 -0.18059
920000 -0.180978
930000 -0.181815
940000 -0.181545
950000 -0.181752
960000 -0.182991
970000 -0.181543
980000 -0.184621
990000 -0.18178
1000000 -0.183361
