10000 -0.520953
20000 -0.342189
30000 -0.274788
40000 -0.250912
50000 -0.222252
60000 -0.218114
70000 -0.209651
80000 -0.212866
90000 -0.20528
100000 -0.213942
110000 -0.207179
120000 -0.208822
130000 -0.203433
140000 -0.209367
150000 -0.205309
160000 -0.209637
170000 -0.202146
180000 -0.206838
190000 -0.20493
200000 -0.209415
210000 -0.204748
220000 -0.201184
230000 -0.205547
240000 -0.202333
250000 -0.202923
260000 -0.201267
270000 -0.202147
280000 -0.213915
290000 -0.201908
300000 -0.20208
310000 -0.201314
320000 -0.203869
330000 -0.201991
340000 -0.206468
350000 -0.202147
360000 -0.20093
370000 -0.207455
380000 -0.202232
390000 -0.202978
400000 -0.203311
410000 -0.202517
420000 -0.202726
430000 -0.201783
440000 -0.20105
450000 -0.20305
460000 -0.200042
470000 -0.200905
480000 -0.202313
490000 -0.203131
500000 -0.207519
510000 -0.2005
520000 -0.200027
530000 -0.202399
540000 -0.20196
550000 -0.205599
560000 -0.20573
570000 -0.200884
580000 -0.203213
590000 -0.203519
600000 -0.20064
610000 -0.201596
620000 -0.203795
630000 -0.203861
640000 -0.199878
650000 -0.20088
660000 -0.201293
670000 -0.201244
680000 -0.201788
690000 -0.206827
700000 -0.205149
710000 -0.210935
720000 -0.201367
730000 -0.200578
740000 -0.201968
750000 -0.202299
760000 -0.205608
770000 -0.202373
780000 -0.200841
790000 -0.203779
800000 -0.199787
810000 -0.201245
820000 -0.201547
830000 -0.205625
840000 -0.20245
850000 -0.200849
860000 -0.201216
870000 -0.201454
880000 -0.199351
890000 -0.20114
900000 -0.200037
910000 -0.203726
920000 -0.200097
930000 -0.200962
940000 -0.200306
950000 -0.200712
960000 -0.203709
970000 -0.202169
980000 -0.200741
990000 -0.200575
1000000 -0.201274
