10000 -0.548078
20000 -0.392711
30000 -0.280304
40000 -0.284882
50000 -0.284224
60000 -0.258061
70000 -0.240575
80000 -0.237315
90000 -0.236104
100000 -0.230271
110000 -0.258551
120000 -0.233947
130000 -0.228115
140000 -0.234238
150000 -0.239045
160000 -0.233804
170000 -0.236943
180000 -0.22851
190000 -0.230051
200000 -0.22626
210000 -0.223777
220000 -0.232699
230000 -0.2297
240000 -0.225949
250000 -0.226187
260000 -0.233108
270000 -0.221884
280000 -0.221984
290000 -0.221142
300000 -0.222801
310000 -0.221825
320000 -0.223409
330000 -0.223322
340000 -0.223309
350000 -0.224303
360000 -0.223738
370000 -0.222313
380000 -0.223021
390000 -0.221164
400000 -0.225332
410000 -0.222059
420000 -0.223894
430000 -0.222584
440000 -0.224795
450000 -0.227635
460000 -0.224486
470000 -0.222668
480000 -0.221736
490000 -0.225494
500000 -0.221866
510000 -0.222166
520000 -0.222704
530000 -0.222144
540000 -0.225294
550000 -0.22083
560000 -0.220526
570000 -0.221285
580000 -0.222261
590000 -0.223248
600000 -0.222298
610000 -0.220879
620000 -0.222209
630000 -0.224669
640000 -0.223354
650000 -0.220654
660000 -0.222587
670000 -0.22092
680000 -0.224153
690000 -0.225292
700000 -0.225538
710000 -0.221279
720000 -0.223595
730000 -0.219663
740000 -0.225524
750000 -0.22201
760000 -0.223384
770000 -0.223587
780000 -0.22311
790000 -0.221219
800000 -0.220206
810000 -0.229262
820000 -0.219327
830000 -0.221896
840000 -0.224989
850000 -0.222064
860000 -0.226075
870000 -0.220891
880000 -0.219995
890000 -0.220492
900000 -0.22138
910000 -0.223781
920000 -0.222013
930000 -0.221017
940000 -0.227525
950000 -0.221568
960000 -0.225175
970000 -0.223121
980000 -0.22192
990000 -0.220621
1000000 -0.222889
