10 -0.0888883
20 -0.155555
30 -0.255555
40 -0.255555
50 -0.166667
60 -0.0666683
70 -0.166668
80 -0.0666683
90 -0.0666683
100 -0.0666683
110 -0.0666667
120 -0.0666683
130 -0.166668
140 0
150 -0.1
160 -0.100002
170 -0.1
180 -0.1
190 -0.1
200 -1.66667e-06
210 -2.77556e-17
220 -0.100002
230 -1.66667e-06
240 -2.77556e-17
250 -1.66667e-06
260 0
270 -1.66667e-06
280 -2.77556e-17
290 -1.66667e-06
300 -2.77556e-17
310 -2.77556e-17
320 -0.100002
330 -2.77556e-17
340 -1.66667e-06
350 -1.66667e-06
360 -2.77556e-17
370 -1.66667e-06
380 -1.66667e-06
390 -2.77556e-17
400 -1.66667e-06
410 0
420 -1.66667e-06
430 -1.66667e-06
440 0
450 0
460 -1.66667e-06
470 -2.77556e-17
480 0
490 -0.1
500 -0.1
510 -0.100002
520 -1.66667e-06
530 -2.77556e-17
540 -1.66667e-06
550 0
560 -2.77556e-17
570 -2.77556e-17
580 -2.77556e-17
590 0
600 -1.66667e-06
610 -1.66667e-06
620 -2.77556e-17
630 0
640 0
650 -0.1
660 0
670 -2.77556e-17
680 -1.66667e-06
690 -0.1
700 -2.77556e-17
710 0
720 -2.77556e-17
730 -1.66667e-06
740 -1.66667e-06
750 -1.66667e-06
760 -2.77556e-17
770 -1.66667e-06
780 0
790 -1.66667e-06
800 -1.66667e-06
810 -1.66667e-06
820 -1.66667e-06
830 -0.1
840 -0.100002
850 -1.66667e-06
860 -1.66667e-06
870 -1.66667e-06
880 0
890 -2.77556e-17
900 -2.77556e-17
910 -0.1
920 -0.1
930 -1.66667e-06
940 -1.66667e-06
950 -1.66667e-06
960 -1.66667e-06
970 -0.100002
980 -1.66667e-06
990 -2.77556e-17
1000 -1.66667e-06
