10 -0.188888
20 -0.18889
30 -0.18889
40 -0.18889
50 -0.18889
60 -0.100002
70 -0.100002
80 -1.66667e-06
90 -1.66667e-06
100 -2.77556e-17
110 -0.1
120 -0.100002
130 -0.1
140 -1.66667e-06
150 -2.77556e-17
160 -2.77556e-17
170 -1.66667e-06
180 -1.66667e-06
190 -1.66667e-06
200 -0.100002
210 -1.66667e-06
220 -1.66667e-06
230 -1.66667e-06
240 -1.66667e-06
250 -0.1
260 0
270 0
280 -0.100002
290 0
300 -1.66667e-06
310 -2.77556e-17
320 -1.66667e-06
330 -2.77556e-17
340 -2.77556e-17
350 -1.66667e-06
360 -1.66667e-06
370 -1.66667e-06
380 -1.66667e-06
390 -2.77556e-17
400 -1.66667e-06
410 -1.66667e-06
420 0
430 -2.77556e-17
440 0
450 -1.66667e-06
460 0
470 -1.66667e-06
480 -1.66667e-06
490 -0.1
500 -2.77556e-17
510 -1.66667e-06
520 -0.100002
530 -1.66667e-06
540 -1.66667e-06
550 -2.77556e-17
560 -2.77556e-17
570 -2.77556e-17
580 -1.66667e-06
590 -0.100002
600 -2.77556e-17
610 -1.66667e-06
620 -2.77556e-17
630 -1.66667e-06
640 -1.66667e-06
650 -1.66667e-06
660 -0.100002
670 -1.66667e-06
680 -1.66667e-06
690 -1.66667e-06
700 0
710 -1.66667e-06
720 -1.66667e-06
730 -1.66667e-06
740 -1.66667e-06
750 -1.66667e-06
760 -1.66667e-06
770 -1.66667e-06
780 -1.66667e-06
790 -0.100002
800 -1.66667e-06
810 0
820 -1.66667e-06
830 -2.77556e-17
840 -1.66667e-06
850 -1.66667e-06
860 -2.77556e-17
870 -1.66667e-06
880 0
890 -2.77556e-17
900 -2.77556e-17
910 -1.66667e-06
920 -1.66667e-06
930 -1.66667e-06
940 -1.66667e-06
950 -0.1
960 -2.77556e-17
970 0
980 -1.66667e-06
990 -1.66667e-06
1000 -2.77556e-17
