10 0.16667
20 0.16667
30 0.222225
40 0.222225
50 0.222225
60 0.222225
70 0.222225
80 0.16667
90 0.166667
100 0.16667
110 1.66667e-06
120 2.77556e-17
130 2.77556e-17
140 0.166668
150 0.0555567
160 0.0555567
170 0.166668
180 1.66667e-06
190 1.66667e-06
200 0.0555567
210 0.0555567
220 0.0555567
230 0.0555567
240 0.0555567
250 0.0555567
260 0.0555567
270 0.0555567
280 2.77556e-17
290 0.166668
300 0.16667
310 0.0555583
320 0.0555583
330 0.0555567
340 0.0555567
350 0.0555567
360 1.66667e-06
370 1.66667e-06
380 0.166668
390 0.0555567
400 0.222225
410 0.0555583
420 0.0555567
430 0.222225
440 0
450 0
460 0.0555567
470 0.222225
480 0.0555567
490 0.166668
500 0.0555567
510 0.0555567
520 0.222222
530 0.0555567
540 0.166668
550 0.222225
560 0.166665
570 0.0555567
580 0.222223
590 0.222223
600 0.222225
610 0.0555567
620 0.0555567
630 0.0555567
640 0.0555567
650 0.0555567
660 0.0555567
670 0.0555567
680 0.0555567
690 0.0555567
700 0.0555567
710 0.0555567
720 0.0555583
730 0.166668
740 0.166668
750 0.166668
760 0.166668
770 0.0555583
780 0.0555583
790 0.0555583
800 0.0555583
810 0
820 2.77556e-17
830 0.0555583
840 0.0555583
850 0.166668
860 0.166668
870 3.33333e-06
880 3.33333e-06
890 3.33333e-06
900 0.0555567
910 0.0555567
920 0.0555567
930 0.0555567
940 0.0555567
950 0.0555567
960 0.0555567
970 0.0555583
980 2.77556e-17
990 0.0555567
1000 0.16667
