10 -0.08889
20 -2.77556e-17
30 -2.77556e-17
40 -2.77556e-17
50 -2.77556e-17
60 -2.77556e-17
70 -0.188888
80 -0.100002
90 -0.155555
100 -0.155555
110 -0.355557
120 -0.255557
130 -0.355555
140 -0.1
150 -0.1
160 -0.1
170 -0.1
180 -0.155557
190 -0.288888
200 -1.66667e-06
210 -0.188888
220 -0.188888
230 -0.188888
240 -0.355555
250 -0.28889
260 -0.1
270 -0.08889
280 -0.166668
290 -0.166667
300 -0.155557
310 -0.188888
320 -0.0888883
330 -0.0888883
340 -0.188888
350 -0.188888
360 -0.1
370 -0.166668
380 -0.08889
390 -0.166668
400 -0.255555
410 -0.166668
420 -0.166668
430 -0.0666667
440 -0.0666667
450 -0.0666667
460 -0.0666667
470 -0.0666667
480 -0.188888
490 -0.188888
500 -0.188888
510 -0.188888
520 -0.188888
530 -0.166668
540 -0.166668
550 -0.166668
560 -0.200002
570 -0.166668
580 -0.200002
590 -0.0666667
600 -0.200002
610 -0.08889
620 -0.188888
630 -0.188888
640 -0.255555
650 -0.166667
660 -0.0666667
670 -0.188888
680 -0.200002
690 -0.200002
700 -0.188888
710 -0.188888
720 -0.288888
730 -0.0888883
740 -0.166668
750 -0.200002
760 0
770 -0.188888
780 -0.188888
790 -0.188888
800 -0.188888
810 -0.0666667
820 -0.200002
830 -0.166668
840 -0.166668
850 -0.166668
860 -0.166668
870 -0.166668
880 -0.166668
890 -0.166668
900 -0.166668
910 -0.166668
920 -0.166668
930 -0.166668
940 -0.166668
950 -0.08889
960 -0.166668
970 -0.166668
980 -0.166668
990 -0.166668
1000 -0.166668
