10 0.166668
20 0.166668
30 1.66667e-06
40 1.66667e-06
50 3.33333e-06
60 3.33333e-06
70 3.33333e-06
80 3.33333e-06
90 1.66667e-06
100 3.33333e-06
110 3.33333e-06
120 0
130 1.66667e-06
140 0
150 3.33333e-06
160 0
170 0.166668
180 1.66667e-06
190 0
200 1.66667e-06
210 0.166668
220 3.33333e-06
230 1.66667e-06
240 3.33333e-06
250 1.66667e-06
260 1.66667e-06
270 3.33333e-06
280 1.66667e-06
290 3.33333e-06
300 1.66667e-06
310 3.33333e-06
320 1.66667e-06
330 0
340 1.66667e-06
350 0
360 3.33333e-06
370 1.66667e-06
380 1.66667e-06
390 1.66667e-06
400 0
410 0.16667
420 1.66667e-06
430 1.66667e-06
440 0
450 0.16667
460 1.66667e-06
470 3.33333e-06
480 3.33333e-06
490 0
500 0.166668
510 1.66667e-06
520 3.33333e-06
530 1.66667e-06
540 0
550 0
560 0
570 0
580 0
590 0
600 1.66667e-06
610 0
620 0
630 0.16667
640 1.66667e-06
650 0
660 3.33333e-06
670 3.33333e-06
680 1.66667e-06
690 0
700 0
710 1.66667e-06
720 3.33333e-06
730 0
740 0
750 3.33333e-06
760 0
770 0
780 0
790 3.33333e-06
800 1.66667e-06
810 0
820 1.66667e-06
830 0
840 0
850 1.66667e-06
860 1.66667e-06
870 3.33333e-06
880 1.66667e-06
890 0
900 1.66667e-06
910 0
920 1.66667e-06
930 0
940 3.33333e-06
950 1.66667e-06
960 1.66667e-06
970 1.66667e-06
980 1.66667e-06
990 1.66667e-06
1000 0
