10 -0.188888
20 -0.18889
30 -0.08889
40 -0.08889
50 -0.08889
60 -0.08889
70 -0.08889
80 -0.08889
90 -0.08889
100 -0.08889
110 -0.08889
120 -0.0888883
130 -0.0888883
140 -0.18889
150 -0.08889
160 -0.08889
170 -0.08889
180 -0.08889
190 -0.08889
200 -0.18889
210 -0.0888883
220 -0.08889
230 -0.0888883
240 -0.188888
250 -0.18889
260 -0.08889
270 -0.08889
280 -0.08889
290 -0.08889
300 -0.08889
310 -0.08889
320 -0.08889
330 -0.08889
340 -0.08889
350 -0.0888883
360 -0.0888883
370 -0.0888883
380 -0.0888883
390 -0.0888883
400 -0.0888883
410 -0.08889
420 -0.08889
430 -0.08889
440 -0.08889
450 -0.08889
460 -0.188888
470 -0.18889
480 -0.18889
490 -0.08889
500 -0.08889
510 -0.0888883
520 -0.08889
530 -0.0888883
540 -0.08889
550 -0.0888883
560 -0.0888883
570 -0.18889
580 -0.188888
590 -0.0888883
600 -0.08889
610 -0.0888883
620 -0.08889
630 -0.0888883
640 -0.0888883
650 -0.0888883
660 -0.0888883
670 -0.0888883
680 -0.08889
690 -0.0888883
700 -0.0888883
710 -0.08889
720 -0.0888883
730 -0.0888883
740 -0.08889
750 -0.18889
760 -0.0888883
770 -0.0888883
780 -0.08889
790 -0.0888883
800 -0.0888883
810 -0.0888883
820 -0.0888883
830 -0.08889
840 -0.18889
850 -0.0888883
860 -0.0888883
870 -0.0888883
880 -0.08889
890 -0.0888883
900 -0.0888883
910 -0.18889
920 -0.0888883
930 -0.0888883
940 -0.08889
950 -0.08889
960 -0.0888883
970 -0.0888883
980 -0.0888883
990 -0.0888883
1000 -0.0888883
