10 0.0555567
20 0.0555567
30 0.0555567
40 0.0555567
50 0.0555567
60 2.77556e-17
70 2.77556e-17
80 0.0555567
90 2.77556e-17
100 2.77556e-17
110 2.77556e-17
120 0.166668
130 2.77556e-17
140 1.66667e-06
150 1.66667e-06
160 3.33333e-06
170 3.33333e-06
180 0.16667
190 2.77556e-17
200 2.77556e-17
210 2.77556e-17
220 2.77556e-17
230 1.66667e-06
240 2.77556e-17
250 1.66667e-06
260 1.66667e-06
270 1.66667e-06
280 3.33333e-06
290 3.33333e-06
300 3.33333e-06
310 1.66667e-06
320 3.33333e-06
330 3.33333e-06
340 3.33333e-06
350 3.33333e-06
360 1.66667e-06
370 1.66667e-06
380 1.66667e-06
390 1.66667e-06
400 1.66667e-06
410 1.66667e-06
420 3.33333e-06
430 2.77556e-17
440 1.66667e-06
450 2.77556e-17
460 2.77556e-17
470 0.16667
480 1.66667e-06
490 2.77556e-17
500 1.66667e-06
510 1.66667e-06
520 1.66667e-06
530 0.16667
540 3.33333e-06
550 1.66667e-06
560 2.77556e-17
570 1.66667e-06
580 2.77556e-17
590 2.77556e-17
600 1.66667e-06
610 1.66667e-06
620 3.33333e-06
630 1.66667e-06
640 1.66667e-06
650 1.66667e-06
660 2.77556e-17
670 1.66667e-06
680 1.66667e-06
690 1.66667e-06
700 1.66667e-06
710 1.66667e-06
720 1.66667e-06
730 1.66667e-06
740 2.77556e-17
750 2.77556e-17
760 1.66667e-06
770 1.66667e-06
780 3.33333e-06
790 2.77556e-17
800 2.77556e-17
810 0.0555567
820 0.0555567
830 0.0555567
840 1.66667e-06
850 1.66667e-06
860 1.66667e-06
870 1.66667e-06
880 2.77556e-17
890 3.33333e-06
900 1.66667e-06
910 1.66667e-06
920 1.66667e-06
930 2.77556e-17
940 1.66667e-06
950 1.66667e-06
960 1.66667e-06
970 3.33333e-06
980 2.77556e-17
990 2.77556e-17
1000 1.66667e-06
