10 0.16667
20 0.16667
30 0.16667
40 0.16667
50 1.66667e-06
60 1.66667e-06
70 3.33333e-06
80 3.33333e-06
90 1.66667e-06
100 0.222222
110 2.77556e-17
120 0.222225
130 0.222222
140 0.0555567
150 0.222222
160 0.0555567
170 2.77556e-17
180 0.222225
190 0.222225
200 0
210 1.66667e-06
220 1.66667e-06
230 1.66667e-06
240 0.16667
250 1.66667e-06
260 0.222225
270 2.77556e-17
280 0.222225
290 0.222225
300 0.222225
310 1.66667e-06
320 0.0555567
330 0.222225
340 0.222225
350 0.222225
360 0.222225
370 0.0555567
380 0.0555567
390 1.66667e-06
400 2.77556e-17
410 0.222225
420 0
430 0.0555567
440 0.0555567
450 0.0555567
460 0.0555567
470 1.66667e-06
480 1.66667e-06
490 1.66667e-06
500 1.66667e-06
510 1.66667e-06
520 1.66667e-06
530 1.66667e-06
540 1.66667e-06
550 0.222225
560 3.33333e-06
570 1.66667e-06
580 0.0555567
590 0.0555567
600 0.0555567
610 0.0555567
620 0.222222
630 0.222225
640 1.66667e-06
650 0.222225
660 0.222225
670 0.222225
680 0.0555567
690 3.33333e-06
700 0.0555567
710 1.66667e-06
720 1.66667e-06
730 1.66667e-06
740 1.66667e-06
750 1.66667e-06
760 0
770 0
780 0
790 0
800 0
810 0
820 0
830 2.77556e-17
840 2.77556e-17
850 0
860 0
870 0
880 2.77556e-17
890 0
900 2.77556e-17
910 0
920 0
930 1.66667e-06
940 1.66667e-06
950 1.66667e-06
960 1.66667e-06
970 1.66667e-06
980 1.66667e-06
990 1.66667e-06
1000 1.66667e-06
