10 1.66667e-06
20 0.16667
30 0.16667
40 0.16667
50 0.16667
60 0.16667
70 0.0555567
80 1.66667e-06
90 1.66667e-06
100 0.166667
110 0
120 0.222225
130 1.66667e-06
140 0.166667
150 0.166668
160 1.66667e-06
170 1.66667e-06
180 0.222225
190 1.66667e-06
200 0
210 1.66667e-06
220 1.66667e-06
230 0.166667
240 0.222225
250 0.166668
260 1.66667e-06
270 0.333335
280 0.333335
290 0
300 1.66667e-06
310 1.66667e-06
320 0.0555567
330 0
340 1.66667e-06
350 1.66667e-06
360 1.66667e-06
370 0.0555567
380 0.0555567
390 1.66667e-06
400 1.66667e-06
410 1.66667e-06
420 0.0555567
430 1.66667e-06
440 1.66667e-06
450 0.166667
460 0.166667
470 0.0555583
480 0.0555583
490 0.0555583
500 0.0555583
510 0.0555583
520 0.0555583
530 0.0555583
540 0.166668
550 1.66667e-06
560 0.0555567
570 0.166668
580 0
590 0
600 0.166667
610 1.66667e-06
620 1.66667e-06
630 1.66667e-06
640 0.166667
650 1.66667e-06
660 1.66667e-06
670 3.33333e-06
680 3.33333e-06
690 3.33333e-06
700 0.0555567
710 0.0555567
720 0.0555567
730 0.0555583
740 0.0555583
750 1.66667e-06
760 0.166667
770 0.166667
780 1.66667e-06
790 0.166667
800 0.166667
810 0.0555583
820 0.0555583
830 0.0555583
840 0.0555583
850 0.166667
860 0.0555567
870 0.0555567
880 0.0555567
890 0.0555567
900 0.0555567
910 0.0555583
920 0.166665
930 0.0555583
940 0.0555583
950 1.66667e-06
960 0.0555583
970 0.0555583
980 0.0555567
990 2.77556e-17
1000 0.0555567
