10 3.33333e-06
20 1.66667e-06
30 1.66667e-06
40 3.33333e-06
50 3.33333e-06
60 3.33333e-06
70 1.66667e-06
80 1.66667e-06
90 2.77556e-17
100 1.66667e-06
110 1.66667e-06
120 1.66667e-06
130 3.33333e-06
140 3.33333e-06
150 3.33333e-06
160 2.77556e-17
170 1.66667e-06
180 1.66667e-06
190 1.66667e-06
200 1.66667e-06
210 3.33333e-06
220 0.16667
230 1.66667e-06
240 1.66667e-06
250 1.66667e-06
260 1.66667e-06
270 2.77556e-17
280 1.66667e-06
290 2.77556e-17
300 2.77556e-17
310 1.66667e-06
320 1.66667e-06
330 1.66667e-06
340 1.66667e-06
350 3.33333e-06
360 2.77556e-17
370 1.66667e-06
380 1.66667e-06
390 1.66667e-06
400 2.77556e-17
410 1.66667e-06
420 3.33333e-06
430 1.66667e-06
440 3.33333e-06
450 1.66667e-06
460 1.66667e-06
470 3.33333e-06
480 1.66667e-06
490 1.66667e-06
500 1.66667e-06
510 1.66667e-06
520 1.66667e-06
530 1.66667e-06
540 1.66667e-06
550 3.33333e-06
560 1.66667e-06
570 0.16667
580 1.66667e-06
590 0.16667
600 2.77556e-17
610 2.77556e-17
620 1.66667e-06
630 1.66667e-06
640 3.33333e-06
650 1.66667e-06
660 2.77556e-17
670 1.66667e-06
680 1.66667e-06
690 1.66667e-06
700 1.66667e-06
710 2.77556e-17
720 1.66667e-06
730 1.66667e-06
740 3.33333e-06
750 1.66667e-06
760 2.77556e-17
770 1.66667e-06
780 1.66667e-06
790 3.33333e-06
800 1.66667e-06
810 3.33333e-06
820 1.66667e-06
830 3.33333e-06
840 3.33333e-06
850 1.66667e-06
860 1.66667e-06
870 0.166668
880 1.66667e-06
890 2.77556e-17
900 0.16667
910 1.66667e-06
920 1.66667e-06
930 3.33333e-06
940 1.66667e-06
950 1.66667e-06
960 2.77556e-17
970 0.16667
980 1.66667e-06
990 1.66667e-06
1000 1.66667e-06
