10 0.222225
20 0.0555567
30 0
40 1.66667e-06
50 1.66667e-06
60 3.33333e-06
70 1.66667e-06
80 3.33333e-06
90 1.66667e-06
100 1.66667e-06
110 1.66667e-06
120 3.33333e-06
130 1.66667e-06
140 2.77556e-17
150 1.66667e-06
160 3.33333e-06
170 3.33333e-06
180 2.77556e-17
190 1.66667e-06
200 3.33333e-06
210 2.77556e-17
220 3.33333e-06
230 1.66667e-06
240 3.33333e-06
250 1.66667e-06
260 0.166668
270 0.166668
280 2.77556e-17
290 0.16667
300 0.166668
310 0.166668
320 3.33333e-06
330 3.33333e-06
340 2.77556e-17
350 1.66667e-06
360 1.66667e-06
370 2.77556e-17
380 0.166668
390 1.66667e-06
400 2.77556e-17
410 2.77556e-17
420 2.77556e-17
430 2.77556e-17
440 1.66667e-06
450 3.33333e-06
460 1.66667e-06
470 1.66667e-06
480 2.77556e-17
490 2.77556e-17
500 1.66667e-06
510 1.66667e-06
520 1.66667e-06
530 3.33333e-06
540 2.77556e-17
550 1.66667e-06
560 2.77556e-17
570 0.16667
580 0.166668
590 1.66667e-06
600 3.33333e-06
610 3.33333e-06
620 2.77556e-17
630 2.77556e-17
640 2.77556e-17
650 1.66667e-06
660 1.66667e-06
670 1.66667e-06
680 1.66667e-06
690 3.33333e-06
700 2.77556e-17
710 1.66667e-06
720 3.33333e-06
730 3.33333e-06
740 1.66667e-06
750 3.33333e-06
760 2.77556e-17
770 2.77556e-17
780 2.77556e-17
790 1.66667e-06
800 1.66667e-06
810 1.66667e-06
820 1.66667e-06
830 1.66667e-06
840 2.77556e-17
850 3.33333e-06
860 2.77556e-17
870 2.77556e-17
880 1.66667e-06
890 2.77556e-17
900 1.66667e-06
910 1.66667e-06
920 2.77556e-17
930 1.66667e-06
940 2.77556e-17
950 0.0555567
960 2.77556e-17
970 1.66667e-06
980 1.66667e-06
990 2.77556e-17
1000 1.66667e-06
