10 1.66667e-06
20 1.66667e-06
30 1.66667e-06
40 1.66667e-06
50 1.66667e-06
60 1.66667e-06
70 1.66667e-06
80 0.16667
90 0.0555583
100 0.222222
110 0.0555567
120 0.0555567
130 0.0555567
140 2.77556e-17
150 1.66667e-06
160 0.0555567
170 1.66667e-06
180 3.33333e-06
190 0.0555567
200 1.66667e-06
210 0.0555567
220 1.66667e-06
230 0.222225
240 0.0555567
250 0.222225
260 0.222225
270 0.166667
280 2.77556e-17
290 0.222225
300 1.66667e-06
310 1.66667e-06
320 2.77556e-17
330 0.0555567
340 0.0555567
350 0.0555567
360 0.0555567
370 2.77556e-17
380 0.0555583
390 0.0555583
400 0.166667
410 0.166667
420 1.66667e-06
430 1.66667e-06
440 1.66667e-06
450 1.66667e-06
460 1.66667e-06
470 0.222225
480 0.0555567
490 0.0555583
500 3.33333e-06
510 1.66667e-06
520 1.66667e-06
530 3.33333e-06
540 1.66667e-06
550 0.166667
560 1.66667e-06
570 1.66667e-06
580 0.0555567
590 0.0555583
600 0.0555583
610 0.0555583
620 1.66667e-06
630 1.66667e-06
640 1.66667e-06
650 1.66667e-06
660 1.66667e-06
670 1.66667e-06
680 0.0555567
690 0.222222
700 0.222222
710 0.222222
720 2.77556e-17
730 0.222222
740 0.0555583
750 1.66667e-06
760 1.66667e-06
770 1.66667e-06
780 1.66667e-06
790 0.0555567
800 0.166668
810 0.222225
820 1.66667e-06
830 1.66667e-06
840 1.66667e-06
850 1.66667e-06
860 1.66667e-06
870 1.66667e-06
880 0.166667
890 0.0555567
900 0.222225
910 0.222222
920 0.222222
930 1.66667e-06
940 1.66667e-06
950 1.66667e-06
960 0.222222
970 1.66667e-06
980 1.66667e-06
990 0.0555567
1000 0.222225
