10 -0.100002
20 -0.100002
30 -0.100002
40 -0.100002
50 -0.100002
60 -0.100002
70 -0.0666667
80 -0.188888
90 -0.155557
100 -0.166668
110 -0.255555
120 -0.0666667
130 -0.188888
140 -0.188888
150 -0.100002
160 -0.0666667
170 -0.188888
180 -0.188888
190 -0.188888
200 -0.188888
210 -0.188888
220 -0.166668
230 -0.266667
240 -0.0666667
250 -0.166667
260 -0.355555
270 -0.255555
280 -0.255555
290 -0.0666683
300 -0.0666683
310 -0.255557
320 -0.255557
330 -0.0666683
340 -0.255555
350 -0.0666667
360 -0.0666667
370 -0.255555
380 -0.166667
390 -0.255555
400 -0.255555
410 -0.166667
420 -1.66667e-06
430 -0.166667
440 -1.66667e-06
450 -0.166667
460 -0.188888
470 -0.255555
480 -0.255557
490 -0.255555
500 -0.255555
510 -0.255555
520 -0.255555
530 -0.08889
540 -0.255555
550 -0.255555
560 -0.255555
570 -0.255555
580 -0.255555
590 -0.255555
600 -0.255555
610 -0.255555
620 -0.08889
630 -0.255555
640 -0.255555
650 -0.255555
660 -0.255555
670 -0.255555
680 -0.0666667
690 -0.0666667
700 -0.166667
710 -0.166667
720 -0.166667
730 -0.0666683
740 -0.0666683
750 -0.255555
760 -0.255555
770 -0.0666667
780 -0.0666667
790 -0.255555
800 -0.255555
810 -0.255555
820 -0.255555
830 -0.255555
840 -0.166667
850 -0.166667
860 -0.166667
870 -0.166667
880 -0.166667
890 -0.188888
900 -0.266667
910 -0.266667
920 -0.266667
930 -0.266667
940 -0.266667
950 -0.266667
960 -0.266667
970 -0.266667
980 -0.266667
990 -0.266667
1000 -0.266667
