10 -0.188888
20 -0.188888
30 -0.188888
40 -0.355557
50 -0.355557
60 -0.355557
70 -0.0666667
80 -0.0666667
90 -0.188888
100 -0.08889
110 -0.0888883
120 -0.155555
130 -0.0666667
140 -0.266668
150 -0.0666667
160 -0.0888883
170 -0.0888883
180 -0.0666667
190 -0.08889
200 -0.255557
210 -0.08889
220 -0.100002
230 -0.0666667
240 -0.0666667
250 -0.166668
260 -0.288888
270 -0.18889
280 -0.288888
290 -0.0666667
300 -0.100002
310 -0.188888
320 -0.100002
330 -0.100002
340 -0.08889
350 -0.266667
360 -0.266667
370 -2.77556e-17
380 -2.77556e-17
390 -2.77556e-17
400 -2.77556e-17
410 -2.77556e-17
420 -2.77556e-17
430 -2.77556e-17
440 -2.77556e-17
450 -2.77556e-17
460 -2.77556e-17
470 -2.77556e-17
480 -2.77556e-17
490 -2.77556e-17
500 -2.77556e-17
510 -2.77556e-17
520 -2.77556e-17
530 -2.77556e-17
540 -2.77556e-17
550 -2.77556e-17
560 -0.166668
570 -2.77556e-17
580 -0.266667
590 -0.166668
600 -0.0666667
610 -0.166668
620 -0.166668
630 -2.77556e-17
640 -0.100002
650 -0.100002
660 -0.100002
670 -0.355557
680 -0.0666667
690 -0.100002
700 -0.08889
710 -0.288888
720 -0.266667
730 -0.18889
740 -0.1
750 -2.77556e-17
760 -0.166667
770 -0.166667
780 -0.166667
790 -0.166667
800 -0.166667
810 -0.166667
820 -0.166667
830 -0.166667
840 -0.166667
850 -0.166667
860 -0.166667
870 -0.166667
880 -0.166667
890 -0.166667
900 0
910 0
920 0
930 0
940 -0.166667
950 0
960 -0.166667
970 -0.166667
980 0
990 -0.08889
1000 0
