10 -0.0888883
20 -0.155555
30 -0.0888883
40 -0.0888883
50 -2.77556e-17
60 -2.77556e-17
70 -0.0888883
80 -0.0888883
90 -2.77556e-17
100 -2.77556e-17
110 -2.77556e-17
120 0
130 0
140 -1.66667e-06
150 -1.66667e-06
160 0
170 0
180 0
190 0
200 -2.77556e-17
210 -2.77556e-17
220 -1.66667e-06
230 -1.66667e-06
240 -1.66667e-06
250 -1.66667e-06
260 -2.77556e-17
270 0
280 -0.1
290 -0.1
300 -0.1
310 -0.100002
320 -0.100002
330 -0.1
340 -0.100002
350 0
360 0
370 0
380 0
390 0
400 -0.100002
410 -0.100002
420 -0.100002
430 -1.66667e-06
440 -2.77556e-17
450 -1.66667e-06
460 -1.66667e-06
470 -1.66667e-06
480 0
490 -0.1
500 0
510 0
520 -1.66667e-06
530 -1.66667e-06
540 -1.66667e-06
550 0
560 -0.1
570 -0.1
580 -0.1
590 0
600 0
610 0
620 0
630 0
640 -1.66667e-06
650 -1.66667e-06
660 0
670 0
680 -1.66667e-06
690 0
700 -1.66667e-06
710 -1.66667e-06
720 0
730 -1.66667e-06
740 -1.66667e-06
750 0
760 0
770 0
780 0
790 0
800 -1.66667e-06
810 0
820 0
830 0
840 -1.66667e-06
850 -1.66667e-06
860 -1.66667e-06
870 0
880 0
890 -2.77556e-17
900 -1.66667e-06
910 -1.66667e-06
920 -0.100002
930 0
940 0
950 -1.66667e-06
960 -2.77556e-17
970 -1.66667e-06
980 -2.77556e-17
990 -2.77556e-17
1000 -1.66667e-06
