10 -0.255557
20 -0.1
30 -0.1
40 -0.100002
50 -2.77556e-17
60 -0.0888883
70 0
80 -1.66667e-06
90 -2.77556e-17
100 -1.66667e-06
110 -1.66667e-06
120 -1.66667e-06
130 0
140 0
150 0
160 0
170 -1.66667e-06
180 -2.77556e-17
190 -1.66667e-06
200 -1.66667e-06
210 -2.77556e-17
220 0
230 -1.66667e-06
240 -1.66667e-06
250 -1.66667e-06
260 -2.77556e-17
270 0
280 -2.77556e-17
290 -2.77556e-17
300 -2.77556e-17
310 -0.100002
320 -1.66667e-06
330 -0.100002
340 -0.100002
350 -0.100002
360 -2.77556e-17
370 -1.66667e-06
380 -2.77556e-17
390 -2.77556e-17
400 -1.66667e-06
410 -2.77556e-17
420 -1.66667e-06
430 -2.77556e-17
440 -0.1
450 -2.77556e-17
460 -1.66667e-06
470 -1.66667e-06
480 0
490 0
500 -1.66667e-06
510 -1.66667e-06
520 -2.77556e-17
530 -1.66667e-06
540 -1.66667e-06
550 -2.77556e-17
560 -0.1
570 -1.66667e-06
580 -0.100002
590 -2.77556e-17
600 -2.77556e-17
610 0
620 -1.66667e-06
630 -2.77556e-17
640 -1.66667e-06
650 -1.66667e-06
660 -1.66667e-06
670 0
680 -1.66667e-06
690 -1.66667e-06
700 -1.66667e-06
710 -0.100002
720 -0.100002
730 -1.66667e-06
740 -1.66667e-06
750 -2.77556e-17
760 -1.66667e-06
770 -1.66667e-06
780 -1.66667e-06
790 -1.66667e-06
800 -2.77556e-17
810 -1.66667e-06
820 -1.66667e-06
830 -1.66667e-06
840 -1.66667e-06
850 -1.66667e-06
860 -1.66667e-06
870 -2.77556e-17
880 -2.77556e-17
890 -2.77556e-17
900 -2.77556e-17
910 -1.66667e-06
920 -1.66667e-06
930 -1.66667e-06
940 -1.66667e-06
950 -2.77556e-17
960 -1.66667e-06
970 -1.66667e-06
980 -2.77556e-17
990 0
1000 -2.77556e-17
