10 1.66667e-06
20 1.66667e-06
30 1.66667e-06
40 1.66667e-06
50 1.66667e-06
60 1.66667e-06
70 1.66667e-06
80 1.66667e-06
90 0.0555567
100 0.0555567
110 0.333335
120 0.0555567
130 0.0555567
140 0.0555567
150 0.0555567
160 0.0555567
170 0.0555567
180 0
190 0.0555567
200 0.166668
210 0.0555567
220 0.0555567
230 0.222222
240 0.0555567
250 0.0555567
260 0
270 0.0555567
280 0.0555567
290 0.0555583
300 0.0555567
310 2.77556e-17
320 2.77556e-17
330 0.0555567
340 1.66667e-06
350 1.66667e-06
360 0.0555567
370 0.0555567
380 0.0555567
390 0.0555567
400 0.0555567
410 0.0555567
420 0.222225
430 0.166668
440 0
450 0.166665
460 0.166665
470 0.166665
480 1.66667e-06
490 1.66667e-06
500 1.66667e-06
510 1.66667e-06
520 1.66667e-06
530 1.66667e-06
540 1.66667e-06
550 1.66667e-06
560 1.66667e-06
570 1.66667e-06
580 1.66667e-06
590 0.222225
600 0.222225
610 0.222225
620 1.66667e-06
630 0.0555567
640 1.66667e-06
650 0.0555567
660 1.66667e-06
670 1.66667e-06
680 1.66667e-06
690 1.66667e-06
700 1.66667e-06
710 1.66667e-06
720 1.66667e-06
730 0.166665
740 0.0555567
750 0.0555583
760 0.16667
770 1.66667e-06
780 2.77556e-17
790 1.66667e-06
800 0.0555567
810 0.0555567
820 2.77556e-17
830 2.77556e-17
840 2.77556e-17
850 2.77556e-17
860 2.77556e-17
870 2.77556e-17
880 2.77556e-17
890 2.77556e-17
900 0.222222
910 0.222222
920 0.222222
930 2.77556e-17
940 2.77556e-17
950 0.222222
960 1.66667e-06
970 0.0555567
980 1.66667e-06
990 0.166667
1000 1.66667e-06
