10 -0.166668
20 -0.0666667
30 -0.0666667
40 -0.0666667
50 -0.0666667
60 -0.0666667
70 -0.0666667
80 -0.0666667
90 -0.0666667
100 -2.77556e-17
110 -1.66667e-06
120 0
130 0
140 0
150 -1.66667e-06
160 -1.66667e-06
170 -0.1
180 -0.1
190 -1.66667e-06
200 0
210 -2.77556e-17
220 -1.66667e-06
230 -0.1
240 -1.66667e-06
250 -1.66667e-06
260 -1.66667e-06
270 0
280 0
290 -2.77556e-17
300 -2.77556e-17
310 -1.66667e-06
320 -0.1
330 -1.66667e-06
340 -2.77556e-17
350 -0.1
360 -2.77556e-17
370 -2.77556e-17
380 -2.77556e-17
390 0
400 -1.66667e-06
410 -1.66667e-06
420 -1.66667e-06
430 -1.66667e-06
440 0
450 -0.1
460 -2.77556e-17
470 -2.77556e-17
480 -1.66667e-06
490 -0.1
500 -2.77556e-17
510 -2.77556e-17
520 -2.77556e-17
530 -2.77556e-17
540 -1.66667e-06
550 -2.77556e-17
560 -0.100002
570 -0.100002
580 -1.66667e-06
590 -0.100002
600 -0.1
610 -1.66667e-06
620 -2.77556e-17
630 -1.66667e-06
640 -2.77556e-17
650 -1.66667e-06
660 -1.66667e-06
670 -1.66667e-06
680 -0.1
690 -0.1
700 -0.1
710 -2.77556e-17
720 0
730 -0.1
740 -2.77556e-17
750 0
760 -1.66667e-06
770 -1.66667e-06
780 -2.77556e-17
790 0
800 0
810 -2.77556e-17
820 -2.77556e-17
830 -0.100002
840 -0.100002
850 -1.66667e-06
860 -1.66667e-06
870 -2.77556e-17
880 -1.66667e-06
890 -2.77556e-17
900 -2.77556e-17
910 -1.66667e-06
920 0
930 -2.77556e-17
940 -1.66667e-06
950 -1.66667e-06
960 -0.100002
970 -2.77556e-17
980 0
990 0
1000 0
