10 -0.100002
20 -1.66667e-06
30 -0.08889
40 -0.08889
50 0
60 -1.66667e-06
70 -0.0666683
80 -0.0666667
90 -1.66667e-06
100 -0.0666683
110 -1.66667e-06
120 -2.77556e-17
130 -1.66667e-06
140 -1.66667e-06
150 -1.66667e-06
160 -0.100002
170 -2.77556e-17
180 -0.100002
190 -1.66667e-06
200 -1.66667e-06
210 0
220 -1.66667e-06
230 -1.66667e-06
240 -2.77556e-17
250 -1.66667e-06
260 -1.66667e-06
270 -0.100002
280 -1.66667e-06
290 -2.77556e-17
300 -1.66667e-06
310 -0.100002
320 -0.100002
330 -1.66667e-06
340 0
350 -0.100002
360 -1.66667e-06
370 0
380 -1.66667e-06
390 -1.66667e-06
400 -1.66667e-06
410 -0.100002
420 0
430 -1.66667e-06
440 -2.77556e-17
450 -1.66667e-06
460 -1.66667e-06
470 -1.66667e-06
480 -1.66667e-06
490 -1.66667e-06
500 -1.66667e-06
510 -1.66667e-06
520 -0.100002
530 -0.100002
540 -0.1
550 0
560 -1.66667e-06
570 -1.66667e-06
580 -1.66667e-06
590 -0.1
600 -1.66667e-06
610 -0.100002
620 -0.100002
630 -1.66667e-06
640 0
650 -1.66667e-06
660 0
670 0
680 -1.66667e-06
690 0
700 -2.77556e-17
710 -2.77556e-17
720 -1.66667e-06
730 -1.66667e-06
740 -1.66667e-06
750 -1.66667e-06
760 -1.66667e-06
770 -1.66667e-06
780 -0.100002
790 -1.66667e-06
800 -1.66667e-06
810 0
820 -1.66667e-06
830 -1.66667e-06
840 -1.66667e-06
850 0
860 -0.1
870 0
880 -1.66667e-06
890 -1.66667e-06
900 -1.66667e-06
910 -1.66667e-06
920 -1.66667e-06
930 0
940 -0.1
950 0
960 0
970 -2.77556e-17
980 0
990 -1.66667e-06
1000 -1.66667e-06
