10 -0.1
20 -0.100002
30 -0.18889
40 -0.08889
50 -1.66667e-06
60 -1.66667e-06
70 -1.66667e-06
80 -1.66667e-06
90 -1.66667e-06
100 -1.66667e-06
110 0
120 -2.77556e-17
130 -2.77556e-17
140 0
150 -1.66667e-06
160 -0.100002
170 -0.1
180 -0.1
190 -1.66667e-06
200 0
210 -0.100002
220 -2.77556e-17
230 -0.100002
240 -1.66667e-06
250 -1.66667e-06
260 -1.66667e-06
270 -2.77556e-17
280 -1.66667e-06
290 -0.1
300 -0.100002
310 -0.100002
320 -1.66667e-06
330 -2.77556e-17
340 -0.100002
350 -1.66667e-06
360 -1.66667e-06
370 -2.77556e-17
380 0
390 -1.66667e-06
400 -1.66667e-06
410 -1.66667e-06
420 -1.66667e-06
430 0
440 -1.66667e-06
450 -1.66667e-06
460 -1.66667e-06
470 -1.66667e-06
480 -1.66667e-06
490 -1.66667e-06
500 -1.66667e-06
510 -1.66667e-06
520 -1.66667e-06
530 -2.77556e-17
540 -1.66667e-06
550 0
560 -1.66667e-06
570 -1.66667e-06
580 -2.77556e-17
590 -1.66667e-06
600 -0.100002
610 -0.100002
620 -1.66667e-06
630 -1.66667e-06
640 -0.100002
650 -0.100002
660 -0.100002
670 0
680 -1.66667e-06
690 -1.66667e-06
700 -0.100002
710 -2.77556e-17
720 -1.66667e-06
730 -1.66667e-06
740 -2.77556e-17
750 -1.66667e-06
760 -1.66667e-06
770 -1.66667e-06
780 -1.66667e-06
790 -1.66667e-06
800 -2.77556e-17
810 -1.66667e-06
820 -2.77556e-17
830 -2.77556e-17
840 -2.77556e-17
850 -1.66667e-06
860 -1.66667e-06
870 -2.77556e-17
880 0
890 -2.77556e-17
900 -1.66667e-06
910 -1.66667e-06
920 0
930 -1.66667e-06
940 -1.66667e-06
950 -1.66667e-06
960 -0.100002
970 -0.1
980 -1.66667e-06
990 -1.66667e-06
1000 -1.66667e-06
