10 0.0555567
20 2.77556e-17
30 0.166668
40 0.166668
50 0.166668
60 1.66667e-06
70 0.166668
80 1.66667e-06
90 1.66667e-06
100 1.66667e-06
110 0
120 0
130 0
140 1.66667e-06
150 0
160 1.66667e-06
170 1.66667e-06
180 0
190 0.166668
200 0
210 0
220 0
230 0
240 1.66667e-06
250 0
260 0
270 0
280 0
290 0
300 0
310 1.66667e-06
320 1.66667e-06
330 1.66667e-06
340 0
350 1.66667e-06
360 1.66667e-06
370 0
380 0
390 0
400 0
410 0
420 1.66667e-06
430 1.66667e-06
440 1.66667e-06
450 1.66667e-06
460 0
470 1.66667e-06
480 1.66667e-06
490 0.166668
500 0.166668
510 0
520 1.66667e-06
530 1.66667e-06
540 0
550 3.33333e-06
560 1.66667e-06
570 1.66667e-06
580 1.66667e-06
590 1.66667e-06
600 1.66667e-06
610 0.0555567
620 0.0555567
630 0.0555567
640 1.66667e-06
650 1.66667e-06
660 1.66667e-06
670 0
680 0
690 1.66667e-06
700 0
710 0
720 1.66667e-06
730 1.66667e-06
740 1.66667e-06
750 3.33333e-06
760 3.33333e-06
770 0.166668
780 0
790 0
800 1.66667e-06
810 1.66667e-06
820 1.66667e-06
830 1.66667e-06
840 0
850 3.33333e-06
860 3.33333e-06
870 1.66667e-06
880 1.66667e-06
890 1.66667e-06
900 3.33333e-06
910 1.66667e-06
920 1.66667e-06
930 1.66667e-06
940 0
950 3.33333e-06
960 1.66667e-06
970 3.33333e-06
980 0
990 0
1000 1.66667e-06
