10 -0.100002
20 -0.100002
30 -0.100002
40 -0.100002
50 -0.100002
60 -0.100002
70 -0.166667
80 -0.0888883
90 -0.100002
100 -1.66667e-06
110 -0.1
120 -0.100002
130 -0.166667
140 -0.166667
150 -0.155557
160 -1.66667e-06
170 -1.66667e-06
180 -0.166667
190 -1.66667e-06
200 -1.66667e-06
210 -0.166667
220 -0.1
230 -0.100002
240 -0.155555
250 -0.266668
260 -0.155555
270 -0.08889
280 -0.100002
290 -0.100002
300 -0.100002
310 -0.100002
320 -0.100002
330 -0.100002
340 -1.66667e-06
350 -1.66667e-06
360 -0.0888883
370 -0.0888883
380 -0.166667
390 -1.66667e-06
400 -1.66667e-06
410 -1.66667e-06
420 -1.66667e-06
430 -1.66667e-06
440 -1.66667e-06
450 -1.66667e-06
460 -1.66667e-06
470 -1.66667e-06
480 -1.66667e-06
490 -0.100002
500 -1.66667e-06
510 -0.100002
520 -0.355555
530 -0.0888883
540 -0.255557
550 -0.255557
560 -0.255557
570 -0.255557
580 -0.0888883
590 -0.0888883
600 -0.0888883
610 -1.66667e-06
620 -0.155555
630 -0.155555
640 -0.155555
650 -0.155555
660 -0.266668
670 -0.166667
680 -0.166667
690 -0.166667
700 -0.188888
710 -0.188888
720 -0.155557
730 -1.66667e-06
740 -0.0888883
750 -0.0888883
760 -0.08889
770 -0.08889
780 -0.08889
790 -0.1
800 -0.1
810 -0.1
820 -0.1
830 -0.08889
840 -0.0888883
850 -0.255557
860 -0.255557
870 -0.166667
880 -0.1
890 -0.1
900 -0.155555
910 -0.08889
920 -0.100002
930 -0.1
940 -1.66667e-06
950 -0.0888883
960 -1.66667e-06
970 -1.66667e-06
980 -0.155557
990 -0.18889
1000 -0.18889
