10 0.166667
20 0.166667
30 0.166667
40 0.166667
50 0.166667
60 0.166667
70 1.66667e-06
80 0.333335
90 0.0555567
100 0.222225
110 0.166668
120 0.0555583
130 0.0555567
140 0.222225
150 3.33333e-06
160 3.33333e-06
170 0.0555583
180 0.0555567
190 1.66667e-06
200 2.77556e-17
210 0.0555583
220 1.66667e-06
230 2.77556e-17
240 1.66667e-06
250 1.66667e-06
260 0.222225
270 0.0555567
280 0.0555567
290 0.166665
300 0.166665
310 0.0555583
320 0.166667
330 1.66667e-06
340 1.66667e-06
350 1.66667e-06
360 1.66667e-06
370 1.66667e-06
380 0.222225
390 1.66667e-06
400 0.166665
410 2.77556e-17
420 2.77556e-17
430 0.0555567
440 0.0555567
450 0.0555567
460 0.0555567
470 1.66667e-06
480 1.66667e-06
490 0.0555567
500 0.166668
510 0.166668
520 0.0555583
530 0.0555567
540 2.77556e-17
550 1.66667e-06
560 1.66667e-06
570 2.77556e-17
580 1.66667e-06
590 1.66667e-06
600 2.77556e-17
610 0.16667
620 0.166668
630 0.166668
640 0.166668
650 0.166668
660 0.166668
670 0.166668
680 0.166668
690 0.166668
700 0.166668
710 0.222225
720 0.166668
730 1.66667e-06
740 1.66667e-06
750 1.66667e-06
760 1.66667e-06
770 1.66667e-06
780 0.0555567
790 1.66667e-06
800 0.0555567
810 0.0555567
820 0.0555567
830 0.0555567
840 0.0555567
850 0.0555567
860 0.0555567
870 0.0555567
880 1.66667e-06
890 0.0555567
900 0.166668
910 1.66667e-06
920 1.66667e-06
930 1.66667e-06
940 0.0555583
950 1.66667e-06
960 1.66667e-06
970 1.66667e-06
980 1.66667e-06
990 0.0555567
1000 0.0555567
