10 1.66667e-06
20 1.66667e-06
30 1.66667e-06
40 1.66667e-06
50 1.66667e-06
60 1.66667e-06
70 1.66667e-06
80 1.66667e-06
90 0.166668
100 0.222223
110 1.66667e-06
120 1.66667e-06
130 0.222225
140 1.66667e-06
150 1.66667e-06
160 0.0555567
170 0.166668
180 1.66667e-06
190 2.77556e-17
200 1.66667e-06
210 0.166667
220 0.0555583
230 0.0555567
240 0.0555567
250 0.222223
260 0.0555583
270 0.16667
280 1.66667e-06
290 1.66667e-06
300 1.66667e-06
310 1.66667e-06
320 1.66667e-06
330 1.66667e-06
340 1.66667e-06
350 1.66667e-06
360 0
370 0
380 1.66667e-06
390 1.66667e-06
400 0.222225
410 0.166668
420 0.166668
430 0.166668
440 0.0555583
450 0.16667
460 0.16667
470 0.16667
480 0.16667
490 0.16667
500 0.16667
510 1.66667e-06
520 1.66667e-06
530 0.16667
540 1.66667e-06
550 0.16667
560 0.16667
570 0.16667
580 0.16667
590 0.0555583
600 1.66667e-06
610 1.66667e-06
620 0.222225
630 0.0555583
640 1.66667e-06
650 0.0555583
660 0.222225
670 0.222225
680 1.66667e-06
690 0.0555567
700 1.66667e-06
710 0.16667
720 0.16667
730 0.222225
740 0.222225
750 0.222225
760 0.16667
770 0.0555583
780 0.0555583
790 0.0555583
800 0.0555583
810 0.0555583
820 0.0555583
830 0.0555583
840 0.0555583
850 0.0555583
860 1.66667e-06
870 1.66667e-06
880 1.66667e-06
890 1.66667e-06
900 0.0555583
910 0.0555583
920 1.66667e-06
930 0.0555583
940 0.0555583
950 0.0555567
960 1.66667e-06
970 0.0555567
980 0.0555567
990 0.0555567
1000 0.0555567
