10 -0.100002
20 -0.100002
30 -0.100002
40 -0.100002
50 -0.100002
60 -0.100002
70 -2.77556e-17
80 -0.08889
90 -0.100002
100 -0.255555
110 -0.266667
120 -0.266667
130 -0.266667
140 -0.08889
150 -0.08889
160 -0.08889
170 0
180 -0.266667
190 -0.08889
200 -0.200002
210 -0.200002
220 -0.0666683
230 -0.0666683
240 -0.0666683
250 -0.255555
260 -0.08889
270 -0.08889
280 -0.08889
290 -0.0888883
300 -0.08889
310 -0.255555
320 -0.200002
330 -0.200002
340 -0.08889
350 -0.08889
360 -0.08889
370 -0.200002
380 -0.1
390 -0.155555
400 -0.155555
410 -0.155555
420 -0.166668
430 -0.266667
440 -0.100002
450 -0.0888883
460 -0.0888883
470 -0.1
480 -0.1
490 -0.0888883
500 -0.0888883
510 -0.255557
520 -0.100002
530 -0.0888883
540 -0.1
550 -0.100002
560 -0.0888883
570 -0.0888883
580 -0.100002
590 -0.0888883
600 -0.100002
610 -0.100002
620 -0.100002
630 -0.100002
640 -0.100002
650 -0.100002
660 -0.1
670 -0.100002
680 -0.0888883
690 -0.188888
700 -0.188888
710 -0.188888
720 -0.188888
730 -0.188888
740 -0.188888
750 -0.188888
760 -0.188888
770 -0.188888
780 -0.188888
790 -0.188888
800 -0.188888
810 -0.0888883
820 -0.0888883
830 -0.0888883
840 -0.0666667
850 -0.0666667
860 -0.0666667
870 -0.0666667
880 -0.0666667
890 -0.1
900 -0.1
910 -0.1
920 -0.1
930 -0.1
940 -0.1
950 -0.1
960 -0.1
970 -0.1
980 -0.1
990 -0.1
1000 -0.1
