10 1.66667e-06
20 1.66667e-06
30 1.66667e-06
40 1.66667e-06
50 1.66667e-06
60 1.66667e-06
70 0.222225
80 0.222225
90 0.0555567
100 0.222222
110 0.0555567
120 0.0555567
130 0.222225
140 0.222222
150 0.222225
160 3.33333e-06
170 3.33333e-06
180 0
190 2.77556e-17
200 2.77556e-17
210 0.222225
220 0.222225
230 0.222225
240 3.33333e-06
250 3.33333e-06
260 3.33333e-06
270 3.33333e-06
280 0.16667
290 0.16667
300 0.16667
310 3.33333e-06
320 2.77556e-17
330 3.33333e-06
340 2.77556e-17
350 3.33333e-06
360 3.33333e-06
370 3.33333e-06
380 0.0555567
390 0.0555567
400 0.0555567
410 3.33333e-06
420 3.33333e-06
430 3.33333e-06
440 3.33333e-06
450 3.33333e-06
460 1.66667e-06
470 1.66667e-06
480 0.222225
490 3.33333e-06
500 0.0555583
510 3.33333e-06
520 3.33333e-06
530 3.33333e-06
540 3.33333e-06
550 2.77556e-17
560 2.77556e-17
570 2.77556e-17
580 0.0555583
590 1.66667e-06
600 3.33333e-06
610 3.33333e-06
620 0.0555583
630 3.33333e-06
640 0.0555567
650 0.0555567
660 3.33333e-06
670 0.0555567
680 3.33333e-06
690 0.222223
700 0.222223
710 3.33333e-06
720 0.0555567
730 3.33333e-06
740 3.33333e-06
750 3.33333e-06
760 3.33333e-06
770 0.16667
780 3.33333e-06
790 3.33333e-06
800 3.33333e-06
810 3.33333e-06
820 3.33333e-06
830 3.33333e-06
840 3.33333e-06
850 1.66667e-06
860 1.66667e-06
870 1.66667e-06
880 1.66667e-06
890 1.66667e-06
900 1.66667e-06
910 1.66667e-06
920 3.33333e-06
930 1.66667e-06
940 0.0555567
950 0.0555567
960 0.0555567
970 0.0555567
980 0.0555567
990 0.0555567
1000 0.0555567
