10 1.66667e-06
20 1.66667e-06
30 1.66667e-06
40 1.66667e-06
50 1.66667e-06
60 1.66667e-06
70 1.66667e-06
80 1.66667e-06
90 1.66667e-06
100 0.0555567
110 0.222222
120 0
130 0.166665
140 0.222223
150 0.0555567
160 1.66667e-06
170 1.66667e-06
180 0.222225
190 1.66667e-06
200 1.66667e-06
210 0.222222
220 0.16667
230 0.16667
240 0
250 0.0555567
260 0.16667
270 0.222225
280 0.222225
290 1.66667e-06
300 0.0555567
310 1.66667e-06
320 1.66667e-06
330 1.66667e-06
340 0.0555567
350 0.0555567
360 0.0555567
370 1.66667e-06
380 1.66667e-06
390 0.16667
400 1.66667e-06
410 0
420 0.16667
430 0.16667
440 0.16667
450 0.166668
460 0.166668
470 0.166668
480 0.166668
490 2.77556e-17
500 0.0555567
510 0.0555567
520 1.66667e-06
530 0.166668
540 0.16667
550 0.16667
560 0.16667
570 0.16667
580 0.16667
590 0.16667
600 0.16667
610 0.16667
620 0.222225
630 0.0555567
640 2.77556e-17
650 0.16667
660 0.0555567
670 0.0555567
680 0.0555567
690 0.0555567
700 0.0555567
710 0.0555567
720 0.16667
730 0.16667
740 0.16667
750 0.16667
760 0.16667
770 0.16667
780 0.16667
790 0.16667
800 0.16667
810 0.16667
820 0.0555567
830 0.16667
840 1.66667e-06
850 0.166668
860 0.222225
870 2.77556e-17
880 0.0555567
890 0.0555567
900 1.66667e-06
910 0.0555567
920 0.0555567
930 1.66667e-06
940 1.66667e-06
950 1.66667e-06
960 1.66667e-06
970 1.66667e-06
980 1.66667e-06
990 1.66667e-06
1000 1.66667e-06
