10 -0.18889
20 -0.18889
30 -0.18889
40 -0.155555
50 -0.155555
60 -0.155555
70 -0.08889
80 -0.100002
90 -0.0888883
100 -0.2
110 -0.255555
120 -0.0666667
130 -0.1
140 -0.166667
150 -0.0666683
160 -0.0666683
170 -0.1
180 -0.1
190 -0.1
200 -0.166668
210 -0.166667
220 -0.255555
230 -0.255557
240 -0.0666683
250 -0.255555
260 -0.18889
270 -0.155557
280 -0.155557
290 -0.0666683
300 -0.0666667
310 -0.18889
320 -0.166667
330 -0.255557
340 -0.155557
350 -0.155557
360 -0.166667
370 -0.255557
380 -0.2
390 -2.77556e-17
400 -2.77556e-17
410 -0.2
420 -2.77556e-17
430 -2.77556e-17
440 0
450 -0.166667
460 -0.166667
470 -2.77556e-17
480 -0.0666667
490 -0.0666683
500 -0.0666683
510 -0.0666683
520 -0.0666683
530 -0.0666683
540 -0.0666683
550 -0.2
560 -1.66667e-06
570 -0.0666683
580 -2.77556e-17
590 -1.66667e-06
600 -0.255557
610 -0.166667
620 -0.188888
630 -0.188888
640 -0.188888
650 -0.188888
660 -0.188888
670 -0.155555
680 -0.155555
690 -0.155555
700 -0.155555
710 -0.166668
720 -0.155555
730 -0.0666683
740 -0.255557
750 -2.77556e-17
760 -0.0666683
770 -0.0666683
780 -0.18889
790 -0.18889
800 -0.166668
810 -0.166667
820 -0.166667
830 -0.166667
840 -0.166667
850 -0.155555
860 -0.155555
870 -0.155555
880 -0.155555
890 -0.155555
900 -0.155555
910 -0.155555
920 -0.155555
930 -0.155555
940 -0.166668
950 -0.1
960 -0.188888
970 -0.166667
980 -0.166667
990 -0.100002
1000 -0.100002
