10 -0.18889
20 -0.1
30 -0.1
40 -0.1
50 -0.1
60 -0.1
70 -0.0666667
80 -0.1
90 -0.1
100 -0.188888
110 -0.266668
120 -0.166668
130 -0.0888883
140 -0.0888883
150 -0.0888883
160 -0.0888883
170 -0.0888883
180 -0.0888883
190 -0.188888
200 -0.0888883
210 -0.200002
220 -0.266668
230 -0.200002
240 -0.0666667
250 -0.0888883
260 -0.255555
270 -0.0666667
280 -0.266668
290 -0.266668
300 -0.255555
310 -0.166668
320 -0.200002
330 -2.77556e-17
340 -0.0888883
350 -0.0666667
360 -0.0666667
370 -0.255555
380 -0.0888883
390 -0.1
400 -0.2
410 -0.2
420 -0.2
430 -0.200002
440 -0.288888
450 -0.0666667
460 -0.0666667
470 -0.255555
480 -0.188888
490 -0.0666683
500 -0.188888
510 -0.188888
520 -0.0666683
530 -0.255557
540 -0.255557
550 -0.0888883
560 -0.0888883
570 -0.0888883
580 -0.0888883
590 -0.0888883
600 -0.188888
610 -0.288888
620 -0.188888
630 -0.28889
640 -0.288888
650 -0.28889
660 -0.28889
670 -0.28889
680 -0.28889
690 -0.28889
700 -0.28889
710 -0.28889
720 -0.288888
730 -0.288888
740 -0.288888
750 -0.288888
760 -0.288888
770 -0.288888
780 -0.288888
790 -0.100002
800 -0.166668
810 -0.166668
820 -0.288888
830 -0.166668
840 -0.166668
850 -0.288888
860 -0.266668
870 -0.266668
880 -1.66667e-06
890 -1.66667e-06
900 -0.288888
910 -0.288888
920 -1.66667e-06
930 -1.66667e-06
940 -1.66667e-06
950 -1.66667e-06
960 -0.0888883
970 -0.266668
980 -0.266668
990 -0.266668
1000 -0.266668
