10 0.0555567
20 0.0555567
30 1.66667e-06
40 0.166668
50 1.66667e-06
60 1.66667e-06
70 0.16667
80 1.66667e-06
90 3.33333e-06
100 3.33333e-06
110 0.16667
120 0.16667
130 1.66667e-06
140 0.16667
150 1.66667e-06
160 3.33333e-06
170 3.33333e-06
180 1.66667e-06
190 1.66667e-06
200 3.33333e-06
210 1.66667e-06
220 1.66667e-06
230 1.66667e-06
240 0.16667
250 3.33333e-06
260 3.33333e-06
270 1.66667e-06
280 3.33333e-06
290 1.66667e-06
300 1.66667e-06
310 2.77556e-17
320 3.33333e-06
330 3.33333e-06
340 1.66667e-06
350 0.222225
360 3.33333e-06
370 3.33333e-06
380 1.66667e-06
390 0.166668
400 1.66667e-06
410 2.77556e-17
420 1.66667e-06
430 1.66667e-06
440 1.66667e-06
450 3.33333e-06
460 3.33333e-06
470 3.33333e-06
480 3.33333e-06
490 3.33333e-06
500 1.66667e-06
510 2.77556e-17
520 0.16667
530 1.66667e-06
540 1.66667e-06
550 3.33333e-06
560 0.16667
570 2.77556e-17
580 3.33333e-06
590 3.33333e-06
600 1.66667e-06
610 1.66667e-06
620 3.33333e-06
630 0.16667
640 3.33333e-06
650 3.33333e-06
660 1.66667e-06
670 3.33333e-06
680 1.66667e-06
690 0.166668
700 3.33333e-06
710 3.33333e-06
720 2.77556e-17
730 3.33333e-06
740 1.66667e-06
750 1.66667e-06
760 1.66667e-06
770 1.66667e-06
780 2.77556e-17
790 2.77556e-17
800 3.33333e-06
810 1.66667e-06
820 1.66667e-06
830 1.66667e-06
840 1.66667e-06
850 3.33333e-06
860 1.66667e-06
870 2.77556e-17
880 3.33333e-06
890 1.66667e-06
900 3.33333e-06
910 3.33333e-06
920 1.66667e-06
930 3.33333e-06
940 3.33333e-06
950 1.66667e-06
960 2.77556e-17
970 0.16667
980 3.33333e-06
990 2.77556e-17
1000 0.166668
