10 -0.255557
20 -0.0666667
30 -0.100002
40 -0.08889
50 -0.0666683
60 -1.66667e-06
70 -2.77556e-17
80 -1.66667e-06
90 -0.0666683
100 -0.0666683
110 -0.0666683
120 -1.66667e-06
130 -1.66667e-06
140 -0.166667
150 -0.100002
160 -0.100002
170 -0.166668
180 -1.66667e-06
190 -1.66667e-06
200 -1.66667e-06
210 -1.66667e-06
220 -1.66667e-06
230 -0.100002
240 -0.100002
250 -2.77556e-17
260 -1.66667e-06
270 -2.77556e-17
280 -0.1
290 0
300 -1.66667e-06
310 -1.66667e-06
320 -1.66667e-06
330 -1.66667e-06
340 0
350 -1.66667e-06
360 0
370 0
380 -1.66667e-06
390 -1.66667e-06
400 -2.77556e-17
410 -1.66667e-06
420 0
430 -0.100002
440 -1.66667e-06
450 0
460 -2.77556e-17
470 -1.66667e-06
480 -0.1
490 -0.100002
500 -1.66667e-06
510 -2.77556e-17
520 -1.66667e-06
530 0
540 -1.66667e-06
550 0
560 -1.66667e-06
570 -0.100002
580 -2.77556e-17
590 -1.66667e-06
600 -0.1
610 -0.1
620 -1.66667e-06
630 -1.66667e-06
640 0
650 0
660 -1.66667e-06
670 -1.66667e-06
680 -1.66667e-06
690 -1.66667e-06
700 -1.66667e-06
710 -1.66667e-06
720 -1.66667e-06
730 -1.66667e-06
740 0
750 -1.66667e-06
760 -1.66667e-06
770 -1.66667e-06
780 -1.66667e-06
790 -1.66667e-06
800 0
810 -1.66667e-06
820 -1.66667e-06
830 -1.66667e-06
840 0
850 -2.77556e-17
860 -1.66667e-06
870 -1.66667e-06
880 -1.66667e-06
890 0
900 0
910 -1.66667e-06
920 0
930 -1.66667e-06
940 0
950 -1.66667e-06
960 -1.66667e-06
970 -1.66667e-06
980 -1.66667e-06
990 -1.66667e-06
1000 -1.66667e-06
