10 0.16667
20 0.222225
30 0.222225
40 0.222225
50 0.222225
60 0.222225
70 0.222225
80 0.222225
90 1.66667e-06
100 0.166667
110 3.33333e-06
120 0.0555567
130 0.0555567
140 0.0555567
150 0.0555567
160 0.0555567
170 1.66667e-06
180 2.77556e-17
190 1.66667e-06
200 1.66667e-06
210 0.16667
220 0.16667
230 0.16667
240 0.0555567
250 0.16667
260 0.16667
270 0.222225
280 0.16667
290 1.66667e-06
300 0.0555567
310 1.66667e-06
320 1.66667e-06
330 1.66667e-06
340 0.16667
350 1.66667e-06
360 1.66667e-06
370 1.66667e-06
380 1.66667e-06
390 0.0555567
400 0.166667
410 1.66667e-06
420 1.66667e-06
430 1.66667e-06
440 1.66667e-06
450 0.222225
460 1.66667e-06
470 0.166668
480 1.66667e-06
490 1.66667e-06
500 1.66667e-06
510 1.66667e-06
520 1.66667e-06
530 1.66667e-06
540 1.66667e-06
550 1.66667e-06
560 1.66667e-06
570 1.66667e-06
580 0
590 0
600 1.66667e-06
610 1.66667e-06
620 1.66667e-06
630 1.66667e-06
640 1.66667e-06
650 0.16667
660 1.66667e-06
670 1.66667e-06
680 1.66667e-06
690 0.0555567
700 1.66667e-06
710 1.66667e-06
720 1.66667e-06
730 1.66667e-06
740 0
750 1.66667e-06
760 0.222225
770 1.66667e-06
780 0.0555583
790 1.66667e-06
800 1.66667e-06
810 1.66667e-06
820 1.66667e-06
830 1.66667e-06
840 1.66667e-06
850 0.0555567
860 1.66667e-06
870 0.16667
880 1.66667e-06
890 0
900 1.66667e-06
910 0
920 0
930 0
940 0
950 0
960 0
970 0
980 0
990 0
1000 0
