10 -0.18889
20 -0.18889
30 -0.18889
40 -0.18889
50 -0.18889
60 -0.18889
70 -0.255555
80 -0.2
90 -0.2
100 -0.255555
110 -0.255555
120 -0.2
130 -0.255555
140 -0.155557
150 -0.166668
160 -0.255555
170 -0.0888883
180 -0.0888883
190 -0.100002
200 -0.255555
210 -0.0666667
220 -0.0666667
230 -0.266668
240 -0.266668
250 -0.266668
260 -0.1
270 -0.1
280 -0.255557
290 -0.266667
300 -0.255557
310 -0.255557
320 -0.266667
330 -0.100002
340 -0.100002
350 -0.100002
360 -0.100002
370 -0.100002
380 -0.100002
390 -0.166667
400 -0.1
410 -1.66667e-06
420 -1.66667e-06
430 -1.66667e-06
440 -1.66667e-06
450 -1.66667e-06
460 -0.18889
470 -1.66667e-06
480 -1.66667e-06
490 -1.66667e-06
500 -1.66667e-06
510 -1.66667e-06
520 -0.2
530 -0.2
540 -0.2
550 -0.2
560 -0.2
570 -0.2
580 -0.28889
590 -0.2
600 -0.166667
610 -0.166667
620 -0.2
630 -1.66667e-06
640 -1.66667e-06
650 -0.0666683
660 -1.66667e-06
670 -1.66667e-06
680 -1.66667e-06
690 -0.18889
700 -0.18889
710 -0.2
720 -0.2
730 -0.2
740 -0.18889
750 -0.18889
760 -0.0666667
770 -0.0666667
780 -0.166667
790 -0.2
800 -0.166667
810 -0.0666667
820 -0.0666667
830 -0.0666667
840 -0.0666667
850 -0.0666667
860 -0.0666667
870 -0.0666667
880 -0.0666667
890 -0.0666667
900 -0.0666667
910 -0.0666667
920 -0.0666667
930 -0.0666667
940 -0.0666667
950 -0.0666667
960 -0.0666667
970 -0.0666667
980 -0.0666667
990 -0.0666667
1000 -0.0666667
