10 3.33333e-06
20 3.33333e-06
30 3.33333e-06
40 1.66667e-06
50 1.66667e-06
60 1.66667e-06
70 0.0555567
80 3.33333e-06
90 3.33333e-06
100 0.166667
110 0.166668
120 0.222225
130 0.0555583
140 0.0555567
150 3.33333e-06
160 0.222225
170 0.0555567
180 0.222225
190 0
200 0.222225
210 0.166667
220 0.222225
230 0
240 0.166667
250 1.66667e-06
260 0.0555583
270 0.166668
280 0
290 0.166667
300 0.166667
310 0
320 0.222225
330 0.222222
340 0.0555567
350 0.0555583
360 0.0555583
370 0.0555583
380 0.333333
390 0.0555567
400 0.0555567
410 0.166667
420 0.166665
430 0.166665
440 0.166665
450 0.0555583
460 0.0555583
470 0.166665
480 0.166665
490 0.166665
500 0.166665
510 0.0555583
520 0.0555583
530 0.0555583
540 0.0555583
550 0.0555583
560 0.0555583
570 0.0555583
580 0.222225
590 0.222225
600 0.222225
610 0.0555583
620 0.0555583
630 0.0555583
640 0.0555583
650 0.0555583
660 0.0555583
670 0.0555567
680 0.166668
690 0.166668
700 0.166668
710 0.0555583
720 0.166665
730 0.166665
740 0.0555583
750 2.77556e-17
760 2.77556e-17
770 2.77556e-17
780 2.77556e-17
790 2.77556e-17
800 0.0555583
810 0.166665
820 0.166665
830 0.166665
840 0.166665
850 0.166665
860 0.166665
870 0.166665
880 0.166665
890 0.166665
900 0.166665
910 0.166665
920 0.166665
930 0.166665
940 0.166665
950 0.166667
960 0.166665
970 0.166665
980 0.166665
990 0.166665
1000 0.0555583
