10 0.222225
20 0.222225
30 0.166668
40 3.33333e-06
50 3.33333e-06
60 3.33333e-06
70 1.66667e-06
80 1.66667e-06
90 1.66667e-06
100 3.33333e-06
110 2.77556e-17
120 3.33333e-06
130 2.77556e-17
140 1.66667e-06
150 3.33333e-06
160 1.66667e-06
170 1.66667e-06
180 2.77556e-17
190 1.66667e-06
200 1.66667e-06
210 3.33333e-06
220 2.77556e-17
230 1.66667e-06
240 2.77556e-17
250 2.77556e-17
260 2.77556e-17
270 1.66667e-06
280 1.66667e-06
290 3.33333e-06
300 2.77556e-17
310 1.66667e-06
320 2.77556e-17
330 2.77556e-17
340 1.66667e-06
350 1.66667e-06
360 2.77556e-17
370 2.77556e-17
380 2.77556e-17
390 1.66667e-06
400 2.77556e-17
410 2.77556e-17
420 1.66667e-06
430 1.66667e-06
440 3.33333e-06
450 2.77556e-17
460 2.77556e-17
470 1.66667e-06
480 1.66667e-06
490 2.77556e-17
500 2.77556e-17
510 2.77556e-17
520 2.77556e-17
530 2.77556e-17
540 1.66667e-06
550 2.77556e-17
560 2.77556e-17
570 1.66667e-06
580 2.77556e-17
590 2.77556e-17
600 2.77556e-17
610 1.66667e-06
620 3.33333e-06
630 2.77556e-17
640 1.66667e-06
650 3.33333e-06
660 1.66667e-06
670 3.33333e-06
680 1.66667e-06
690 1.66667e-06
700 2.77556e-17
710 2.77556e-17
720 2.77556e-17
730 1.66667e-06
740 2.77556e-17
750 1.66667e-06
760 1.66667e-06
770 1.66667e-06
780 1.66667e-06
790 2.77556e-17
800 2.77556e-17
810 1.66667e-06
820 1.66667e-06
830 2.77556e-17
840 1.66667e-06
850 1.66667e-06
860 1.66667e-06
870 1.66667e-06
880 1.66667e-06
890 3.33333e-06
900 1.66667e-06
910 1.66667e-06
920 0.0555567
930 2.77556e-17
940 1.66667e-06
950 1.66667e-06
960 2.77556e-17
970 2.77556e-17
980 1.66667e-06
990 1.66667e-06
1000 3.33333e-06
