10 1.66667e-06
20 0
30 0
40 1.66667e-06
50 1.66667e-06
60 1.66667e-06
70 1.66667e-06
80 1.66667e-06
90 3.33333e-06
100 1.66667e-06
110 3.33333e-06
120 1.66667e-06
130 3.33333e-06
140 0
150 1.66667e-06
160 3.33333e-06
170 3.33333e-06
180 0
190 0
200 0.0555567
210 0
220 0
230 1.66667e-06
240 0
250 1.66667e-06
260 0
270 1.66667e-06
280 0
290 0.0555567
300 1.66667e-06
310 3.33333e-06
320 1.66667e-06
330 0
340 0
350 0.16667
360 1.66667e-06
370 1.66667e-06
380 1.66667e-06
390 1.66667e-06
400 1.66667e-06
410 3.33333e-06
420 1.66667e-06
430 3.33333e-06
440 3.33333e-06
450 0
460 1.66667e-06
470 3.33333e-06
480 1.66667e-06
490 1.66667e-06
500 1.66667e-06
510 1.66667e-06
520 3.33333e-06
530 0
540 0
550 0
560 0
570 1.66667e-06
580 3.33333e-06
590 0
600 0
610 1.66667e-06
620 0
630 0
640 1.66667e-06
650 1.66667e-06
660 3.33333e-06
670 1.66667e-06
680 1.66667e-06
690 3.33333e-06
700 3.33333e-06
710 3.33333e-06
720 1.66667e-06
730 3.33333e-06
740 1.66667e-06
750 0
760 0
770 0
780 1.66667e-06
790 3.33333e-06
800 1.66667e-06
810 3.33333e-06
820 1.66667e-06
830 0
840 1.66667e-06
850 0
860 3.33333e-06
870 0.16667
880 1.66667e-06
890 0
900 1.66667e-06
910 1.66667e-06
920 1.66667e-06
930 0
940 1.66667e-06
950 1.66667e-06
960 1.66667e-06
970 0.166668
980 1.66667e-06
990 0
1000 1.66667e-06
