10 -0.08889
20 -0.08889
30 -0.0888883
40 -0.08889
50 -1.66667e-06
60 -0.08889
70 -1.66667e-06
80 -2.77556e-17
90 -1.66667e-06
100 -1.66667e-06
110 -1.66667e-06
120 -1.66667e-06
130 -1.66667e-06
140 -1.66667e-06
150 -1.66667e-06
160 -1.66667e-06
170 -2.77556e-17
180 -2.77556e-17
190 -1.66667e-06
200 0
210 -1.66667e-06
220 -1.66667e-06
230 -1.66667e-06
240 -1.66667e-06
250 -1.66667e-06
260 -2.77556e-17
270 -1.66667e-06
280 -1.66667e-06
290 -0.100002
300 -2.77556e-17
310 -0.100002
320 -0.100002
330 -0.100002
340 -2.77556e-17
350 -2.77556e-17
360 -1.66667e-06
370 0
380 -0.1
390 -0.1
400 -0.100002
410 0
420 0
430 -2.77556e-17
440 -1.66667e-06
450 -1.66667e-06
460 0
470 0
480 -0.1
490 -0.1
500 -0.100002
510 -0.100002
520 -0.1
530 -0.1
540 -0.100002
550 -0.100002
560 -0.100002
570 0
580 0
590 -1.66667e-06
600 0
610 0
620 -1.66667e-06
630 -0.1
640 -2.77556e-17
650 -2.77556e-17
660 0
670 -2.77556e-17
680 0
690 -0.1
700 0
710 -2.77556e-17
720 -1.66667e-06
730 -2.77556e-17
740 -1.66667e-06
750 -1.66667e-06
760 -2.77556e-17
770 -1.66667e-06
780 -1.66667e-06
790 -2.77556e-17
800 -1.66667e-06
810 -0.100002
820 -1.66667e-06
830 -1.66667e-06
840 -1.66667e-06
850 0
860 -1.66667e-06
870 -1.66667e-06
880 -2.77556e-17
890 -1.66667e-06
900 0
910 -1.66667e-06
920 -2.77556e-17
930 0
940 0
950 0
960 -2.77556e-17
970 -2.77556e-17
980 0
990 -1.66667e-06
1000 -1.66667e-06
