10 -0.0888883
20 -0.1
30 -0.1
40 -0.1
50 -0.1
60 -0.1
70 -0.2
80 -0.100002
90 -0.188888
100 -0.0666667
110 -0.255555
120 -0.188888
130 -0.266667
140 -0.100002
150 -0.255555
160 -0.100002
170 -0.08889
180 -0.1
190 -0.100002
200 -0.0666667
210 -0.0666667
220 -0.08889
230 -0.08889
240 -0.100002
250 -0.08889
260 -0.188888
270 -0.2
280 -0.1
290 -0.166668
300 -0.255555
310 -0.0666667
320 -0.0666667
330 -0.0666667
340 -0.288888
350 -0.188888
360 -0.100002
370 -0.266667
380 -0.2
390 -0.255555
400 -0.28889
410 -0.28889
420 -0.288888
430 -0.166668
440 -0.28889
450 -0.255555
460 -0.266668
470 -0.266668
480 -0.266668
490 -0.266668
500 -0.266668
510 -0.1
520 -0.1
530 -0.1
540 -0.1
550 -1.66667e-06
560 -1.66667e-06
570 -1.66667e-06
580 -1.66667e-06
590 -0.1
600 -0.1
610 -1.66667e-06
620 -0.1
630 -0.266668
640 -0.100002
650 -0.100002
660 -0.266668
670 -0.100002
680 -0.266668
690 -0.1
700 -0.255555
710 -0.1
720 -0.1
730 -0.2
740 -0.18889
750 -0.166667
760 -1.66667e-06
770 -0.266668
780 -0.266668
790 -0.266668
800 -0.266668
810 -0.266668
820 -0.266668
830 -0.266668
840 -0.266668
850 -0.266668
860 -0.266668
870 -0.266668
880 -0.266668
890 -0.266668
900 -0.266668
910 -0.266668
920 -0.266668
930 -0.2
940 -0.2
950 -0.266668
960 -0.266668
970 -0.266668
980 -0.266668
990 -0.266668
1000 -0.100002
