10 1.66667e-06
20 1.66667e-06
30 1.66667e-06
40 1.66667e-06
50 1.66667e-06
60 1.66667e-06
70 1.66667e-06
80 0.166667
90 0.0555567
100 0.222222
110 0.0555567
120 0.0555583
130 1.66667e-06
140 0.0555567
150 0.0555583
160 0.0555583
170 2.77556e-17
180 2.77556e-17
190 2.77556e-17
200 0.0555583
210 0.222222
220 0.222222
230 0.222222
240 0.222222
250 0.222222
260 0.166668
270 0.222222
280 0.222222
290 0.222222
300 0.222222
310 0.222222
320 0.222222
330 0.222222
340 0.166668
350 0.222222
360 0.222222
370 0.222222
380 0
390 0
400 0.0555567
410 2.77556e-17
420 2.77556e-17
430 2.77556e-17
440 0.0555583
450 1.66667e-06
460 2.77556e-17
470 0.222222
480 0.222222
490 0.222222
500 1.66667e-06
510 1.66667e-06
520 0.166668
530 0.166668
540 2.77556e-17
550 0
560 1.66667e-06
570 1.66667e-06
580 1.66667e-06
590 1.66667e-06
600 1.66667e-06
610 0.222222
620 0.0555567
630 0.0555567
640 0.0555567
650 0.0555583
660 0.0555583
670 0.0555583
680 0.0555583
690 0.222222
700 1.66667e-06
710 1.66667e-06
720 1.66667e-06
730 1.66667e-06
740 1.66667e-06
750 1.66667e-06
760 1.66667e-06
770 1.66667e-06
780 1.66667e-06
790 0.0555583
800 0.0555583
810 0.0555583
820 0.0555583
830 0.0555583
840 0.0555583
850 0.0555583
860 0.0555583
870 0.0555583
880 0.0555583
890 0.0555583
900 0.0555583
910 0.0555583
920 0.0555583
930 0.0555583
940 0.0555583
950 0.0555583
960 1.66667e-06
970 1.66667e-06
980 1.66667e-06
990 0.222222
1000 0.222222
