10 0.16667
20 0.16667
30 0.16667
40 0.16667
50 0.16667
60 0.16667
70 0.0555583
80 0.0555567
90 3.33333e-06
100 3.33333e-06
110 0.222225
120 0.0555567
130 0.0555567
140 0.166665
150 0.166665
160 0.0555567
170 0.166665
180 0.222225
190 3.33333e-06
200 0.0555567
210 0.0555567
220 0.16667
230 0.0555567
240 0.0555567
250 0.166667
260 1.66667e-06
270 1.66667e-06
280 0
290 0.0555583
300 0.166665
310 0.0555567
320 0.0555567
330 1.66667e-06
340 0.0555567
350 0.0555567
360 0.16667
370 3.33333e-06
380 3.33333e-06
390 3.33333e-06
400 0.0555583
410 1.66667e-06
420 1.66667e-06
430 1.66667e-06
440 1.66667e-06
450 1.66667e-06
460 1.66667e-06
470 1.66667e-06
480 0.222223
490 0.0555567
500 1.66667e-06
510 1.66667e-06
520 0.16667
530 0.16667
540 0.0555567
550 0.0555567
560 0.0555567
570 0.0555567
580 0.0555567
590 0.0555567
600 0.0555567
610 0.0555567
620 0.0555567
630 0.0555567
640 0.0555567
650 0.0555567
660 0.0555567
670 0.0555567
680 0.0555567
690 0.0555567
700 0.0555567
710 0.0555567
720 0.0555567
730 0.0555567
740 0.0555567
750 0.0555567
760 0.0555567
770 0.0555567
780 0.0555567
790 0.0555567
800 0.166665
810 0.166665
820 0.0555567
830 0.166665
840 0.0555567
850 0.0555567
860 0.16667
870 0.0555567
880 0.16667
890 0.0555567
900 0.0555567
910 0.0555567
920 0.0555567
930 0.0555567
940 0.0555567
950 0.0555567
960 1.66667e-06
970 1.66667e-06
980 0.0555567
990 0.222223
1000 0.0555567
