10 -0.188888
20 -0.188888
30 0
40 0
50 0
60 0
70 -0.0666667
80 -0.188888
90 -0.28889
100 -0.155557
110 -0.255557
120 -0.255557
130 -0.355555
140 -0.255557
150 -0.266668
160 -0.155557
170 -0.0666683
180 -0.0888883
190 -0.255557
200 -0.288888
210 -0.0666667
220 -0.0666667
230 -0.0666667
240 0
250 0
260 -0.0666667
270 -0.28889
280 -0.255557
290 0
300 0
310 0
320 -0.166667
330 -0.166667
340 -0.155557
350 -0.166668
360 -0.255557
370 0
380 0
390 0
400 0
410 0
420 -0.255555
430 -0.266668
440 -0.255555
450 -0.166667
460 -0.166667
470 0
480 -0.355555
490 -0.166667
500 -0.08889
510 -0.0666683
520 -0.188888
530 -0.266668
540 -0.18889
550 -0.166668
560 -0.166668
570 -0.166668
580 -0.166667
590 -0.166667
600 -0.166667
610 -0.255555
620 -0.255555
630 -0.255555
640 -0.08889
650 -0.166668
660 0
670 -0.288888
680 -0.288888
690 -0.100002
700 -0.100002
710 -0.100002
720 -0.1
730 0
740 0
750 0
760 0
770 0
780 0
790 0
800 0
810 -0.166668
820 -0.166668
830 0
840 -0.18889
850 0
860 0
870 0
880 0
890 0
900 -0.255557
910 0
920 0
930 0
940 0
950 0
960 -0.1
970 0
980 0
990 0
1000 0
