10 0.333335
20 0.333335
30 0.333335
40 0.333335
50 0.333335
60 0.333335
70 1.66667e-06
80 0.0555583
90 0.222222
100 0.166668
110 0.222225
120 0.0555567
130 0.222225
140 0.0555583
150 0.0555583
160 0.0555583
170 0.166668
180 0.166668
190 0.16667
200 0.0555583
210 1.66667e-06
220 1.66667e-06
230 0.222225
240 1.66667e-06
250 1.66667e-06
260 1.66667e-06
270 0.222223
280 0.0555567
290 1.66667e-06
300 0.222223
310 0.222223
320 0.0555583
330 0.0555583
340 1.66667e-06
350 1.66667e-06
360 0.222223
370 1.66667e-06
380 1.66667e-06
390 1.66667e-06
400 1.66667e-06
410 1.66667e-06
420 0.0555567
430 1.66667e-06
440 1.66667e-06
450 0.0555567
460 0.0555567
470 0.0555567
480 0.166668
490 0.0555583
500 0.0555567
510 0.0555567
520 2.77556e-17
530 2.77556e-17
540 0.222223
550 1.66667e-06
560 1.66667e-06
570 1.66667e-06
580 1.66667e-06
590 1.66667e-06
600 1.66667e-06
610 1.66667e-06
620 1.66667e-06
630 0.222225
640 0.222225
650 0.222225
660 0.222222
670 1.66667e-06
680 1.66667e-06
690 0.222222
700 0.222222
710 0.222222
720 1.66667e-06
730 2.77556e-17
740 1.66667e-06
750 1.66667e-06
760 1.66667e-06
770 1.66667e-06
780 1.66667e-06
790 1.66667e-06
800 0.0555567
810 1.66667e-06
820 0.222223
830 1.66667e-06
840 0.0555567
850 0.0555567
860 0.0555567
870 0.0555567
880 0.0555567
890 0.0555567
900 0.0555567
910 0.0555567
920 0.0555567
930 0.0555567
940 0.0555567
950 0.0555567
960 0.0555567
970 1.66667e-06
980 1.66667e-06
990 1.66667e-06
1000 1.66667e-06
