10 -0.0666683
20 -0.155555
30 -0.155557
40 -0.0666683
50 -0.0666683
60 -1.66667e-06
70 -1.66667e-06
80 -2.77556e-17
90 0
100 -1.66667e-06
110 -0.100002
120 -0.1
130 -0.100002
140 -0.1
150 -2.77556e-17
160 -0.100002
170 -1.66667e-06
180 -1.66667e-06
190 -2.77556e-17
200 -1.66667e-06
210 -2.77556e-17
220 -1.66667e-06
230 -1.66667e-06
240 -1.66667e-06
250 -1.66667e-06
260 -1.66667e-06
270 -1.66667e-06
280 -1.66667e-06
290 -1.66667e-06
300 -1.66667e-06
310 -1.66667e-06
320 -1.66667e-06
330 0
340 -1.66667e-06
350 -2.77556e-17
360 -0.100002
370 -1.66667e-06
380 0
390 -0.1
400 -1.66667e-06
410 -2.77556e-17
420 -2.77556e-17
430 -2.77556e-17
440 0
450 -2.77556e-17
460 -2.77556e-17
470 0
480 0
490 0
500 -2.77556e-17
510 0
520 0
530 0
540 -1.66667e-06
550 -2.77556e-17
560 -1.66667e-06
570 -1.66667e-06
580 -0.1
590 0
600 0
610 0
620 -1.66667e-06
630 0
640 0
650 0
660 -1.66667e-06
670 0
680 0
690 0
700 0
710 -1.66667e-06
720 -1.66667e-06
730 0
740 -1.66667e-06
750 -1.66667e-06
760 -1.66667e-06
770 -2.77556e-17
780 -2.77556e-17
790 0
800 0
810 -1.66667e-06
820 -2.77556e-17
830 0
840 -0.1
850 -0.1
860 -2.77556e-17
870 -2.77556e-17
880 -2.77556e-17
890 -2.77556e-17
900 -2.77556e-17
910 -2.77556e-17
920 -2.77556e-17
930 -1.66667e-06
940 -1.66667e-06
950 0
960 -2.77556e-17
970 -1.66667e-06
980 0
990 -1.66667e-06
1000 0
