10 0.0555567
20 0.166668
30 0
40 0
50 3.33333e-06
60 3.33333e-06
70 1.66667e-06
80 1.66667e-06
90 1.66667e-06
100 3.33333e-06
110 1.66667e-06
120 1.66667e-06
130 3.33333e-06
140 1.66667e-06
150 3.33333e-06
160 1.66667e-06
170 1.66667e-06
180 0
190 0.16667
200 3.33333e-06
210 3.33333e-06
220 3.33333e-06
230 3.33333e-06
240 3.33333e-06
250 3.33333e-06
260 1.66667e-06
270 1.66667e-06
280 1.66667e-06
290 0
300 1.66667e-06
310 1.66667e-06
320 3.33333e-06
330 3.33333e-06
340 0.16667
350 0.16667
360 1.66667e-06
370 1.66667e-06
380 3.33333e-06
390 1.66667e-06
400 1.66667e-06
410 3.33333e-06
420 3.33333e-06
430 1.66667e-06
440 0.166668
450 0
460 1.66667e-06
470 1.66667e-06
480 3.33333e-06
490 3.33333e-06
500 1.66667e-06
510 0
520 1.66667e-06
530 3.33333e-06
540 1.66667e-06
550 0
560 1.66667e-06
570 3.33333e-06
580 0
590 3.33333e-06
600 1.66667e-06
610 3.33333e-06
620 1.66667e-06
630 0
640 1.66667e-06
650 1.66667e-06
660 1.66667e-06
670 0.0555583
680 0
690 1.66667e-06
700 0
710 1.66667e-06
720 3.33333e-06
730 1.66667e-06
740 1.66667e-06
750 1.66667e-06
760 3.33333e-06
770 1.66667e-06
780 0
790 1.66667e-06
800 0
810 0
820 0
830 3.33333e-06
840 1.66667e-06
850 3.33333e-06
860 1.66667e-06
870 0
880 0
890 3.33333e-06
900 1.66667e-06
910 1.66667e-06
920 0
930 0
940 0
950 0
960 0
970 1.66667e-06
980 0
990 1.66667e-06
1000 1.66667e-06
