10 0.0555567
20 0.0555583
30 1.66667e-06
40 3.33333e-06
50 3.33333e-06
60 3.33333e-06
70 3.33333e-06
80 1.66667e-06
90 1.66667e-06
100 3.33333e-06
110 1.66667e-06
120 3.33333e-06
130 0.166668
140 2.77556e-17
150 3.33333e-06
160 1.66667e-06
170 0.166668
180 0.16667
190 1.66667e-06
200 3.33333e-06
210 2.77556e-17
220 0.16667
230 2.77556e-17
240 0.166668
250 1.66667e-06
260 0.166668
270 0.166668
280 1.66667e-06
290 2.77556e-17
300 1.66667e-06
310 1.66667e-06
320 2.77556e-17
330 1.66667e-06
340 0.16667
350 1.66667e-06
360 3.33333e-06
370 2.77556e-17
380 1.66667e-06
390 3.33333e-06
400 1.66667e-06
410 1.66667e-06
420 3.33333e-06
430 3.33333e-06
440 3.33333e-06
450 1.66667e-06
460 3.33333e-06
470 1.66667e-06
480 3.33333e-06
490 2.77556e-17
500 1.66667e-06
510 2.77556e-17
520 3.33333e-06
530 3.33333e-06
540 3.33333e-06
550 3.33333e-06
560 1.66667e-06
570 1.66667e-06
580 0.166668
590 3.33333e-06
600 3.33333e-06
610 1.66667e-06
620 3.33333e-06
630 3.33333e-06
640 2.77556e-17
650 1.66667e-06
660 1.66667e-06
670 1.66667e-06
680 0.166668
690 1.66667e-06
700 1.66667e-06
710 1.66667e-06
720 3.33333e-06
730 1.66667e-06
740 1.66667e-06
750 1.66667e-06
760 3.33333e-06
770 1.66667e-06
780 3.33333e-06
790 3.33333e-06
800 3.33333e-06
810 1.66667e-06
820 2.77556e-17
830 1.66667e-06
840 3.33333e-06
850 1.66667e-06
860 1.66667e-06
870 0.16667
880 1.66667e-06
890 1.66667e-06
900 1.66667e-06
910 1.66667e-06
920 1.66667e-06
930 3.33333e-06
940 1.66667e-06
950 3.33333e-06
960 1.66667e-06
970 1.66667e-06
980 1.66667e-06
990 1.66667e-06
1000 0.16667
