10 -0.166668
20 -0.166668
30 -0.166667
40 -0.166667
50 -0.166667
60 -0.1
70 -0.1
80 -1.66667e-06
90 -2.77556e-17
100 -0.100002
110 0
120 0
130 0
140 -1.66667e-06
150 -1.66667e-06
160 -1.66667e-06
170 -1.66667e-06
180 -0.100002
190 -1.66667e-06
200 -2.77556e-17
210 -1.66667e-06
220 -0.100002
230 -1.66667e-06
240 -2.77556e-17
250 -2.77556e-17
260 -2.77556e-17
270 -2.77556e-17
280 -2.77556e-17
290 -2.77556e-17
300 -2.77556e-17
310 -2.77556e-17
320 -1.66667e-06
330 -1.66667e-06
340 -1.66667e-06
350 -2.77556e-17
360 -1.66667e-06
370 -1.66667e-06
380 -1.66667e-06
390 -1.66667e-06
400 0
410 0
420 -1.66667e-06
430 -0.1
440 -0.1
450 -1.66667e-06
460 -1.66667e-06
470 -1.66667e-06
480 0
490 0
500 -0.100002
510 0
520 -2.77556e-17
530 -1.66667e-06
540 -1.66667e-06
550 -2.77556e-17
560 -1.66667e-06
570 -1.66667e-06
580 0
590 0
600 -1.66667e-06
610 0
620 -0.1
630 -0.100002
640 -1.66667e-06
650 -1.66667e-06
660 -1.66667e-06
670 -1.66667e-06
680 -1.66667e-06
690 -1.66667e-06
700 0
710 -0.1
720 -0.100002
730 -0.1
740 -2.77556e-17
750 -1.66667e-06
760 -0.1
770 -1.66667e-06
780 -0.100002
790 0
800 0
810 0
820 0
830 -2.77556e-17
840 -0.1
850 -2.77556e-17
860 0
870 -1.66667e-06
880 -2.77556e-17
890 -2.77556e-17
900 -1.66667e-06
910 -2.77556e-17
920 -1.66667e-06
930 -0.1
940 -2.77556e-17
950 -1.66667e-06
960 -0.1
970 -0.100002
980 -1.66667e-06
990 -0.1
1000 -1.66667e-06
