10 0.166668
20 0.166668
30 0.166668
40 0.16667
50 0.16667
60 0.16667
70 0.166668
80 0.166668
90 0
100 1.66667e-06
110 3.33333e-06
120 3.33333e-06
130 3.33333e-06
140 0
150 3.33333e-06
160 1.66667e-06
170 1.66667e-06
180 0
190 3.33333e-06
200 3.33333e-06
210 1.66667e-06
220 1.66667e-06
230 1.66667e-06
240 1.66667e-06
250 0
260 0
270 3.33333e-06
280 3.33333e-06
290 0.16667
300 3.33333e-06
310 3.33333e-06
320 3.33333e-06
330 1.66667e-06
340 1.66667e-06
350 0.16667
360 1.66667e-06
370 3.33333e-06
380 3.33333e-06
390 0
400 0.166668
410 3.33333e-06
420 3.33333e-06
430 3.33333e-06
440 1.66667e-06
450 0
460 3.33333e-06
470 0.16667
480 3.33333e-06
490 3.33333e-06
500 0
510 3.33333e-06
520 0
530 1.66667e-06
540 0.166668
550 0.166668
560 0
570 0
580 1.66667e-06
590 0
600 3.33333e-06
610 1.66667e-06
620 0
630 3.33333e-06
640 3.33333e-06
650 0
660 0
670 1.66667e-06
680 0
690 0
700 0
710 1.66667e-06
720 1.66667e-06
730 1.66667e-06
740 0
750 1.66667e-06
760 3.33333e-06
770 1.66667e-06
780 3.33333e-06
790 3.33333e-06
800 3.33333e-06
810 1.66667e-06
820 0.16667
830 1.66667e-06
840 1.66667e-06
850 1.66667e-06
860 3.33333e-06
870 0
880 1.66667e-06
890 0
900 1.66667e-06
910 1.66667e-06
920 0
930 1.66667e-06
940 1.66667e-06
950 3.33333e-06
960 3.33333e-06
970 1.66667e-06
980 1.66667e-06
990 3.33333e-06
1000 0.166668
