10 1.66667e-06
20 1.66667e-06
30 1.66667e-06
40 1.66667e-06
50 1.66667e-06
60 1.66667e-06
70 1.66667e-06
80 0.16667
90 2.77556e-17
100 1.66667e-06
110 1.66667e-06
120 2.77556e-17
130 2.77556e-17
140 0.16667
150 1.66667e-06
160 3.33333e-06
170 3.33333e-06
180 0.166668
190 2.77556e-17
200 3.33333e-06
210 1.66667e-06
220 1.66667e-06
230 1.66667e-06
240 1.66667e-06
250 1.66667e-06
260 3.33333e-06
270 2.77556e-17
280 2.77556e-17
290 1.66667e-06
300 2.77556e-17
310 2.77556e-17
320 1.66667e-06
330 1.66667e-06
340 1.66667e-06
350 1.66667e-06
360 1.66667e-06
370 0.16667
380 1.66667e-06
390 3.33333e-06
400 1.66667e-06
410 2.77556e-17
420 1.66667e-06
430 2.77556e-17
440 1.66667e-06
450 1.66667e-06
460 1.66667e-06
470 3.33333e-06
480 0.166668
490 1.66667e-06
500 1.66667e-06
510 1.66667e-06
520 3.33333e-06
530 3.33333e-06
540 1.66667e-06
550 1.66667e-06
560 3.33333e-06
570 1.66667e-06
580 1.66667e-06
590 3.33333e-06
600 3.33333e-06
610 1.66667e-06
620 1.66667e-06
630 2.77556e-17
640 1.66667e-06
650 2.77556e-17
660 3.33333e-06
670 3.33333e-06
680 1.66667e-06
690 1.66667e-06
700 1.66667e-06
710 1.66667e-06
720 3.33333e-06
730 3.33333e-06
740 1.66667e-06
750 1.66667e-06
760 1.66667e-06
770 2.77556e-17
780 1.66667e-06
790 2.77556e-17
800 1.66667e-06
810 2.77556e-17
820 3.33333e-06
830 1.66667e-06
840 1.66667e-06
850 1.66667e-06
860 1.66667e-06
870 2.77556e-17
880 1.66667e-06
890 1.66667e-06
900 1.66667e-06
910 2.77556e-17
920 3.33333e-06
930 3.33333e-06
940 1.66667e-06
950 3.33333e-06
960 2.77556e-17
970 3.33333e-06
980 1.66667e-06
990 1.66667e-06
1000 2.77556e-17
