10 3.33333e-06
20 3.33333e-06
30 3.33333e-06
40 3.33333e-06
50 3.33333e-06
60 3.33333e-06
70 1.66667e-06
80 0.0555567
90 1.66667e-06
100 0.166667
110 2.77556e-17
120 0.0555567
130 2.77556e-17
140 0.222222
150 2.77556e-17
160 0.0555567
170 1.66667e-06
180 2.77556e-17
190 1.66667e-06
200 1.66667e-06
210 0.0555583
220 0.0555583
230 0.0555583
240 0.0555583
250 0.0555567
260 0.222223
270 0.0555583
280 0.166668
290 1.66667e-06
300 2.77556e-17
310 0.222223
320 0.222223
330 0.222223
340 0.222223
350 0.222223
360 2.77556e-17
370 2.77556e-17
380 2.77556e-17
390 0.222225
400 0.0555567
410 0.0555567
420 0.222225
430 1.66667e-06
440 1.66667e-06
450 0.222223
460 0.0555567
470 1.66667e-06
480 2.77556e-17
490 0.166665
500 1.66667e-06
510 0.0555567
520 0.222223
530 0.222225
540 0.222225
550 2.77556e-17
560 2.77556e-17
570 0.166665
580 0.166668
590 0.0555567
600 0.0555567
610 0.0555567
620 0.0555567
630 0.0555567
640 0.0555567
650 0.0555567
660 0.0555567
670 2.77556e-17
680 0.0555567
690 0.166668
700 0.222222
710 0
720 0.0555567
730 0.0555567
740 1.66667e-06
750 1.66667e-06
760 0.0555567
770 0.222223
780 0.222223
790 1.66667e-06
800 0.16667
810 2.77556e-17
820 0
830 0.0555567
840 0.166668
850 0.166668
860 0.166668
870 0.166668
880 0.166668
890 0.166668
900 2.77556e-17
910 0.166668
920 2.77556e-17
930 2.77556e-17
940 2.77556e-17
950 2.77556e-17
960 2.77556e-17
970 2.77556e-17
980 2.77556e-17
990 2.77556e-17
1000 2.77556e-17
