10 1.66667e-06
20 1.66667e-06
30 1.66667e-06
40 1.66667e-06
50 1.66667e-06
60 1.66667e-06
70 1.66667e-06
80 0.166667
90 0.0555567
100 0.0555583
110 0.0555567
120 0.222222
130 0.166668
140 0.0555583
150 0.0555567
160 0.0555583
170 2.77556e-17
180 2.77556e-17
190 1.66667e-06
200 1.66667e-06
210 1.66667e-06
220 1.66667e-06
230 1.66667e-06
240 1.66667e-06
250 1.66667e-06
260 2.77556e-17
270 2.77556e-17
280 1.66667e-06
290 0.0555567
300 0.0555583
310 2.77556e-17
320 2.77556e-17
330 2.77556e-17
340 0.0555567
350 0.0555567
360 0.0555567
370 0.0555567
380 0
390 0.0555567
400 0.166667
410 0.0555583
420 0.0555583
430 0.0555583
440 0.222222
450 0.222222
460 1.66667e-06
470 1.66667e-06
480 1.66667e-06
490 0.0555583
500 0.0555583
510 1.66667e-06
520 1.66667e-06
530 1.66667e-06
540 1.66667e-06
550 1.66667e-06
560 1.66667e-06
570 1.66667e-06
580 1.66667e-06
590 1.66667e-06
600 1.66667e-06
610 1.66667e-06
620 1.66667e-06
630 1.66667e-06
640 1.66667e-06
650 1.66667e-06
660 1.66667e-06
670 1.66667e-06
680 1.66667e-06
690 1.66667e-06
700 1.66667e-06
710 1.66667e-06
720 1.66667e-06
730 1.66667e-06
740 1.66667e-06
750 1.66667e-06
760 1.66667e-06
770 1.66667e-06
780 1.66667e-06
790 1.66667e-06
800 1.66667e-06
810 1.66667e-06
820 1.66667e-06
830 1.66667e-06
840 1.66667e-06
850 1.66667e-06
860 1.66667e-06
870 1.66667e-06
880 1.66667e-06
890 1.66667e-06
900 1.66667e-06
910 0.16667
920 1.66667e-06
930 1.66667e-06
940 0.16667
950 1.66667e-06
960 1.66667e-06
970 1.66667e-06
980 1.66667e-06
990 1.66667e-06
1000 1.66667e-06
