10 -1.66667e-06
20 -1.66667e-06
30 -1.66667e-06
40 -1.66667e-06
50 -1.66667e-06
60 -1.66667e-06
70 -0.1
80 -0.0888883
90 -0.100002
100 -0.100002
110 -0.18889
120 -0.288888
130 -0.188888
140 -0.166667
150 -0.1
160 -0.155555
170 -0.188888
180 -0.188888
190 -1.66667e-06
200 -1.66667e-06
210 0
220 -0.266668
230 -0.18889
240 -0.18889
250 -0.255557
260 -0.1
270 -0.100002
280 -0.100002
290 -0.166668
300 -0.2
310 -0.2
320 -0.0666667
330 -0.200002
340 -0.155555
350 -0.100002
360 -0.100002
370 -0.100002
380 -0.166667
390 -0.2
400 -0.0888883
410 -0.0888883
420 -0.0888883
430 -0.0888883
440 -0.0888883
450 -0.0888883
460 -0.0888883
470 -0.0888883
480 -0.0888883
490 -0.0888883
500 -0.0888883
510 -0.0888883
520 -0.2
530 -0.0888883
540 -0.188888
550 -0.1
560 -0.188888
570 -0.188888
580 -0.1
590 -0.1
600 -0.1
610 -0.188888
620 -0.1
630 -0.188888
640 -0.0888883
650 -0.0888883
660 -0.0888883
670 -0.0888883
680 -0.0888883
690 -0.0888883
700 -0.0888883
710 -0.0888883
720 -0.0888883
730 -0.0888883
740 -0.0888883
750 -0.200002
760 -0.0888883
770 -0.200002
780 -0.0888883
790 -0.188888
800 -0.188888
810 0
820 -0.0888883
830 -0.0888883
840 -0.200002
850 -0.200002
860 -0.200002
870 -0.166668
880 -0.166668
890 -0.166668
900 -0.266667
910 -0.166668
920 -0.188888
930 -0.0666667
940 -0.1
950 -0.0888883
960 -0.200002
970 -0.188888
980 -0.188888
990 -0.2
1000 0
