10 -0.18889
20 -0.18889
30 -0.18889
40 -0.1
50 -0.1
60 -0.1
70 -0.18889
80 -0.08889
90 0
100 -0.1
110 -0.266667
120 -0.266668
130 -0.266668
140 -0.266668
150 -0.1
160 -0.188888
170 -0.266668
180 -0.1
190 -0.188888
200 -0.266668
210 -0.08889
220 -0.08889
230 0
240 -0.255557
250 -0.255557
260 -0.255557
270 -0.255555
280 -0.255555
290 -0.166667
300 -0.166667
310 -0.100002
320 -0.100002
330 -0.100002
340 -1.66667e-06
350 -0.288888
360 -1.66667e-06
370 -1.66667e-06
380 -1.66667e-06
390 -1.66667e-06
400 -1.66667e-06
410 -1.66667e-06
420 -0.0666683
430 -0.266668
440 -0.255557
450 -1.66667e-06
460 -0.166667
470 -0.100002
480 -0.28889
490 -0.28889
500 -0.266668
510 -0.266668
520 -0.188888
530 -0.188888
540 -0.188888
550 -0.188888
560 -0.188888
570 -0.266668
580 -0.355555
590 -0.08889
600 -1.66667e-06
610 -1.66667e-06
620 -1.66667e-06
630 -0.08889
640 -0.255557
650 -0.266668
660 -0.28889
670 -1.66667e-06
680 -0.255557
690 -0.155555
700 -0.155555
710 -0.155555
720 -0.266668
730 -0.255557
740 -0.0888883
750 -0.266668
760 -1.66667e-06
770 -0.166668
780 -0.266668
790 -0.266668
800 -0.255557
810 -1.66667e-06
820 -0.255557
830 -0.1
840 -0.255557
850 -0.0666667
860 -0.0666667
870 -0.0666667
880 -0.100002
890 -0.100002
900 -0.100002
910 -0.100002
920 -0.100002
930 -0.100002
940 -0.28889
950 -0.100002
960 -0.100002
970 -0.166668
980 -0.166668
990 -0.255557
1000 -0.255557
