10 0.222225
20 1.66667e-06
30 1.66667e-06
40 1.66667e-06
50 1.66667e-06
60 1.66667e-06
70 1.66667e-06
80 1.66667e-06
90 1.66667e-06
100 1.66667e-06
110 1.66667e-06
120 0
130 1.66667e-06
140 3.33333e-06
150 1.66667e-06
160 1.66667e-06
170 1.66667e-06
180 0
190 1.66667e-06
200 0.16667
210 1.66667e-06
220 1.66667e-06
230 3.33333e-06
240 1.66667e-06
250 1.66667e-06
260 1.66667e-06
270 1.66667e-06
280 3.33333e-06
290 1.66667e-06
300 1.66667e-06
310 3.33333e-06
320 0.16667
330 0
340 1.66667e-06
350 1.66667e-06
360 0
370 0
380 0
390 1.66667e-06
400 0
410 3.33333e-06
420 1.66667e-06
430 0
440 1.66667e-06
450 1.66667e-06
460 3.33333e-06
470 1.66667e-06
480 1.66667e-06
490 1.66667e-06
500 3.33333e-06
510 1.66667e-06
520 0
530 0
540 1.66667e-06
550 1.66667e-06
560 0
570 1.66667e-06
580 1.66667e-06
590 1.66667e-06
600 1.66667e-06
610 1.66667e-06
620 3.33333e-06
630 0
640 1.66667e-06
650 3.33333e-06
660 1.66667e-06
670 3.33333e-06
680 3.33333e-06
690 0
700 1.66667e-06
710 0
720 1.66667e-06
730 1.66667e-06
740 3.33333e-06
750 0
760 0
770 1.66667e-06
780 1.66667e-06
790 0
800 0
810 1.66667e-06
820 1.66667e-06
830 1.66667e-06
840 0
850 1.66667e-06
860 3.33333e-06
870 1.66667e-06
880 1.66667e-06
890 1.66667e-06
900 0
910 1.66667e-06
920 0
930 1.66667e-06
940 1.66667e-06
950 0
960 0
970 1.66667e-06
980 0
990 1.66667e-06
1000 0
