10 -0.155555
20 -0.155555
30 -0.155555
40 -0.155555
50 -0.08889
60 -0.155557
70 -0.0666683
80 -0.0666683
90 -0.166667
100 -0.0666667
110 -0.166668
120 -0.0666667
130 -0.0666667
140 -0.0666667
150 -0.0666667
160 -0.0666683
170 -0.0666683
180 -0.0666667
190 -0.0666683
200 -0.0666667
210 -0.0666683
220 -0.0666667
230 -0.0666667
240 -0.0666683
250 -0.0666683
260 -0.0666667
270 -0.0666667
280 -1.66667e-06
290 -0.0666667
300 -1.66667e-06
310 -0.0666683
320 -0.0666683
330 -0.0666667
340 -0.166668
350 -0.0666683
360 -0.0666683
370 -1.66667e-06
380 -2.77556e-17
390 -1.66667e-06
400 -1.66667e-06
410 -1.66667e-06
420 -2.77556e-17
430 -1.66667e-06
440 -1.66667e-06
450 -0.0666683
460 -0.0666667
470 -2.77556e-17
480 -1.66667e-06
490 -1.66667e-06
500 0
510 0
520 -2.77556e-17
530 0
540 -1.66667e-06
550 -1.66667e-06
560 -1.66667e-06
570 -0.1
580 -1.66667e-06
590 -1.66667e-06
600 -2.77556e-17
610 -1.66667e-06
620 -2.77556e-17
630 -0.1
640 -0.0666683
650 -0.0666667
660 -2.77556e-17
670 -0.0666667
680 -0.0666683
690 -0.0666683
700 -1.66667e-06
710 -1.66667e-06
720 -1.66667e-06
730 -1.66667e-06
740 -2.77556e-17
750 -2.77556e-17
760 -1.66667e-06
770 -1.66667e-06
780 -1.66667e-06
790 -1.66667e-06
800 0
810 -1.66667e-06
820 0
830 -1.66667e-06
840 -0.100002
850 -0.100002
860 -0.100002
870 -0.0666683
880 -0.0666683
890 -1.66667e-06
900 -1.66667e-06
910 -1.66667e-06
920 -1.66667e-06
930 -1.66667e-06
940 -1.66667e-06
950 -1.66667e-06
960 -1.66667e-06
970 -1.66667e-06
980 -1.66667e-06
990 -1.66667e-06
1000 -1.66667e-06
