10 1.66667e-06
20 1.66667e-06
30 1.66667e-06
40 1.66667e-06
50 1.66667e-06
60 1.66667e-06
70 1.66667e-06
80 3.33333e-06
90 1.66667e-06
100 0.0555567
110 0
120 0
130 1.66667e-06
140 1.66667e-06
150 1.66667e-06
160 1.66667e-06
170 1.66667e-06
180 0
190 1.66667e-06
200 0.0555583
210 0
220 0.166665
230 1.66667e-06
240 0.0555567
250 0.166668
260 1.66667e-06
270 0
280 1.66667e-06
290 1.66667e-06
300 0.16667
310 0.0555567
320 1.66667e-06
330 0
340 0
350 1.66667e-06
360 1.66667e-06
370 1.66667e-06
380 1.66667e-06
390 1.66667e-06
400 0
410 0
420 0.0555567
430 0
440 0
450 0.0555567
460 0.0555567
470 0
480 0
490 1.66667e-06
500 1.66667e-06
510 1.66667e-06
520 1.66667e-06
530 0.16667
540 0.0555567
550 0.0555567
560 1.66667e-06
570 0.0555567
580 3.33333e-06
590 0.0555567
600 0.0555567
610 2.77556e-17
620 2.77556e-17
630 2.77556e-17
640 2.77556e-17
650 2.77556e-17
660 2.77556e-17
670 2.77556e-17
680 0.0555583
690 2.77556e-17
700 1.66667e-06
710 1.66667e-06
720 1.66667e-06
730 1.66667e-06
740 1.66667e-06
750 1.66667e-06
760 1.66667e-06
770 1.66667e-06
780 1.66667e-06
790 1.66667e-06
800 1.66667e-06
810 1.66667e-06
820 1.66667e-06
830 1.66667e-06
840 1.66667e-06
850 0.16667
860 0.16667
870 1.66667e-06
880 1.66667e-06
890 3.33333e-06
900 1.66667e-06
910 1.66667e-06
920 1.66667e-06
930 3.33333e-06
940 3.33333e-06
950 1.66667e-06
960 1.66667e-06
970 0.16667
980 0.0555567
990 3.33333e-06
1000 1.66667e-06
