10 0.0555567
20 0
30 2.77556e-17
40 2.77556e-17
50 1.66667e-06
60 1.66667e-06
70 3.33333e-06
80 3.33333e-06
90 0.16667
100 2.77556e-17
110 1.66667e-06
120 1.66667e-06
130 3.33333e-06
140 1.66667e-06
150 1.66667e-06
160 1.66667e-06
170 1.66667e-06
180 2.77556e-17
190 1.66667e-06
200 1.66667e-06
210 0.16667
220 3.33333e-06
230 1.66667e-06
240 1.66667e-06
250 1.66667e-06
260 1.66667e-06
270 3.33333e-06
280 3.33333e-06
290 2.77556e-17
300 1.66667e-06
310 3.33333e-06
320 1.66667e-06
330 2.77556e-17
340 1.66667e-06
350 0.16667
360 2.77556e-17
370 0.166668
380 3.33333e-06
390 1.66667e-06
400 1.66667e-06
410 3.33333e-06
420 0.166668
430 0.16667
440 1.66667e-06
450 0.16667
460 3.33333e-06
470 1.66667e-06
480 1.66667e-06
490 3.33333e-06
500 1.66667e-06
510 3.33333e-06
520 1.66667e-06
530 3.33333e-06
540 3.33333e-06
550 3.33333e-06
560 1.66667e-06
570 1.66667e-06
580 3.33333e-06
590 1.66667e-06
600 0.16667
610 2.77556e-17
620 3.33333e-06
630 1.66667e-06
640 2.77556e-17
650 1.66667e-06
660 1.66667e-06
670 1.66667e-06
680 2.77556e-17
690 1.66667e-06
700 3.33333e-06
710 3.33333e-06
720 3.33333e-06
730 1.66667e-06
740 1.66667e-06
750 3.33333e-06
760 3.33333e-06
770 2.77556e-17
780 0.16667
790 3.33333e-06
800 1.66667e-06
810 1.66667e-06
820 1.66667e-06
830 1.66667e-06
840 3.33333e-06
850 1.66667e-06
860 3.33333e-06
870 2.77556e-17
880 1.66667e-06
890 2.77556e-17
900 1.66667e-06
910 1.66667e-06
920 3.33333e-06
930 1.66667e-06
940 1.66667e-06
950 2.77556e-17
960 1.66667e-06
970 2.77556e-17
980 3.33333e-06
990 0.16667
1000 2.77556e-17
