10 0.0555567
20 0
30 0
40 0.0555567
50 0.0555567
60 1.66667e-06
70 1.66667e-06
80 2.77556e-17
90 1.66667e-06
100 1.66667e-06
110 1.66667e-06
120 0.166668
130 1.66667e-06
140 2.77556e-17
150 1.66667e-06
160 1.66667e-06
170 2.77556e-17
180 1.66667e-06
190 0.16667
200 2.77556e-17
210 0.166668
220 3.33333e-06
230 1.66667e-06
240 0.0555567
250 3.33333e-06
260 1.66667e-06
270 0.0555567
280 1.66667e-06
290 1.66667e-06
300 0.16667
310 0.16667
320 3.33333e-06
330 1.66667e-06
340 1.66667e-06
350 2.77556e-17
360 1.66667e-06
370 1.66667e-06
380 2.77556e-17
390 2.77556e-17
400 2.77556e-17
410 0.166668
420 1.66667e-06
430 2.77556e-17
440 1.66667e-06
450 1.66667e-06
460 1.66667e-06
470 2.77556e-17
480 1.66667e-06
490 3.33333e-06
500 3.33333e-06
510 1.66667e-06
520 1.66667e-06
530 2.77556e-17
540 1.66667e-06
550 1.66667e-06
560 2.77556e-17
570 1.66667e-06
580 0.0555583
590 1.66667e-06
600 2.77556e-17
610 2.77556e-17
620 2.77556e-17
630 3.33333e-06
640 2.77556e-17
650 2.77556e-17
660 3.33333e-06
670 1.66667e-06
680 1.66667e-06
690 1.66667e-06
700 1.66667e-06
710 1.66667e-06
720 0.166668
730 1.66667e-06
740 2.77556e-17
750 1.66667e-06
760 2.77556e-17
770 1.66667e-06
780 1.66667e-06
790 1.66667e-06
800 1.66667e-06
810 3.33333e-06
820 1.66667e-06
830 3.33333e-06
840 1.66667e-06
850 1.66667e-06
860 1.66667e-06
870 2.77556e-17
880 1.66667e-06
890 2.77556e-17
900 1.66667e-06
910 3.33333e-06
920 1.66667e-06
930 3.33333e-06
940 2.77556e-17
950 3.33333e-06
960 1.66667e-06
970 1.66667e-06
980 0.166668
990 2.77556e-17
1000 2.77556e-17
