10 -0.100002
20 -0.100002
30 -0.100002
40 -0.100002
50 -0.100002
60 -0.100002
70 -0.0666683
80 -0.2
90 -0.0888883
100 -0.188888
110 -0.188888
120 -0.0666667
130 -0.255555
140 -0.166667
150 -0.166667
160 -0.2
170 -0.2
180 -0.166667
190 -0.188888
200 -0.188888
210 -0.188888
220 -0.255557
230 -2.77556e-17
240 -0.0666667
250 -2.77556e-17
260 -2.77556e-17
270 -0.0666667
280 -0.188888
290 -0.188888
300 -0.0666683
310 -0.100002
320 -0.0666667
330 -0.100002
340 -0.100002
350 -0.188888
360 -0.155557
370 -0.100002
380 -0.100002
390 -0.0666683
400 -0.0666683
410 -0.1
420 -0.0666667
430 -0.0666667
440 -0.0666667
450 -0.166667
460 -0.166668
470 -0.255555
480 -0.188888
490 -0.1
500 -0.0666667
510 -2.77556e-17
520 -0.28889
530 -0.155557
540 -0.28889
550 -0.255557
560 -0.1
570 -0.155555
580 -0.188888
590 -0.0666683
600 -0.18889
610 -0.266668
620 -0.18889
630 -0.18889
640 -0.18889
650 -0.0666667
660 -0.0666683
670 -0.0666683
680 -0.0666683
690 -0.155555
700 -0.0666667
710 -0.0666667
720 -0.0666667
730 -0.0666667
740 -0.0666667
750 -0.0666667
760 -0.0666667
770 -0.0666667
780 -0.0666667
790 -0.0666683
800 -0.0666683
810 -0.155555
820 -0.0666683
830 -0.0666683
840 -0.266668
850 -0.266668
860 -0.266668
870 -0.266668
880 -0.266668
890 -0.0666667
900 -0.0666667
910 -0.155555
920 -0.0666683
930 -0.0666667
940 -0.0666667
950 -0.266668
960 -0.266668
970 -0.266668
980 -0.266668
990 -0.266668
1000 -0.266668
