10 1.66667e-06
20 1.66667e-06
30 1.66667e-06
40 0.166668
50 0.166668
60 0.166668
70 1.66667e-06
80 0.166668
90 0.222225
100 0.166668
110 0.0555567
120 0.222222
130 0.0555583
140 0.0555567
150 2.77556e-17
160 0.222225
170 2.77556e-17
180 2.77556e-17
190 2.77556e-17
200 1.66667e-06
210 1.66667e-06
220 1.66667e-06
230 0.166668
240 0.166668
250 1.66667e-06
260 3.33333e-06
270 0.0555583
280 0.166668
290 1.66667e-06
300 1.66667e-06
310 1.66667e-06
320 3.33333e-06
330 0.166668
340 0.166668
350 0.166668
360 0
370 0.222223
380 0.222223
390 0.222223
400 0.0555567
410 0.0555567
420 0
430 0.0555567
440 0
450 0
460 0.0555567
470 0
480 0.0555583
490 0.0555567
500 0.0555567
510 0.222225
520 0.0555567
530 0.222225
540 0.0555567
550 0.0555567
560 0.0555567
570 0.0555567
580 0
590 0
600 0
610 0
620 0.166665
630 0
640 0.0555567
650 0.0555567
660 0
670 2.77556e-17
680 0.0555567
690 0.166665
700 0
710 0
720 0.166668
730 0.166668
740 0.166668
750 0.166668
760 0.166668
770 0.166668
780 0.166668
790 0.0555583
800 0
810 0
820 0
830 0
840 0
850 0
860 0
870 0
880 0
890 0
900 0
910 0
920 0
930 0
940 0
950 0
960 0
970 0
980 0
990 0
1000 0
