10 -0.255555
20 -0.166667
30 -0.166667
40 -0.166667
50 -0.166667
60 -0.1
70 -0.0666683
80 -0.166667
90 -0.0666667
100 -0.0666667
110 -0.0666667
120 -0.0666667
130 -0.0666683
140 -0.0666667
150 -0.0666667
160 -0.0666667
170 -0.166668
180 -0.166668
190 -0.0666683
200 -0.0666683
210 -0.0666667
220 -0.0666667
230 -0.0666683
240 -0.0666667
250 -0.0666683
260 0
270 -0.0666683
280 -0.0666667
290 -0.0666667
300 -0.0666683
310 -0.0666667
320 -0.0666683
330 -0.0666683
340 -0.0666683
350 -0.100002
360 -1.66667e-06
370 -1.66667e-06
380 0
390 -1.66667e-06
400 -0.100002
410 -2.77556e-17
420 -1.66667e-06
430 -1.66667e-06
440 -1.66667e-06
450 -1.66667e-06
460 0
470 -1.66667e-06
480 -1.66667e-06
490 0
500 0
510 -1.66667e-06
520 -1.66667e-06
530 0
540 0
550 -2.77556e-17
560 -2.77556e-17
570 -1.66667e-06
580 -1.66667e-06
590 -2.77556e-17
600 -2.77556e-17
610 0
620 0
630 -2.77556e-17
640 0
650 -1.66667e-06
660 -2.77556e-17
670 0
680 -2.77556e-17
690 -2.77556e-17
700 -2.77556e-17
710 -2.77556e-17
720 -1.66667e-06
730 -2.77556e-17
740 -2.77556e-17
750 -0.1
760 -2.77556e-17
770 -2.77556e-17
780 -1.66667e-06
790 0
800 0
810 -2.77556e-17
820 -0.1
830 -2.77556e-17
840 0
850 -1.66667e-06
860 -2.77556e-17
870 -1.66667e-06
880 0
890 -2.77556e-17
900 -2.77556e-17
910 -2.77556e-17
920 0
930 -2.77556e-17
940 -2.77556e-17
950 0
960 -2.77556e-17
970 -2.77556e-17
980 -2.77556e-17
990 -1.66667e-06
1000 -1.66667e-06
