10 -0.08889
20 -0.0666683
30 -0.0666683
40 -0.155557
50 -0.0666683
60 -0.0666683
70 -0.0666683
80 -0.0666683
90 -0.0666683
100 -0.0666683
110 -0.0666683
120 -0.0666683
130 -0.0666683
140 -0.0666667
150 -0.0666667
160 -0.0666683
170 -0.0666683
180 -0.0666683
190 -0.166668
200 -0.166668
210 -0.0666683
220 -0.0666683
230 -0.0666683
240 -0.0666667
250 -0.0666683
260 -0.0666683
270 -0.0666683
280 -0.0666683
290 -0.0666683
300 -0.0666683
310 -0.166668
320 -0.166667
330 -0.166668
340 -0.100002
350 -1.66667e-06
360 -1.66667e-06
370 -1.66667e-06
380 -1.66667e-06
390 -1.66667e-06
400 0
410 -1.66667e-06
420 -1.66667e-06
430 -1.66667e-06
440 -1.66667e-06
450 0
460 -0.1
470 -2.77556e-17
480 0
490 -1.66667e-06
500 -0.100002
510 -1.66667e-06
520 -1.66667e-06
530 -0.100002
540 -1.66667e-06
550 -1.66667e-06
560 -1.66667e-06
570 -1.66667e-06
580 -2.77556e-17
590 0
600 -0.100002
610 -1.66667e-06
620 -1.66667e-06
630 -1.66667e-06
640 -0.100002
650 -1.66667e-06
660 -0.100002
670 -1.66667e-06
680 -1.66667e-06
690 -2.77556e-17
700 0
710 -2.77556e-17
720 -1.66667e-06
730 -1.66667e-06
740 -1.66667e-06
750 -2.77556e-17
760 -1.66667e-06
770 -0.0666667
780 -1.66667e-06
790 -1.66667e-06
800 -0.100002
810 -1.66667e-06
820 -1.66667e-06
830 -2.77556e-17
840 -2.77556e-17
850 -0.100002
860 0
870 -2.77556e-17
880 -0.100002
890 -1.66667e-06
900 -1.66667e-06
910 -1.66667e-06
920 -1.66667e-06
930 0
940 -1.66667e-06
950 -1.66667e-06
960 0
970 -0.100002
980 -1.66667e-06
990 -1.66667e-06
1000 -1.66667e-06
