10 -0.18889
20 -0.18889
30 -0.18889
40 -0.18889
50 -0.18889
60 -0.18889
70 -0.18889
80 -0.08889
90 -0.08889
100 -0.08889
110 -0.08889
120 -0.18889
130 -0.08889
140 -0.08889
150 -0.0888883
160 -0.08889
170 -0.08889
180 -0.18889
190 -0.18889
200 -0.08889
210 -0.08889
220 -0.08889
230 -0.08889
240 -0.08889
250 -0.08889
260 -0.08889
270 -0.08889
280 -0.0888883
290 -0.0888883
300 -0.08889
310 -0.0888883
320 -0.08889
330 -0.0888883
340 -0.08889
350 -0.18889
360 -0.18889
370 -0.18889
380 -0.08889
390 -0.08889
400 -0.0888883
410 -0.08889
420 -0.08889
430 -0.08889
440 -0.08889
450 -0.0888883
460 -0.08889
470 -0.08889
480 -0.0888883
490 -0.0888883
500 -0.08889
510 -0.08889
520 -0.08889
530 -0.08889
540 -0.08889
550 -0.08889
560 -0.0888883
570 -0.0888883
580 -0.0888883
590 -0.08889
600 -0.08889
610 -0.0888883
620 -0.0888883
630 -0.08889
640 -0.0888883
650 -0.08889
660 -0.08889
670 -0.18889
680 -0.08889
690 -0.18889
700 -0.08889
710 -0.0888883
720 -0.0888883
730 -0.0888883
740 -0.0888883
750 -0.08889
760 -0.08889
770 -0.08889
780 -0.08889
790 -0.0888883
800 -0.08889
810 -0.08889
820 -0.0888883
830 -0.0888883
840 -0.08889
850 -0.08889
860 -0.08889
870 -0.0888883
880 -0.0888883
890 -0.08889
900 -0.188888
910 -0.18889
920 -0.0888883
930 -0.08889
940 -0.0888883
950 -0.0888883
960 -0.0888883
970 -0.08889
980 -0.08889
990 -0.0888883
1000 -0.0888883
