10 -0.155557
20 -0.155555
30 -0.0666667
40 -0.155557
50 -0.155557
60 -0.0666683
70 -0.0666683
80 -0.166668
90 -0.166667
100 -0.166668
110 -0.0666667
120 -0.0666667
130 -0.0666667
140 -0.0666683
150 -0.0666683
160 -0.0666683
170 -0.0666667
180 -0.0666683
190 -0.0666683
200 -0.0666683
210 -0.0666667
220 -0.0666683
230 -0.166667
240 -0.166667
250 -0.0666667
260 -0.0666667
270 -0.0666667
280 -2.77556e-17
290 -1.66667e-06
300 -2.77556e-17
310 -1.66667e-06
320 -2.77556e-17
330 -2.77556e-17
340 -1.66667e-06
350 -1.66667e-06
360 -1.66667e-06
370 -1.66667e-06
380 -2.77556e-17
390 -1.66667e-06
400 -1.66667e-06
410 -1.66667e-06
420 -1.66667e-06
430 0
440 0
450 -2.77556e-17
460 -1.66667e-06
470 -1.66667e-06
480 -1.66667e-06
490 0
500 -1.66667e-06
510 -1.66667e-06
520 -2.77556e-17
530 -1.66667e-06
540 -1.66667e-06
550 -1.66667e-06
560 0
570 -0.1
580 -2.77556e-17
590 -1.66667e-06
600 0
610 -1.66667e-06
620 0
630 -2.77556e-17
640 0
650 0
660 0
670 -1.66667e-06
680 -1.66667e-06
690 0
700 0
710 -1.66667e-06
720 -1.66667e-06
730 -1.66667e-06
740 -1.66667e-06
750 -1.66667e-06
760 -0.100002
770 -0.100002
780 -0.100002
790 -0.100002
800 -0.100002
810 -1.66667e-06
820 0
830 -2.77556e-17
840 -1.66667e-06
850 -1.66667e-06
860 -1.66667e-06
870 0
880 0
890 -0.100002
900 -1.66667e-06
910 0
920 -1.66667e-06
930 -1.66667e-06
940 -1.66667e-06
950 -1.66667e-06
960 0
970 -2.77556e-17
980 0
990 0
1000 -1.66667e-06
