10 0.16667
20 0.16667
30 0.0555583
40 0.0555583
50 0.0555583
60 0.0555583
70 3.33333e-06
80 1.66667e-06
90 0.0555567
100 0.222222
110 0.333333
120 0.0555567
130 0.0555567
140 0.0555567
150 2.77556e-17
160 0.0555567
170 0.222225
180 0.0555567
190 0.0555567
200 0.222223
210 0.166665
220 2.77556e-17
230 1.66667e-06
240 0.0555567
250 0.0555583
260 0.166665
270 0.222223
280 1.66667e-06
290 0.222222
300 2.77556e-17
310 2.77556e-17
320 2.77556e-17
330 2.77556e-17
340 2.77556e-17
350 0.0555567
360 0.0555567
370 0.0555583
380 0.0555567
390 1.66667e-06
400 2.77556e-17
410 2.77556e-17
420 2.77556e-17
430 2.77556e-17
440 2.77556e-17
450 2.77556e-17
460 2.77556e-17
470 0.222225
480 2.77556e-17
490 2.77556e-17
500 2.77556e-17
510 2.77556e-17
520 1.66667e-06
530 1.66667e-06
540 0.222222
550 2.77556e-17
560 2.77556e-17
570 2.77556e-17
580 2.77556e-17
590 2.77556e-17
600 2.77556e-17
610 2.77556e-17
620 2.77556e-17
630 0.0555567
640 0.0555567
650 2.77556e-17
660 2.77556e-17
670 2.77556e-17
680 2.77556e-17
690 1.66667e-06
700 1.66667e-06
710 1.66667e-06
720 1.66667e-06
730 1.66667e-06
740 1.66667e-06
750 1.66667e-06
760 1.66667e-06
770 1.66667e-06
780 1.66667e-06
790 3.33333e-06
800 1.66667e-06
810 1.66667e-06
820 1.66667e-06
830 1.66667e-06
840 1.66667e-06
850 0.222222
860 1.66667e-06
870 1.66667e-06
880 1.66667e-06
890 1.66667e-06
900 2.77556e-17
910 1.66667e-06
920 2.77556e-17
930 2.77556e-17
940 2.77556e-17
950 2.77556e-17
960 1.66667e-06
970 2.77556e-17
980 0.222222
990 1.66667e-06
1000 0.16667
