10 -0.100002
20 -2.77556e-17
30 -2.77556e-17
40 -2.77556e-17
50 -0.188888
60 -0.0888883
70 -0.0888883
80 -0.08889
90 -0.0888883
100 -0.08889
110 -0.08889
120 -0.08889
130 -0.08889
140 -0.0888883
150 -0.0888883
160 -0.0888883
170 -0.08889
180 -0.0888883
190 -0.0888883
200 -0.08889
210 -0.08889
220 -0.08889
230 -0.18889
240 -0.08889
250 -0.08889
260 -0.08889
270 -0.08889
280 -0.08889
290 -0.08889
300 -0.0888883
310 -0.0888883
320 -0.08889
330 -0.0888883
340 -0.08889
350 -0.0888883
360 -0.0888883
370 -0.0888883
380 -0.0888883
390 -0.08889
400 -0.08889
410 -0.08889
420 -0.08889
430 -0.188888
440 -0.0888883
450 -0.188888
460 -0.0888883
470 -0.0888883
480 -0.08889
490 -0.08889
500 -0.08889
510 -0.188888
520 -0.08889
530 -0.0888883
540 -0.0888883
550 -0.0888883
560 -0.0888883
570 -0.0888883
580 -0.0888883
590 -0.0888883
600 -0.188888
610 -0.188888
620 -0.0888883
630 -0.08889
640 -0.0888883
650 -0.08889
660 -0.0888883
670 -0.08889
680 -0.0888883
690 -0.0888883
700 -0.0888883
710 -0.0888883
720 -0.08889
730 -0.08889
740 -0.08889
750 -0.08889
760 -0.188888
770 -0.08889
780 -0.0888883
790 -0.08889
800 -0.08889
810 -0.0888883
820 -0.08889
830 -0.0888883
840 -0.0888883
850 -0.18889
860 -0.08889
870 -0.08889
880 -0.08889
890 -0.0888883
900 -0.08889
910 -0.08889
920 -0.0888883
930 -0.0888883
940 -0.0888883
950 -0.18889
960 -0.08889
970 -0.08889
980 -0.08889
990 -0.18889
1000 -0.08889
