10 -0.08889
20 -0.08889
30 -0.08889
40 -0.08889
50 -0.08889
60 -0.08889
70 -0.266668
80 -0.0666667
90 -0.188888
100 -0.100002
110 -0.0888883
120 -0.18889
130 -0.255555
140 -0.155555
150 -0.355555
160 -0.1
170 -0.355555
180 -0.0888883
190 -0.1
200 -0.1
210 -0.100002
220 -0.1
230 -0.18889
240 -0.355555
250 -0.255557
260 0
270 -0.0666667
280 0
290 0
300 -0.188888
310 -0.188888
320 -0.188888
330 -0.18889
340 0
350 -0.1
360 -0.1
370 -0.18889
380 -0.18889
390 0
400 -0.1
410 -0.188888
420 -0.188888
430 -0.155557
440 -0.155557
450 -1.66667e-06
460 -1.66667e-06
470 -1.66667e-06
480 -1.66667e-06
490 -0.0888883
500 -0.0888883
510 -0.0888883
520 -0.0888883
530 -0.155557
540 -0.155557
550 -0.0888883
560 -0.100002
570 -0.1
580 -0.1
590 -0.355555
600 -1.66667e-06
610 -0.100002
620 0
630 0
640 0
650 0
660 0
670 0
680 0
690 0
700 -1.66667e-06
710 -0.0888883
720 -2.77556e-17
730 -0.0888883
740 -0.18889
750 -0.155557
760 -0.0888883
770 -2.77556e-17
780 -0.1
790 -0.18889
800 -0.100002
810 -0.18889
820 -2.77556e-17
830 -1.66667e-06
840 -1.66667e-06
850 -0.255555
860 -1.66667e-06
870 0
880 -0.1
890 -0.0888883
900 -0.0888883
910 -0.0888883
920 -0.0888883
930 -0.0888883
940 -0.0888883
950 -0.0888883
960 -0.0888883
970 -0.0888883
980 -0.355555
990 -0.355555
1000 -0.0888883
