10 -0.100002
20 -0.100002
30 -0.100002
40 -0.100002
50 -0.100002
60 -0.100002
70 -0.0666683
80 -2.77556e-17
90 -2.77556e-17
100 -0.08889
110 -0.188888
120 -0.200002
130 -0.100002
140 -0.255557
150 -0.08889
160 -0.166668
170 -0.355557
180 -2.77556e-17
190 -0.188888
200 -2.77556e-17
210 -0.255557
220 -2.77556e-17
230 -0.18889
240 -0.255557
250 -0.188888
260 -2.77556e-17
270 -0.2
280 -2.77556e-17
290 -2.77556e-17
300 -0.155555
310 -2.77556e-17
320 -2.77556e-17
330 -2.77556e-17
340 -0.100002
350 -0.100002
360 -0.100002
370 -0.0666683
380 -0.166667
390 -0.166667
400 -0.166667
410 -0.188888
420 -0.0888883
430 -0.08889
440 -0.1
450 -0.155555
460 -0.100002
470 -0.100002
480 -0.08889
490 -0.100002
500 -0.100002
510 -0.100002
520 -0.0888883
530 -0.0888883
540 -0.0888883
550 -0.0888883
560 -0.188888
570 -0.188888
580 -0.188888
590 -0.188888
600 -0.100002
610 -0.100002
620 -0.1
630 -0.166667
640 -2.77556e-17
650 -0.188888
660 -0.188888
670 -0.1
680 -0.1
690 -0.188888
700 -0.0666667
710 -0.188888
720 -0.1
730 -0.1
740 -0.200002
750 -0.200002
760 -0.200002
770 -0.200002
780 -0.1
790 -0.166668
800 -0.1
810 -0.266668
820 -0.100002
830 -0.100002
840 -0.155555
850 -0.155555
860 -0.188888
870 -0.100002
880 -0.0888883
890 -2.77556e-17
900 -0.100002
910 -0.100002
920 -0.100002
930 -0.155555
940 -0.155555
950 -0.155555
960 -0.155555
970 -0.155555
980 -0.188888
990 -0.188888
1000 -2.77556e-17
