10 -0.188888
20 -0.188888
30 -0.188888
40 -0.188888
50 -0.188888
60 -0.188888
70 -0.266668
80 -0.266668
90 -0.100002
100 -0.166668
110 -0.155555
120 -0.266668
130 -0.166668
140 -0.166668
150 -0.100002
160 -0.155555
170 -0.166668
180 -0.166668
190 -0.288888
200 -0.288888
210 -0.0888883
220 -0.0888883
230 -0.0888883
240 -0.0888883
250 -0.166668
260 -0.188888
270 -0.166667
280 -0.166667
290 -0.166667
300 -0.28889
310 -0.28889
320 -0.28889
330 -0.0888883
340 -0.355557
350 -0.188888
360 -0.28889
370 -0.0666683
380 -0.166667
390 -0.166667
400 -0.166668
410 -0.166668
420 -1.66667e-06
430 -0.28889
440 -0.0666683
450 -0.0666683
460 -0.28889
470 -0.28889
480 -0.255555
490 -0.28889
500 -0.100002
510 -0.100002
520 -0.100002
530 -0.100002
540 -0.266668
550 -0.355557
560 -0.166667
570 -2.77556e-17
580 -0.166668
590 -0.166668
600 -0.1
610 -0.1
620 -0.166668
630 -0.28889
640 -0.1
650 -0.1
660 -1.66667e-06
670 -1.66667e-06
680 -1.66667e-06
690 -1.66667e-06
700 -1.66667e-06
710 -1.66667e-06
720 -1.66667e-06
730 -2.77556e-17
740 -0.1
750 -2.77556e-17
760 -2.77556e-17
770 -0.1
780 -0.1
790 -0.1
800 -0.1
810 -0.1
820 -0.1
830 -0.1
840 -0.1
850 -0.1
860 -0.1
870 -0.1
880 -2.77556e-17
890 -2.77556e-17
900 -2.77556e-17
910 -0.1
920 -0.1
930 -0.1
940 -0.1
950 -0.255555
960 -0.255555
970 -1.66667e-06
980 -2.77556e-17
990 -0.100002
1000 -0.1
