10 0.0555583
20 1.66667e-06
30 1.66667e-06
40 2.77556e-17
50 1.66667e-06
60 1.66667e-06
70 1.66667e-06
80 1.66667e-06
90 1.66667e-06
100 1.66667e-06
110 1.66667e-06
120 1.66667e-06
130 1.66667e-06
140 3.33333e-06
150 2.77556e-17
160 3.33333e-06
170 1.66667e-06
180 1.66667e-06
190 1.66667e-06
200 3.33333e-06
210 1.66667e-06
220 2.77556e-17
230 2.77556e-17
240 1.66667e-06
250 1.66667e-06
260 0.166668
270 3.33333e-06
280 1.66667e-06
290 0.16667
300 2.77556e-17
310 1.66667e-06
320 1.66667e-06
330 1.66667e-06
340 2.77556e-17
350 2.77556e-17
360 0.0555567
370 1.66667e-06
380 3.33333e-06
390 0.166668
400 0.0555567
410 2.77556e-17
420 1.66667e-06
430 3.33333e-06
440 1.66667e-06
450 1.66667e-06
460 1.66667e-06
470 3.33333e-06
480 1.66667e-06
490 3.33333e-06
500 3.33333e-06
510 1.66667e-06
520 1.66667e-06
530 1.66667e-06
540 3.33333e-06
550 0.166668
560 0.16667
570 2.77556e-17
580 2.77556e-17
590 2.77556e-17
600 2.77556e-17
610 2.77556e-17
620 3.33333e-06
630 2.77556e-17
640 0.16667
650 2.77556e-17
660 1.66667e-06
670 3.33333e-06
680 1.66667e-06
690 3.33333e-06
700 3.33333e-06
710 1.66667e-06
720 3.33333e-06
730 2.77556e-17
740 1.66667e-06
750 1.66667e-06
760 1.66667e-06
770 1.66667e-06
780 3.33333e-06
790 1.66667e-06
800 1.66667e-06
810 2.77556e-17
820 3.33333e-06
830 2.77556e-17
840 1.66667e-06
850 2.77556e-17
860 3.33333e-06
870 3.33333e-06
880 2.77556e-17
890 1.66667e-06
900 1.66667e-06
910 1.66667e-06
920 2.77556e-17
930 2.77556e-17
940 1.66667e-06
950 1.66667e-06
960 3.33333e-06
970 1.66667e-06
980 3.33333e-06
990 1.66667e-06
1000 3.33333e-06
