10 3.33333e-06
20 3.33333e-06
30 3.33333e-06
40 3.33333e-06
50 3.33333e-06
60 3.33333e-06
70 3.33333e-06
80 3.33333e-06
90 0.0555567
100 1.66667e-06
110 0.166667
120 0.0555567
130 0.0555567
140 0.0555567
150 0.0555583
160 0.0555583
170 0.0555567
180 0.0555567
190 0.222223
200 0.0555567
210 0.0555567
220 0.0555567
230 3.33333e-06
240 0.0555567
250 0.0555567
260 0.0555567
270 0.0555567
280 0.0555567
290 1.66667e-06
300 0.166668
310 1.66667e-06
320 3.33333e-06
330 0.222223
340 0.0555567
350 0.0555567
360 0.0555567
370 0.0555567
380 1.66667e-06
390 1.66667e-06
400 1.66667e-06
410 1.66667e-06
420 0.0555567
430 0.0555567
440 0.0555567
450 0.0555583
460 0.0555567
470 0.166667
480 0.166667
490 0.166667
500 0
510 0
520 0
530 0.0555583
540 0.166665
550 3.33333e-06
560 0.166665
570 0.0555567
580 0
590 0
600 1.66667e-06
610 1.66667e-06
620 0.0555567
630 1.66667e-06
640 0.0555583
650 0.0555583
660 1.66667e-06
670 0.166668
680 0.0555567
690 0.0555567
700 0.0555567
710 0.0555567
720 0.0555567
730 0.0555567
740 0.0555567
750 0.0555567
760 0.0555567
770 0.222225
780 0.222225
790 2.77556e-17
800 0.0555567
810 0.0555567
820 0.0555567
830 1.66667e-06
840 1.66667e-06
850 1.66667e-06
860 0.0555583
870 0.0555583
880 1.66667e-06
890 1.66667e-06
900 1.66667e-06
910 0.166668
920 1.66667e-06
930 1.66667e-06
940 1.66667e-06
950 1.66667e-06
960 0.0555583
970 0.0555583
980 0.0555567
990 0.0555567
1000 0.0555567
