10 -1.66667e-06
20 -1.66667e-06
30 -1.66667e-06
40 -1.66667e-06
50 -1.66667e-06
60 -1.66667e-06
70 -0.166667
80 -0.166667
90 -0.18889
100 -0.188888
110 -0.100002
120 -0.0666667
130 -0.1
140 -0.188888
150 -0.1
160 0
170 -0.155555
180 -0.166667
190 -0.100002
200 0
210 0
220 -0.188888
230 -0.188888
240 -0.1
250 -0.166667
260 -0.1
270 -0.255555
280 -0.166668
290 -0.255557
300 -0.255557
310 -0.166667
320 -0.166667
330 -0.188888
340 -0.188888
350 -0.188888
360 -0.100002
370 -0.100002
380 -0.188888
390 0
400 -0.188888
410 -0.166667
420 -0.166667
430 -0.255555
440 -0.1
450 -0.28889
460 0
470 -0.255557
480 -0.255557
490 -0.100002
500 -0.100002
510 -0.100002
520 -0.188888
530 -0.100002
540 -0.100002
550 -0.100002
560 -0.166668
570 -0.166668
580 -0.166668
590 -0.188888
600 0
610 -0.266668
620 -0.266668
630 -0.266668
640 0
650 -1.66667e-06
660 -1.66667e-06
670 -0.255557
680 -0.255557
690 -0.1
700 0
710 0
720 -0.0666667
730 -0.0666667
740 -0.255555
750 -0.100002
760 -0.100002
770 -0.0888883
780 -0.100002
790 -0.100002
800 -0.100002
810 -0.1
820 -1.66667e-06
830 0
840 -0.166667
850 -0.166667
860 -0.08889
870 -0.100002
880 -0.0888883
890 -0.166667
900 -0.155555
910 -0.166668
920 -0.155557
930 -0.100002
940 -0.188888
950 -0.188888
960 -0.188888
970 -0.188888
980 -0.188888
990 -0.100002
1000 -0.255557
