10 -0.188888
20 -0.100002
30 -0.100002
40 -0.100002
50 -0.100002
60 -0.100002
70 -0.100002
80 -0.08889
90 -0.2
100 -0.355557
110 -0.100002
120 -0.100002
130 -0.08889
140 -0.08889
150 -0.1
160 0
170 0
180 -0.1
190 -0.200002
200 -0.18889
210 0
220 0
230 -0.200002
240 0
250 0
260 0
270 -0.1
280 -0.1
290 -0.18889
300 -0.18889
310 -0.18889
320 -0.08889
330 0
340 -1.66667e-06
350 -0.1
360 -0.1
370 -0.1
380 -0.166668
390 -0.1
400 -1.66667e-06
410 -1.66667e-06
420 -0.255555
430 -0.255555
440 -0.266668
450 -0.166667
460 -0.166667
470 -0.288888
480 -0.255555
490 -0.166668
500 -0.0666683
510 -0.0666683
520 -0.0666683
530 -0.0666683
540 -0.0666683
550 -0.166668
560 -0.0666683
570 -0.255555
580 -0.166668
590 -0.166668
600 -0.166668
610 -0.166668
620 -0.166668
630 -0.166668
640 -0.166668
650 -0.166668
660 -0.288888
670 -0.166668
680 -0.166668
690 -0.166668
700 -0.166668
710 -0.166668
720 -0.166668
730 -0.188888
740 -0.188888
750 -0.166668
760 -0.166668
770 -0.155557
780 -0.08889
790 -0.166668
800 -0.166668
810 -0.166668
820 -0.166668
830 -0.166668
840 -0.166668
850 -0.166668
860 -0.166668
870 -0.166668
880 -0.0666683
890 -0.08889
900 -0.08889
910 -0.0666683
920 -0.0666683
930 -0.08889
940 -0.166668
950 -0.166668
960 -0.166668
970 -0.166668
980 -0.166668
990 -0.166668
1000 -0.166668
