10 0.16667
20 0.16667
30 0.16667
40 0.16667
50 0.16667
60 0.16667
70 1.66667e-06
80 1.66667e-06
90 0.0555567
100 0
110 0.166665
120 0.166668
130 0.0555567
140 0.0555567
150 1.66667e-06
160 0.166668
170 0.0555567
180 0.0555567
190 0.0555567
200 1.66667e-06
210 0
220 0
230 0.222225
240 2.77556e-17
250 2.77556e-17
260 0
270 0.0555567
280 0.0555583
290 0.0555583
300 2.77556e-17
310 1.66667e-06
320 0.0555567
330 0.0555567
340 0.0555567
350 0.0555583
360 2.77556e-17
370 2.77556e-17
380 0.0555583
390 0.0555583
400 0.0555583
410 2.77556e-17
420 0.166668
430 0.166665
440 2.77556e-17
450 0.0555567
460 0.0555567
470 0.222222
480 0.0555583
490 0.0555567
500 0.0555583
510 0.0555567
520 0.0555567
530 0.0555567
540 0.0555567
550 0
560 0.0555567
570 0.0555567
580 0.0555567
590 0.0555567
600 0.0555567
610 0.0555567
620 0.0555567
630 0.0555567
640 0.0555567
650 0.0555567
660 0.0555567
670 1.66667e-06
680 1.66667e-06
690 3.33333e-06
700 0.0555567
710 1.66667e-06
720 1.66667e-06
730 1.66667e-06
740 3.33333e-06
750 3.33333e-06
760 0.222222
770 0.222222
780 0.222222
790 0.222222
800 0.222222
810 0.222222
820 0.222222
830 1.66667e-06
840 1.66667e-06
850 1.66667e-06
860 1.66667e-06
870 1.66667e-06
880 1.66667e-06
890 1.66667e-06
900 1.66667e-06
910 1.66667e-06
920 1.66667e-06
930 1.66667e-06
940 0.222225
950 1.66667e-06
960 1.66667e-06
970 1.66667e-06
980 1.66667e-06
990 1.66667e-06
1000 1.66667e-06
