10 -0.100002
20 -0.100002
30 -0.100002
40 -0.100002
50 -0.100002
60 -0.100002
70 -0.166667
80 -0.0666683
90 -0.1
100 -0.188888
110 -0.355555
120 -0.355557
130 -0.266667
140 -0.166668
150 -0.100002
160 -0.155555
170 -0.166668
180 -0.1
190 -0.200002
200 -0.1
210 -0.1
220 -0.188888
230 -0.1
240 -0.1
250 -0.1
260 -0.355557
270 -0.155555
280 -0.188888
290 -0.1
300 -0.1
310 -0.1
320 -0.1
330 -0.1
340 -0.1
350 -0.1
360 -0.1
370 -0.28889
380 -0.100002
390 -0.200002
400 -0.0666667
410 -0.0666667
420 -0.0666667
430 -0.0666667
440 -0.0666667
450 -0.0666667
460 -0.0666667
470 -0.0666667
480 -0.0666667
490 -0.0666667
500 -0.0666667
510 -0.0666667
520 -0.0666667
530 -0.18889
540 -0.0666667
550 -0.0666667
560 -0.0666667
570 -0.0666667
580 -0.08889
590 -0.08889
600 -0.08889
610 -0.0666667
620 -0.08889
630 -0.08889
640 -0.200002
650 -0.08889
660 -0.188888
670 -0.188888
680 -0.188888
690 -0.08889
700 -0.08889
710 -0.08889
720 -0.08889
730 -0.08889
740 -0.08889
750 -0.200002
760 -0.08889
770 -0.188888
780 -0.155555
790 -0.255555
800 -0.255555
810 -0.255555
820 -0.255555
830 -0.188888
840 -0.0666667
850 -0.08889
860 -0.0666667
870 -0.08889
880 -0.08889
890 -0.188888
900 -0.188888
910 -0.0666667
920 -0.08889
930 -0.255555
940 -0.255555
950 -0.188888
960 -0.188888
970 -0.0888883
980 -0.188888
990 -0.188888
1000 -0.188888
