10 3.33333e-06
20 3.33333e-06
30 3.33333e-06
40 3.33333e-06
50 3.33333e-06
60 3.33333e-06
70 1.66667e-06
80 3.33333e-06
90 0.0555583
100 0.0555567
110 3.33333e-06
120 0.0555567
130 0.166665
140 0.0555567
150 0.0555567
160 0.0555567
170 0.0555567
180 0.0555567
190 0.0555567
200 0.0555567
210 0.166668
220 0.166668
230 0.0555567
240 0.0555583
250 0.166668
260 0.0555567
270 0.0555567
280 3.33333e-06
290 1.66667e-06
300 0.0555583
310 1.66667e-06
320 0.0555583
330 0.0555567
340 1.66667e-06
350 0.166668
360 0.222225
370 0.0555583
380 0.0555583
390 0.0555583
400 0
410 0.0555583
420 0.0555583
430 0.0555583
440 1.66667e-06
450 1.66667e-06
460 0.16667
470 1.66667e-06
480 1.66667e-06
490 0.166667
500 1.66667e-06
510 0.222225
520 0.222225
530 0.222225
540 0.166667
550 0.166668
560 0.166668
570 0.0555567
580 3.33333e-06
590 1.66667e-06
600 0.166665
610 1.66667e-06
620 0.0555567
630 0.0555567
640 0.0555567
650 0.0555567
660 0.0555567
670 0.0555567
680 0.0555567
690 0.0555567
700 0.0555567
710 0.0555567
720 0.0555567
730 0.0555567
740 0.0555567
750 2.77556e-17
760 2.77556e-17
770 0.0555567
780 0.0555567
790 0.0555567
800 0.0555567
810 0.0555567
820 0.0555567
830 0.0555567
840 2.77556e-17
850 0.0555567
860 2.77556e-17
870 2.77556e-17
880 0.0555567
890 0.0555567
900 2.77556e-17
910 2.77556e-17
920 2.77556e-17
930 2.77556e-17
940 2.77556e-17
950 2.77556e-17
960 2.77556e-17
970 2.77556e-17
980 2.77556e-17
990 2.77556e-17
1000 2.77556e-17
