10 0.222225
20 0.166668
30 2.77556e-17
40 0.166668
50 0.166668
60 0.166668
70 1.66667e-06
80 2.77556e-17
90 1.66667e-06
100 0.0555583
110 0.166668
120 2.77556e-17
130 1.66667e-06
140 1.66667e-06
150 2.77556e-17
160 0.166668
170 1.66667e-06
180 3.33333e-06
190 1.66667e-06
200 2.77556e-17
210 1.66667e-06
220 2.77556e-17
230 0.166668
240 0.16667
250 1.66667e-06
260 3.33333e-06
270 0.16667
280 3.33333e-06
290 2.77556e-17
300 1.66667e-06
310 0.166668
320 0.166668
330 2.77556e-17
340 2.77556e-17
350 2.77556e-17
360 0.0555567
370 1.66667e-06
380 0.166668
390 0.166668
400 2.77556e-17
410 2.77556e-17
420 3.33333e-06
430 3.33333e-06
440 1.66667e-06
450 1.66667e-06
460 0.166668
470 1.66667e-06
480 1.66667e-06
490 3.33333e-06
500 1.66667e-06
510 1.66667e-06
520 1.66667e-06
530 1.66667e-06
540 1.66667e-06
550 1.66667e-06
560 3.33333e-06
570 1.66667e-06
580 2.77556e-17
590 1.66667e-06
600 3.33333e-06
610 1.66667e-06
620 1.66667e-06
630 2.77556e-17
640 1.66667e-06
650 3.33333e-06
660 1.66667e-06
670 2.77556e-17
680 1.66667e-06
690 1.66667e-06
700 3.33333e-06
710 1.66667e-06
720 1.66667e-06
730 1.66667e-06
740 3.33333e-06
750 3.33333e-06
760 1.66667e-06
770 3.33333e-06
780 3.33333e-06
790 1.66667e-06
800 3.33333e-06
810 1.66667e-06
820 1.66667e-06
830 0.16667
840 3.33333e-06
850 2.77556e-17
860 2.77556e-17
870 2.77556e-17
880 1.66667e-06
890 0.16667
900 2.77556e-17
910 2.77556e-17
920 3.33333e-06
930 2.77556e-17
940 1.66667e-06
950 2.77556e-17
960 2.77556e-17
970 3.33333e-06
980 1.66667e-06
990 1.66667e-06
1000 1.66667e-06
