10 0.16667
20 0.16667
30 0.16667
40 0.16667
50 0.16667
60 0.16667
70 0.166668
80 3.33333e-06
90 0.0555567
100 0.222223
110 0.222222
120 0.166665
130 3.33333e-06
140 0.16667
150 3.33333e-06
160 2.77556e-17
170 0.222222
180 0.0555583
190 0.0555583
200 0.16667
210 0.16667
220 0.16667
230 0.16667
240 3.33333e-06
250 1.66667e-06
260 1.66667e-06
270 0.16667
280 1.66667e-06
290 0.16667
300 0.0555583
310 3.33333e-06
320 0.0555583
330 1.66667e-06
340 1.66667e-06
350 0.16667
360 3.33333e-06
370 0.222222
380 2.77556e-17
390 2.77556e-17
400 0.0555583
410 1.66667e-06
420 3.33333e-06
430 3.33333e-06
440 3.33333e-06
450 3.33333e-06
460 3.33333e-06
470 0.0555567
480 3.33333e-06
490 3.33333e-06
500 3.33333e-06
510 3.33333e-06
520 3.33333e-06
530 0.38889
540 0.0555583
550 0.0555583
560 0.0555567
570 0.0555567
580 0.0555583
590 0.0555583
600 3.33333e-06
610 3.33333e-06
620 3.33333e-06
630 0.0555567
640 0.166668
650 0.166668
660 0.16667
670 0.0555583
680 1.66667e-06
690 1.66667e-06
700 1.66667e-06
710 1.66667e-06
720 1.66667e-06
730 0.38889
740 1.66667e-06
750 1.66667e-06
760 1.66667e-06
770 1.66667e-06
780 1.66667e-06
790 1.66667e-06
800 0.0555567
810 0.0555567
820 1.66667e-06
830 1.66667e-06
840 3.33333e-06
850 0.222222
860 3.33333e-06
870 3.33333e-06
880 3.33333e-06
890 3.33333e-06
900 3.33333e-06
910 3.33333e-06
920 0.0555567
930 3.33333e-06
940 3.33333e-06
950 3.33333e-06
960 3.33333e-06
970 3.33333e-06
980 3.33333e-06
990 3.33333e-06
1000 3.33333e-06
