10 0.16667
20 0.16667
30 3.33333e-06
40 3.33333e-06
50 3.33333e-06
60 3.33333e-06
70 3.33333e-06
80 3.33333e-06
90 1.66667e-06
100 1.66667e-06
110 1.66667e-06
120 2.77556e-17
130 3.33333e-06
140 2.77556e-17
150 3.33333e-06
160 0.166668
170 2.77556e-17
180 3.33333e-06
190 1.66667e-06
200 3.33333e-06
210 3.33333e-06
220 0.166668
230 3.33333e-06
240 1.66667e-06
250 2.77556e-17
260 2.77556e-17
270 1.66667e-06
280 0.16667
290 1.66667e-06
300 2.77556e-17
310 1.66667e-06
320 1.66667e-06
330 2.77556e-17
340 0.16667
350 0.222225
360 1.66667e-06
370 1.66667e-06
380 1.66667e-06
390 2.77556e-17
400 1.66667e-06
410 1.66667e-06
420 2.77556e-17
430 2.77556e-17
440 1.66667e-06
450 1.66667e-06
460 2.77556e-17
470 2.77556e-17
480 0.166668
490 3.33333e-06
500 2.77556e-17
510 1.66667e-06
520 1.66667e-06
530 1.66667e-06
540 0.166668
550 2.77556e-17
560 2.77556e-17
570 1.66667e-06
580 3.33333e-06
590 1.66667e-06
600 1.66667e-06
610 1.66667e-06
620 1.66667e-06
630 3.33333e-06
640 1.66667e-06
650 1.66667e-06
660 1.66667e-06
670 0.16667
680 2.77556e-17
690 2.77556e-17
700 1.66667e-06
710 2.77556e-17
720 3.33333e-06
730 2.77556e-17
740 2.77556e-17
750 0.16667
760 0.166668
770 1.66667e-06
780 1.66667e-06
790 1.66667e-06
800 3.33333e-06
810 3.33333e-06
820 3.33333e-06
830 1.66667e-06
840 3.33333e-06
850 2.77556e-17
860 1.66667e-06
870 1.66667e-06
880 1.66667e-06
890 2.77556e-17
900 0.16667
910 2.77556e-17
920 2.77556e-17
930 1.66667e-06
940 3.33333e-06
950 2.77556e-17
960 1.66667e-06
970 1.66667e-06
980 1.66667e-06
990 1.66667e-06
1000 1.66667e-06
