10 1.66667e-06
20 1.66667e-06
30 1.66667e-06
40 1.66667e-06
50 1.66667e-06
60 1.66667e-06
70 0.166668
80 1.66667e-06
90 1.66667e-06
100 0.0555567
110 0
120 0
130 0.0555567
140 0.222225
150 3.33333e-06
160 1.66667e-06
170 0.0555583
180 0.166668
190 3.33333e-06
200 1.66667e-06
210 0.222223
220 0.222225
230 1.66667e-06
240 1.66667e-06
250 0.0555567
260 1.66667e-06
270 1.66667e-06
280 1.66667e-06
290 1.66667e-06
300 1.66667e-06
310 0.0555567
320 0.222225
330 0.0555567
340 0.222225
350 0.222225
360 1.66667e-06
370 1.66667e-06
380 1.66667e-06
390 0.222225
400 0.0555567
410 0
420 0.0555567
430 0.0555567
440 0.0555567
450 0.0555567
460 0.0555567
470 0.0555567
480 0.0555567
490 0.0555567
500 1.66667e-06
510 0.0555567
520 0.16667
530 1.66667e-06
540 1.66667e-06
550 0.0555567
560 0.0555567
570 0.222225
580 2.77556e-17
590 2.77556e-17
600 1.66667e-06
610 1.66667e-06
620 1.66667e-06
630 1.66667e-06
640 0.16667
650 1.66667e-06
660 1.66667e-06
670 1.66667e-06
680 1.66667e-06
690 1.66667e-06
700 1.66667e-06
710 1.66667e-06
720 1.66667e-06
730 1.66667e-06
740 1.66667e-06
750 1.66667e-06
760 1.66667e-06
770 1.66667e-06
780 1.66667e-06
790 1.66667e-06
800 1.66667e-06
810 1.66667e-06
820 1.66667e-06
830 3.33333e-06
840 0.0555567
850 0.0555567
860 0.0555567
870 0.0555567
880 0.0555567
890 0.0555567
900 1.66667e-06
910 1.66667e-06
920 1.66667e-06
930 1.66667e-06
940 1.66667e-06
950 1.66667e-06
960 1.66667e-06
970 3.33333e-06
980 3.33333e-06
990 3.33333e-06
1000 3.33333e-06
