10 0.0555567
20 0
30 1.66667e-06
40 0.0555583
50 0.0555583
60 1.66667e-06
70 1.66667e-06
80 1.66667e-06
90 3.33333e-06
100 1.66667e-06
110 1.66667e-06
120 1.66667e-06
130 1.66667e-06
140 2.77556e-17
150 0.0555567
160 1.66667e-06
170 3.33333e-06
180 3.33333e-06
190 1.66667e-06
200 2.77556e-17
210 1.66667e-06
220 1.66667e-06
230 1.66667e-06
240 1.66667e-06
250 0.166668
260 1.66667e-06
270 1.66667e-06
280 1.66667e-06
290 1.66667e-06
300 3.33333e-06
310 3.33333e-06
320 1.66667e-06
330 2.77556e-17
340 0.166668
350 1.66667e-06
360 1.66667e-06
370 1.66667e-06
380 1.66667e-06
390 1.66667e-06
400 1.66667e-06
410 0.166668
420 0.16667
430 0.166668
440 1.66667e-06
450 0.16667
460 1.66667e-06
470 1.66667e-06
480 1.66667e-06
490 2.77556e-17
500 1.66667e-06
510 3.33333e-06
520 2.77556e-17
530 1.66667e-06
540 3.33333e-06
550 1.66667e-06
560 2.77556e-17
570 1.66667e-06
580 1.66667e-06
590 1.66667e-06
600 2.77556e-17
610 2.77556e-17
620 1.66667e-06
630 1.66667e-06
640 3.33333e-06
650 3.33333e-06
660 1.66667e-06
670 2.77556e-17
680 1.66667e-06
690 3.33333e-06
700 2.77556e-17
710 2.77556e-17
720 1.66667e-06
730 1.66667e-06
740 2.77556e-17
750 1.66667e-06
760 2.77556e-17
770 1.66667e-06
780 2.77556e-17
790 1.66667e-06
800 1.66667e-06
810 3.33333e-06
820 1.66667e-06
830 1.66667e-06
840 1.66667e-06
850 1.66667e-06
860 2.77556e-17
870 1.66667e-06
880 2.77556e-17
890 1.66667e-06
900 1.66667e-06
910 3.33333e-06
920 1.66667e-06
930 3.33333e-06
940 2.77556e-17
950 2.77556e-17
960 1.66667e-06
970 1.66667e-06
980 1.66667e-06
990 1.66667e-06
1000 2.77556e-17
