10 -0.0888883
20 -1.66667e-06
30 -1.66667e-06
40 -0.100002
50 -0.100002
60 -0.100002
70 -0.100002
80 -0.100002
90 -0.100002
100 -1.66667e-06
110 -1.66667e-06
120 0
130 0
140 -1.66667e-06
150 -1.66667e-06
160 -1.66667e-06
170 -1.66667e-06
180 -0.100002
190 -0.100002
200 -1.66667e-06
210 -1.66667e-06
220 -1.66667e-06
230 -1.66667e-06
240 -1.66667e-06
250 -1.66667e-06
260 -1.66667e-06
270 -1.66667e-06
280 -1.66667e-06
290 -1.66667e-06
300 -1.66667e-06
310 -1.66667e-06
320 -1.66667e-06
330 -1.66667e-06
340 -0.100002
350 -1.66667e-06
360 -1.66667e-06
370 -2.77556e-17
380 -1.66667e-06
390 -1.66667e-06
400 -1.66667e-06
410 -2.77556e-17
420 0
430 0
440 -1.66667e-06
450 -2.77556e-17
460 -1.66667e-06
470 -1.66667e-06
480 -1.66667e-06
490 -1.66667e-06
500 -1.66667e-06
510 -1.66667e-06
520 -1.66667e-06
530 -1.66667e-06
540 -2.77556e-17
550 -1.66667e-06
560 -1.66667e-06
570 0
580 -1.66667e-06
590 -1.66667e-06
600 -1.66667e-06
610 -1.66667e-06
620 -1.66667e-06
630 -1.66667e-06
640 -1.66667e-06
650 -1.66667e-06
660 -0.1
670 -1.66667e-06
680 -2.77556e-17
690 0
700 0
710 0
720 -2.77556e-17
730 -1.66667e-06
740 0
750 -1.66667e-06
760 -1.66667e-06
770 0
780 -1.66667e-06
790 -2.77556e-17
800 -1.66667e-06
810 -0.100002
820 -1.66667e-06
830 -1.66667e-06
840 -1.66667e-06
850 0
860 -1.66667e-06
870 -0.100002
880 -0.100002
890 0
900 0
910 0
920 0
930 -0.100002
940 -1.66667e-06
950 -0.100002
960 -0.100002
970 -1.66667e-06
980 -1.66667e-06
990 -2.77556e-17
1000 -0.1
