10 0.16667
20 0.166667
30 0.166667
40 0.166667
50 0.166667
60 0.166667
70 0
80 0.166668
90 0.222222
100 0.166668
110 2.77556e-17
120 0.0555567
130 0.0555567
140 0.0555567
150 0.0555567
160 2.77556e-17
170 0.0555583
180 0.166668
190 0.0555567
200 0.0555567
210 0.0555567
220 0.0555567
230 0
240 1.66667e-06
250 0.0555567
260 1.66667e-06
270 0.222222
280 0.0555567
290 0.0555567
300 0.166668
310 2.77556e-17
320 2.77556e-17
330 0.166668
340 0.0555567
350 0.222222
360 0.222223
370 0.166665
380 0.0555583
390 0.0555583
400 1.66667e-06
410 1.66667e-06
420 0.0555583
430 0.0555583
440 0.0555583
450 0.0555583
460 3.33333e-06
470 0.0555567
480 0.0555567
490 0.0555583
500 0.222225
510 0.0555583
520 0.0555583
530 1.66667e-06
540 1.66667e-06
550 1.66667e-06
560 1.66667e-06
570 1.66667e-06
580 0.0555567
590 0.222225
600 3.33333e-06
610 3.33333e-06
620 3.33333e-06
630 3.33333e-06
640 3.33333e-06
650 3.33333e-06
660 0.0555567
670 3.33333e-06
680 0.0555567
690 0.0555567
700 3.33333e-06
710 0.166667
720 3.33333e-06
730 3.33333e-06
740 0.0555567
750 0.0555567
760 0.166668
770 0.0555567
780 0.0555567
790 0.0555567
800 3.33333e-06
810 0.0555567
820 1.66667e-06
830 1.66667e-06
840 3.33333e-06
850 3.33333e-06
860 0.0555567
870 0.166668
880 0.0555567
890 0.0555567
900 0.0555567
910 2.77556e-17
920 2.77556e-17
930 2.77556e-17
940 2.77556e-17
950 2.77556e-17
960 2.77556e-17
970 2.77556e-17
980 2.77556e-17
990 2.77556e-17
1000 2.77556e-17
