10 -0.255555
20 -0.0666667
30 -0.155555
40 -0.255555
50 -0.166667
60 -0.166667
70 -0.166667
80 -0.0666667
90 -0.0666667
100 -0.0666667
110 -0.0666667
120 -0.166668
130 -0.0666683
140 -0.166668
150 -0.0666683
160 -2.77556e-17
170 0
180 -0.1
190 0
200 0
210 0
220 -1.66667e-06
230 -0.1
240 -0.1
250 0
260 -0.1
270 -1.66667e-06
280 -1.66667e-06
290 -0.100002
300 -1.66667e-06
310 -1.66667e-06
320 0
330 0
340 -1.66667e-06
350 0
360 0
370 -1.66667e-06
380 -1.66667e-06
390 0
400 -0.1
410 -1.66667e-06
420 -1.66667e-06
430 -1.66667e-06
440 0
450 -1.66667e-06
460 -1.66667e-06
470 -1.66667e-06
480 0
490 0
500 0
510 -0.1
520 0
530 -1.66667e-06
540 -1.66667e-06
550 -2.77556e-17
560 -1.66667e-06
570 -2.77556e-17
580 -2.77556e-17
590 -2.77556e-17
600 0
610 0
620 -1.66667e-06
630 -0.1
640 0
650 -1.66667e-06
660 -2.77556e-17
670 -0.0666683
680 -2.77556e-17
690 -2.77556e-17
700 0
710 0
720 0
730 0
740 -1.66667e-06
750 -2.77556e-17
760 -0.100002
770 -0.100002
780 -0.1
790 -2.77556e-17
800 0
810 -2.77556e-17
820 -2.77556e-17
830 -2.77556e-17
840 -1.66667e-06
850 -2.77556e-17
860 0
870 0
880 -0.1
890 0
900 -2.77556e-17
910 -2.77556e-17
920 -0.1
930 -0.1
940 -0.1
950 0
960 -1.66667e-06
970 0
980 -0.1
990 -0.1
1000 -2.77556e-17
