10 0.0555567
20 1.66667e-06
30 1.66667e-06
40 1.66667e-06
50 3.33333e-06
60 3.33333e-06
70 1.66667e-06
80 2.77556e-17
90 2.77556e-17
100 3.33333e-06
110 0.222225
120 1.66667e-06
130 1.66667e-06
140 1.66667e-06
150 1.66667e-06
160 1.66667e-06
170 2.77556e-17
180 1.66667e-06
190 1.66667e-06
200 2.77556e-17
210 2.77556e-17
220 1.66667e-06
230 1.66667e-06
240 1.66667e-06
250 2.77556e-17
260 3.33333e-06
270 1.66667e-06
280 1.66667e-06
290 1.66667e-06
300 1.66667e-06
310 1.66667e-06
320 2.77556e-17
330 1.66667e-06
340 0.166668
350 2.77556e-17
360 2.77556e-17
370 1.66667e-06
380 1.66667e-06
390 0.0555567
400 0.0555567
410 2.77556e-17
420 2.77556e-17
430 1.66667e-06
440 1.66667e-06
450 1.66667e-06
460 2.77556e-17
470 2.77556e-17
480 2.77556e-17
490 1.66667e-06
500 2.77556e-17
510 0.0555567
520 2.77556e-17
530 3.33333e-06
540 2.77556e-17
550 0.0555567
560 2.77556e-17
570 2.77556e-17
580 2.77556e-17
590 2.77556e-17
600 1.66667e-06
610 2.77556e-17
620 1.66667e-06
630 2.77556e-17
640 2.77556e-17
650 2.77556e-17
660 3.33333e-06
670 1.66667e-06
680 3.33333e-06
690 2.77556e-17
700 2.77556e-17
710 1.66667e-06
720 2.77556e-17
730 0.0555567
740 1.66667e-06
750 1.66667e-06
760 1.66667e-06
770 3.33333e-06
780 1.66667e-06
790 3.33333e-06
800 1.66667e-06
810 1.66667e-06
820 1.66667e-06
830 2.77556e-17
840 1.66667e-06
850 2.77556e-17
860 1.66667e-06
870 1.66667e-06
880 2.77556e-17
890 1.66667e-06
900 2.77556e-17
910 1.66667e-06
920 2.77556e-17
930 0.0555567
940 1.66667e-06
950 2.77556e-17
960 1.66667e-06
970 2.77556e-17
980 2.77556e-17
990 3.33333e-06
1000 2.77556e-17
