10 0.16667
20 1.66667e-06
30 1.66667e-06
40 1.66667e-06
50 1.66667e-06
60 1.66667e-06
70 1.66667e-06
80 1.66667e-06
90 0.222225
100 0.0555567
110 0.166668
120 2.77556e-17
130 0.0555567
140 0.222222
150 0.0555567
160 0.0555567
170 0.38889
180 0.16667
190 1.66667e-06
200 0.222223
210 0.0555583
220 0.0555583
230 0.166667
240 0.0555583
250 2.77556e-17
260 0.0555567
270 0.0555583
280 0.0555583
290 0.0555583
300 0
310 0
320 0
330 0
340 0
350 0
360 0
370 0
380 0
390 0
400 0
410 0
420 0.0555567
430 0
440 0.222223
450 1.66667e-06
460 1.66667e-06
470 1.66667e-06
480 1.66667e-06
490 1.66667e-06
500 3.33333e-06
510 0.0555567
520 0.0555567
530 1.66667e-06
540 1.66667e-06
550 1.66667e-06
560 1.66667e-06
570 1.66667e-06
580 1.66667e-06
590 1.66667e-06
600 0.222225
610 0.0555567
620 1.66667e-06
630 1.66667e-06
640 0.0555567
650 0.222225
660 0.222225
670 0
680 0.0555583
690 2.77556e-17
700 2.77556e-17
710 1.66667e-06
720 1.66667e-06
730 1.66667e-06
740 3.33333e-06
750 1.66667e-06
760 1.66667e-06
770 0.222225
780 0
790 0
800 0.0555583
810 0
820 0.166668
830 0.0555567
840 0
850 0
860 0
870 0
880 0.0555583
890 1.66667e-06
900 0
910 1.66667e-06
920 0
930 0.0555567
940 0.222225
950 0.0555567
960 0
970 0.0555583
980 0.166668
990 0.166668
1000 0.166668
