10 -0.188888
20 -0.188888
30 -1.66667e-06
40 -1.66667e-06
50 -1.66667e-06
60 -1.66667e-06
70 -0.188888
80 -0.100002
90 -0.100002
100 -0.288888
110 -0.255557
120 -0.100002
130 -0.100002
140 -0.100002
150 -0.100002
160 -0.100002
170 -0.100002
180 -0.100002
190 -0.18889
200 -0.100002
210 -0.0666667
220 -0.0666667
230 -0.0666667
240 -0.100002
250 -0.100002
260 -0.100002
270 -0.188888
280 -0.188888
290 -0.188888
300 -0.188888
310 -0.08889
320 -0.188888
330 -0.188888
340 -0.266667
350 -0.100002
360 -0.100002
370 -1.66667e-06
380 -1.66667e-06
390 -0.18889
400 0
410 0
420 0
430 0
440 -0.08889
450 -1.66667e-06
460 0
470 0
480 -1.66667e-06
490 -0.266668
500 -0.266668
510 -0.266668
520 -0.266668
530 -0.266668
540 -0.266668
550 0
560 -1.66667e-06
570 -0.0666667
580 -1.66667e-06
590 -0.266668
600 -0.188888
610 -0.0666667
620 -0.266668
630 0
640 0
650 -0.100002
660 -0.100002
670 -0.100002
680 -0.100002
690 -0.100002
700 -0.100002
710 -0.266668
720 -0.188888
730 -0.188888
740 -0.188888
750 -0.100002
760 -0.100002
770 -0.1
780 -0.08889
790 -0.08889
800 -0.08889
810 -0.100002
820 -0.1
830 -1.66667e-06
840 -0.0666667
850 -0.188888
860 -0.08889
870 -0.08889
880 -0.08889
890 -0.08889
900 -0.08889
910 -0.188888
920 -0.188888
930 -0.188888
940 -0.08889
950 -0.188888
960 -1.66667e-06
970 -1.66667e-06
980 -0.08889
990 -1.66667e-06
1000 -1.66667e-06
