10 -0.08889
20 -0.08889
30 -0.08889
40 -0.0888883
50 -0.0888883
60 -1.66667e-06
70 -1.66667e-06
80 -1.66667e-06
90 -1.66667e-06
100 -1.66667e-06
110 -0.100002
120 -1.66667e-06
130 -0.1
140 -0.100002
150 -0.1
160 0
170 0
180 -1.66667e-06
190 -2.77556e-17
200 -1.66667e-06
210 -1.66667e-06
220 0
230 -2.77556e-17
240 0
250 -1.66667e-06
260 -1.66667e-06
270 -1.66667e-06
280 -0.1
290 0
300 -1.66667e-06
310 -1.66667e-06
320 -1.66667e-06
330 0
340 0
350 -1.66667e-06
360 -1.66667e-06
370 -1.66667e-06
380 -1.66667e-06
390 -2.77556e-17
400 -2.77556e-17
410 -1.66667e-06
420 0
430 -1.66667e-06
440 -1.66667e-06
450 -2.77556e-17
460 -1.66667e-06
470 -2.77556e-17
480 -1.66667e-06
490 -1.66667e-06
500 0
510 0
520 0
530 -2.77556e-17
540 -1.66667e-06
550 -1.66667e-06
560 -1.66667e-06
570 -1.66667e-06
580 0
590 -1.66667e-06
600 -1.66667e-06
610 -1.66667e-06
620 -1.66667e-06
630 -2.77556e-17
640 0
650 -2.77556e-17
660 0
670 -1.66667e-06
680 -0.1
690 0
700 0
710 0
720 -1.66667e-06
730 -1.66667e-06
740 -2.77556e-17
750 -1.66667e-06
760 -0.100002
770 -1.66667e-06
780 -1.66667e-06
790 -1.66667e-06
800 -1.66667e-06
810 -1.66667e-06
820 0
830 0
840 0
850 -1.66667e-06
860 -1.66667e-06
870 -1.66667e-06
880 0
890 -0.1
900 -1.66667e-06
910 0
920 0
930 0
940 -1.66667e-06
950 -2.77556e-17
960 0
970 -1.66667e-06
980 0
990 0
1000 0
