10 -0.188888
20 -0.188888
30 -0.188888
40 -0.188888
50 -0.188888
60 -0.188888
70 -0.188888
80 -0.08889
90 -0.288888
100 -0.1
110 -0.155557
120 -0.266667
130 -0.355555
140 -0.1
150 -0.1
160 -0.1
170 -0.0666683
180 -0.1
190 -0.1
200 -0.188888
210 -0.0666667
220 -0.200002
230 -0.200002
240 -0.166668
250 -0.166668
260 -0.166668
270 -0.166668
280 -0.166668
290 -0.100002
300 -0.166668
310 -1.66667e-06
320 -0.100002
330 -0.0666667
340 -0.1
350 -0.0666667
360 -0.0666667
370 -0.0666667
380 0
390 -0.166667
400 -0.188888
410 -0.166668
420 -0.166668
430 -0.166668
440 -0.0666667
450 -0.0666667
460 -0.0666667
470 -0.0666667
480 -0.0666667
490 0
500 -0.166668
510 -0.08889
520 -0.188888
530 -0.1
540 -1.66667e-06
550 -1.66667e-06
560 -1.66667e-06
570 -1.66667e-06
580 -0.0666683
590 -2.77556e-17
600 -0.1
610 -0.0666667
620 -0.18889
630 -0.1
640 -0.0666667
650 -0.255557
660 -0.2
670 -0.255557
680 -0.08889
690 -0.166667
700 -0.166667
710 0
720 0
730 0
740 0
750 0
760 0
770 0
780 0
790 0
800 -0.166667
810 -0.166667
820 0
830 -2.77556e-17
840 -2.77556e-17
850 -2.77556e-17
860 -0.166667
870 -2.77556e-17
880 -0.200002
890 0
900 -0.0888883
910 -0.0888883
920 -0.0888883
930 -0.0888883
940 -0.0888883
950 -0.0888883
960 -0.0888883
970 -0.0888883
980 -0.0888883
990 -0.0888883
1000 -0.0888883
