10 1.66667e-06
20 1.66667e-06
30 1.66667e-06
40 1.66667e-06
50 1.66667e-06
60 1.66667e-06
70 0.166667
80 1.66667e-06
90 0.222225
100 0
110 2.77556e-17
120 0.0555567
130 0.166667
140 1.66667e-06
150 1.66667e-06
160 1.66667e-06
170 0.16667
180 0.16667
190 0.38889
200 0.16667
210 2.77556e-17
220 1.66667e-06
230 1.66667e-06
240 0.0555567
250 0.166665
260 0.166667
270 0.0555567
280 0.0555567
290 0.0555567
300 0.0555567
310 0.0555567
320 1.66667e-06
330 2.77556e-17
340 0.0555567
350 0.222225
360 1.66667e-06
370 0.0555567
380 0.222225
390 0.222223
400 1.66667e-06
410 1.66667e-06
420 1.66667e-06
430 0.0555567
440 1.66667e-06
450 1.66667e-06
460 1.66667e-06
470 1.66667e-06
480 1.66667e-06
490 1.66667e-06
500 1.66667e-06
510 1.66667e-06
520 0.0555583
530 1.66667e-06
540 1.66667e-06
550 1.66667e-06
560 1.66667e-06
570 1.66667e-06
580 1.66667e-06
590 1.66667e-06
600 0.0555567
610 1.66667e-06
620 1.66667e-06
630 0.0555567
640 0.0555567
650 0.0555567
660 0.0555567
670 0.0555567
680 0.222225
690 1.66667e-06
700 2.77556e-17
710 0.166668
720 0.0555567
730 1.66667e-06
740 1.66667e-06
750 0.166668
760 1.66667e-06
770 1.66667e-06
780 1.66667e-06
790 1.66667e-06
800 1.66667e-06
810 1.66667e-06
820 1.66667e-06
830 1.66667e-06
840 1.66667e-06
850 1.66667e-06
860 1.66667e-06
870 0.222225
880 1.66667e-06
890 1.66667e-06
900 1.66667e-06
910 1.66667e-06
920 1.66667e-06
930 1.66667e-06
940 1.66667e-06
950 1.66667e-06
960 1.66667e-06
970 1.66667e-06
980 1.66667e-06
990 0.166668
1000 0.166668
