10 -0.0888883
20 -0.0888883
30 -0.08889
40 -0.08889
50 -0.08889
60 -0.08889
70 -0.08889
80 -0.188888
90 -0.18889
100 -0.08889
110 -0.0888883
120 -0.0888883
130 -0.18889
140 -0.08889
150 -0.08889
160 -0.08889
170 -0.08889
180 -0.08889
190 -0.0888883
200 -0.08889
210 -0.0888883
220 -0.0888883
230 -0.0888883
240 -0.08889
250 -0.08889
260 -0.0888883
270 -0.0888883
280 -0.18889
290 -0.08889
300 -0.08889
310 -0.0888883
320 -0.08889
330 -0.0888883
340 -0.0888883
350 -0.08889
360 -0.08889
370 -0.08889
380 -0.18889
390 -0.188888
400 -0.18889
410 -0.18889
420 -0.188888
430 -0.188888
440 -0.18889
450 -0.0888883
460 -0.08889
470 -0.08889
480 -0.08889
490 -0.08889
500 -0.08889
510 -0.08889
520 -0.08889
530 -0.08889
540 -0.08889
550 -0.0888883
560 -0.08889
570 -0.188888
580 -0.18889
590 -0.188888
600 -0.188888
610 -0.18889
620 -0.08889
630 -0.08889
640 -0.08889
650 -0.08889
660 -0.08889
670 -0.0888883
680 -0.08889
690 -0.18889
700 -0.18889
710 -0.18889
720 -0.08889
730 -0.0888883
740 -0.08889
750 -0.08889
760 -0.0888883
770 -0.0888883
780 -0.0888883
790 -0.0888883
800 -0.0888883
810 -0.188888
820 -0.188888
830 -0.08889
840 -0.0888883
850 -0.08889
860 -0.0888883
870 -0.08889
880 -0.08889
890 -0.08889
900 -0.08889
910 -0.0888883
920 -0.0888883
930 -0.0888883
940 -0.0888883
950 -0.0888883
960 -0.0888883
970 -0.0888883
980 -0.0888883
990 -0.188888
1000 -0.0888883
