10 1.66667e-06
20 1.66667e-06
30 1.66667e-06
40 1.66667e-06
50 1.66667e-06
60 1.66667e-06
70 1.66667e-06
80 3.33333e-06
90 1.66667e-06
100 1.66667e-06
110 2.77556e-17
120 2.77556e-17
130 1.66667e-06
140 0.16667
150 3.33333e-06
160 1.66667e-06
170 1.66667e-06
180 3.33333e-06
190 1.66667e-06
200 0.16667
210 1.66667e-06
220 1.66667e-06
230 3.33333e-06
240 1.66667e-06
250 1.66667e-06
260 0.16667
270 3.33333e-06
280 3.33333e-06
290 1.66667e-06
300 2.77556e-17
310 0.16667
320 1.66667e-06
330 1.66667e-06
340 1.66667e-06
350 2.77556e-17
360 0.16667
370 1.66667e-06
380 3.33333e-06
390 1.66667e-06
400 1.66667e-06
410 2.77556e-17
420 1.66667e-06
430 1.66667e-06
440 2.77556e-17
450 2.77556e-17
460 1.66667e-06
470 1.66667e-06
480 1.66667e-06
490 2.77556e-17
500 1.66667e-06
510 1.66667e-06
520 1.66667e-06
530 1.66667e-06
540 0.166668
550 3.33333e-06
560 1.66667e-06
570 1.66667e-06
580 2.77556e-17
590 2.77556e-17
600 0.0555567
610 1.66667e-06
620 2.77556e-17
630 1.66667e-06
640 1.66667e-06
650 2.77556e-17
660 2.77556e-17
670 1.66667e-06
680 1.66667e-06
690 1.66667e-06
700 1.66667e-06
710 1.66667e-06
720 3.33333e-06
730 2.77556e-17
740 2.77556e-17
750 1.66667e-06
760 3.33333e-06
770 2.77556e-17
780 2.77556e-17
790 1.66667e-06
800 1.66667e-06
810 2.77556e-17
820 1.66667e-06
830 1.66667e-06
840 1.66667e-06
850 2.77556e-17
860 2.77556e-17
870 1.66667e-06
880 3.33333e-06
890 2.77556e-17
900 1.66667e-06
910 1.66667e-06
920 1.66667e-06
930 1.66667e-06
940 3.33333e-06
950 1.66667e-06
960 2.77556e-17
970 0.0555567
980 2.77556e-17
990 2.77556e-17
1000 1.66667e-06
