10 -0.0888883
20 -0.0888883
30 -0.0666667
40 -2.77556e-17
50 -0.0666667
60 -1.66667e-06
70 -0.0666683
80 -0.0666667
90 -0.0666667
100 -2.77556e-17
110 -0.1
120 -0.100002
130 -1.66667e-06
140 0
150 -0.1
160 -1.66667e-06
170 0
180 -0.0666683
190 -0.0666683
200 0
210 0
220 -2.77556e-17
230 -1.66667e-06
240 0
250 0
260 -0.100002
270 0
280 -0.1
290 -0.100002
300 -0.1
310 -2.77556e-17
320 -1.66667e-06
330 0
340 -2.77556e-17
350 0
360 -1.66667e-06
370 0
380 -2.77556e-17
390 0
400 -0.100002
410 0
420 -1.66667e-06
430 -1.66667e-06
440 0
450 -2.77556e-17
460 0
470 0
480 -0.100002
490 -0.100002
500 -2.77556e-17
510 -2.77556e-17
520 -1.66667e-06
530 -1.66667e-06
540 -1.66667e-06
550 -2.77556e-17
560 -1.66667e-06
570 -2.77556e-17
580 -2.77556e-17
590 -1.66667e-06
600 -0.100002
610 -2.77556e-17
620 -0.100002
630 -1.66667e-06
640 -0.1
650 -1.66667e-06
660 -1.66667e-06
670 -2.77556e-17
680 -1.66667e-06
690 -1.66667e-06
700 -2.77556e-17
710 -2.77556e-17
720 -2.77556e-17
730 -0.1
740 -0.100002
750 -0.1
760 -2.77556e-17
770 -2.77556e-17
780 -2.77556e-17
790 -1.66667e-06
800 -2.77556e-17
810 0
820 -2.77556e-17
830 -1.66667e-06
840 -2.77556e-17
850 -1.66667e-06
860 -2.77556e-17
870 -0.1
880 -0.100002
890 -1.66667e-06
900 -2.77556e-17
910 -2.77556e-17
920 -0.1
930 -2.77556e-17
940 -1.66667e-06
950 -1.66667e-06
960 -0.100002
970 -2.77556e-17
980 -1.66667e-06
990 -1.66667e-06
1000 -1.66667e-06
