10 -0.166668
20 -0.166667
30 -0.166667
40 -0.100002
50 -1.66667e-06
60 -0.100002
70 -0.100002
80 -0.1
90 -0.1
100 0
110 0
120 -1.66667e-06
130 -1.66667e-06
140 -1.66667e-06
150 0
160 -1.66667e-06
170 -1.66667e-06
180 -1.66667e-06
190 -1.66667e-06
200 -1.66667e-06
210 -1.66667e-06
220 -1.66667e-06
230 0
240 -1.66667e-06
250 -2.77556e-17
260 -0.1
270 -2.77556e-17
280 -2.77556e-17
290 0
300 -2.77556e-17
310 -2.77556e-17
320 0
330 -0.100002
340 -1.66667e-06
350 -1.66667e-06
360 -2.77556e-17
370 0
380 -1.66667e-06
390 0
400 0
410 -1.66667e-06
420 -2.77556e-17
430 -2.77556e-17
440 -1.66667e-06
450 0
460 -1.66667e-06
470 -0.100002
480 -1.66667e-06
490 0
500 -1.66667e-06
510 -0.1
520 -2.77556e-17
530 -1.66667e-06
540 -1.66667e-06
550 0
560 -2.77556e-17
570 -1.66667e-06
580 -1.66667e-06
590 -1.66667e-06
600 0
610 -1.66667e-06
620 -1.66667e-06
630 -1.66667e-06
640 -1.66667e-06
650 -1.66667e-06
660 0
670 -1.66667e-06
680 -2.77556e-17
690 -0.1
700 0
710 -1.66667e-06
720 -1.66667e-06
730 -1.66667e-06
740 -1.66667e-06
750 -1.66667e-06
760 0
770 -1.66667e-06
780 0
790 -1.66667e-06
800 -1.66667e-06
810 0
820 -1.66667e-06
830 -1.66667e-06
840 -1.66667e-06
850 -1.66667e-06
860 0
870 -1.66667e-06
880 -1.66667e-06
890 -0.100002
900 -0.100002
910 -0.100002
920 -1.66667e-06
930 0
940 0
950 -0.100002
960 -0.1
970 -1.66667e-06
980 -2.77556e-17
990 0
1000 -1.66667e-06
