10 1.66667e-06
20 1.66667e-06
30 0.166668
40 0.166668
50 0.166668
60 1.66667e-06
70 1.66667e-06
80 0.166668
90 3.33333e-06
100 1.66667e-06
110 1.66667e-06
120 3.33333e-06
130 2.77556e-17
140 1.66667e-06
150 1.66667e-06
160 2.77556e-17
170 0.0555567
180 0.166668
190 2.77556e-17
200 1.66667e-06
210 2.77556e-17
220 0.0555567
230 2.77556e-17
240 2.77556e-17
250 1.66667e-06
260 0.166668
270 2.77556e-17
280 1.66667e-06
290 0.166668
300 1.66667e-06
310 2.77556e-17
320 1.66667e-06
330 2.77556e-17
340 3.33333e-06
350 2.77556e-17
360 3.33333e-06
370 1.66667e-06
380 1.66667e-06
390 1.66667e-06
400 1.66667e-06
410 1.66667e-06
420 2.77556e-17
430 2.77556e-17
440 1.66667e-06
450 1.66667e-06
460 1.66667e-06
470 2.77556e-17
480 2.77556e-17
490 2.77556e-17
500 1.66667e-06
510 1.66667e-06
520 3.33333e-06
530 2.77556e-17
540 1.66667e-06
550 1.66667e-06
560 1.66667e-06
570 2.77556e-17
580 1.66667e-06
590 1.66667e-06
600 1.66667e-06
610 1.66667e-06
620 1.66667e-06
630 2.77556e-17
640 1.66667e-06
650 0.166668
660 1.66667e-06
670 1.66667e-06
680 2.77556e-17
690 2.77556e-17
700 2.77556e-17
710 1.66667e-06
720 2.77556e-17
730 2.77556e-17
740 1.66667e-06
750 2.77556e-17
760 1.66667e-06
770 1.66667e-06
780 2.77556e-17
790 1.66667e-06
800 1.66667e-06
810 1.66667e-06
820 1.66667e-06
830 3.33333e-06
840 1.66667e-06
850 2.77556e-17
860 1.66667e-06
870 2.77556e-17
880 1.66667e-06
890 1.66667e-06
900 2.77556e-17
910 3.33333e-06
920 2.77556e-17
930 3.33333e-06
940 1.66667e-06
950 1.66667e-06
960 1.66667e-06
970 1.66667e-06
980 3.33333e-06
990 1.66667e-06
1000 2.77556e-17
