10 0.0555583
20 0.0555583
30 1.66667e-06
40 1.66667e-06
50 1.66667e-06
60 1.66667e-06
70 1.66667e-06
80 1.66667e-06
90 1.66667e-06
100 2.77556e-17
110 1.66667e-06
120 1.66667e-06
130 2.77556e-17
140 1.66667e-06
150 2.77556e-17
160 2.77556e-17
170 0.16667
180 2.77556e-17
190 0.222225
200 0.16667
210 3.33333e-06
220 3.33333e-06
230 2.77556e-17
240 1.66667e-06
250 1.66667e-06
260 1.66667e-06
270 3.33333e-06
280 3.33333e-06
290 1.66667e-06
300 0.16667
310 1.66667e-06
320 1.66667e-06
330 3.33333e-06
340 1.66667e-06
350 1.66667e-06
360 1.66667e-06
370 3.33333e-06
380 1.66667e-06
390 0.166668
400 1.66667e-06
410 2.77556e-17
420 1.66667e-06
430 1.66667e-06
440 1.66667e-06
450 0.16667
460 3.33333e-06
470 3.33333e-06
480 2.77556e-17
490 1.66667e-06
500 1.66667e-06
510 3.33333e-06
520 1.66667e-06
530 3.33333e-06
540 1.66667e-06
550 1.66667e-06
560 2.77556e-17
570 3.33333e-06
580 3.33333e-06
590 0.16667
600 1.66667e-06
610 1.66667e-06
620 1.66667e-06
630 2.77556e-17
640 3.33333e-06
650 0.166668
660 1.66667e-06
670 3.33333e-06
680 3.33333e-06
690 1.66667e-06
700 1.66667e-06
710 1.66667e-06
720 1.66667e-06
730 3.33333e-06
740 3.33333e-06
750 1.66667e-06
760 1.66667e-06
770 1.66667e-06
780 2.77556e-17
790 2.77556e-17
800 1.66667e-06
810 2.77556e-17
820 3.33333e-06
830 2.77556e-17
840 2.77556e-17
850 3.33333e-06
860 1.66667e-06
870 3.33333e-06
880 1.66667e-06
890 3.33333e-06
900 1.66667e-06
910 1.66667e-06
920 3.33333e-06
930 1.66667e-06
940 1.66667e-06
950 1.66667e-06
960 2.77556e-17
970 1.66667e-06
980 1.66667e-06
990 3.33333e-06
1000 1.66667e-06
