10 -0.08889
20 -0.0888883
30 -1.66667e-06
40 -1.66667e-06
50 0
60 -1.66667e-06
70 0
80 -2.77556e-17
90 -0.100002
100 -1.66667e-06
110 -1.66667e-06
120 -2.77556e-17
130 -2.77556e-17
140 -1.66667e-06
150 -1.66667e-06
160 -0.100002
170 -0.100002
180 -1.66667e-06
190 -1.66667e-06
200 0
210 -0.100002
220 -0.100002
230 -1.66667e-06
240 -1.66667e-06
250 -1.66667e-06
260 -1.66667e-06
270 -1.66667e-06
280 -2.77556e-17
290 -2.77556e-17
300 0
310 0
320 -1.66667e-06
330 -1.66667e-06
340 -1.66667e-06
350 -1.66667e-06
360 -1.66667e-06
370 0
380 -1.66667e-06
390 0
400 -1.66667e-06
410 -2.77556e-17
420 0
430 0
440 -2.77556e-17
450 -2.77556e-17
460 -1.66667e-06
470 -2.77556e-17
480 -1.66667e-06
490 -1.66667e-06
500 -2.77556e-17
510 -0.1
520 -1.66667e-06
530 -1.66667e-06
540 -1.66667e-06
550 -1.66667e-06
560 -1.66667e-06
570 0
580 0
590 -1.66667e-06
600 -1.66667e-06
610 -0.100002
620 -1.66667e-06
630 0
640 0
650 -2.77556e-17
660 -1.66667e-06
670 -2.77556e-17
680 -0.1
690 0
700 -2.77556e-17
710 -1.66667e-06
720 -1.66667e-06
730 -1.66667e-06
740 -2.77556e-17
750 0
760 -0.1
770 -0.1
780 -0.100002
790 0
800 0
810 -2.77556e-17
820 -1.66667e-06
830 -1.66667e-06
840 -1.66667e-06
850 -0.100002
860 0
870 -1.66667e-06
880 -0.100002
890 -0.1
900 -1.66667e-06
910 -1.66667e-06
920 -1.66667e-06
930 -1.66667e-06
940 -1.66667e-06
950 -1.66667e-06
960 -1.66667e-06
970 -2.77556e-17
980 -1.66667e-06
990 -0.1
1000 -0.1
