10 3.33333e-06
20 3.33333e-06
30 3.33333e-06
40 3.33333e-06
50 3.33333e-06
60 3.33333e-06
70 0.0555567
80 2.77556e-17
90 1.66667e-06
100 0.222223
110 0.222222
120 0.0555583
130 0.0555567
140 0.0555583
150 2.77556e-17
160 0.222223
170 1.66667e-06
180 0.0555583
190 0.222222
200 3.33333e-06
210 3.33333e-06
220 1.66667e-06
230 0.0555583
240 0.0555583
250 0.0555583
260 0.0555567
270 0.0555567
280 0.0555567
290 0.333335
300 0.222225
310 0.166665
320 0.166665
330 0.0555583
340 0.222223
350 2.77556e-17
360 2.77556e-17
370 1.66667e-06
380 1.66667e-06
390 1.66667e-06
400 1.66667e-06
410 1.66667e-06
420 1.66667e-06
430 1.66667e-06
440 1.66667e-06
450 0.166665
460 2.77556e-17
470 0.222225
480 0.222222
490 0.166668
500 0.0555583
510 3.33333e-06
520 3.33333e-06
530 3.33333e-06
540 0.0555567
550 1.66667e-06
560 0.0555567
570 0.222225
580 2.77556e-17
590 2.77556e-17
600 0.222225
610 2.77556e-17
620 0.166665
630 2.77556e-17
640 0.0555583
650 0.0555583
660 0.166665
670 0.166665
680 0.166665
690 0.166665
700 0.166665
710 0.166665
720 0.166665
730 0.166665
740 0.166665
750 0.166665
760 0.166665
770 0.166665
780 0.166665
790 0.0555567
800 0.0555567
810 0.166665
820 0.166665
830 0.222223
840 0.222223
850 0.222223
860 0.222223
870 0.222223
880 0.222223
890 0.222223
900 0.222223
910 0.222223
920 0.0555567
930 0.222223
940 0.222223
950 0.222223
960 0.0555567
970 0.166665
980 0.0555567
990 0.166667
1000 0.222223
