10 -0.0888883
20 -1.66667e-06
30 -1.66667e-06
40 -0.0666683
50 -0.0666683
60 -0.0666683
70 -0.0666683
80 -0.0666683
90 -0.0666683
100 -0.166668
110 -0.0666683
120 -0.0666667
130 -0.0666683
140 -0.0666683
150 -0.0666667
160 -0.0666683
170 -0.166667
180 -0.0666683
190 -0.0666683
200 -0.166667
210 -0.166667
220 -0.0666683
230 0
240 -0.0666667
250 -0.0666683
260 -0.0666683
270 -0.0666683
280 -0.0666683
290 -0.0666683
300 -0.0666683
310 -0.0666683
320 -0.0666667
330 -0.0666683
340 -0.0666683
350 -0.0666683
360 -0.0666667
370 -0.0666667
380 -0.0666667
390 -0.0666683
400 0
410 -1.66667e-06
420 -0.0666667
430 -0.0666667
440 -0.0666683
450 -0.0666667
460 -1.66667e-06
470 -0.100002
480 -1.66667e-06
490 -0.100002
500 -1.66667e-06
510 -0.100002
520 -0.100002
530 -0.1
540 -0.1
550 -0.1
560 -1.66667e-06
570 -1.66667e-06
580 -1.66667e-06
590 -1.66667e-06
600 -0.1
610 -2.77556e-17
620 -1.66667e-06
630 0
640 -1.66667e-06
650 -0.100002
660 -0.100002
670 -0.100002
680 -1.66667e-06
690 -2.77556e-17
700 -1.66667e-06
710 -1.66667e-06
720 0
730 -1.66667e-06
740 0
750 0
760 -1.66667e-06
770 0
780 -1.66667e-06
790 -1.66667e-06
800 -1.66667e-06
810 -1.66667e-06
820 -0.100002
830 -1.66667e-06
840 0
850 0
860 -1.66667e-06
870 0
880 -2.77556e-17
890 -1.66667e-06
900 0
910 -1.66667e-06
920 -0.100002
930 -0.1
940 -1.66667e-06
950 -1.66667e-06
960 -2.77556e-17
970 -1.66667e-06
980 0
990 0
1000 0
