10 0
20 0
30 0.166668
40 0.0555583
50 3.33333e-06
60 0.16667
70 3.33333e-06
80 1.66667e-06
90 1.66667e-06
100 1.66667e-06
110 1.66667e-06
120 1.66667e-06
130 3.33333e-06
140 3.33333e-06
150 1.66667e-06
160 1.66667e-06
170 0.16667
180 1.66667e-06
190 1.66667e-06
200 1.66667e-06
210 1.66667e-06
220 1.66667e-06
230 1.66667e-06
240 3.33333e-06
250 0
260 1.66667e-06
270 3.33333e-06
280 3.33333e-06
290 3.33333e-06
300 3.33333e-06
310 3.33333e-06
320 1.66667e-06
330 1.66667e-06
340 1.66667e-06
350 1.66667e-06
360 1.66667e-06
370 3.33333e-06
380 0
390 3.33333e-06
400 1.66667e-06
410 0.16667
420 1.66667e-06
430 0
440 0
450 3.33333e-06
460 1.66667e-06
470 0.16667
480 3.33333e-06
490 0
500 1.66667e-06
510 0
520 1.66667e-06
530 1.66667e-06
540 1.66667e-06
550 3.33333e-06
560 0
570 1.66667e-06
580 0.16667
590 1.66667e-06
600 3.33333e-06
610 1.66667e-06
620 0.166668
630 0
640 0
650 3.33333e-06
660 0
670 0
680 1.66667e-06
690 3.33333e-06
700 1.66667e-06
710 1.66667e-06
720 3.33333e-06
730 1.66667e-06
740 1.66667e-06
750 1.66667e-06
760 0.166668
770 3.33333e-06
780 1.66667e-06
790 3.33333e-06
800 3.33333e-06
810 1.66667e-06
820 0
830 3.33333e-06
840 1.66667e-06
850 1.66667e-06
860 3.33333e-06
870 0.166668
880 0.16667
890 1.66667e-06
900 0.16667
910 0
920 0
930 0
940 3.33333e-06
950 3.33333e-06
960 3.33333e-06
970 0
980 1.66667e-06
990 3.33333e-06
1000 1.66667e-06
