10 -0.08889
20 -0.08889
30 -0.08889
40 -0.08889
50 -0.08889
60 -0.08889
70 -0.200002
80 -0.188888
90 -0.100002
100 -0.155555
110 -0.255555
120 -0.100002
130 -0.08889
140 -0.188888
150 -0.0666667
160 -0.100002
170 -0.166668
180 -0.28889
190 -0.188888
200 -0.188888
210 -0.18889
220 -0.1
230 -0.188888
240 -0.188888
250 -0.1
260 -0.200002
270 -0.1
280 -0.255555
290 -0.1
300 -0.18889
310 -0.166667
320 -0.28889
330 -0.255555
340 -0.1
350 -0.1
360 -0.188888
370 -0.255555
380 -0.255555
390 -0.0666683
400 -0.188888
410 -0.188888
420 -0.188888
430 -0.188888
440 -0.188888
450 -0.255555
460 -0.100002
470 -0.100002
480 -0.100002
490 -0.100002
500 -0.100002
510 -0.255557
520 -0.100002
530 -0.100002
540 -0.100002
550 -0.100002
560 -0.255555
570 -0.255555
580 -0.255555
590 -0.255555
600 -0.100002
610 -0.255555
620 -0.255555
630 -0.255555
640 -0.255555
650 -0.2
660 -0.28889
670 -0.188888
680 -0.255557
690 -0.255557
700 -0.255557
710 -0.18889
720 -0.1
730 -0.166667
740 -0.166667
750 -0.100002
760 -0.100002
770 -0.166667
780 -0.255555
790 -0.255555
800 -0.28889
810 -0.28889
820 -0.100002
830 -0.100002
840 -0.100002
850 -0.100002
860 -0.100002
870 -0.166667
880 -0.100002
890 -0.100002
900 -0.100002
910 -0.100002
920 -0.100002
930 -0.100002
940 -0.100002
950 -0.100002
960 -0.100002
970 -0.100002
980 -0.100002
990 -0.100002
1000 -0.188888
