10 -0.188888
20 -0.08889
30 -0.08889
40 -0.188888
50 0
60 -0.0888883
70 -0.1
80 -0.100002
90 -2.77556e-17
100 -2.77556e-17
110 -0.1
120 -1.66667e-06
130 -1.66667e-06
140 -1.66667e-06
150 -1.66667e-06
160 0
170 -0.100002
180 -1.66667e-06
190 -1.66667e-06
200 -1.66667e-06
210 -1.66667e-06
220 -2.77556e-17
230 -1.66667e-06
240 -1.66667e-06
250 0
260 -1.66667e-06
270 -0.100002
280 -1.66667e-06
290 -1.66667e-06
300 -1.66667e-06
310 -1.66667e-06
320 -1.66667e-06
330 -0.100002
340 -0.100002
350 -2.77556e-17
360 -1.66667e-06
370 -2.77556e-17
380 -2.77556e-17
390 0
400 -2.77556e-17
410 0
420 -2.77556e-17
430 -1.66667e-06
440 -1.66667e-06
450 0
460 -1.66667e-06
470 -1.66667e-06
480 -2.77556e-17
490 0
500 0
510 -1.66667e-06
520 0
530 0
540 0
550 -1.66667e-06
560 -2.77556e-17
570 -1.66667e-06
580 0
590 -1.66667e-06
600 0
610 -1.66667e-06
620 -1.66667e-06
630 -2.77556e-17
640 -1.66667e-06
650 -1.66667e-06
660 -0.1
670 -1.66667e-06
680 -1.66667e-06
690 -1.66667e-06
700 -1.66667e-06
710 -1.66667e-06
720 -2.77556e-17
730 0
740 -1.66667e-06
750 0
760 -1.66667e-06
770 -1.66667e-06
780 -1.66667e-06
790 -1.66667e-06
800 -1.66667e-06
810 -1.66667e-06
820 -1.66667e-06
830 -0.100002
840 -2.77556e-17
850 -1.66667e-06
860 -1.66667e-06
870 -1.66667e-06
880 -1.66667e-06
890 0
900 -1.66667e-06
910 -1.66667e-06
920 -1.66667e-06
930 0
940 -1.66667e-06
950 -1.66667e-06
960 -1.66667e-06
970 -1.66667e-06
980 -1.66667e-06
990 -1.66667e-06
1000 -0.100002
