10 0.333335
20 0.333335
30 0.333335
40 0.333335
50 0.333335
60 0.333335
70 0.222225
80 2.77556e-17
90 1.66667e-06
100 0.166668
110 0.38889
120 0.0555567
130 2.77556e-17
140 0.0555583
150 0.0555567
160 0.222222
170 2.77556e-17
180 2.77556e-17
190 0.0555583
200 0.333335
210 0.0555583
220 2.77556e-17
230 0.222225
240 0.222222
250 0.166667
260 0.0555567
270 0
280 0.0555567
290 0.0555567
300 0.0555567
310 0.0555567
320 0.0555567
330 0.0555567
340 0.0555567
350 0.0555583
360 3.33333e-06
370 3.33333e-06
380 3.33333e-06
390 0.166668
400 0.166668
410 0.166668
420 1.66667e-06
430 1.66667e-06
440 1.66667e-06
450 1.66667e-06
460 1.66667e-06
470 1.66667e-06
480 1.66667e-06
490 1.66667e-06
500 1.66667e-06
510 1.66667e-06
520 1.66667e-06
530 1.66667e-06
540 1.66667e-06
550 1.66667e-06
560 3.33333e-06
570 1.66667e-06
580 0
590 1.66667e-06
600 1.66667e-06
610 1.66667e-06
620 1.66667e-06
630 1.66667e-06
640 1.66667e-06
650 1.66667e-06
660 1.66667e-06
670 1.66667e-06
680 1.66667e-06
690 1.66667e-06
700 1.66667e-06
710 1.66667e-06
720 1.66667e-06
730 1.66667e-06
740 1.66667e-06
750 1.66667e-06
760 1.66667e-06
770 1.66667e-06
780 1.66667e-06
790 0.0555567
800 1.66667e-06
810 1.66667e-06
820 1.66667e-06
830 0.0555567
840 1.66667e-06
850 0
860 1.66667e-06
870 1.66667e-06
880 2.77556e-17
890 1.66667e-06
900 1.66667e-06
910 2.77556e-17
920 0.0555567
930 0.0555567
940 0.0555567
950 0.0555567
960 0.0555567
970 0.0555567
980 0.0555567
990 0.0555567
1000 0.0555567
