10 -0.08889
20 -0.200002
30 -0.200002
40 -0.200002
50 -0.200002
60 -0.200002
70 -0.288888
80 -0.08889
90 -0.08889
100 -0.0666683
110 -0.0666683
120 -0.355557
130 -0.08889
140 -1.66667e-06
150 -1.66667e-06
160 -0.0666683
170 -0.255557
180 -1.66667e-06
190 -0.266668
200 -0.188888
210 -0.188888
220 -2.77556e-17
230 -2.77556e-17
240 -2.77556e-17
250 -2.77556e-17
260 -2.77556e-17
270 -2.77556e-17
280 -2.77556e-17
290 -2.77556e-17
300 -0.188888
310 -0.188888
320 -2.77556e-17
330 -2.77556e-17
340 -0.08889
350 -2.77556e-17
360 -2.77556e-17
370 -2.77556e-17
380 -0.166668
390 -2.77556e-17
400 -2.77556e-17
410 -2.77556e-17
420 -0.266667
430 -2.77556e-17
440 -2.77556e-17
450 -0.1
460 -2.77556e-17
470 -0.155555
480 -1.66667e-06
490 -1.66667e-06
500 -0.288888
510 -0.100002
520 -0.266667
530 -0.1
540 -0.188888
550 -0.288888
560 -0.188888
570 -0.188888
580 -0.188888
590 -0.188888
600 -0.188888
610 -0.188888
620 -0.188888
630 -0.188888
640 -2.77556e-17
650 -2.77556e-17
660 -2.77556e-17
670 -2.77556e-17
680 -2.77556e-17
690 -2.77556e-17
700 -2.77556e-17
710 -2.77556e-17
720 -2.77556e-17
730 -2.77556e-17
740 0
750 0
760 -0.100002
770 -2.77556e-17
780 -2.77556e-17
790 -2.77556e-17
800 -2.77556e-17
810 -2.77556e-17
820 -2.77556e-17
830 -2.77556e-17
840 -0.0666667
850 -0.0666667
860 -2.77556e-17
870 -2.77556e-17
880 -0.08889
890 -0.2
900 -2.77556e-17
910 -2.77556e-17
920 -2.77556e-17
930 -2.77556e-17
940 -2.77556e-17
950 -0.2
960 -2.77556e-17
970 -0.0666667
980 -0.166667
990 -2.77556e-17
1000 -0.1
