10 -0.100002
20 -0.100002
30 -0.100002
40 -0.100002
50 -0.100002
60 -0.100002
70 -0.0888883
80 -0.0888883
90 -0.288888
100 -0.100002
110 -0.255555
120 -0.255555
130 -0.166667
140 -0.0888883
150 -0.28889
160 -0.28889
170 -0.100002
180 -0.266667
190 -0.0888883
200 -0.188888
210 -0.255557
220 -0.155557
230 -0.166668
240 -0.166667
250 -0.255555
260 -0.28889
270 -0.28889
280 -0.28889
290 -0.28889
300 -0.0888883
310 -0.0888883
320 -0.28889
330 -2.77556e-17
340 -0.0888883
350 -0.0888883
360 -0.166668
370 -2.77556e-17
380 -0.255555
390 -0.0666667
400 -0.255555
410 -0.0666667
420 -0.155557
430 -0.155557
440 -0.0666683
450 -0.0888883
460 -0.166668
470 -0.166668
480 -0.155557
490 -0.0666667
500 -0.0666667
510 -0.0666667
520 -0.155555
530 -0.28889
540 -0.355555
550 -0.166667
560 -0.355555
570 -2.77556e-17
580 -0.100002
590 -0.255555
600 -0.0666667
610 -0.166667
620 -0.166667
630 -0.0666667
640 -0.08889
650 -0.08889
660 -0.155557
670 -0.155557
680 -0.100002
690 -1.66667e-06
700 -0.1
710 -0.166668
720 -0.1
730 -0.1
740 -0.1
750 -0.1
760 -0.1
770 -0.1
780 -0.1
790 -0.1
800 -0.1
810 -0.1
820 -0.1
830 -0.1
840 -0.1
850 -0.1
860 -0.1
870 -0.1
880 -0.1
890 -0.1
900 -0.1
910 -0.1
920 -0.1
930 -0.1
940 -0.1
950 -0.1
960 -0.1
970 -0.1
980 -0.1
990 -0.1
1000 -0.1
