10 0.0555567
20 0.0555567
30 1.66667e-06
40 1.66667e-06
50 0.0555583
60 3.33333e-06
70 0.0555583
80 3.33333e-06
90 3.33333e-06
100 0
110 0.16667
120 0.0555583
130 1.66667e-06
140 1.66667e-06
150 0.0555567
160 3.33333e-06
170 1.66667e-06
180 0.0555583
190 0.0555583
200 0.0555583
210 1.66667e-06
220 0
230 1.66667e-06
240 0.16667
250 1.66667e-06
260 0.166668
270 1.66667e-06
280 1.66667e-06
290 3.33333e-06
300 0.0555567
310 0.0555583
320 0.0555583
330 0
340 0
350 1.66667e-06
360 3.33333e-06
370 3.33333e-06
380 3.33333e-06
390 0
400 3.33333e-06
410 1.66667e-06
420 1.66667e-06
430 0
440 0
450 1.66667e-06
460 0
470 1.66667e-06
480 3.33333e-06
490 1.66667e-06
500 1.66667e-06
510 1.66667e-06
520 1.66667e-06
530 1.66667e-06
540 1.66667e-06
550 0
560 1.66667e-06
570 0
580 1.66667e-06
590 3.33333e-06
600 0
610 1.66667e-06
620 3.33333e-06
630 3.33333e-06
640 3.33333e-06
650 1.66667e-06
660 1.66667e-06
670 1.66667e-06
680 0.16667
690 1.66667e-06
700 1.66667e-06
710 3.33333e-06
720 3.33333e-06
730 3.33333e-06
740 3.33333e-06
750 1.66667e-06
760 1.66667e-06
770 0
780 1.66667e-06
790 1.66667e-06
800 3.33333e-06
810 1.66667e-06
820 3.33333e-06
830 3.33333e-06
840 1.66667e-06
850 0
860 1.66667e-06
870 0
880 1.66667e-06
890 1.66667e-06
900 0.0555583
910 3.33333e-06
920 0.0555583
930 0.0555567
940 0
950 0.0555583
960 3.33333e-06
970 1.66667e-06
980 0.0555567
990 1.66667e-06
1000 0
