10 -0.255555
20 -0.18889
30 -0.08889
40 -0.08889
50 -0.08889
60 -0.08889
70 -0.155557
80 -0.155557
90 -0.155557
100 -0.155557
110 -0.155557
120 -0.08889
130 -0.08889
140 -0.08889
150 -0.08889
160 -0.0888883
170 -0.08889
180 -0.08889
190 -0.0888883
200 -0.0888883
210 -0.0888883
220 -0.08889
230 -0.188888
240 -0.08889
250 -0.0888883
260 -0.08889
270 -0.08889
280 -0.0888883
290 -0.0888883
300 -0.08889
310 -0.08889
320 -0.0888883
330 -0.08889
340 -0.08889
350 -0.08889
360 -0.08889
370 -0.0888883
380 -0.0888883
390 -0.0888883
400 -0.08889
410 -0.0888883
420 -0.0888883
430 -0.08889
440 -0.08889
450 -0.08889
460 -0.188888
470 -0.188888
480 -0.18889
490 -0.0888883
500 -0.18889
510 -0.18889
520 -0.18889
530 -0.08889
540 -0.0888883
550 -0.18889
560 -0.188888
570 -0.08889
580 -0.08889
590 -0.0888883
600 -0.188888
610 -0.08889
620 -0.0888883
630 -0.0888883
640 -0.0888883
650 -0.08889
660 -0.08889
670 -0.0888883
680 -0.0888883
690 -0.08889
700 -0.08889
710 -0.08889
720 -0.08889
730 -0.08889
740 -0.08889
750 -0.0888883
760 -0.08889
770 -0.08889
780 -0.0888883
790 -0.0888883
800 -0.0888883
810 -0.0888883
820 -0.0888883
830 -0.0888883
840 -0.08889
850 -0.08889
860 -0.0888883
870 -0.08889
880 -0.0888883
890 -0.0888883
900 -0.0888883
910 -0.08889
920 -0.188888
930 -0.188888
940 -0.08889
950 -0.0888883
960 -0.08889
970 -0.0888883
980 -0.0888883
990 -0.0888883
1000 -0.0888883
