10 -0.188888
20 -0.188888
30 -0.188888
40 -0.188888
50 -0.188888
60 -0.188888
70 -0.155557
80 -0.166667
90 -0.100002
100 -0.188888
110 -0.166667
120 -0.0666667
130 -0.1
140 -1.66667e-06
150 -0.166667
160 -0.266667
170 -0.08889
180 -0.0888883
190 -0.188888
200 -0.188888
210 -0.200002
220 -0.166668
230 -0.188888
240 -0.255557
250 -0.0888883
260 -0.166667
270 -0.166667
280 -0.155555
290 -0.1
300 -0.1
310 -0.288888
320 -0.166667
330 -0.18889
340 -0.166667
350 -0.200002
360 -0.166667
370 -0.18889
380 -0.166668
390 -0.18889
400 -0.166667
410 -0.1
420 -0.188888
430 -0.166668
440 -0.166668
450 -0.166668
460 -0.166667
470 -0.155555
480 -0.155555
490 -0.266667
500 -0.288888
510 -0.288888
520 -0.288888
530 -0.288888
540 -0.288888
550 -0.288888
560 -0.155555
570 -0.155555
580 -0.155555
590 -0.188888
600 -0.188888
610 -0.188888
620 -0.188888
630 -0.188888
640 -0.188888
650 -0.188888
660 -0.188888
670 -0.188888
680 -0.0888883
690 -0.100002
700 -0.100002
710 0
720 -0.100002
730 0
740 -0.08889
750 -0.08889
760 -0.08889
770 -0.0666683
780 -0.100002
790 0
800 0
810 0
820 0
830 0
840 0
850 0
860 0
870 0
880 0
890 0
900 0
910 0
920 -0.100002
930 -0.100002
940 -0.100002
950 -0.100002
960 -0.100002
970 -0.100002
980 0
990 0
1000 0
