10 -0.166668
20 -0.255557
30 -0.08889
40 -0.155557
50 -0.155557
60 -0.08889
70 -0.08889
80 -0.0888883
90 -0.08889
100 -0.08889
110 -0.08889
120 -0.255555
130 -0.155555
140 -0.155557
150 -0.18889
160 -0.18889
170 -0.188888
180 -0.188888
190 -0.18889
200 -0.08889
210 -0.08889
220 -0.08889
230 -0.08889
240 -0.0888883
250 -0.0888883
260 -0.08889
270 -0.188888
280 -0.18889
290 -0.18889
300 -0.18889
310 -0.0888883
320 -0.08889
330 -0.08889
340 -0.08889
350 -0.08889
360 -0.08889
370 -0.08889
380 -0.08889
390 -0.18889
400 -0.08889
410 -0.08889
420 -0.188888
430 -0.18889
440 -0.0888883
450 -0.188888
460 -0.0888883
470 -0.08889
480 -0.08889
490 -0.08889
500 -0.0888883
510 -0.0888883
520 -0.0888883
530 -0.0888883
540 -0.0888883
550 -0.08889
560 -0.08889
570 -0.08889
580 -0.0888883
590 -0.0888883
600 -0.0888883
610 -0.08889
620 -0.0888883
630 -0.0888883
640 -0.0888883
650 -0.0888883
660 -0.0888883
670 -0.0888883
680 -0.08889
690 -0.0888883
700 -0.0888883
710 -0.08889
720 -0.18889
730 -0.18889
740 -0.08889
750 -0.08889
760 -0.0888883
770 -0.08889
780 -0.08889
790 -0.0888883
800 -0.0888883
810 -0.08889
820 -0.0888883
830 -0.08889
840 -0.188888
850 -0.08889
860 -0.08889
870 -0.08889
880 -0.18889
890 -0.18889
900 -0.188888
910 -0.0888883
920 -0.08889
930 -0.0888883
940 -0.0888883
950 -0.08889
960 -0.08889
970 -0.0888883
980 -0.08889
990 -0.08889
1000 -0.0888883
