10 -0.155557
20 -0.08889
30 -0.0888883
40 -0.255555
50 -0.0666667
60 0
70 -1.66667e-06
80 0
90 -1.66667e-06
100 -1.66667e-06
110 -1.66667e-06
120 0
130 -2.77556e-17
140 -1.66667e-06
150 -1.66667e-06
160 -0.0666667
170 -0.0666683
180 -0.0666683
190 -0.0666683
200 -0.0666683
210 -0.0666667
220 -0.0666683
230 -0.0666683
240 -0.0666667
250 -0.166668
260 -0.0666683
270 -0.0666683
280 -0.0666683
290 -0.0666683
300 -0.166668
310 -0.166667
320 -0.166667
330 -0.0666683
340 -0.166668
350 -1.66667e-06
360 -2.77556e-17
370 -1.66667e-06
380 -1.66667e-06
390 -0.1
400 -2.77556e-17
410 -1.66667e-06
420 -0.0666683
430 -1.66667e-06
440 -2.77556e-17
450 -1.66667e-06
460 -0.0666667
470 -0.0666683
480 -0.0666683
490 -0.0666683
500 -0.100002
510 -0.0666667
520 -0.0666667
530 -0.0666667
540 -2.77556e-17
550 -1.66667e-06
560 -2.77556e-17
570 -1.66667e-06
580 -0.100002
590 -0.1
600 -0.1
610 -0.100002
620 -0.1
630 -1.66667e-06
640 -1.66667e-06
650 -1.66667e-06
660 0
670 -0.1
680 -1.66667e-06
690 -2.77556e-17
700 -1.66667e-06
710 -1.66667e-06
720 -1.66667e-06
730 -0.100002
740 -0.100002
750 -0.1
760 -0.100002
770 -0.1
780 0
790 0
800 -1.66667e-06
810 -0.0666683
820 -2.77556e-17
830 0
840 -0.166668
850 -0.0666683
860 -0.0666683
870 -0.0666683
880 -0.0666667
890 -1.66667e-06
900 -0.1
910 -0.1
920 -1.66667e-06
930 -1.66667e-06
940 -2.77556e-17
950 -2.77556e-17
960 -1.66667e-06
970 -1.66667e-06
980 -1.66667e-06
990 -2.77556e-17
1000 -1.66667e-06
