10 3.33333e-06
20 3.33333e-06
30 3.33333e-06
40 3.33333e-06
50 3.33333e-06
60 3.33333e-06
70 0.0555567
80 1.66667e-06
90 0.166667
100 3.33333e-06
110 0.0555583
120 0.0555567
130 2.77556e-17
140 0.222223
150 1.66667e-06
160 0.0555567
170 0.0555583
180 0.0555583
190 2.77556e-17
200 3.33333e-06
210 0.166667
220 0.222223
230 1.66667e-06
240 0.0555567
250 1.66667e-06
260 0.0555567
270 0.0555567
280 1.66667e-06
290 0.333335
300 0.0555567
310 2.77556e-17
320 3.33333e-06
330 0
340 0
350 0
360 0
370 0.222225
380 0.222225
390 0.166665
400 0.166665
410 0.222222
420 0.166665
430 0.166665
440 0.222222
450 0.166665
460 0.222223
470 0.0555583
480 0.222225
490 0
500 0.222225
510 0.0555583
520 0.0555583
530 0.0555583
540 0.0555583
550 0.0555583
560 0.0555583
570 0.0555583
580 0.0555583
590 0.0555583
600 0.0555583
610 0.0555583
620 0.0555567
630 0.0555567
640 0.0555567
650 0.0555567
660 0.0555567
670 0.0555567
680 0.0555567
690 0.0555567
700 0.0555567
710 0.0555567
720 0.0555567
730 0.0555583
740 0.0555583
750 0.0555583
760 0.0555567
770 0.0555567
780 0.0555567
790 0.0555583
800 2.77556e-17
810 2.77556e-17
820 0.0555583
830 0.0555567
840 0.0555567
850 0.0555567
860 0.0555567
870 0.0555567
880 0.16667
890 0.0555567
900 0.16667
910 0.16667
920 0.16667
930 0.0555567
940 0.0555567
950 0.0555567
960 0.0555567
970 0.0555567
980 0.0555567
990 0.0555567
1000 0.0555567
