10 1.66667e-06
20 1.66667e-06
30 1.66667e-06
40 1.66667e-06
50 1.66667e-06
60 1.66667e-06
70 1.66667e-06
80 0.0555567
90 0.0555567
100 0
110 2.77556e-17
120 0.222225
130 0.0555567
140 0.0555567
150 0.0555567
160 0.0555567
170 0.0555567
180 0.222225
190 0.0555567
200 1.66667e-06
210 1.66667e-06
220 1.66667e-06
230 1.66667e-06
240 1.66667e-06
250 1.66667e-06
260 1.66667e-06
270 1.66667e-06
280 1.66667e-06
290 0.0555567
300 2.77556e-17
310 2.77556e-17
320 0.0555567
330 0.0555567
340 0.0555567
350 0.38889
360 0.333335
370 1.66667e-06
380 1.66667e-06
390 2.77556e-17
400 1.66667e-06
410 0.0555583
420 1.66667e-06
430 1.66667e-06
440 1.66667e-06
450 1.66667e-06
460 1.66667e-06
470 1.66667e-06
480 1.66667e-06
490 0
500 1.66667e-06
510 1.66667e-06
520 1.66667e-06
530 0.333335
540 1.66667e-06
550 0.0555583
560 1.66667e-06
570 1.66667e-06
580 1.66667e-06
590 1.66667e-06
600 1.66667e-06
610 1.66667e-06
620 1.66667e-06
630 1.66667e-06
640 0.0555567
650 0.0555567
660 0.0555567
670 0.0555567
680 0.0555567
690 0.0555567
700 0.0555567
710 0.0555567
720 0.0555567
730 0.0555567
740 0.0555567
750 0.0555567
760 0.0555567
770 0.0555567
780 0.0555567
790 0.0555567
800 0.0555567
810 0.0555567
820 0.0555567
830 0.0555567
840 0.0555567
850 3.33333e-06
860 1.66667e-06
870 0.166668
880 1.66667e-06
890 1.66667e-06
900 3.33333e-06
910 1.66667e-06
920 1.66667e-06
930 1.66667e-06
940 1.66667e-06
950 1.66667e-06
960 1.66667e-06
970 1.66667e-06
980 1.66667e-06
990 1.66667e-06
1000 1.66667e-06
