10 -0.18889
20 -0.1
30 -0.1
40 -0.1
50 -0.1
60 -0.1
70 -0.1
80 -0.08889
90 -0.188888
100 -0.155555
110 -0.166667
120 -0.355557
130 -0.08889
140 -0.166668
150 -0.08889
160 -0.200002
170 -0.255555
180 -0.288888
190 -0.288888
200 -0.0888883
210 -0.188888
220 0
230 0
240 -0.266668
250 -0.1
260 -0.200002
270 -0.288888
280 -0.0666683
290 -0.255557
300 -0.100002
310 -0.255557
320 -0.255557
330 -0.166667
340 -0.255557
350 -0.255557
360 -0.255557
370 -0.100002
380 -0.155557
390 -0.155557
400 -0.155557
410 -0.1
420 -0.155557
430 -0.18889
440 -0.18889
450 -0.1
460 -0.1
470 -0.18889
480 -0.18889
490 -0.18889
500 -0.18889
510 -0.18889
520 -0.0666667
530 -0.0666667
540 -0.0666667
550 -0.0666667
560 -0.0666667
570 -0.0666667
580 -0.0666667
590 -0.0666667
600 -1.66667e-06
610 -0.0666667
620 -0.0666667
630 -0.18889
640 -0.155557
650 -0.166668
660 -0.18889
670 -0.155557
680 -0.18889
690 -0.200002
700 -0.18889
710 -0.18889
720 -0.0666667
730 -0.0666667
740 -0.355557
750 -0.355557
760 -0.08889
770 0
780 0
790 0
800 0
810 0
820 0
830 0
840 0
850 0
860 0
870 0
880 0
890 0
900 0
910 0
920 0
930 0
940 0
950 0
960 0
970 0
980 0
990 0
1000 0
