10 0.16667
20 0.16667
30 0.16667
40 0.16667
50 0.16667
60 0.16667
70 0
80 0.0555567
90 0.0555567
100 0.0555583
110 0.0555567
120 0.0555567
130 0.166665
140 1.66667e-06
150 0.222225
160 1.66667e-06
170 0.166667
180 0.0555567
190 0.0555567
200 0.0555567
210 0.0555567
220 0.0555567
230 0.0555567
240 1.66667e-06
250 1.66667e-06
260 1.66667e-06
270 1.66667e-06
280 1.66667e-06
290 1.66667e-06
300 1.66667e-06
310 1.66667e-06
320 1.66667e-06
330 1.66667e-06
340 1.66667e-06
350 1.66667e-06
360 1.66667e-06
370 1.66667e-06
380 1.66667e-06
390 1.66667e-06
400 1.66667e-06
410 1.66667e-06
420 0
430 0
440 0
450 0
460 0
470 3.33333e-06
480 0
490 0.222225
500 0
510 0.0555567
520 1.66667e-06
530 0
540 1.66667e-06
550 1.66667e-06
560 1.66667e-06
570 1.66667e-06
580 0.0555567
590 0.166667
600 0.0555567
610 0.0555567
620 0.166667
630 0
640 1.66667e-06
650 0.16667
660 1.66667e-06
670 0
680 0.166667
690 0.166667
700 1.66667e-06
710 1.66667e-06
720 0.166667
730 0.0555567
740 0.0555567
750 0.222225
760 1.66667e-06
770 0.16667
780 2.77556e-17
790 2.77556e-17
800 1.66667e-06
810 1.66667e-06
820 1.66667e-06
830 1.66667e-06
840 1.66667e-06
850 0.0555567
860 0.0555583
870 1.66667e-06
880 0.16667
890 1.66667e-06
900 0.0555567
910 1.66667e-06
920 0.0555567
930 1.66667e-06
940 0.166665
950 0.166665
960 0.166665
970 0.166665
980 0.166665
990 0.0555567
1000 0.0555583
