10 0.222225
20 0.166668
30 0.166668
40 0
50 0
60 0
70 1.66667e-06
80 0.166668
90 0.166668
100 0.166668
110 1.66667e-06
120 1.66667e-06
130 0.166668
140 2.77556e-17
150 0.16667
160 2.77556e-17
170 1.66667e-06
180 0.166668
190 0.166668
200 0.166668
210 2.77556e-17
220 1.66667e-06
230 1.66667e-06
240 1.66667e-06
250 1.66667e-06
260 0.166668
270 1.66667e-06
280 1.66667e-06
290 1.66667e-06
300 1.66667e-06
310 1.66667e-06
320 1.66667e-06
330 0.166668
340 3.33333e-06
350 2.77556e-17
360 0.16667
370 1.66667e-06
380 3.33333e-06
390 1.66667e-06
400 0.166668
410 1.66667e-06
420 1.66667e-06
430 1.66667e-06
440 1.66667e-06
450 2.77556e-17
460 1.66667e-06
470 0.16667
480 2.77556e-17
490 2.77556e-17
500 0.166668
510 3.33333e-06
520 2.77556e-17
530 3.33333e-06
540 1.66667e-06
550 3.33333e-06
560 2.77556e-17
570 1.66667e-06
580 1.66667e-06
590 2.77556e-17
600 1.66667e-06
610 1.66667e-06
620 2.77556e-17
630 1.66667e-06
640 3.33333e-06
650 3.33333e-06
660 2.77556e-17
670 1.66667e-06
680 1.66667e-06
690 1.66667e-06
700 1.66667e-06
710 2.77556e-17
720 1.66667e-06
730 1.66667e-06
740 1.66667e-06
750 1.66667e-06
760 2.77556e-17
770 1.66667e-06
780 2.77556e-17
790 3.33333e-06
800 1.66667e-06
810 1.66667e-06
820 2.77556e-17
830 3.33333e-06
840 3.33333e-06
850 1.66667e-06
860 1.66667e-06
870 1.66667e-06
880 2.77556e-17
890 2.77556e-17
900 1.66667e-06
910 2.77556e-17
920 1.66667e-06
930 3.33333e-06
940 3.33333e-06
950 2.77556e-17
960 2.77556e-17
970 1.66667e-06
980 1.66667e-06
990 0.0555583
1000 0.0555567
