10 -0.155557
20 -0.155557
30 -0.155555
40 -0.0888883
50 -2.77556e-17
60 -0.0888883
70 -2.77556e-17
80 -0.100002
90 -0.100002
100 -0.100002
110 -0.100002
120 -0.100002
130 -1.66667e-06
140 -0.1
150 -1.66667e-06
160 -1.66667e-06
170 -1.66667e-06
180 -1.66667e-06
190 -1.66667e-06
200 -1.66667e-06
210 -1.66667e-06
220 -1.66667e-06
230 -0.100002
240 -0.100002
250 -0.100002
260 0
270 -1.66667e-06
280 0
290 0
300 0
310 -1.66667e-06
320 -1.66667e-06
330 0
340 -1.66667e-06
350 -1.66667e-06
360 0
370 -1.66667e-06
380 0
390 0
400 -0.0666667
410 -0.0666667
420 -0.0666683
430 -0.0666683
440 -0.0666683
450 -0.0666667
460 -0.0666683
470 -0.0666667
480 -0.0666683
490 -0.0666683
500 -0.0666683
510 -0.166667
520 -0.0666683
530 -1.66667e-06
540 0
550 -1.66667e-06
560 -1.66667e-06
570 -0.100002
580 -0.1
590 -1.66667e-06
600 -1.66667e-06
610 -0.100002
620 -0.1
630 -2.77556e-17
640 -0.1
650 -0.1
660 -1.66667e-06
670 -1.66667e-06
680 -1.66667e-06
690 -1.66667e-06
700 -0.100002
710 -0.100002
720 -1.66667e-06
730 -2.77556e-17
740 -1.66667e-06
750 -1.66667e-06
760 -1.66667e-06
770 -1.66667e-06
780 -1.66667e-06
790 -1.66667e-06
800 -1.66667e-06
810 -1.66667e-06
820 -1.66667e-06
830 0
840 -2.77556e-17
850 -2.77556e-17
860 -1.66667e-06
870 -0.100002
880 -1.66667e-06
890 -1.66667e-06
900 -1.66667e-06
910 -2.77556e-17
920 -1.66667e-06
930 -1.66667e-06
940 -1.66667e-06
950 -2.77556e-17
960 -1.66667e-06
970 0
980 0
990 0
1000 -2.77556e-17
