10 -0.18889
20 -0.1
30 -0.1
40 -0.1
50 -0.1
60 -0.1
70 -0.166668
80 -0.255557
90 -1.66667e-06
100 -1.66667e-06
110 -0.0888883
120 -0.18889
130 -0.2
140 -0.188888
150 -0.0666683
160 -0.0888883
170 -1.66667e-06
180 -0.255557
190 -0.2
200 -0.100002
210 -0.0888883
220 -1.66667e-06
230 -0.255557
240 -0.08889
250 -0.255555
260 -0.255555
270 -0.255557
280 -0.255557
290 -0.2
300 -0.2
310 -0.2
320 -1.66667e-06
330 -0.188888
340 -0.155555
350 -0.2
360 -1.66667e-06
370 -0.255557
380 -1.66667e-06
390 -0.255557
400 -1.66667e-06
410 -1.66667e-06
420 -0.08889
430 -0.255555
440 -0.0666683
450 -0.2
460 -0.200002
470 -0.200002
480 -0.200002
490 -0.200002
500 -0.200002
510 -0.200002
520 -0.200002
530 -0.200002
540 -0.200002
550 -0.200002
560 -0.266668
570 -0.166668
580 -0.166668
590 -0.266668
600 -0.200002
610 -1.66667e-06
620 -0.166668
630 -0.255557
640 -0.100002
650 -0.100002
660 -0.18889
670 -0.100002
680 -0.0888883
690 -0.0888883
700 -0.155557
710 -0.155557
720 -0.255555
730 -1.66667e-06
740 -0.155555
750 -0.155555
760 -1.66667e-06
770 -1.66667e-06
780 -1.66667e-06
790 -1.66667e-06
800 -1.66667e-06
810 -1.66667e-06
820 -0.266668
830 -1.66667e-06
840 -1.66667e-06
850 -0.200002
860 -0.2
870 -0.2
880 -0.2
890 -0.2
900 -0.2
910 -0.2
920 -0.2
930 -0.2
940 -0.2
950 -0.2
960 -0.2
970 -0.2
980 -0.2
990 -0.2
1000 -0.2
