10 0.0555567
20 0.166668
30 0
40 0
50 1.66667e-06
60 1.66667e-06
70 0.166668
80 0.166668
90 0.166668
100 0.16667
110 3.33333e-06
120 3.33333e-06
130 0.166668
140 0
150 0
160 3.33333e-06
170 0
180 1.66667e-06
190 0
200 3.33333e-06
210 1.66667e-06
220 0
230 0
240 3.33333e-06
250 3.33333e-06
260 1.66667e-06
270 0
280 1.66667e-06
290 1.66667e-06
300 3.33333e-06
310 0.16667
320 0
330 3.33333e-06
340 3.33333e-06
350 1.66667e-06
360 3.33333e-06
370 3.33333e-06
380 1.66667e-06
390 3.33333e-06
400 3.33333e-06
410 1.66667e-06
420 0
430 0
440 1.66667e-06
450 3.33333e-06
460 0.16667
470 3.33333e-06
480 3.33333e-06
490 1.66667e-06
500 0
510 3.33333e-06
520 0.16667
530 3.33333e-06
540 3.33333e-06
550 3.33333e-06
560 3.33333e-06
570 3.33333e-06
580 1.66667e-06
590 3.33333e-06
600 1.66667e-06
610 1.66667e-06
620 0.16667
630 0
640 3.33333e-06
650 3.33333e-06
660 1.66667e-06
670 3.33333e-06
680 1.66667e-06
690 1.66667e-06
700 0.16667
710 0.16667
720 3.33333e-06
730 1.66667e-06
740 3.33333e-06
750 1.66667e-06
760 1.66667e-06
770 1.66667e-06
780 1.66667e-06
790 1.66667e-06
800 1.66667e-06
810 3.33333e-06
820 0.16667
830 0.16667
840 1.66667e-06
850 3.33333e-06
860 3.33333e-06
870 0
880 0
890 3.33333e-06
900 1.66667e-06
910 1.66667e-06
920 3.33333e-06
930 1.66667e-06
940 3.33333e-06
950 1.66667e-06
960 3.33333e-06
970 1.66667e-06
980 3.33333e-06
990 0
1000 1.66667e-06
