10 0.16667
20 1.66667e-06
30 1.66667e-06
40 1.66667e-06
50 1.66667e-06
60 1.66667e-06
70 0.16667
80 0.16667
90 3.33333e-06
100 0.166668
110 2.77556e-17
120 2.77556e-17
130 0.0555583
140 0.222222
150 2.77556e-17
160 2.77556e-17
170 0.16667
180 0.16667
190 0.16667
200 3.33333e-06
210 0.222225
220 0.166665
230 0.0555583
240 0.222222
250 0.222222
260 0
270 0.166668
280 0.222222
290 2.77556e-17
300 1.66667e-06
310 1.66667e-06
320 0.166665
330 3.33333e-06
340 0.0555583
350 2.77556e-17
360 2.77556e-17
370 1.66667e-06
380 2.77556e-17
390 2.77556e-17
400 0.222222
410 0.222223
420 2.77556e-17
430 2.77556e-17
440 2.77556e-17
450 2.77556e-17
460 2.77556e-17
470 1.66667e-06
480 2.77556e-17
490 1.66667e-06
500 2.77556e-17
510 0.166668
520 2.77556e-17
530 0.222222
540 2.77556e-17
550 1.66667e-06
560 1.66667e-06
570 1.66667e-06
580 1.66667e-06
590 0.0555583
600 2.77556e-17
610 2.77556e-17
620 2.77556e-17
630 1.66667e-06
640 1.66667e-06
650 0.222222
660 2.77556e-17
670 1.66667e-06
680 1.66667e-06
690 0.222222
700 0.222222
710 0.222222
720 0.222222
730 2.77556e-17
740 0.222222
750 0.222222
760 0.222222
770 0.222225
780 0.222225
790 1.66667e-06
800 1.66667e-06
810 1.66667e-06
820 0.222225
830 0.222225
840 1.66667e-06
850 0.222225
860 0.0555567
870 2.77556e-17
880 2.77556e-17
890 2.77556e-17
900 2.77556e-17
910 2.77556e-17
920 0.166665
930 2.77556e-17
940 0.222225
950 0.222225
960 2.77556e-17
970 2.77556e-17
980 1.66667e-06
990 0.222225
1000 1.66667e-06
