10 0.0555567
20 0.222225
30 0.166668
40 0.166668
50 0.16667
60 0.16667
70 0.16667
80 3.33333e-06
90 0.0555567
100 3.33333e-06
110 1.66667e-06
120 1.66667e-06
130 1.66667e-06
140 0.166668
150 3.33333e-06
160 1.66667e-06
170 1.66667e-06
180 1.66667e-06
190 2.77556e-17
200 2.77556e-17
210 1.66667e-06
220 1.66667e-06
230 0.166668
240 2.77556e-17
250 2.77556e-17
260 0.16667
270 2.77556e-17
280 2.77556e-17
290 1.66667e-06
300 2.77556e-17
310 0.166668
320 3.33333e-06
330 2.77556e-17
340 0.166668
350 1.66667e-06
360 1.66667e-06
370 3.33333e-06
380 1.66667e-06
390 1.66667e-06
400 2.77556e-17
410 2.77556e-17
420 2.77556e-17
430 1.66667e-06
440 1.66667e-06
450 0.16667
460 1.66667e-06
470 3.33333e-06
480 2.77556e-17
490 3.33333e-06
500 2.77556e-17
510 1.66667e-06
520 2.77556e-17
530 3.33333e-06
540 2.77556e-17
550 1.66667e-06
560 2.77556e-17
570 3.33333e-06
580 1.66667e-06
590 1.66667e-06
600 1.66667e-06
610 2.77556e-17
620 2.77556e-17
630 3.33333e-06
640 1.66667e-06
650 2.77556e-17
660 1.66667e-06
670 3.33333e-06
680 3.33333e-06
690 1.66667e-06
700 2.77556e-17
710 2.77556e-17
720 2.77556e-17
730 3.33333e-06
740 3.33333e-06
750 2.77556e-17
760 1.66667e-06
770 3.33333e-06
780 1.66667e-06
790 1.66667e-06
800 3.33333e-06
810 1.66667e-06
820 1.66667e-06
830 3.33333e-06
840 2.77556e-17
850 1.66667e-06
860 1.66667e-06
870 1.66667e-06
880 0.16667
890 2.77556e-17
900 3.33333e-06
910 1.66667e-06
920 2.77556e-17
930 1.66667e-06
940 1.66667e-06
950 1.66667e-06
960 1.66667e-06
970 3.33333e-06
980 3.33333e-06
990 1.66667e-06
1000 3.33333e-06
