10 0.0555567
20 0.222225
30 0.166668
40 0.166668
50 0.166668
60 0.166668
70 0.166668
80 1.66667e-06
90 0
100 1.66667e-06
110 1.66667e-06
120 1.66667e-06
130 0
140 0
150 0
160 0
170 1.66667e-06
180 0
190 0.166668
200 0
210 1.66667e-06
220 1.66667e-06
230 1.66667e-06
240 0
250 1.66667e-06
260 0.166668
270 1.66667e-06
280 0
290 0.16667
300 0
310 3.33333e-06
320 0
330 0
340 0
350 1.66667e-06
360 0
370 1.66667e-06
380 1.66667e-06
390 0
400 1.66667e-06
410 1.66667e-06
420 1.66667e-06
430 1.66667e-06
440 0
450 0
460 0
470 0
480 0
490 1.66667e-06
500 1.66667e-06
510 3.33333e-06
520 0
530 1.66667e-06
540 1.66667e-06
550 3.33333e-06
560 0
570 0.0555567
580 1.66667e-06
590 1.66667e-06
600 0
610 1.66667e-06
620 3.33333e-06
630 0
640 0
650 3.33333e-06
660 0
670 1.66667e-06
680 1.66667e-06
690 3.33333e-06
700 1.66667e-06
710 1.66667e-06
720 1.66667e-06
730 1.66667e-06
740 1.66667e-06
750 3.33333e-06
760 1.66667e-06
770 0
780 1.66667e-06
790 1.66667e-06
800 3.33333e-06
810 0.16667
820 3.33333e-06
830 0
840 1.66667e-06
850 0
860 3.33333e-06
870 3.33333e-06
880 0
890 0
900 0
910 1.66667e-06
920 0
930 3.33333e-06
940 1.66667e-06
950 1.66667e-06
960 1.66667e-06
970 3.33333e-06
980 1.66667e-06
990 3.33333e-06
1000 0
