50 3.33333e-06
100 3.33333e-06
150 1.66667e-06
200 1.66667e-06
250 1.66667e-06
300 0.0555567
350 0.16667
400 2.77556e-17
450 0.166668
500 1.66667e-06
550 2.77556e-17
600 2.77556e-17
650 3.33333e-06
700 2.77556e-17
750 1.66667e-06
800 1.66667e-06
850 1.66667e-06
900 2.77556e-17
950 3.33333e-06
1000 3.33333e-06
1050 2.77556e-17
1100 1.66667e-06
1150 1.66667e-06
1200 2.77556e-17
1250 2.77556e-17
1300 1.66667e-06
1350 3.33333e-06
1400 2.77556e-17
1450 3.33333e-06
1500 1.66667e-06
1550 2.77556e-17
1600 2.77556e-17
1650 1.66667e-06
1700 2.77556e-17
1750 2.77556e-17
1800 2.77556e-17
1850 3.33333e-06
1900 0.166668
1950 1.66667e-06
2000 2.77556e-17
2050 1.66667e-06
2100 2.77556e-17
2150 1.66667e-06
2200 2.77556e-17
2250 2.77556e-17
2300 3.33333e-06
2350 1.66667e-06
2400 0.166668
2450 2.77556e-17
2500 1.66667e-06
2550 1.66667e-06
2600 1.66667e-06
2650 2.77556e-17
2700 1.66667e-06
2750 2.77556e-17
2800 1.66667e-06
2850 1.66667e-06
2900 2.77556e-17
2950 1.66667e-06
3000 3.33333e-06
3050 1.66667e-06
3100 1.66667e-06
3150 3.33333e-06
3200 1.66667e-06
3250 1.66667e-06
3300 3.33333e-06
3350 2.77556e-17
3400 1.66667e-06
3450 1.66667e-06
3500 2.77556e-17
3550 2.77556e-17
3600 1.66667e-06
3650 1.66667e-06
3700 1.66667e-06
3750 2.77556e-17
3800 3.33333e-06
3850 1.66667e-06
3900 2.77556e-17
3950 2.77556e-17
4000 2.77556e-17
4050 3.33333e-06
4100 2.77556e-17
4150 2.77556e-17
4200 1.66667e-06
4250 1.66667e-06
4300 3.33333e-06
4350 3.33333e-06
4400 1.66667e-06
4450 1.66667e-06
4500 3.33333e-06
4550 2.77556e-17
4600 3.33333e-06
4650 1.66667e-06
4700 1.66667e-06
4750 1.66667e-06
4800 1.66667e-06
4850 2.77556e-17
4900 1.66667e-06
4950 1.66667e-06
5000 2.77556e-17
5050 3.33333e-06
5100 3.33333e-06
5150 1.66667e-06
5200 2.77556e-17
5250 1.66667e-06
5300 1.66667e-06
5350 1.66667e-06
5400 1.66667e-06
5450 1.66667e-06
5500 2.77556e-17
5550 2.77556e-17
5600 1.66667e-06
5650 2.77556e-17
5700 2.77556e-17
5750 1.66667e-06
5800 2.77556e-17
5850 1.66667e-06
5900 1.66667e-06
5950 2.77556e-17
6000 2.77556e-17
6050 1.66667e-06
6100 1.66667e-06
6150 1.66667e-06
6200 2.77556e-17
6250 2.77556e-17
6300 1.66667e-06
6350 1.66667e-06
6400 1.66667e-06
6450 1.66667e-06
6500 1.66667e-06
6550 2.77556e-17
6600 2.77556e-17
6650 2.77556e-17
6700 2.77556e-17
6750 1.66667e-06
6800 1.66667e-06
6850 3.33333e-06
6900 1.66667e-06
6950 2.77556e-17
7000 3.33333e-06
7050 2.77556e-17
7100 2.77556e-17
7150 3.33333e-06
7200 1.66667e-06
7250 1.66667e-06
7300 2.77556e-17
7350 2.77556e-17
7400 3.33333e-06
7450 1.66667e-06
7500 3.33333e-06
7550 2.77556e-17
7600 2.77556e-17
7650 2.77556e-17
7700 1.66667e-06
7750 2.77556e-17
7800 3.33333e-06
7850 2.77556e-17
7900 2.77556e-17
7950 1.66667e-06
8000 1.66667e-06
8050 2.77556e-17
8100 1.66667e-06
8150 2.77556e-17
8200 2.77556e-17
8250 1.66667e-06
8300 2.77556e-17
8350 2.77556e-17
8400 2.77556e-17
8450 2.77556e-17
8500 3.33333e-06
8550 3.33333e-06
8600 1.66667e-06
8650 2.77556e-17
8700 2.77556e-17
8750 1.66667e-06
8800 1.66667e-06
8850 1.66667e-06
8900 3.33333e-06
8950 1.66667e-06
9000 1.66667e-06
9050 1.66667e-06
9100 1.66667e-06
9150 3.33333e-06
9200 2.77556e-17
9250 2.77556e-17
9300 1.66667e-06
9350 1.66667e-06
9400 1.66667e-06
9450 1.66667e-06
9500 1.66667e-06
9550 1.66667e-06
9600 1.66667e-06
9650 3.33333e-06
9700 2.77556e-17
9750 2.77556e-17
9800 2.77556e-17
9850 2.77556e-17
9900 2.77556e-17
9950 3.33333e-06
10000 2.77556e-17
10050 2.77556e-17
10100 3.33333e-06
10150 1.66667e-06
10200 1.66667e-06
10250 2.77556e-17
10300 2.77556e-17
10350 2.77556e-17
10400 2.77556e-17
10450 1.66667e-06
10500 2.77556e-17
10550 1.66667e-06
10600 2.77556e-17
10650 2.77556e-17
10700 1.66667e-06
10750 2.77556e-17
10800 3.33333e-06
10850 1.66667e-06
10900 1.66667e-06
10950 2.77556e-17
11000 3.33333e-06
11050 2.77556e-17
11100 2.77556e-17
11150 1.66667e-06
11200 2.77556e-17
11250 2.77556e-17
11300 1.66667e-06
11350 2.77556e-17
11400 2.77556e-17
11450 1.66667e-06
11500 2.77556e-17
11550 2.77556e-17
11600 2.77556e-17
11650 2.77556e-17
11700 3.33333e-06
11750 1.66667e-06
11800 2.77556e-17
11850 3.33333e-06
11900 1.66667e-06
11950 1.66667e-06
12000 1.66667e-06
12050 2.77556e-17
12100 2.77556e-17
12150 1.66667e-06
12200 2.77556e-17
12250 1.66667e-06
12300 2.77556e-17
12350 2.77556e-17
12400 3.33333e-06
12450 1.66667e-06
12500 1.66667e-06
12550 2.77556e-17
12600 2.77556e-17
12650 3.33333e-06
12700 3.33333e-06
12750 2.77556e-17
12800 3.33333e-06
12850 1.66667e-06
12900 3.33333e-06
12950 2.77556e-17
13000 1.66667e-06
13050 1.66667e-06
13100 1.66667e-06
13150 1.66667e-06
13200 1.66667e-06
13250 1.66667e-06
