50 -0.2
100 -0.255555
150 -0.355555
200 -0.2
250 -0.255555
300 -0.188888
350 -0.255555
400 -0.255555
450 -0.0888883
500 -0.0888883
550 -0.255555
600 -0.255555
650 -0.100002
700 -0.0666667
750 -0.188888
800 -0.255555
850 -0.166667
900 -0.166667
950 -0.166667
1000 -0.08889
1050 -0.08889
1100 -0.08889
1150 -0.08889
1200 -0.166667
1250 -0.166667
1300 -0.166667
1350 -0.166667
1400 -0.166667
1450 -0.166667
1500 -0.166667
1550 -0.166667
1600 -0.100002
1650 -0.100002
1700 -0.100002
1750 -0.100002
1800 -0.100002
1850 -0.166667
1900 -0.08889
1950 -0.08889
2000 -0.08889
2050 -0.2
2100 -0.08889
2150 -0.08889
2200 -0.255555
2250 -0.255555
2300 -0.255555
2350 -1.66667e-06
2400 -0.08889
2450 -0.08889
2500 -1.66667e-06
2550 -0.08889
2600 -0.166667
2650 -0.166667
2700 -0.100002
2750 -0.08889
2800 -0.100002
2850 -0.166667
2900 -0.08889
2950 -1.66667e-06
3000 -1.66667e-06
3050 -1.66667e-06
3100 -1.66667e-06
3150 -1.66667e-06
3200 -1.66667e-06
3250 -1.66667e-06
3300 -1.66667e-06
3350 -1.66667e-06
3400 -1.66667e-06
3450 -1.66667e-06
3500 -1.66667e-06
3550 -1.66667e-06
3600 -1.66667e-06
3650 -1.66667e-06
3700 -1.66667e-06
3750 -1.66667e-06
3800 -1.66667e-06
3850 -1.66667e-06
3900 -1.66667e-06
3950 -1.66667e-06
4000 -1.66667e-06
4050 -1.66667e-06
4100 -1.66667e-06
4150 -1.66667e-06
4200 -0.1
4250 -1.66667e-06
4300 -1.66667e-06
4350 -1.66667e-06
4400 -1.66667e-06
4450 -1.66667e-06
4500 -1.66667e-06
4550 -1.66667e-06
4600 -1.66667e-06
4650 -1.66667e-06
4700 -1.66667e-06
4750 -1.66667e-06
4800 -1.66667e-06
4850 -1.66667e-06
4900 -1.66667e-06
4950 -1.66667e-06
5000 -1.66667e-06
5050 -1.66667e-06
5100 -1.66667e-06
5150 -1.66667e-06
5200 -1.66667e-06
5250 -1.66667e-06
5300 -1.66667e-06
5350 -1.66667e-06
5400 -1.66667e-06
5450 -1.66667e-06
5500 -1.66667e-06
5550 -1.66667e-06
5600 -1.66667e-06
5650 -1.66667e-06
5700 -1.66667e-06
5750 -1.66667e-06
5800 -1.66667e-06
5850 -1.66667e-06
5900 -1.66667e-06
5950 -1.66667e-06
6000 -1.66667e-06
6050 -1.66667e-06
6100 -0.0888883
6150 -0.0888883
6200 -0.0888883
6250 -0.0888883
6300 -1.66667e-06
6350 -1.66667e-06
6400 -1.66667e-06
6450 -0.188888
6500 -1.66667e-06
6550 -1.66667e-06
6600 -1.66667e-06
6650 -1.66667e-06
6700 -1.66667e-06
6750 -1.66667e-06
6800 -1.66667e-06
6850 -1.66667e-06
6900 -1.66667e-06
6950 -1.66667e-06
7000 -1.66667e-06
7050 -1.66667e-06
7100 -1.66667e-06
7150 -1.66667e-06
7200 -1.66667e-06
7250 -1.66667e-06
7300 -1.66667e-06
7350 -1.66667e-06
7400 -1.66667e-06
7450 -1.66667e-06
7500 -1.66667e-06
7550 -1.66667e-06
7600 -1.66667e-06
7650 -1.66667e-06
7700 -1.66667e-06
7750 -1.66667e-06
7800 -1.66667e-06
7850 -1.66667e-06
7900 -1.66667e-06
7950 -1.66667e-06
8000 -1.66667e-06
8050 -0.0888883
8100 -1.66667e-06
8150 -1.66667e-06
8200 -1.66667e-06
8250 -1.66667e-06
8300 -1.66667e-06
8350 -1.66667e-06
8400 -1.66667e-06
8450 -1.66667e-06
8500 -1.66667e-06
8550 -1.66667e-06
8600 -1.66667e-06
8650 -1.66667e-06
8700 -1.66667e-06
8750 -1.66667e-06
8800 -0.0888883
8850 -0.0888883
8900 -1.66667e-06
8950 -1.66667e-06
9000 -1.66667e-06
9050 -1.66667e-06
9100 -1.66667e-06
9150 -1.66667e-06
9200 -1.66667e-06
9250 -1.66667e-06
9300 -1.66667e-06
9350 -1.66667e-06
9400 -0.1
9450 -0.1
9500 -1.66667e-06
9550 -1.66667e-06
9600 -1.66667e-06
9650 -1.66667e-06
9700 -1.66667e-06
9750 -1.66667e-06
9800 -1.66667e-06
9850 -1.66667e-06
9900 -1.66667e-06
9950 -1.66667e-06
10000 -0.1
10050 -1.66667e-06
10100 -1.66667e-06
10150 -1.66667e-06
10200 -1.66667e-06
10250 -1.66667e-06
10300 -1.66667e-06
10350 -1.66667e-06
10400 -1.66667e-06
10450 -1.66667e-06
10500 -1.66667e-06
10550 -1.66667e-06
10600 -1.66667e-06
10650 -1.66667e-06
10700 -1.66667e-06
10750 -1.66667e-06
10800 -0.255555
10850 -1.66667e-06
10900 -1.66667e-06
10950 -1.66667e-06
11000 -1.66667e-06
11050 -1.66667e-06
11100 -1.66667e-06
11150 -1.66667e-06
11200 -1.66667e-06
11250 -1.66667e-06
11300 -1.66667e-06
11350 -1.66667e-06
11400 -1.66667e-06
11450 -1.66667e-06
11500 -1.66667e-06
11550 -1.66667e-06
11600 -1.66667e-06
11650 -1.66667e-06
11700 -1.66667e-06
11750 -1.66667e-06
11800 -1.66667e-06
11850 -1.66667e-06
11900 -1.66667e-06
11950 -1.66667e-06
12000 -1.66667e-06
12050 -1.66667e-06
12100 -1.66667e-06
12150 -1.66667e-06
12200 -0.255555
12250 -1.66667e-06
12300 -1.66667e-06
12350 -1.66667e-06
12400 -1.66667e-06
12450 -1.66667e-06
12500 -1.66667e-06
12550 -1.66667e-06
12600 -1.66667e-06
12650 -1.66667e-06
12700 -1.66667e-06
12750 -1.66667e-06
12800 -1.66667e-06
12850 -1.66667e-06
12900 -1.66667e-06
12950 -1.66667e-06
13000 -1.66667e-06
13050 -1.66667e-06
13100 -1.66667e-06
13150 -1.66667e-06
13200 -1.66667e-06
13250 -1.66667e-06
13300 -1.66667e-06
13350 -1.66667e-06
13400 -1.66667e-06
13450 -1.66667e-06
13500 -1.66667e-06
13550 -1.66667e-06
13600 -1.66667e-06
13650 -1.66667e-06
13700 -1.66667e-06
13750 -1.66667e-06
13800 -1.66667e-06
13850 -1.66667e-06
13900 -1.66667e-06
13950 -1.66667e-06
14000 -1.66667e-06
14050 -1.66667e-06
14100 -1.66667e-06
14150 -1.66667e-06
14200 -1.66667e-06
14250 -1.66667e-06
14300 -1.66667e-06
14350 -1.66667e-06
14400 -1.66667e-06
14450 -1.66667e-06
14500 -1.66667e-06
14550 -1.66667e-06
14600 -1.66667e-06
14650 -1.66667e-06
14700 -1.66667e-06
14750 -1.66667e-06
14800 -1.66667e-06
14850 -1.66667e-06
14900 -1.66667e-06
14950 -1.66667e-06
15000 -1.66667e-06
15050 -1.66667e-06
15100 -1.66667e-06
15150 -1.66667e-06
15200 -1.66667e-06
15250 -1.66667e-06
15300 -1.66667e-06
15350 -1.66667e-06
15400 -1.66667e-06
15450 -1.66667e-06
15500 -1.66667e-06
15550 -1.66667e-06
15600 -1.66667e-06
15650 -1.66667e-06
15700 -1.66667e-06
15750 -1.66667e-06
15800 -1.66667e-06
15850 -0.0888883
15900 -0.0888883
15950 -0.0888883
16000 -0.0888883
16050 -0.0888883
16100 -0.0888883
16150 -0.0888883
16200 -0.0888883
16250 -0.0888883
16300 -0.0888883
16350 -0.0888883
16400 -0.0888883
16450 -0.0888883
16500 -0.0888883
16550 -0.0888883
16600 -0.0888883
16650 -0.0888883
16700 -0.0888883
16750 -0.0888883
16800 -0.0888883
16850 -0.0888883
16900 -0.0888883
16950 -0.0888883
17000 -0.0888883
17050 -0.0888883
17100 -0.0888883
17150 -0.0888883
17200 -0.0888883
17250 -0.0888883
17300 -0.0888883
17350 -0.0888883
17400 -0.0888883
17450 -0.0888883
17500 -0.0888883
17550 -0.0888883
17600 -0.0888883
17650 -0.0888883
17700 -0.0888883
17750 -0.0888883
17800 -0.0888883
17850 -0.0888883
17900 -0.0888883
17950 -0.0888883
18000 -0.0888883
18050 -0.0888883
18100 -0.0888883
18150 -0.0888883
18200 -0.0888883
18250 -0.0888883
18300 -1.66667e-06
18350 -1.66667e-06
18400 -1.66667e-06
18450 -1.66667e-06
18500 -1.66667e-06
18550 -1.66667e-06
18600 -1.66667e-06
18650 -1.66667e-06
18700 -1.66667e-06
18750 -1.66667e-06
18800 -1.66667e-06
18850 -1.66667e-06
18900 -1.66667e-06
18950 -1.66667e-06
19000 -1.66667e-06
19050 -1.66667e-06
19100 -1.66667e-06
19150 -1.66667e-06
19200 -1.66667e-06
19250 -1.66667e-06
19300 -1.66667e-06
19350 -1.66667e-06
19400 -1.66667e-06
19450 -1.66667e-06
19500 -1.66667e-06
19550 -1.66667e-06
19600 -1.66667e-06
19650 -1.66667e-06
19700 -1.66667e-06
19750 -1.66667e-06
19800 -1.66667e-06
19850 -1.66667e-06
19900 -1.66667e-06
19950 -1.66667e-06
20000 -1.66667e-06
20050 -1.66667e-06
20100 -1.66667e-06
20150 -1.66667e-06
20200 -1.66667e-06
20250 -1.66667e-06
20300 -1.66667e-06
20350 -1.66667e-06
20400 -1.66667e-06
20450 -1.66667e-06
20500 -1.66667e-06
20550 -1.66667e-06
20600 -1.66667e-06
20650 -1.66667e-06
20700 -1.66667e-06
20750 -1.66667e-06
20800 -1.66667e-06
20850 -1.66667e-06
20900 -1.66667e-06
20950 -1.66667e-06
21000 -1.66667e-06
21050 -1.66667e-06
21100 -1.66667e-06
21150 -2.77556e-17
21200 -2.77556e-17
21250 -1.66667e-06
21300 -1.66667e-06
21350 -1.66667e-06
21400 -1.66667e-06
21450 -1.66667e-06
21500 -1.66667e-06
21550 -1.66667e-06
21600 -1.66667e-06
21650 -1.66667e-06
21700 -1.66667e-06
21750 -1.66667e-06
21800 -1.66667e-06
21850 -1.66667e-06
21900 -1.66667e-06
21950 -1.66667e-06
22000 -1.66667e-06
22050 -1.66667e-06
22100 -1.66667e-06
22150 -1.66667e-06
22200 -1.66667e-06
22250 -1.66667e-06
22300 -1.66667e-06
22350 -1.66667e-06
22400 -1.66667e-06
22450 -1.66667e-06
22500 -1.66667e-06
22550 -1.66667e-06
22600 -1.66667e-06
22650 -1.66667e-06
22700 -1.66667e-06
22750 -1.66667e-06
22800 -1.66667e-06
22850 -1.66667e-06
22900 -1.66667e-06
22950 -1.66667e-06
23000 -1.66667e-06
23050 -1.66667e-06
23100 -1.66667e-06
23150 -1.66667e-06
23200 -1.66667e-06
23250 -1.66667e-06
23300 -1.66667e-06
23350 -1.66667e-06
23400 -1.66667e-06
23450 -1.66667e-06
23500 -1.66667e-06
23550 -1.66667e-06
23600 -1.66667e-06
23650 -1.66667e-06
23700 -1.66667e-06
23750 -1.66667e-06
23800 -1.66667e-06
23850 -1.66667e-06
23900 -1.66667e-06
23950 -1.66667e-06
24000 -1.66667e-06
24050 -1.66667e-06
24100 -1.66667e-06
24150 -1.66667e-06
24200 -1.66667e-06
24250 -1.66667e-06
24300 -1.66667e-06
24350 -1.66667e-06
24400 -1.66667e-06
24450 -1.66667e-06
24500 -1.66667e-06
24550 -1.66667e-06
24600 -1.66667e-06
24650 -1.66667e-06
24700 -1.66667e-06
24750 -1.66667e-06
24800 -1.66667e-06
24850 -1.66667e-06
24900 -1.66667e-06
24950 -1.66667e-06
25000 -1.66667e-06
25050 -1.66667e-06
25100 -1.66667e-06
25150 -1.66667e-06
25200 -1.66667e-06
25250 -1.66667e-06
25300 -1.66667e-06
25350 -1.66667e-06
25400 -1.66667e-06
25450 -1.66667e-06
25500 -1.66667e-06
25550 -1.66667e-06
25600 -1.66667e-06
25650 -1.66667e-06
25700 -1.66667e-06
25750 -1.66667e-06
25800 -1.66667e-06
25850 -1.66667e-06
25900 -1.66667e-06
25950 -1.66667e-06
26000 -1.66667e-06
26050 -1.66667e-06
26100 -1.66667e-06
26150 -1.66667e-06
26200 -1.66667e-06
26250 -1.66667e-06
26300 -1.66667e-06
26350 -1.66667e-06
26400 -1.66667e-06
26450 -1.66667e-06
26500 -1.66667e-06
26550 -1.66667e-06
26600 -1.66667e-06
26650 -1.66667e-06
26700 -1.66667e-06
26750 -1.66667e-06
26800 -1.66667e-06
26850 -1.66667e-06
26900 -1.66667e-06
26950 -1.66667e-06
27000 -1.66667e-06
27050 -1.66667e-06
27100 -1.66667e-06
27150 -1.66667e-06
27200 -1.66667e-06
27250 -1.66667e-06
27300 -1.66667e-06
27350 -1.66667e-06
27400 -1.66667e-06
27450 -1.66667e-06
27500 -1.66667e-06
27550 -1.66667e-06
27600 -1.66667e-06
27650 -1.66667e-06
27700 -1.66667e-06
27750 -1.66667e-06
27800 -1.66667e-06
27850 -1.66667e-06
27900 -1.66667e-06
27950 -1.66667e-06
28000 -1.66667e-06
28050 -1.66667e-06
28100 -1.66667e-06
28150 -1.66667e-06
28200 -1.66667e-06
28250 -1.66667e-06
28300 -1.66667e-06
28350 -1.66667e-06
28400 -1.66667e-06
28450 -1.66667e-06
28500 -1.66667e-06
28550 -1.66667e-06
28600 -1.66667e-06
28650 -1.66667e-06
28700 -1.66667e-06
28750 -1.66667e-06
28800 -1.66667e-06
28850 -1.66667e-06
28900 -1.66667e-06
28950 -1.66667e-06
29000 -1.66667e-06
29050 -1.66667e-06
29100 -1.66667e-06
29150 -1.66667e-06
29200 -1.66667e-06
29250 -1.66667e-06
29300 -1.66667e-06
29350 -1.66667e-06
29400 -1.66667e-06
29450 -1.66667e-06
29500 -1.66667e-06
29550 -1.66667e-06
29600 -1.66667e-06
29650 -1.66667e-06
29700 -1.66667e-06
29750 -1.66667e-06
29800 -1.66667e-06
29850 -1.66667e-06
29900 -1.66667e-06
29950 -1.66667e-06
30000 -1.66667e-06
30050 -1.66667e-06
30100 -1.66667e-06
30150 -1.66667e-06
30200 -1.66667e-06
30250 -1.66667e-06
30300 -1.66667e-06
30350 -1.66667e-06
30400 -1.66667e-06
30450 -1.66667e-06
30500 -1.66667e-06
30550 -1.66667e-06
30600 -1.66667e-06
30650 -1.66667e-06
30700 -1.66667e-06
30750 -1.66667e-06
30800 -1.66667e-06
30850 -1.66667e-06
30900 -1.66667e-06
30950 -1.66667e-06
31000 -1.66667e-06
31050 -1.66667e-06
31100 -1.66667e-06
31150 -1.66667e-06
31200 -1.66667e-06
31250 -1.66667e-06
31300 -1.66667e-06
31350 -1.66667e-06
31400 -1.66667e-06
31450 -1.66667e-06
31500 -1.66667e-06
31550 -1.66667e-06
31600 -1.66667e-06
31650 -1.66667e-06
31700 -1.66667e-06
31750 -1.66667e-06
31800 -0.0666667
31850 -0.0666667
31900 -0.0666667
31950 -0.0666667
32000 -1.66667e-06
32050 -1.66667e-06
32100 -1.66667e-06
32150 -1.66667e-06
32200 -1.66667e-06
32250 -1.66667e-06
32300 -1.66667e-06
32350 -1.66667e-06
32400 -1.66667e-06
32450 -1.66667e-06
32500 -1.66667e-06
32550 -1.66667e-06
32600 -1.66667e-06
32650 -1.66667e-06
32700 -1.66667e-06
32750 -1.66667e-06
32800 -1.66667e-06
32850 -1.66667e-06
32900 -1.66667e-06
32950 -1.66667e-06
33000 -1.66667e-06
33050 -1.66667e-06
33100 -1.66667e-06
33150 -1.66667e-06
33200 -1.66667e-06
33250 -1.66667e-06
33300 -1.66667e-06
33350 -1.66667e-06
33400 -1.66667e-06
33450 -1.66667e-06
33500 -1.66667e-06
33550 -1.66667e-06
33600 -1.66667e-06
33650 -1.66667e-06
33700 -1.66667e-06
33750 -1.66667e-06
33800 -1.66667e-06
33850 -1.66667e-06
33900 -1.66667e-06
33950 -1.66667e-06
34000 -1.66667e-06
34050 -1.66667e-06
34100 -1.66667e-06
34150 -1.66667e-06
34200 -1.66667e-06
34250 -1.66667e-06
34300 -1.66667e-06
34350 -1.66667e-06
34400 -2.77556e-17
34450 -2.77556e-17
34500 -2.77556e-17
34550 -2.77556e-17
34600 -2.77556e-17
34650 -2.77556e-17
34700 -2.77556e-17
34750 -2.77556e-17
34800 -2.77556e-17
34850 -2.77556e-17
34900 -2.77556e-17
34950 -2.77556e-17
35000 -2.77556e-17
35050 -2.77556e-17
35100 -2.77556e-17
35150 -2.77556e-17
35200 -2.77556e-17
35250 -2.77556e-17
35300 -2.77556e-17
35350 -2.77556e-17
35400 -2.77556e-17
35450 -2.77556e-17
35500 -2.77556e-17
35550 -2.77556e-17
35600 -2.77556e-17
35650 -2.77556e-17
35700 -2.77556e-17
35750 -2.77556e-17
35800 -2.77556e-17
35850 -2.77556e-17
35900 -2.77556e-17
35950 -2.77556e-17
36000 -2.77556e-17
36050 -2.77556e-17
36100 -2.77556e-17
36150 -2.77556e-17
36200 -2.77556e-17
36250 -2.77556e-17
36300 -2.77556e-17
36350 -2.77556e-17
36400 -2.77556e-17
36450 -1.66667e-06
36500 -1.66667e-06
36550 -1.66667e-06
36600 -1.66667e-06
36650 -1.66667e-06
36700 -1.66667e-06
36750 -1.66667e-06
36800 -1.66667e-06
36850 -1.66667e-06
36900 -1.66667e-06
36950 -1.66667e-06
37000 -1.66667e-06
37050 -1.66667e-06
37100 -1.66667e-06
37150 -1.66667e-06
37200 -1.66667e-06
37250 -1.66667e-06
37300 -1.66667e-06
37350 -1.66667e-06
37400 -1.66667e-06
37450 -1.66667e-06
37500 -1.66667e-06
37550 -1.66667e-06
37600 -1.66667e-06
37650 -1.66667e-06
37700 -1.66667e-06
37750 -1.66667e-06
37800 -1.66667e-06
37850 -1.66667e-06
37900 -1.66667e-06
37950 -1.66667e-06
38000 -1.66667e-06
38050 -1.66667e-06
38100 -1.66667e-06
38150 -1.66667e-06
38200 -1.66667e-06
38250 -1.66667e-06
38300 -1.66667e-06
38350 -1.66667e-06
38400 -1.66667e-06
38450 -1.66667e-06
38500 -1.66667e-06
38550 -1.66667e-06
38600 -1.66667e-06
38650 -1.66667e-06
38700 -1.66667e-06
38750 -1.66667e-06
38800 -1.66667e-06
38850 -1.66667e-06
38900 -1.66667e-06
38950 -1.66667e-06
39000 -1.66667e-06
39050 -1.66667e-06
39100 -1.66667e-06
39150 -1.66667e-06
39200 -1.66667e-06
39250 -1.66667e-06
39300 -1.66667e-06
39350 -1.66667e-06
39400 -1.66667e-06
39450 -1.66667e-06
39500 -1.66667e-06
39550 -1.66667e-06
39600 -1.66667e-06
39650 -1.66667e-06
39700 -1.66667e-06
39750 -1.66667e-06
39800 -1.66667e-06
39850 -1.66667e-06
39900 -1.66667e-06
39950 -1.66667e-06
40000 -1.66667e-06
40050 -1.66667e-06
40100 -1.66667e-06
40150 -1.66667e-06
40200 -1.66667e-06
40250 -1.66667e-06
40300 -1.66667e-06
40350 -1.66667e-06
40400 -1.66667e-06
40450 -1.66667e-06
40500 -1.66667e-06
40550 -1.66667e-06
40600 -1.66667e-06
40650 -1.66667e-06
40700 -1.66667e-06
40750 -1.66667e-06
40800 -1.66667e-06
40850 -1.66667e-06
40900 -1.66667e-06
40950 -1.66667e-06
41000 -1.66667e-06
41050 -1.66667e-06
41100 -1.66667e-06
41150 -1.66667e-06
41200 -1.66667e-06
41250 -1.66667e-06
41300 -1.66667e-06
41350 -1.66667e-06
41400 -1.66667e-06
41450 -1.66667e-06
41500 -1.66667e-06
41550 -1.66667e-06
41600 -1.66667e-06
41650 -1.66667e-06
41700 -1.66667e-06
41750 -1.66667e-06
41800 -1.66667e-06
41850 -1.66667e-06
41900 -1.66667e-06
41950 -1.66667e-06
42000 -1.66667e-06
42050 -1.66667e-06
42100 -1.66667e-06
42150 -1.66667e-06
42200 -1.66667e-06
42250 -1.66667e-06
42300 -1.66667e-06
42350 -1.66667e-06
42400 -1.66667e-06
42450 -1.66667e-06
42500 -1.66667e-06
42550 -1.66667e-06
42600 -1.66667e-06
42650 -1.66667e-06
42700 -1.66667e-06
42750 -1.66667e-06
42800 -1.66667e-06
42850 -1.66667e-06
42900 -1.66667e-06
42950 -1.66667e-06
43000 -1.66667e-06
43050 -1.66667e-06
43100 -1.66667e-06
43150 -1.66667e-06
43200 -1.66667e-06
43250 -1.66667e-06
43300 -1.66667e-06
43350 -1.66667e-06
43400 -1.66667e-06
43450 -1.66667e-06
43500 -1.66667e-06
43550 -1.66667e-06
43600 -1.66667e-06
43650 -1.66667e-06
43700 -1.66667e-06
43750 -1.66667e-06
43800 -1.66667e-06
43850 -1.66667e-06
43900 -1.66667e-06
43950 -1.66667e-06
44000 -1.66667e-06
44050 -1.66667e-06
44100 -1.66667e-06
44150 -1.66667e-06
44200 -1.66667e-06
44250 -1.66667e-06
44300 -1.66667e-06
44350 -1.66667e-06
44400 -1.66667e-06
44450 -1.66667e-06
44500 -1.66667e-06
44550 -1.66667e-06
44600 -1.66667e-06
44650 -1.66667e-06
44700 -1.66667e-06
44750 -1.66667e-06
44800 -1.66667e-06
44850 -1.66667e-06
44900 -1.66667e-06
44950 -1.66667e-06
45000 -1.66667e-06
45050 -1.66667e-06
45100 -1.66667e-06
45150 -1.66667e-06
45200 -1.66667e-06
45250 -1.66667e-06
45300 -1.66667e-06
45350 -1.66667e-06
45400 -1.66667e-06
45450 -1.66667e-06
45500 -1.66667e-06
45550 -2.77556e-17
45600 -2.77556e-17
45650 -2.77556e-17
45700 -2.77556e-17
45750 -1.66667e-06
45800 -1.66667e-06
45850 -1.66667e-06
45900 -1.66667e-06
45950 -1.66667e-06
46000 -1.66667e-06
46050 -2.77556e-17
46100 -2.77556e-17
46150 -2.77556e-17
46200 -2.77556e-17
46250 -2.77556e-17
46300 -2.77556e-17
46350 -2.77556e-17
46400 -2.77556e-17
46450 -2.77556e-17
46500 -2.77556e-17
46550 -2.77556e-17
46600 -2.77556e-17
46650 -2.77556e-17
46700 -2.77556e-17
46750 -2.77556e-17
46800 -2.77556e-17
46850 -2.77556e-17
46900 -2.77556e-17
46950 -2.77556e-17
47000 -2.77556e-17
47050 -2.77556e-17
47100 -2.77556e-17
47150 -2.77556e-17
47200 -2.77556e-17
47250 -2.77556e-17
47300 -2.77556e-17
47350 -2.77556e-17
47400 -2.77556e-17
47450 -2.77556e-17
47500 -2.77556e-17
47550 -2.77556e-17
47600 -2.77556e-17
47650 -2.77556e-17
47700 -2.77556e-17
47750 -2.77556e-17
47800 -2.77556e-17
47850 -2.77556e-17
47900 -2.77556e-17
47950 -2.77556e-17
48000 -2.77556e-17
48050 -2.77556e-17
48100 -2.77556e-17
48150 -2.77556e-17
48200 -2.77556e-17
48250 -2.77556e-17
48300 -2.77556e-17
48350 -2.77556e-17
48400 -2.77556e-17
48450 -2.77556e-17
48500 -2.77556e-17
48550 -2.77556e-17
48600 -2.77556e-17
48650 -2.77556e-17
48700 -2.77556e-17
48750 -2.77556e-17
48800 -2.77556e-17
48850 -2.77556e-17
48900 -2.77556e-17
48950 -2.77556e-17
49000 -2.77556e-17
49050 -2.77556e-17
49100 -2.77556e-17
49150 -2.77556e-17
49200 -2.77556e-17
49250 -2.77556e-17
49300 -2.77556e-17
49350 -1.66667e-06
49400 -1.66667e-06
49450 -1.66667e-06
49500 -1.66667e-06
49550 -1.66667e-06
49600 -1.66667e-06
49650 -1.66667e-06
49700 -1.66667e-06
49750 -1.66667e-06
49800 -1.66667e-06
49850 -1.66667e-06
49900 -1.66667e-06
49950 -1.66667e-06
50000 -1.66667e-06
50050 -1.66667e-06
50100 -1.66667e-06
50150 -1.66667e-06
50200 -1.66667e-06
50250 -1.66667e-06
50300 -1.66667e-06
50350 -1.66667e-06
50400 -1.66667e-06
50450 -1.66667e-06
50500 -1.66667e-06
50550 -1.66667e-06
50600 -1.66667e-06
50650 -1.66667e-06
50700 -1.66667e-06
50750 -1.66667e-06
50800 -1.66667e-06
50850 -1.66667e-06
50900 -1.66667e-06
50950 -1.66667e-06
51000 0
51050 -2.77556e-17
51100 -2.77556e-17
51150 -1.66667e-06
51200 -1.66667e-06
51250 -1.66667e-06
51300 -1.66667e-06
51350 -1.66667e-06
51400 -1.66667e-06
51450 0
51500 0
51550 0
51600 0
51650 0
51700 0
51750 0
51800 0
51850 0
51900 0
51950 0
52000 0
52050 0
52100 0
52150 0
52200 0
52250 0
52300 0
52350 0
52400 0
52450 0
52500 0
52550 0
52600 0
52650 0
52700 0
52750 0
52800 0
52850 0
52900 0
52950 0
53000 0
53050 0
53100 0
53150 0
53200 0
53250 0
53300 0
53350 0
53400 0
53450 0
53500 0
53550 0
53600 0
53650 0
53700 0
53750 0
53800 0
53850 0
53900 0
53950 0
54000 0
54050 0
54100 0
54150 0
54200 0
54250 0
54300 0
54350 0
54400 0
54450 0
54500 0
54550 0
54600 0
54650 0
54700 0
54750 0
54800 0
54850 0
54900 0
54950 0
55000 0
55050 0
55100 0
55150 0
55200 0
55250 0
55300 0
55350 0
55400 0
55450 0
55500 0
55550 0
55600 0
55650 0
55700 0
55750 0
55800 0
55850 0
55900 0
55950 0
56000 0
56050 0
56100 0
56150 0
56200 0
56250 0
56300 0
56350 0
56400 0
56450 0
56500 0
56550 0
56600 0
56650 0
56700 0
56750 0
56800 0
56850 0
56900 0
56950 0
57000 0
57050 0
57100 0
57150 0
57200 0
57250 0
57300 0
57350 0
57400 0
57450 0
57500 0
57550 0
57600 0
57650 0
57700 0
57750 0
57800 0
57850 0
57900 0
57950 0
58000 0
58050 0
58100 0
58150 0
58200 0
58250 0
58300 0
58350 0
58400 0
58450 0
58500 0
58550 0
58600 0
58650 0
58700 0
58750 0
58800 0
58850 0
58900 0
58950 0
59000 0
59050 0
59100 0
59150 0
59200 0
59250 0
59300 0
59350 0
59400 0
59450 0
59500 0
59550 0
59600 0
59650 0
59700 0
59750 0
59800 0
59850 0
59900 0
59950 0
60000 0
60050 0
60100 0
60150 0
60200 0
60250 0
60300 0
60350 0
60400 0
60450 0
60500 0
60550 0
60600 0
60650 0
60700 0
60750 0
60800 0
60850 0
60900 0
60950 0
61000 0
61050 0
61100 0
61150 0
61200 0
61250 0
61300 0
61350 0
61400 0
61450 0
61500 0
61550 0
61600 0
61650 0
61700 0
61750 0
61800 0
61850 0
61900 0
61950 0
62000 0
62050 0
62100 0
62150 0
62200 0
62250 0
62300 0
62350 0
62400 0
62450 0
62500 0
62550 0
62600 0
62650 0
62700 0
62750 0
62800 0
62850 0
62900 0
62950 0
63000 0
63050 0
63100 0
63150 0
63200 0
63250 0
63300 0
63350 0
63400 0
63450 0
63500 0
63550 0
63600 0
63650 0
63700 0
63750 0
63800 0
63850 0
63900 0
63950 0
64000 0
64050 0
64100 0
64150 0
64200 0
64250 0
64300 0
64350 0
64400 0
64450 0
64500 0
64550 0
64600 0
64650 0
64700 0
64750 0
