50 1.66667e-06
100 3.33333e-06
150 0
200 1.66667e-06
250 3.33333e-06
300 0
350 0
400 0.0555567
450 3.33333e-06
500 1.66667e-06
550 1.66667e-06
600 0.166668
650 1.66667e-06
700 3.33333e-06
750 1.66667e-06
800 0.166668
850 1.66667e-06
900 0
950 0
1000 0
1050 1.66667e-06
1100 1.66667e-06
1150 1.66667e-06
1200 1.66667e-06
1250 1.66667e-06
1300 3.33333e-06
1350 0
1400 0
1450 1.66667e-06
1500 3.33333e-06
1550 1.66667e-06
1600 1.66667e-06
1650 3.33333e-06
1700 1.66667e-06
1750 3.33333e-06
1800 0
1850 1.66667e-06
1900 0
1950 0
2000 1.66667e-06
2050 1.66667e-06
2100 3.33333e-06
2150 0
2200 0
2250 1.66667e-06
2300 3.33333e-06
2350 3.33333e-06
2400 0
2450 1.66667e-06
2500 3.33333e-06
2550 0
2600 1.66667e-06
2650 3.33333e-06
2700 1.66667e-06
2750 1.66667e-06
2800 0
2850 1.66667e-06
2900 3.33333e-06
2950 1.66667e-06
3000 3.33333e-06
3050 0
3100 1.66667e-06
3150 3.33333e-06
3200 1.66667e-06
3250 1.66667e-06
3300 0
3350 0
3400 1.66667e-06
3450 3.33333e-06
3500 0.166668
3550 0
3600 0
3650 1.66667e-06
3700 1.66667e-06
3750 0
3800 3.33333e-06
3850 1.66667e-06
3900 1.66667e-06
3950 0
4000 1.66667e-06
4050 1.66667e-06
4100 1.66667e-06
4150 1.66667e-06
4200 1.66667e-06
4250 1.66667e-06
4300 1.66667e-06
4350 1.66667e-06
4400 0
4450 1.66667e-06
4500 3.33333e-06
4550 0
4600 1.66667e-06
4650 0
4700 0
4750 1.66667e-06
4800 1.66667e-06
4850 0
4900 1.66667e-06
4950 1.66667e-06
5000 1.66667e-06
5050 1.66667e-06
5100 1.66667e-06
5150 1.66667e-06
5200 0
5250 1.66667e-06
5300 0
5350 0
5400 0
5450 1.66667e-06
5500 1.66667e-06
5550 0
5600 1.66667e-06
5650 0
5700 0
5750 0
5800 1.66667e-06
5850 0
5900 1.66667e-06
5950 0
6000 1.66667e-06
6050 1.66667e-06
6100 0
6150 3.33333e-06
6200 1.66667e-06
6250 0
6300 3.33333e-06
6350 0
6400 0
6450 3.33333e-06
6500 0
6550 0
6600 1.66667e-06
6650 1.66667e-06
6700 1.66667e-06
6750 3.33333e-06
6800 0
6850 1.66667e-06
6900 0
6950 0
7000 0
7050 1.66667e-06
7100 1.66667e-06
7150 0
7200 0
7250 1.66667e-06
7300 1.66667e-06
7350 1.66667e-06
7400 0
7450 1.66667e-06
7500 1.66667e-06
7550 1.66667e-06
7600 1.66667e-06
7650 0
7700 0
7750 1.66667e-06
7800 1.66667e-06
7850 0
7900 1.66667e-06
7950 3.33333e-06
8000 0
8050 1.66667e-06
8100 3.33333e-06
8150 3.33333e-06
8200 0
8250 0
8300 3.33333e-06
8350 1.66667e-06
8400 0
8450 1.66667e-06
8500 1.66667e-06
8550 0
8600 0
8650 0
8700 3.33333e-06
8750 1.66667e-06
8800 0
8850 1.66667e-06
8900 1.66667e-06
8950 1.66667e-06
9000 0
9050 1.66667e-06
9100 0
9150 0
9200 1.66667e-06
9250 1.66667e-06
9300 0
9350 1.66667e-06
9400 1.66667e-06
9450 1.66667e-06
9500 1.66667e-06
9550 3.33333e-06
9600 0
9650 1.66667e-06
9700 1.66667e-06
9750 1.66667e-06
9800 1.66667e-06
9850 0
9900 0
9950 0
10000 1.66667e-06
10050 1.66667e-06
10100 3.33333e-06
10150 1.66667e-06
10200 0
10250 1.66667e-06
10300 1.66667e-06
10350 1.66667e-06
10400 0
10450 3.33333e-06
10500 1.66667e-06
10550 1.66667e-06
10600 0
10650 3.33333e-06
10700 1.66667e-06
10750 1.66667e-06
10800 1.66667e-06
10850 0
10900 1.66667e-06
10950 1.66667e-06
11000 0
11050 1.66667e-06
11100 1.66667e-06
11150 1.66667e-06
11200 0
11250 0
11300 3.33333e-06
11350 0
11400 0
11450 0
11500 3.33333e-06
11550 0
11600 3.33333e-06
11650 1.66667e-06
11700 0
11750 1.66667e-06
11800 0
11850 0
11900 0
11950 1.66667e-06
12000 3.33333e-06
12050 1.66667e-06
12100 1.66667e-06
12150 3.33333e-06
12200 1.66667e-06
12250 1.66667e-06
12300 1.66667e-06
12350 3.33333e-06
12400 0
12450 0
12500 0
12550 1.66667e-06
12600 0
12650 1.66667e-06
12700 0
12750 1.66667e-06
12800 0
12850 1.66667e-06
12900 0
12950 3.33333e-06
13000 1.66667e-06
13050 1.66667e-06
13100 0
13150 1.66667e-06
13200 1.66667e-06
13250 1.66667e-06
13300 3.33333e-06
13350 1.66667e-06
13400 1.66667e-06
13450 0
