50 -0.0666667
100 -0.100002
150 -0.166667
200 0
250 -1.66667e-06
300 -0.1
350 -2.77556e-17
400 -1.66667e-06
450 -0.1
500 -1.66667e-06
550 -1.66667e-06
600 -2.77556e-17
650 -2.77556e-17
700 -0.100002
750 -2.77556e-17
800 -0.100002
850 -1.66667e-06
900 -0.1
950 -1.66667e-06
1000 -1.66667e-06
1050 -0.100002
1100 0
1150 -1.66667e-06
1200 0
1250 -2.77556e-17
1300 -1.66667e-06
1350 -1.66667e-06
1400 -1.66667e-06
1450 -2.77556e-17
1500 -1.66667e-06
1550 -2.77556e-17
1600 -1.66667e-06
1650 -1.66667e-06
1700 0
1750 -1.66667e-06
1800 -1.66667e-06
1850 -1.66667e-06
1900 -2.77556e-17
1950 -1.66667e-06
2000 -2.77556e-17
2050 -1.66667e-06
2100 -2.77556e-17
2150 0
2200 -1.66667e-06
2250 -1.66667e-06
2300 -1.66667e-06
2350 -0.100002
2400 -1.66667e-06
2450 -1.66667e-06
2500 -1.66667e-06
2550 0
2600 -2.77556e-17
2650 -1.66667e-06
2700 0
2750 -1.66667e-06
2800 0
2850 -1.66667e-06
2900 -2.77556e-17
2950 -1.66667e-06
3000 -2.77556e-17
3050 0
3100 -1.66667e-06
3150 -1.66667e-06
3200 -1.66667e-06
3250 -2.77556e-17
3300 0
3350 0
3400 -1.66667e-06
3450 -2.77556e-17
3500 0
3550 -2.77556e-17
3600 0
3650 -1.66667e-06
3700 0
3750 -1.66667e-06
3800 -1.66667e-06
3850 -2.77556e-17
3900 -1.66667e-06
3950 -1.66667e-06
4000 0
4050 -2.77556e-17
4100 -1.66667e-06
4150 -1.66667e-06
4200 -2.77556e-17
4250 -1.66667e-06
4300 -2.77556e-17
4350 0
4400 -2.77556e-17
4450 -1.66667e-06
4500 -2.77556e-17
4550 -1.66667e-06
4600 -2.77556e-17
4650 -1.66667e-06
4700 -1.66667e-06
4750 -1.66667e-06
4800 -1.66667e-06
4850 -1.66667e-06
4900 0
4950 -1.66667e-06
5000 0
5050 0
5100 -1.66667e-06
5150 0
5200 -1.66667e-06
5250 0
5300 -1.66667e-06
5350 0
5400 -2.77556e-17
5450 -2.77556e-17
5500 -1.66667e-06
5550 0
5600 -1.66667e-06
5650 -1.66667e-06
5700 -1.66667e-06
5750 -1.66667e-06
5800 -1.66667e-06
5850 -2.77556e-17
5900 0
5950 0
6000 -1.66667e-06
6050 0
6100 -1.66667e-06
6150 0
6200 0
6250 0
6300 -1.66667e-06
6350 -1.66667e-06
6400 -2.77556e-17
6450 -2.77556e-17
6500 -1.66667e-06
6550 -2.77556e-17
6600 -2.77556e-17
6650 -1.66667e-06
6700 0
6750 -1.66667e-06
6800 -2.77556e-17
6850 0
6900 -1.66667e-06
6950 0
7000 -2.77556e-17
7050 -2.77556e-17
7100 -1.66667e-06
7150 -2.77556e-17
7200 -1.66667e-06
7250 -2.77556e-17
7300 -1.66667e-06
7350 -1.66667e-06
7400 -2.77556e-17
7450 -1.66667e-06
7500 -1.66667e-06
7550 -1.66667e-06
7600 -1.66667e-06
7650 -2.77556e-17
7700 -2.77556e-17
7750 0
7800 -1.66667e-06
7850 -1.66667e-06
7900 -1.66667e-06
7950 0
8000 -1.66667e-06
8050 0
8100 -1.66667e-06
8150 -1.66667e-06
8200 -1.66667e-06
8250 -1.66667e-06
8300 -1.66667e-06
8350 0
8400 -1.66667e-06
8450 -1.66667e-06
8500 -2.77556e-17
8550 0
8600 -1.66667e-06
8650 0
8700 -2.77556e-17
8750 -1.66667e-06
8800 -1.66667e-06
8850 -2.77556e-17
8900 -1.66667e-06
8950 -1.66667e-06
9000 -2.77556e-17
9050 -1.66667e-06
9100 0
9150 -1.66667e-06
9200 0
9250 -1.66667e-06
9300 -1.66667e-06
9350 -1.66667e-06
9400 0
9450 -1.66667e-06
9500 0
9550 -2.77556e-17
9600 -1.66667e-06
9650 -2.77556e-17
9700 0
9750 -1.66667e-06
9800 -2.77556e-17
9850 -1.66667e-06
9900 -1.66667e-06
9950 -2.77556e-17
10000 0
10050 -1.66667e-06
10100 -1.66667e-06
10150 -1.66667e-06
10200 -1.66667e-06
10250 -2.77556e-17
10300 -2.77556e-17
10350 -1.66667e-06
10400 -1.66667e-06
10450 -1.66667e-06
10500 -2.77556e-17
10550 -1.66667e-06
10600 -1.66667e-06
10650 -1.66667e-06
10700 -1.66667e-06
10750 -2.77556e-17
10800 -1.66667e-06
10850 -2.77556e-17
10900 -1.66667e-06
10950 -1.66667e-06
11000 -1.66667e-06
11050 -1.66667e-06
11100 -1.66667e-06
11150 -1.66667e-06
11200 -1.66667e-06
11250 -2.77556e-17
11300 0
11350 0
