50 -2.77556e-17
100 -0.200002
150 -0.08889
200 -0.166667
250 -0.155555
300 -0.0666667
350 -1.66667e-06
400 -0.166667
450 -1.66667e-06
500 -0.2
550 -0.08889
600 -1.66667e-06
650 -0.166667
700 -0.166667
750 -0.166667
800 -0.166667
850 -0.166667
900 -0.166667
950 -0.255555
1000 -0.166667
1050 -0.255555
1100 -0.2
1150 -0.100002
1200 -0.100002
1250 -0.08889
1300 -0.166668
1350 -0.0666667
1400 -0.0666667
1450 -0.0666667
1500 -0.0666667
1550 -0.0666667
1600 -0.08889
1650 -0.08889
1700 -0.166667
1750 -0.155555
1800 -1.66667e-06
1850 -1.66667e-06
1900 -1.66667e-06
1950 -1.66667e-06
2000 -0.155555
2050 -0.166667
2100 -1.66667e-06
2150 -1.66667e-06
2200 -1.66667e-06
2250 -1.66667e-06
2300 -1.66667e-06
2350 -1.66667e-06
2400 -1.66667e-06
2450 -0.166667
2500 -0.0666667
2550 -1.66667e-06
2600 -1.66667e-06
2650 -1.66667e-06
2700 -0.166667
2750 -0.166667
2800 -0.166667
2850 -0.0666667
2900 -0.0666667
2950 -0.0666667
3000 -0.0666667
3050 -0.0666667
3100 -0.0666667
3150 -0.0666667
3200 -0.0666667
3250 -0.0666667
3300 -0.0666667
3350 -0.0666667
3400 -0.0666667
3450 -0.0666667
3500 -0.0666667
3550 -0.0666667
3600 -0.0666667
3650 -0.0666667
3700 -0.0666667
3750 -0.0666667
3800 -0.0666667
3850 -0.0666667
3900 -0.0666667
3950 -1.66667e-06
4000 -0.0666667
4050 -0.0666667
4100 -0.0666667
4150 -0.0666667
4200 -0.0666667
4250 -0.0666667
4300 -0.0666667
4350 -0.0666667
4400 -0.0666667
4450 -0.0666667
4500 -0.0666667
4550 -0.0666667
4600 -0.0666667
4650 -0.0666667
4700 -0.0666667
4750 -1.66667e-06
4800 -1.66667e-06
4850 -0.0666667
4900 -0.0666667
4950 -0.0666667
5000 -0.0666667
5050 -0.0666667
5100 -1.66667e-06
5150 -1.66667e-06
5200 -0.155555
5250 -0.155555
5300 -1.66667e-06
5350 -1.66667e-06
5400 -0.08889
5450 -0.08889
5500 -0.08889
5550 -0.08889
5600 -1.66667e-06
5650 -1.66667e-06
5700 -1.66667e-06
5750 -1.66667e-06
5800 -1.66667e-06
5850 -1.66667e-06
5900 -1.66667e-06
5950 -1.66667e-06
6000 -1.66667e-06
6050 -1.66667e-06
6100 -0.08889
6150 -1.66667e-06
6200 -1.66667e-06
6250 -1.66667e-06
6300 -0.0666667
6350 -0.0666667
6400 -0.08889
6450 -0.0666667
6500 -0.0666667
6550 -0.0666667
6600 -0.0666667
6650 -0.0666667
6700 -1.66667e-06
6750 -1.66667e-06
6800 -1.66667e-06
6850 -1.66667e-06
6900 -1.66667e-06
6950 -0.0666667
7000 -1.66667e-06
7050 -1.66667e-06
7100 -1.66667e-06
7150 -1.66667e-06
7200 -1.66667e-06
7250 -1.66667e-06
7300 -1.66667e-06
7350 -1.66667e-06
7400 -1.66667e-06
7450 -1.66667e-06
7500 -1.66667e-06
7550 -1.66667e-06
7600 -1.66667e-06
7650 -1.66667e-06
7700 -1.66667e-06
7750 -1.66667e-06
7800 -1.66667e-06
7850 -1.66667e-06
7900 -1.66667e-06
7950 -1.66667e-06
8000 -1.66667e-06
8050 -1.66667e-06
8100 -1.66667e-06
8150 -1.66667e-06
8200 -1.66667e-06
8250 -1.66667e-06
8300 -1.66667e-06
8350 -1.66667e-06
8400 -1.66667e-06
8450 -1.66667e-06
8500 -1.66667e-06
8550 -1.66667e-06
8600 -1.66667e-06
8650 -1.66667e-06
8700 -1.66667e-06
8750 -1.66667e-06
8800 -1.66667e-06
8850 -1.66667e-06
8900 -1.66667e-06
8950 -1.66667e-06
9000 -1.66667e-06
9050 -1.66667e-06
9100 -1.66667e-06
9150 -1.66667e-06
9200 -1.66667e-06
9250 -1.66667e-06
9300 -1.66667e-06
9350 -1.66667e-06
9400 -1.66667e-06
9450 -1.66667e-06
9500 -1.66667e-06
9550 -1.66667e-06
9600 -1.66667e-06
9650 -0.1
9700 -1.66667e-06
9750 -1.66667e-06
9800 -1.66667e-06
9850 -1.66667e-06
9900 -1.66667e-06
9950 -1.66667e-06
10000 -1.66667e-06
10050 -1.66667e-06
10100 -1.66667e-06
10150 -1.66667e-06
10200 -1.66667e-06
10250 -1.66667e-06
10300 -1.66667e-06
10350 -1.66667e-06
10400 -1.66667e-06
10450 -1.66667e-06
10500 -1.66667e-06
10550 -1.66667e-06
10600 -1.66667e-06
10650 -1.66667e-06
10700 -1.66667e-06
10750 -1.66667e-06
10800 -1.66667e-06
10850 -1.66667e-06
10900 -1.66667e-06
10950 -1.66667e-06
11000 -1.66667e-06
11050 -1.66667e-06
11100 -1.66667e-06
11150 -1.66667e-06
11200 -1.66667e-06
11250 -1.66667e-06
11300 -1.66667e-06
11350 -1.66667e-06
11400 -1.66667e-06
11450 -1.66667e-06
11500 -1.66667e-06
11550 -1.66667e-06
11600 -1.66667e-06
11650 -1.66667e-06
11700 -1.66667e-06
11750 -1.66667e-06
11800 -1.66667e-06
11850 -1.66667e-06
11900 -1.66667e-06
11950 -1.66667e-06
12000 -1.66667e-06
12050 -1.66667e-06
12100 -1.66667e-06
12150 -1.66667e-06
12200 -1.66667e-06
12250 -1.66667e-06
12300 -1.66667e-06
12350 -1.66667e-06
12400 -1.66667e-06
12450 -1.66667e-06
12500 -1.66667e-06
12550 -1.66667e-06
12600 -1.66667e-06
12650 -1.66667e-06
12700 -1.66667e-06
12750 -1.66667e-06
12800 -1.66667e-06
12850 -1.66667e-06
12900 -1.66667e-06
12950 -1.66667e-06
13000 -1.66667e-06
13050 -1.66667e-06
13100 -1.66667e-06
13150 -1.66667e-06
13200 -1.66667e-06
13250 -1.66667e-06
13300 -1.66667e-06
13350 -1.66667e-06
13400 -1.66667e-06
13450 -1.66667e-06
13500 -1.66667e-06
13550 -1.66667e-06
13600 -1.66667e-06
13650 -1.66667e-06
13700 -1.66667e-06
13750 -1.66667e-06
13800 -1.66667e-06
13850 -1.66667e-06
13900 -1.66667e-06
13950 -1.66667e-06
14000 -1.66667e-06
14050 -1.66667e-06
14100 -1.66667e-06
14150 -1.66667e-06
14200 -1.66667e-06
14250 -1.66667e-06
14300 -1.66667e-06
14350 -1.66667e-06
14400 -1.66667e-06
14450 -1.66667e-06
14500 -1.66667e-06
14550 -1.66667e-06
14600 -1.66667e-06
14650 -1.66667e-06
14700 -1.66667e-06
14750 -1.66667e-06
14800 -1.66667e-06
14850 -1.66667e-06
14900 -1.66667e-06
14950 -1.66667e-06
15000 -1.66667e-06
15050 -1.66667e-06
15100 -1.66667e-06
15150 -1.66667e-06
15200 -1.66667e-06
15250 -1.66667e-06
15300 -1.66667e-06
15350 -1.66667e-06
15400 -1.66667e-06
15450 -1.66667e-06
15500 -1.66667e-06
15550 -1.66667e-06
15600 -1.66667e-06
15650 -1.66667e-06
15700 -1.66667e-06
15750 -1.66667e-06
15800 -1.66667e-06
15850 -1.66667e-06
15900 -1.66667e-06
15950 -1.66667e-06
16000 -1.66667e-06
16050 -1.66667e-06
16100 -1.66667e-06
16150 -1.66667e-06
16200 -1.66667e-06
16250 -1.66667e-06
16300 -1.66667e-06
16350 -1.66667e-06
16400 -1.66667e-06
16450 -1.66667e-06
16500 -1.66667e-06
16550 -1.66667e-06
16600 -1.66667e-06
16650 -1.66667e-06
16700 -1.66667e-06
16750 -1.66667e-06
16800 -1.66667e-06
16850 -1.66667e-06
16900 -1.66667e-06
16950 -1.66667e-06
17000 -1.66667e-06
17050 -1.66667e-06
17100 -1.66667e-06
17150 -1.66667e-06
17200 -1.66667e-06
17250 -1.66667e-06
17300 -1.66667e-06
17350 -1.66667e-06
17400 -1.66667e-06
17450 -1.66667e-06
17500 -1.66667e-06
17550 -1.66667e-06
17600 -1.66667e-06
17650 -1.66667e-06
17700 -1.66667e-06
17750 -1.66667e-06
17800 -1.66667e-06
17850 -1.66667e-06
17900 -1.66667e-06
17950 -1.66667e-06
18000 -1.66667e-06
18050 -1.66667e-06
18100 -1.66667e-06
18150 -1.66667e-06
18200 -1.66667e-06
18250 -1.66667e-06
18300 -1.66667e-06
18350 -1.66667e-06
18400 -1.66667e-06
18450 -1.66667e-06
18500 -1.66667e-06
18550 -1.66667e-06
18600 -1.66667e-06
18650 -1.66667e-06
18700 -1.66667e-06
18750 -1.66667e-06
18800 -1.66667e-06
18850 -1.66667e-06
18900 -1.66667e-06
18950 -1.66667e-06
19000 -1.66667e-06
19050 -1.66667e-06
19100 -1.66667e-06
19150 -1.66667e-06
19200 -1.66667e-06
19250 -1.66667e-06
19300 -1.66667e-06
19350 -1.66667e-06
19400 -1.66667e-06
19450 -1.66667e-06
19500 -1.66667e-06
19550 -1.66667e-06
19600 -1.66667e-06
19650 -1.66667e-06
19700 -1.66667e-06
19750 -1.66667e-06
19800 -1.66667e-06
19850 -1.66667e-06
19900 -1.66667e-06
19950 -1.66667e-06
20000 -1.66667e-06
20050 -1.66667e-06
20100 -1.66667e-06
20150 -1.66667e-06
20200 -1.66667e-06
20250 -1.66667e-06
20300 -1.66667e-06
20350 -1.66667e-06
20400 -1.66667e-06
20450 -1.66667e-06
20500 -1.66667e-06
20550 -1.66667e-06
20600 -1.66667e-06
20650 -1.66667e-06
20700 -1.66667e-06
20750 -1.66667e-06
20800 -1.66667e-06
20850 -1.66667e-06
20900 -1.66667e-06
20950 -1.66667e-06
21000 -1.66667e-06
21050 -1.66667e-06
21100 -1.66667e-06
21150 -1.66667e-06
21200 -1.66667e-06
21250 -1.66667e-06
21300 -1.66667e-06
21350 -1.66667e-06
21400 -1.66667e-06
21450 -1.66667e-06
21500 -1.66667e-06
21550 -1.66667e-06
21600 -1.66667e-06
21650 -1.66667e-06
21700 -1.66667e-06
21750 -1.66667e-06
21800 -1.66667e-06
21850 -1.66667e-06
21900 -1.66667e-06
21950 -1.66667e-06
22000 -1.66667e-06
22050 -1.66667e-06
22100 -1.66667e-06
22150 -1.66667e-06
22200 -1.66667e-06
22250 -1.66667e-06
22300 -1.66667e-06
22350 -1.66667e-06
22400 -1.66667e-06
22450 -1.66667e-06
22500 -1.66667e-06
22550 -1.66667e-06
22600 -1.66667e-06
22650 -1.66667e-06
22700 -1.66667e-06
22750 -1.66667e-06
22800 -1.66667e-06
22850 -1.66667e-06
22900 -1.66667e-06
22950 -1.66667e-06
23000 -1.66667e-06
23050 -1.66667e-06
23100 -1.66667e-06
23150 -1.66667e-06
23200 -1.66667e-06
23250 -1.66667e-06
23300 -1.66667e-06
23350 -1.66667e-06
23400 -1.66667e-06
23450 -1.66667e-06
23500 -1.66667e-06
23550 -1.66667e-06
23600 -1.66667e-06
23650 -1.66667e-06
23700 -1.66667e-06
23750 -1.66667e-06
23800 -1.66667e-06
23850 -1.66667e-06
23900 -1.66667e-06
23950 -1.66667e-06
24000 -1.66667e-06
24050 -1.66667e-06
24100 -1.66667e-06
24150 -1.66667e-06
24200 -1.66667e-06
24250 -1.66667e-06
24300 -1.66667e-06
24350 -1.66667e-06
24400 -1.66667e-06
24450 -1.66667e-06
24500 -1.66667e-06
24550 -1.66667e-06
24600 -1.66667e-06
24650 -1.66667e-06
24700 -1.66667e-06
24750 -1.66667e-06
24800 -1.66667e-06
24850 -1.66667e-06
24900 -1.66667e-06
24950 -1.66667e-06
25000 -1.66667e-06
25050 -1.66667e-06
25100 -1.66667e-06
25150 -1.66667e-06
25200 -1.66667e-06
25250 -1.66667e-06
25300 -1.66667e-06
25350 -1.66667e-06
25400 -1.66667e-06
25450 -1.66667e-06
25500 -1.66667e-06
25550 -1.66667e-06
25600 -1.66667e-06
25650 -1.66667e-06
25700 -1.66667e-06
25750 -1.66667e-06
25800 -1.66667e-06
25850 -1.66667e-06
25900 -1.66667e-06
25950 -1.66667e-06
26000 -1.66667e-06
26050 -1.66667e-06
26100 -1.66667e-06
26150 -1.66667e-06
26200 -1.66667e-06
26250 -1.66667e-06
26300 -1.66667e-06
26350 -1.66667e-06
26400 -1.66667e-06
26450 -1.66667e-06
26500 -1.66667e-06
26550 -1.66667e-06
26600 -1.66667e-06
26650 -1.66667e-06
26700 -1.66667e-06
26750 -1.66667e-06
26800 -1.66667e-06
26850 -1.66667e-06
26900 -1.66667e-06
26950 -1.66667e-06
27000 -1.66667e-06
27050 -1.66667e-06
27100 -1.66667e-06
27150 -1.66667e-06
27200 -1.66667e-06
27250 -1.66667e-06
27300 -1.66667e-06
27350 -1.66667e-06
27400 -1.66667e-06
27450 -1.66667e-06
27500 -1.66667e-06
27550 -1.66667e-06
27600 -1.66667e-06
27650 -1.66667e-06
27700 -1.66667e-06
27750 -1.66667e-06
27800 -1.66667e-06
27850 -1.66667e-06
27900 -1.66667e-06
27950 -1.66667e-06
28000 -1.66667e-06
28050 -1.66667e-06
28100 -1.66667e-06
28150 -1.66667e-06
28200 -1.66667e-06
28250 -1.66667e-06
28300 -1.66667e-06
28350 -1.66667e-06
28400 -1.66667e-06
28450 -1.66667e-06
28500 -1.66667e-06
28550 -1.66667e-06
28600 -1.66667e-06
28650 -1.66667e-06
28700 -1.66667e-06
28750 -1.66667e-06
28800 -1.66667e-06
28850 -1.66667e-06
28900 -1.66667e-06
28950 -1.66667e-06
29000 -1.66667e-06
29050 -1.66667e-06
29100 -1.66667e-06
29150 -1.66667e-06
29200 -1.66667e-06
29250 -1.66667e-06
29300 -1.66667e-06
29350 -1.66667e-06
29400 -1.66667e-06
29450 -1.66667e-06
29500 -1.66667e-06
29550 -1.66667e-06
29600 -1.66667e-06
29650 -1.66667e-06
29700 -1.66667e-06
29750 -1.66667e-06
29800 -1.66667e-06
29850 -1.66667e-06
29900 -1.66667e-06
29950 -1.66667e-06
30000 -1.66667e-06
30050 -1.66667e-06
30100 -1.66667e-06
30150 -1.66667e-06
30200 -1.66667e-06
30250 -1.66667e-06
30300 -1.66667e-06
30350 -1.66667e-06
30400 -1.66667e-06
30450 -1.66667e-06
30500 -1.66667e-06
30550 -1.66667e-06
30600 -1.66667e-06
30650 -1.66667e-06
30700 -1.66667e-06
30750 -1.66667e-06
30800 -1.66667e-06
30850 -1.66667e-06
30900 -1.66667e-06
30950 -1.66667e-06
31000 -1.66667e-06
31050 -1.66667e-06
31100 -1.66667e-06
31150 -1.66667e-06
31200 -1.66667e-06
31250 -1.66667e-06
31300 -1.66667e-06
31350 -1.66667e-06
31400 -1.66667e-06
31450 -1.66667e-06
31500 -1.66667e-06
31550 -1.66667e-06
31600 -1.66667e-06
31650 -1.66667e-06
31700 -1.66667e-06
31750 -1.66667e-06
31800 -1.66667e-06
31850 -1.66667e-06
31900 -1.66667e-06
31950 -1.66667e-06
32000 -1.66667e-06
32050 -1.66667e-06
32100 -1.66667e-06
32150 -1.66667e-06
32200 -1.66667e-06
32250 -1.66667e-06
32300 -1.66667e-06
32350 -1.66667e-06
32400 -1.66667e-06
32450 -1.66667e-06
32500 -1.66667e-06
32550 -1.66667e-06
32600 -1.66667e-06
32650 -1.66667e-06
32700 -1.66667e-06
32750 -1.66667e-06
32800 -1.66667e-06
32850 -1.66667e-06
32900 -1.66667e-06
32950 -1.66667e-06
33000 -1.66667e-06
33050 -1.66667e-06
33100 -1.66667e-06
33150 -1.66667e-06
33200 -1.66667e-06
33250 -1.66667e-06
33300 -1.66667e-06
33350 -1.66667e-06
33400 -1.66667e-06
33450 -1.66667e-06
33500 -1.66667e-06
33550 -1.66667e-06
33600 -1.66667e-06
33650 -1.66667e-06
33700 -1.66667e-06
33750 -1.66667e-06
33800 -1.66667e-06
33850 -1.66667e-06
33900 -1.66667e-06
33950 -1.66667e-06
34000 -1.66667e-06
34050 -1.66667e-06
34100 -1.66667e-06
34150 -1.66667e-06
34200 -1.66667e-06
34250 -1.66667e-06
34300 -1.66667e-06
34350 -1.66667e-06
34400 -1.66667e-06
34450 -1.66667e-06
34500 -1.66667e-06
34550 -1.66667e-06
34600 -1.66667e-06
34650 -1.66667e-06
34700 -1.66667e-06
34750 -1.66667e-06
34800 -1.66667e-06
34850 -1.66667e-06
34900 -1.66667e-06
34950 -1.66667e-06
35000 -1.66667e-06
35050 -1.66667e-06
35100 -1.66667e-06
35150 -1.66667e-06
35200 -1.66667e-06
35250 -1.66667e-06
35300 -1.66667e-06
35350 -1.66667e-06
35400 -1.66667e-06
35450 -1.66667e-06
35500 -1.66667e-06
35550 -1.66667e-06
35600 -1.66667e-06
35650 -1.66667e-06
35700 -1.66667e-06
35750 -1.66667e-06
35800 -1.66667e-06
35850 -1.66667e-06
35900 -1.66667e-06
35950 -1.66667e-06
36000 -1.66667e-06
36050 -1.66667e-06
36100 -1.66667e-06
36150 -1.66667e-06
36200 -1.66667e-06
36250 -1.66667e-06
36300 -1.66667e-06
36350 -1.66667e-06
36400 -1.66667e-06
36450 -1.66667e-06
36500 -1.66667e-06
36550 -1.66667e-06
36600 -1.66667e-06
36650 -1.66667e-06
36700 -1.66667e-06
36750 -1.66667e-06
36800 -1.66667e-06
36850 -1.66667e-06
36900 -1.66667e-06
36950 -1.66667e-06
37000 -1.66667e-06
37050 -1.66667e-06
37100 -1.66667e-06
37150 -1.66667e-06
37200 -1.66667e-06
37250 -1.66667e-06
37300 -1.66667e-06
37350 -1.66667e-06
37400 -1.66667e-06
37450 -1.66667e-06
37500 -1.66667e-06
37550 -1.66667e-06
37600 -1.66667e-06
37650 -1.66667e-06
37700 -1.66667e-06
37750 -1.66667e-06
37800 -1.66667e-06
37850 -1.66667e-06
37900 -1.66667e-06
37950 -1.66667e-06
38000 -1.66667e-06
38050 -1.66667e-06
38100 -1.66667e-06
38150 -1.66667e-06
38200 -1.66667e-06
38250 -1.66667e-06
38300 -1.66667e-06
38350 -1.66667e-06
38400 -1.66667e-06
38450 -1.66667e-06
38500 -1.66667e-06
38550 -1.66667e-06
38600 -1.66667e-06
38650 -1.66667e-06
38700 -1.66667e-06
38750 -1.66667e-06
38800 -1.66667e-06
38850 -1.66667e-06
38900 -1.66667e-06
38950 -1.66667e-06
39000 -1.66667e-06
39050 -1.66667e-06
39100 -1.66667e-06
39150 -1.66667e-06
39200 -1.66667e-06
39250 -1.66667e-06
39300 -1.66667e-06
39350 -1.66667e-06
39400 -1.66667e-06
39450 -1.66667e-06
39500 -1.66667e-06
39550 -1.66667e-06
39600 -1.66667e-06
39650 -1.66667e-06
39700 -1.66667e-06
39750 -1.66667e-06
39800 -1.66667e-06
39850 -1.66667e-06
39900 -1.66667e-06
39950 -1.66667e-06
40000 -1.66667e-06
40050 -1.66667e-06
40100 -1.66667e-06
40150 -1.66667e-06
40200 -1.66667e-06
40250 -1.66667e-06
40300 -1.66667e-06
40350 -1.66667e-06
40400 -1.66667e-06
40450 -1.66667e-06
40500 -1.66667e-06
40550 -1.66667e-06
40600 -1.66667e-06
40650 -1.66667e-06
40700 -1.66667e-06
40750 -1.66667e-06
40800 -1.66667e-06
40850 -1.66667e-06
40900 -1.66667e-06
40950 -1.66667e-06
41000 -1.66667e-06
41050 -1.66667e-06
41100 -1.66667e-06
41150 -1.66667e-06
41200 -1.66667e-06
41250 -1.66667e-06
41300 -1.66667e-06
41350 -1.66667e-06
41400 -1.66667e-06
41450 -1.66667e-06
41500 -1.66667e-06
41550 -1.66667e-06
41600 -1.66667e-06
41650 -1.66667e-06
41700 -1.66667e-06
41750 -1.66667e-06
41800 -1.66667e-06
41850 -1.66667e-06
41900 -1.66667e-06
41950 -1.66667e-06
42000 -1.66667e-06
42050 -1.66667e-06
42100 -1.66667e-06
42150 -1.66667e-06
42200 -1.66667e-06
42250 -1.66667e-06
42300 -1.66667e-06
42350 -1.66667e-06
42400 -1.66667e-06
42450 -1.66667e-06
42500 -1.66667e-06
42550 -1.66667e-06
42600 -1.66667e-06
42650 -1.66667e-06
42700 -1.66667e-06
42750 -1.66667e-06
42800 -1.66667e-06
42850 -1.66667e-06
42900 -1.66667e-06
42950 -1.66667e-06
43000 -1.66667e-06
43050 -1.66667e-06
43100 -1.66667e-06
43150 -1.66667e-06
43200 -1.66667e-06
43250 -1.66667e-06
43300 -1.66667e-06
43350 -1.66667e-06
43400 -1.66667e-06
43450 -1.66667e-06
43500 -1.66667e-06
43550 -1.66667e-06
43600 -1.66667e-06
43650 -1.66667e-06
43700 -1.66667e-06
43750 -1.66667e-06
43800 -1.66667e-06
43850 -1.66667e-06
43900 -1.66667e-06
43950 -1.66667e-06
44000 -1.66667e-06
44050 -1.66667e-06
44100 -1.66667e-06
44150 -1.66667e-06
44200 -1.66667e-06
44250 -1.66667e-06
44300 -1.66667e-06
44350 -1.66667e-06
44400 -1.66667e-06
44450 -1.66667e-06
44500 -1.66667e-06
44550 -1.66667e-06
44600 -1.66667e-06
44650 -1.66667e-06
44700 -1.66667e-06
44750 -1.66667e-06
44800 -1.66667e-06
44850 -1.66667e-06
44900 -1.66667e-06
44950 -1.66667e-06
45000 -1.66667e-06
45050 -1.66667e-06
45100 -1.66667e-06
45150 -1.66667e-06
45200 -1.66667e-06
45250 -1.66667e-06
45300 -1.66667e-06
45350 -1.66667e-06
45400 -1.66667e-06
45450 -1.66667e-06
45500 -1.66667e-06
45550 -1.66667e-06
45600 -1.66667e-06
45650 -1.66667e-06
45700 -1.66667e-06
45750 -1.66667e-06
45800 -1.66667e-06
45850 -1.66667e-06
45900 -1.66667e-06
45950 -1.66667e-06
46000 -1.66667e-06
46050 -1.66667e-06
46100 -1.66667e-06
46150 -1.66667e-06
46200 -1.66667e-06
46250 -1.66667e-06
46300 -1.66667e-06
46350 -1.66667e-06
46400 -1.66667e-06
46450 -1.66667e-06
46500 -1.66667e-06
46550 -1.66667e-06
46600 -1.66667e-06
46650 -1.66667e-06
46700 -1.66667e-06
46750 -1.66667e-06
46800 -1.66667e-06
46850 -1.66667e-06
46900 -1.66667e-06
46950 -1.66667e-06
47000 -1.66667e-06
47050 -1.66667e-06
47100 -1.66667e-06
47150 -1.66667e-06
47200 -1.66667e-06
47250 -1.66667e-06
47300 -1.66667e-06
47350 -1.66667e-06
47400 -1.66667e-06
47450 -1.66667e-06
47500 -1.66667e-06
47550 -1.66667e-06
47600 -1.66667e-06
47650 -1.66667e-06
47700 -1.66667e-06
47750 -1.66667e-06
47800 -1.66667e-06
47850 -1.66667e-06
47900 -1.66667e-06
47950 -1.66667e-06
48000 -1.66667e-06
48050 -1.66667e-06
48100 -1.66667e-06
48150 -1.66667e-06
48200 -1.66667e-06
48250 -1.66667e-06
48300 -1.66667e-06
48350 -1.66667e-06
48400 -1.66667e-06
48450 -1.66667e-06
48500 -1.66667e-06
48550 -1.66667e-06
48600 -1.66667e-06
48650 -1.66667e-06
48700 -1.66667e-06
48750 -1.66667e-06
48800 -1.66667e-06
48850 -1.66667e-06
48900 -1.66667e-06
48950 -1.66667e-06
49000 -1.66667e-06
49050 -1.66667e-06
49100 -1.66667e-06
49150 -1.66667e-06
49200 -1.66667e-06
49250 -1.66667e-06
49300 -1.66667e-06
49350 -1.66667e-06
49400 -1.66667e-06
49450 -1.66667e-06
49500 -1.66667e-06
49550 -1.66667e-06
49600 -1.66667e-06
49650 -1.66667e-06
49700 -1.66667e-06
49750 -1.66667e-06
49800 -1.66667e-06
49850 -1.66667e-06
49900 -1.66667e-06
49950 -1.66667e-06
50000 -1.66667e-06
50050 -1.66667e-06
50100 -1.66667e-06
50150 -1.66667e-06
50200 -1.66667e-06
50250 -1.66667e-06
50300 -1.66667e-06
50350 -1.66667e-06
50400 -1.66667e-06
50450 -1.66667e-06
50500 -1.66667e-06
50550 -1.66667e-06
50600 -1.66667e-06
50650 -1.66667e-06
50700 -1.66667e-06
50750 -1.66667e-06
50800 -1.66667e-06
50850 -1.66667e-06
50900 -1.66667e-06
50950 -1.66667e-06
51000 -1.66667e-06
51050 -1.66667e-06
51100 -1.66667e-06
51150 -1.66667e-06
51200 -1.66667e-06
51250 -1.66667e-06
51300 -1.66667e-06
51350 -1.66667e-06
51400 -1.66667e-06
51450 -1.66667e-06
51500 -1.66667e-06
51550 -1.66667e-06
51600 -1.66667e-06
51650 -1.66667e-06
51700 -1.66667e-06
51750 -1.66667e-06
51800 -1.66667e-06
51850 -1.66667e-06
51900 -1.66667e-06
51950 -1.66667e-06
52000 -1.66667e-06
52050 -1.66667e-06
52100 -1.66667e-06
52150 -1.66667e-06
52200 -1.66667e-06
52250 -1.66667e-06
52300 -1.66667e-06
52350 -1.66667e-06
52400 -1.66667e-06
52450 -1.66667e-06
52500 -1.66667e-06
52550 -1.66667e-06
52600 -1.66667e-06
52650 -1.66667e-06
52700 -1.66667e-06
52750 -1.66667e-06
52800 -1.66667e-06
52850 -1.66667e-06
52900 -1.66667e-06
52950 -1.66667e-06
53000 -1.66667e-06
53050 -1.66667e-06
53100 -1.66667e-06
53150 -1.66667e-06
53200 -1.66667e-06
53250 -1.66667e-06
53300 -1.66667e-06
53350 -1.66667e-06
53400 -1.66667e-06
53450 -1.66667e-06
53500 -1.66667e-06
53550 -1.66667e-06
53600 -1.66667e-06
53650 -1.66667e-06
53700 -1.66667e-06
53750 -1.66667e-06
53800 -1.66667e-06
53850 -1.66667e-06
53900 -1.66667e-06
53950 -1.66667e-06
54000 -1.66667e-06
54050 -1.66667e-06
54100 -1.66667e-06
54150 -1.66667e-06
54200 -1.66667e-06
54250 -1.66667e-06
54300 -1.66667e-06
54350 -1.66667e-06
54400 -1.66667e-06
54450 -2.77556e-17
54500 -2.77556e-17
54550 -1.66667e-06
54600 -2.77556e-17
54650 -2.77556e-17
54700 -1.66667e-06
54750 -1.66667e-06
54800 -1.66667e-06
54850 -1.66667e-06
54900 -1.66667e-06
54950 -1.66667e-06
55000 -1.66667e-06
55050 -1.66667e-06
55100 -1.66667e-06
55150 -1.66667e-06
55200 -1.66667e-06
55250 -1.66667e-06
55300 -1.66667e-06
55350 -1.66667e-06
55400 -1.66667e-06
55450 -1.66667e-06
55500 -1.66667e-06
55550 -2.77556e-17
55600 -1.66667e-06
55650 -1.66667e-06
55700 -1.66667e-06
55750 -1.66667e-06
55800 -1.66667e-06
55850 -1.66667e-06
55900 -1.66667e-06
55950 -1.66667e-06
56000 -1.66667e-06
56050 -1.66667e-06
56100 -1.66667e-06
56150 -1.66667e-06
56200 -2.77556e-17
56250 -2.77556e-17
56300 -2.77556e-17
56350 -2.77556e-17
56400 -2.77556e-17
56450 -2.77556e-17
56500 -2.77556e-17
56550 -2.77556e-17
56600 -2.77556e-17
56650 -1.66667e-06
56700 -1.66667e-06
56750 -1.66667e-06
56800 -1.66667e-06
56850 -1.66667e-06
56900 -2.77556e-17
56950 -2.77556e-17
57000 -2.77556e-17
57050 -2.77556e-17
57100 -2.77556e-17
57150 -2.77556e-17
57200 -1.66667e-06
57250 -2.77556e-17
57300 -2.77556e-17
57350 -1.66667e-06
57400 -1.66667e-06
57450 -1.66667e-06
57500 -1.66667e-06
57550 -1.66667e-06
57600 -1.66667e-06
57650 -1.66667e-06
57700 -1.66667e-06
57750 -1.66667e-06
57800 -1.66667e-06
57850 -1.66667e-06
57900 -1.66667e-06
57950 -1.66667e-06
58000 -1.66667e-06
58050 -1.66667e-06
58100 -1.66667e-06
58150 -1.66667e-06
58200 -1.66667e-06
58250 -1.66667e-06
58300 -1.66667e-06
58350 -2.77556e-17
58400 -2.77556e-17
58450 -2.77556e-17
58500 -2.77556e-17
58550 -2.77556e-17
58600 -2.77556e-17
58650 -2.77556e-17
58700 -2.77556e-17
58750 -2.77556e-17
58800 -2.77556e-17
58850 -2.77556e-17
58900 -2.77556e-17
58950 -2.77556e-17
59000 -2.77556e-17
59050 -2.77556e-17
59100 -2.77556e-17
59150 -2.77556e-17
59200 -2.77556e-17
59250 -2.77556e-17
59300 -2.77556e-17
59350 -2.77556e-17
59400 -2.77556e-17
59450 -2.77556e-17
59500 -2.77556e-17
59550 -2.77556e-17
59600 -2.77556e-17
59650 -2.77556e-17
59700 -2.77556e-17
59750 -2.77556e-17
59800 -2.77556e-17
59850 -2.77556e-17
59900 -2.77556e-17
59950 -2.77556e-17
60000 -2.77556e-17
60050 -2.77556e-17
60100 -2.77556e-17
60150 -2.77556e-17
60200 -2.77556e-17
60250 -2.77556e-17
60300 -2.77556e-17
60350 -2.77556e-17
60400 -2.77556e-17
60450 -2.77556e-17
60500 -2.77556e-17
60550 -2.77556e-17
60600 -2.77556e-17
60650 -2.77556e-17
60700 -2.77556e-17
60750 -2.77556e-17
60800 -2.77556e-17
60850 -2.77556e-17
60900 -2.77556e-17
60950 -2.77556e-17
61000 -2.77556e-17
61050 -2.77556e-17
61100 -2.77556e-17
61150 -2.77556e-17
61200 -2.77556e-17
61250 -2.77556e-17
61300 -2.77556e-17
61350 -2.77556e-17
61400 -2.77556e-17
61450 -2.77556e-17
61500 -2.77556e-17
61550 -2.77556e-17
61600 -2.77556e-17
61650 -2.77556e-17
61700 -2.77556e-17
61750 -2.77556e-17
61800 -2.77556e-17
61850 -2.77556e-17
61900 -2.77556e-17
61950 -2.77556e-17
62000 -2.77556e-17
62050 -2.77556e-17
62100 -2.77556e-17
62150 -2.77556e-17
62200 -2.77556e-17
62250 -2.77556e-17
62300 -2.77556e-17
62350 -2.77556e-17
62400 -2.77556e-17
62450 -2.77556e-17
62500 -2.77556e-17
62550 -2.77556e-17
62600 -2.77556e-17
62650 -2.77556e-17
62700 -2.77556e-17
62750 -2.77556e-17
62800 -2.77556e-17
62850 -2.77556e-17
62900 -2.77556e-17
62950 -2.77556e-17
63000 -2.77556e-17
63050 -2.77556e-17
63100 -2.77556e-17
63150 -2.77556e-17
63200 -2.77556e-17
63250 -2.77556e-17
63300 -2.77556e-17
63350 -2.77556e-17
63400 -2.77556e-17
63450 -2.77556e-17
63500 -2.77556e-17
63550 -2.77556e-17
63600 -2.77556e-17
63650 -2.77556e-17
63700 -2.77556e-17
63750 -2.77556e-17
63800 -2.77556e-17
63850 -2.77556e-17
63900 -2.77556e-17
63950 -2.77556e-17
64000 -2.77556e-17
64050 -2.77556e-17
64100 -2.77556e-17
64150 -2.77556e-17
64200 -2.77556e-17
64250 -2.77556e-17
64300 -2.77556e-17
64350 -2.77556e-17
64400 -2.77556e-17
64450 -2.77556e-17
64500 -2.77556e-17
64550 -2.77556e-17
64600 -2.77556e-17
64650 -2.77556e-17
64700 -2.77556e-17
64750 -2.77556e-17
64800 -2.77556e-17
64850 -2.77556e-17
64900 -2.77556e-17
64950 -2.77556e-17
65000 -2.77556e-17
65050 -2.77556e-17
65100 -2.77556e-17
65150 -2.77556e-17
65200 -2.77556e-17
65250 -2.77556e-17
65300 -2.77556e-17
65350 -2.77556e-17
65400 -2.77556e-17
