50 -2.77556e-17
100 -0.255555
150 -0.188888
200 -0.255555
250 -0.166667
300 -0.255555
350 -0.255557
400 -0.255557
450 -2.77556e-17
500 -0.255555
550 -0.166667
600 -0.1
650 -0.1
700 -0.166668
750 -2.77556e-17
800 -2.77556e-17
850 -2.77556e-17
900 -2.77556e-17
950 -2.77556e-17
1000 -0.255557
1050 -0.0666683
1100 -0.188888
1150 -0.255555
1200 -0.166667
1250 -0.1
1300 -2.77556e-17
1350 -0.266668
1400 -0.266668
1450 -0.266668
1500 -0.266668
1550 -2.77556e-17
1600 -2.77556e-17
1650 -2.77556e-17
1700 -2.77556e-17
1750 -2.77556e-17
1800 -2.77556e-17
1850 -2.77556e-17
1900 -0.1
1950 -2.77556e-17
2000 -2.77556e-17
2050 -2.77556e-17
2100 -2.77556e-17
2150 -2.77556e-17
2200 -2.77556e-17
2250 -0.355555
2300 -2.77556e-17
2350 -2.77556e-17
2400 -2.77556e-17
2450 -2.77556e-17
2500 -2.77556e-17
2550 -2.77556e-17
2600 -2.77556e-17
2650 -2.77556e-17
2700 -0.188888
2750 -0.18889
2800 -0.18889
2850 -0.18889
2900 -2.77556e-17
2950 -2.77556e-17
3000 -2.77556e-17
3050 -2.77556e-17
3100 -2.77556e-17
3150 -0.18889
3200 -2.77556e-17
3250 -2.77556e-17
3300 -1.66667e-06
3350 -1.66667e-06
3400 -0.1
3450 -0.1
3500 -2.77556e-17
3550 -2.77556e-17
3600 -2.77556e-17
3650 -0.166667
3700 -0.1
3750 -0.1
3800 -2.77556e-17
3850 -0.1
3900 -0.1
3950 -0.1
4000 -0.1
4050 -0.1
4100 -2.77556e-17
4150 -0.166667
4200 -0.1
4250 -2.77556e-17
4300 -2.77556e-17
4350 -0.2
4400 -2.77556e-17
4450 -0.188888
4500 -2.77556e-17
4550 -2.77556e-17
4600 -0.255555
4650 -0.1
4700 -0.1
4750 -0.0666683
4800 -0.0666683
4850 -0.0666683
4900 -0.166667
4950 -0.0666683
5000 -0.0666683
5050 -2.77556e-17
5100 -0.0666667
5150 -0.0666667
5200 -0.0666667
5250 -0.0666667
5300 -0.0666667
5350 -0.0666667
5400 -0.0666667
5450 -0.188888
5500 -0.18889
5550 -0.18889
5600 -0.18889
5650 -0.18889
5700 -0.18889
5750 -1.66667e-06
5800 -0.0666683
5850 -0.0666683
5900 -0.0666683
5950 -0.0666683
6000 -1.66667e-06
6050 -1.66667e-06
6100 -0.1
6150 -2.77556e-17
6200 -2.77556e-17
6250 -2.77556e-17
6300 -2.77556e-17
6350 -2.77556e-17
6400 -2.77556e-17
6450 -2.77556e-17
6500 -2.77556e-17
6550 -2.77556e-17
6600 -2.77556e-17
6650 -2.77556e-17
6700 -2.77556e-17
6750 -2.77556e-17
6800 -2.77556e-17
6850 -2.77556e-17
6900 -2.77556e-17
6950 -2.77556e-17
7000 -2.77556e-17
7050 -2.77556e-17
7100 -2.77556e-17
7150 -2.77556e-17
7200 -2.77556e-17
7250 -2.77556e-17
7300 -2.77556e-17
7350 -2.77556e-17
7400 -2.77556e-17
7450 -2.77556e-17
7500 -2.77556e-17
7550 -2.77556e-17
7600 -2.77556e-17
7650 -2.77556e-17
7700 -2.77556e-17
7750 -2.77556e-17
7800 -2.77556e-17
7850 -2.77556e-17
7900 -2.77556e-17
7950 -2.77556e-17
8000 -2.77556e-17
8050 -2.77556e-17
8100 -2.77556e-17
8150 -2.77556e-17
8200 -2.77556e-17
8250 -2.77556e-17
8300 -2.77556e-17
8350 -0.1
8400 -2.77556e-17
8450 -2.77556e-17
8500 -2.77556e-17
8550 -2.77556e-17
8600 -2.77556e-17
8650 -2.77556e-17
8700 -2.77556e-17
8750 -2.77556e-17
8800 -2.77556e-17
8850 -2.77556e-17
8900 -2.77556e-17
8950 -2.77556e-17
9000 -2.77556e-17
9050 -2.77556e-17
9100 -2.77556e-17
9150 -2.77556e-17
9200 -2.77556e-17
9250 -2.77556e-17
9300 -2.77556e-17
9350 -2.77556e-17
9400 -2.77556e-17
9450 -2.77556e-17
9500 -2.77556e-17
9550 -2.77556e-17
9600 -2.77556e-17
9650 -2.77556e-17
9700 -2.77556e-17
9750 -2.77556e-17
9800 -2.77556e-17
9850 -2.77556e-17
9900 -2.77556e-17
9950 -2.77556e-17
10000 -2.77556e-17
10050 -2.77556e-17
10100 -2.77556e-17
10150 -2.77556e-17
10200 -2.77556e-17
10250 -2.77556e-17
10300 -2.77556e-17
10350 -2.77556e-17
10400 -2.77556e-17
10450 -2.77556e-17
10500 -2.77556e-17
10550 -2.77556e-17
10600 -2.77556e-17
10650 -2.77556e-17
10700 -2.77556e-17
10750 -2.77556e-17
10800 -2.77556e-17
10850 -2.77556e-17
10900 -2.77556e-17
10950 -0.0666683
11000 -2.77556e-17
11050 -2.77556e-17
11100 -2.77556e-17
11150 -1.66667e-06
11200 -1.66667e-06
11250 -1.66667e-06
11300 -1.66667e-06
11350 -1.66667e-06
11400 -1.66667e-06
11450 -1.66667e-06
11500 -1.66667e-06
11550 -1.66667e-06
11600 -1.66667e-06
11650 -1.66667e-06
11700 -1.66667e-06
11750 -1.66667e-06
11800 -1.66667e-06
11850 -1.66667e-06
11900 -1.66667e-06
11950 -1.66667e-06
12000 -1.66667e-06
12050 -1.66667e-06
12100 -1.66667e-06
12150 -1.66667e-06
12200 -1.66667e-06
12250 -1.66667e-06
12300 -1.66667e-06
12350 -1.66667e-06
12400 -1.66667e-06
12450 -1.66667e-06
12500 -1.66667e-06
12550 -1.66667e-06
12600 -1.66667e-06
12650 -1.66667e-06
12700 -1.66667e-06
12750 -1.66667e-06
12800 -1.66667e-06
12850 -0.1
12900 -1.66667e-06
12950 -1.66667e-06
13000 -1.66667e-06
13050 -1.66667e-06
13100 -2.77556e-17
13150 -2.77556e-17
13200 -2.77556e-17
13250 -1.66667e-06
13300 -2.77556e-17
13350 -1.66667e-06
13400 -2.77556e-17
13450 -2.77556e-17
13500 -2.77556e-17
13550 -2.77556e-17
13600 -2.77556e-17
13650 -2.77556e-17
13700 -2.77556e-17
13750 -2.77556e-17
13800 -2.77556e-17
13850 -2.77556e-17
13900 -2.77556e-17
13950 -2.77556e-17
14000 -2.77556e-17
14050 -2.77556e-17
14100 -2.77556e-17
14150 -2.77556e-17
14200 -2.77556e-17
14250 -2.77556e-17
14300 -2.77556e-17
14350 -2.77556e-17
14400 -2.77556e-17
14450 -2.77556e-17
14500 -2.77556e-17
14550 -2.77556e-17
14600 -2.77556e-17
14650 -2.77556e-17
14700 -2.77556e-17
14750 -2.77556e-17
14800 -2.77556e-17
14850 -2.77556e-17
14900 -2.77556e-17
14950 -2.77556e-17
15000 -2.77556e-17
15050 -2.77556e-17
15100 -2.77556e-17
15150 -2.77556e-17
15200 -2.77556e-17
15250 -2.77556e-17
15300 -2.77556e-17
15350 -2.77556e-17
15400 -2.77556e-17
15450 -2.77556e-17
15500 -2.77556e-17
15550 -2.77556e-17
15600 -2.77556e-17
15650 -2.77556e-17
15700 -2.77556e-17
15750 -2.77556e-17
15800 -2.77556e-17
15850 -2.77556e-17
15900 -2.77556e-17
15950 -2.77556e-17
16000 -2.77556e-17
16050 -2.77556e-17
16100 -2.77556e-17
16150 -2.77556e-17
16200 -0.1
16250 -2.77556e-17
16300 -1.66667e-06
16350 -1.66667e-06
16400 -1.66667e-06
16450 -1.66667e-06
16500 -1.66667e-06
16550 -1.66667e-06
16600 -2.77556e-17
16650 -2.77556e-17
16700 -1.66667e-06
16750 -2.77556e-17
16800 -1.66667e-06
16850 -1.66667e-06
16900 -2.77556e-17
16950 -2.77556e-17
17000 -2.77556e-17
17050 -2.77556e-17
17100 -2.77556e-17
17150 -2.77556e-17
17200 -2.77556e-17
17250 -2.77556e-17
17300 -1.66667e-06
17350 -1.66667e-06
17400 -2.77556e-17
17450 -1.66667e-06
17500 -1.66667e-06
17550 -1.66667e-06
17600 -1.66667e-06
17650 -1.66667e-06
17700 -0.1
17750 -1.66667e-06
17800 -0.1
17850 -1.66667e-06
17900 -1.66667e-06
17950 -1.66667e-06
18000 -1.66667e-06
18050 -1.66667e-06
18100 -1.66667e-06
18150 -1.66667e-06
18200 -1.66667e-06
18250 -1.66667e-06
18300 -1.66667e-06
18350 -1.66667e-06
18400 -1.66667e-06
18450 -1.66667e-06
18500 -1.66667e-06
18550 -1.66667e-06
18600 -1.66667e-06
18650 -1.66667e-06
18700 -1.66667e-06
18750 -1.66667e-06
18800 -1.66667e-06
18850 -1.66667e-06
18900 -1.66667e-06
18950 -1.66667e-06
19000 -1.66667e-06
19050 -1.66667e-06
19100 -1.66667e-06
19150 -1.66667e-06
19200 -1.66667e-06
19250 -1.66667e-06
19300 -1.66667e-06
19350 -1.66667e-06
19400 -1.66667e-06
19450 -1.66667e-06
19500 -1.66667e-06
19550 -1.66667e-06
19600 -1.66667e-06
19650 -1.66667e-06
19700 -1.66667e-06
19750 -1.66667e-06
19800 -1.66667e-06
19850 -1.66667e-06
19900 -1.66667e-06
19950 -1.66667e-06
20000 -1.66667e-06
20050 -1.66667e-06
20100 -1.66667e-06
20150 -1.66667e-06
20200 -1.66667e-06
20250 -1.66667e-06
20300 -1.66667e-06
20350 -1.66667e-06
20400 -1.66667e-06
20450 -1.66667e-06
20500 -1.66667e-06
20550 -1.66667e-06
20600 -1.66667e-06
20650 -1.66667e-06
20700 -1.66667e-06
20750 -1.66667e-06
20800 -1.66667e-06
20850 -1.66667e-06
20900 -1.66667e-06
20950 -1.66667e-06
21000 -1.66667e-06
21050 -1.66667e-06
21100 -1.66667e-06
21150 -1.66667e-06
21200 -1.66667e-06
21250 -1.66667e-06
21300 -1.66667e-06
21350 -1.66667e-06
21400 -1.66667e-06
21450 -1.66667e-06
21500 -1.66667e-06
21550 -1.66667e-06
21600 -1.66667e-06
21650 -1.66667e-06
21700 -1.66667e-06
21750 -1.66667e-06
21800 -1.66667e-06
21850 -1.66667e-06
21900 -1.66667e-06
21950 -1.66667e-06
22000 -1.66667e-06
22050 -1.66667e-06
22100 -0.1
22150 -1.66667e-06
22200 -1.66667e-06
22250 -1.66667e-06
22300 -1.66667e-06
22350 -1.66667e-06
22400 -1.66667e-06
22450 -1.66667e-06
22500 -1.66667e-06
22550 -1.66667e-06
22600 -1.66667e-06
22650 -1.66667e-06
22700 -1.66667e-06
22750 -1.66667e-06
22800 -1.66667e-06
22850 -1.66667e-06
22900 -1.66667e-06
22950 -1.66667e-06
23000 -1.66667e-06
23050 -0.1
23100 -0.1
23150 -1.66667e-06
23200 -0.1
23250 -0.1
23300 -0.1
23350 -0.1
23400 -0.1
23450 -0.1
23500 -0.1
23550 -0.1
23600 -1.66667e-06
23650 -1.66667e-06
23700 -1.66667e-06
23750 -1.66667e-06
23800 -1.66667e-06
23850 -1.66667e-06
23900 -1.66667e-06
23950 -1.66667e-06
24000 -1.66667e-06
24050 -1.66667e-06
24100 -1.66667e-06
24150 -1.66667e-06
24200 -1.66667e-06
24250 -1.66667e-06
24300 -1.66667e-06
24350 -1.66667e-06
24400 -1.66667e-06
24450 -1.66667e-06
24500 -1.66667e-06
24550 -1.66667e-06
24600 -1.66667e-06
24650 -1.66667e-06
24700 -1.66667e-06
24750 -1.66667e-06
24800 -1.66667e-06
24850 -1.66667e-06
24900 -1.66667e-06
24950 -1.66667e-06
25000 -1.66667e-06
25050 -1.66667e-06
25100 -1.66667e-06
25150 -1.66667e-06
25200 -1.66667e-06
25250 -1.66667e-06
25300 -1.66667e-06
25350 -1.66667e-06
25400 -1.66667e-06
25450 -1.66667e-06
25500 -1.66667e-06
25550 -1.66667e-06
25600 -1.66667e-06
25650 -1.66667e-06
25700 -1.66667e-06
25750 -1.66667e-06
25800 -1.66667e-06
25850 -1.66667e-06
25900 -1.66667e-06
25950 -1.66667e-06
26000 -1.66667e-06
26050 -1.66667e-06
26100 -1.66667e-06
26150 -1.66667e-06
26200 -1.66667e-06
26250 -1.66667e-06
26300 -1.66667e-06
26350 -1.66667e-06
26400 -1.66667e-06
26450 -1.66667e-06
26500 -1.66667e-06
26550 -1.66667e-06
26600 -1.66667e-06
26650 -1.66667e-06
26700 -1.66667e-06
26750 -1.66667e-06
26800 -1.66667e-06
26850 -1.66667e-06
26900 -1.66667e-06
26950 -1.66667e-06
27000 -1.66667e-06
27050 -1.66667e-06
27100 -1.66667e-06
27150 -1.66667e-06
27200 -1.66667e-06
27250 -1.66667e-06
27300 -1.66667e-06
27350 -1.66667e-06
27400 -1.66667e-06
27450 -1.66667e-06
27500 -1.66667e-06
27550 -1.66667e-06
27600 -1.66667e-06
27650 -1.66667e-06
27700 -1.66667e-06
27750 -1.66667e-06
27800 -1.66667e-06
27850 -1.66667e-06
27900 -1.66667e-06
27950 -1.66667e-06
28000 -1.66667e-06
28050 -1.66667e-06
28100 -1.66667e-06
28150 -1.66667e-06
28200 -1.66667e-06
28250 -1.66667e-06
28300 -1.66667e-06
28350 -1.66667e-06
28400 -1.66667e-06
28450 -1.66667e-06
28500 -1.66667e-06
28550 -1.66667e-06
28600 -1.66667e-06
28650 -1.66667e-06
28700 -1.66667e-06
28750 -1.66667e-06
28800 -1.66667e-06
28850 -1.66667e-06
28900 -1.66667e-06
28950 -1.66667e-06
29000 -1.66667e-06
29050 -1.66667e-06
29100 -1.66667e-06
29150 -1.66667e-06
29200 -1.66667e-06
29250 -2.77556e-17
29300 -2.77556e-17
29350 -2.77556e-17
29400 -2.77556e-17
29450 -2.77556e-17
29500 -2.77556e-17
29550 -2.77556e-17
29600 -2.77556e-17
29650 -2.77556e-17
29700 -2.77556e-17
29750 -2.77556e-17
29800 -2.77556e-17
29850 -2.77556e-17
29900 -2.77556e-17
29950 -2.77556e-17
30000 -2.77556e-17
30050 -2.77556e-17
30100 -2.77556e-17
30150 -2.77556e-17
30200 -2.77556e-17
30250 -2.77556e-17
30300 -2.77556e-17
30350 -2.77556e-17
30400 -2.77556e-17
30450 -2.77556e-17
30500 -2.77556e-17
30550 -2.77556e-17
30600 -2.77556e-17
30650 -2.77556e-17
30700 -2.77556e-17
30750 -2.77556e-17
30800 -2.77556e-17
30850 -2.77556e-17
30900 -2.77556e-17
30950 -2.77556e-17
31000 -2.77556e-17
31050 -2.77556e-17
31100 -2.77556e-17
31150 -2.77556e-17
31200 -2.77556e-17
31250 -2.77556e-17
31300 -2.77556e-17
31350 -2.77556e-17
31400 -2.77556e-17
31450 -2.77556e-17
31500 -2.77556e-17
31550 -2.77556e-17
31600 -2.77556e-17
31650 -2.77556e-17
31700 -2.77556e-17
31750 -2.77556e-17
31800 -2.77556e-17
31850 -2.77556e-17
31900 -2.77556e-17
31950 -2.77556e-17
32000 -2.77556e-17
32050 -2.77556e-17
32100 -2.77556e-17
32150 -2.77556e-17
32200 -2.77556e-17
32250 -2.77556e-17
32300 -2.77556e-17
32350 -2.77556e-17
32400 -2.77556e-17
32450 -2.77556e-17
32500 -2.77556e-17
32550 -2.77556e-17
32600 -2.77556e-17
32650 -2.77556e-17
32700 -2.77556e-17
32750 -2.77556e-17
32800 -2.77556e-17
32850 -2.77556e-17
32900 -2.77556e-17
32950 -2.77556e-17
33000 -2.77556e-17
33050 -2.77556e-17
33100 -2.77556e-17
33150 -2.77556e-17
33200 -2.77556e-17
33250 -2.77556e-17
33300 -2.77556e-17
33350 -2.77556e-17
33400 -2.77556e-17
33450 -2.77556e-17
33500 -2.77556e-17
33550 -2.77556e-17
33600 -2.77556e-17
33650 -2.77556e-17
33700 -2.77556e-17
33750 -2.77556e-17
33800 -2.77556e-17
33850 -2.77556e-17
33900 -2.77556e-17
33950 -2.77556e-17
34000 -2.77556e-17
34050 -2.77556e-17
34100 -2.77556e-17
34150 -2.77556e-17
34200 -2.77556e-17
34250 -2.77556e-17
34300 -2.77556e-17
34350 -2.77556e-17
34400 -2.77556e-17
34450 -2.77556e-17
34500 -2.77556e-17
34550 -2.77556e-17
34600 -2.77556e-17
34650 -2.77556e-17
34700 -2.77556e-17
34750 -2.77556e-17
34800 -2.77556e-17
34850 -2.77556e-17
34900 -2.77556e-17
34950 -2.77556e-17
35000 -2.77556e-17
35050 -2.77556e-17
35100 -2.77556e-17
35150 -2.77556e-17
35200 -2.77556e-17
35250 -2.77556e-17
35300 -2.77556e-17
35350 -2.77556e-17
35400 -2.77556e-17
35450 -2.77556e-17
35500 -2.77556e-17
35550 -2.77556e-17
35600 -2.77556e-17
35650 -2.77556e-17
35700 -2.77556e-17
35750 -2.77556e-17
35800 -2.77556e-17
35850 -2.77556e-17
35900 -2.77556e-17
35950 -2.77556e-17
36000 -2.77556e-17
36050 -2.77556e-17
36100 -2.77556e-17
36150 -2.77556e-17
36200 -2.77556e-17
36250 -2.77556e-17
36300 -2.77556e-17
36350 -2.77556e-17
36400 -2.77556e-17
36450 -2.77556e-17
36500 -2.77556e-17
36550 -2.77556e-17
36600 -2.77556e-17
36650 -2.77556e-17
36700 -2.77556e-17
36750 -2.77556e-17
36800 -2.77556e-17
36850 -2.77556e-17
36900 -2.77556e-17
36950 -2.77556e-17
37000 -2.77556e-17
37050 -2.77556e-17
37100 -2.77556e-17
37150 -2.77556e-17
37200 -2.77556e-17
37250 -2.77556e-17
37300 -2.77556e-17
37350 -2.77556e-17
37400 -2.77556e-17
37450 -2.77556e-17
37500 -2.77556e-17
37550 -2.77556e-17
37600 -2.77556e-17
37650 -2.77556e-17
37700 -2.77556e-17
37750 -2.77556e-17
37800 -2.77556e-17
37850 -2.77556e-17
37900 -2.77556e-17
37950 -2.77556e-17
38000 -2.77556e-17
38050 -2.77556e-17
38100 -2.77556e-17
38150 -2.77556e-17
38200 -2.77556e-17
38250 -2.77556e-17
38300 -2.77556e-17
38350 -2.77556e-17
38400 -2.77556e-17
38450 -2.77556e-17
38500 -2.77556e-17
38550 -2.77556e-17
38600 -2.77556e-17
38650 -2.77556e-17
38700 -2.77556e-17
38750 -2.77556e-17
38800 -2.77556e-17
38850 -2.77556e-17
38900 -2.77556e-17
38950 -2.77556e-17
39000 -2.77556e-17
39050 -2.77556e-17
39100 -2.77556e-17
39150 -2.77556e-17
39200 -2.77556e-17
39250 -2.77556e-17
39300 -2.77556e-17
39350 -2.77556e-17
39400 -2.77556e-17
39450 -2.77556e-17
39500 -2.77556e-17
39550 -2.77556e-17
39600 -2.77556e-17
39650 -2.77556e-17
39700 -2.77556e-17
39750 -2.77556e-17
39800 -2.77556e-17
39850 -2.77556e-17
39900 -2.77556e-17
39950 -2.77556e-17
40000 -2.77556e-17
40050 -2.77556e-17
40100 -2.77556e-17
40150 -2.77556e-17
40200 -2.77556e-17
40250 -2.77556e-17
40300 -2.77556e-17
40350 -2.77556e-17
40400 -2.77556e-17
40450 -2.77556e-17
40500 -2.77556e-17
40550 -2.77556e-17
40600 -2.77556e-17
40650 -2.77556e-17
40700 -2.77556e-17
40750 -2.77556e-17
40800 -2.77556e-17
40850 -2.77556e-17
40900 -2.77556e-17
40950 -2.77556e-17
41000 -2.77556e-17
41050 -2.77556e-17
41100 -2.77556e-17
41150 -2.77556e-17
41200 -2.77556e-17
41250 -2.77556e-17
41300 -2.77556e-17
41350 -2.77556e-17
41400 -2.77556e-17
41450 -2.77556e-17
41500 -2.77556e-17
41550 -2.77556e-17
41600 -2.77556e-17
41650 -2.77556e-17
41700 -2.77556e-17
41750 -2.77556e-17
41800 -2.77556e-17
41850 -2.77556e-17
41900 -2.77556e-17
41950 -2.77556e-17
42000 -2.77556e-17
42050 -2.77556e-17
42100 -2.77556e-17
42150 -2.77556e-17
42200 -2.77556e-17
42250 -2.77556e-17
42300 -2.77556e-17
42350 -2.77556e-17
42400 -2.77556e-17
42450 -2.77556e-17
42500 -2.77556e-17
42550 -2.77556e-17
42600 -2.77556e-17
42650 -2.77556e-17
42700 -2.77556e-17
42750 -2.77556e-17
42800 -2.77556e-17
42850 -2.77556e-17
42900 -2.77556e-17
42950 -2.77556e-17
43000 -2.77556e-17
43050 -2.77556e-17
43100 -2.77556e-17
43150 -2.77556e-17
43200 -2.77556e-17
43250 -2.77556e-17
43300 -2.77556e-17
43350 -2.77556e-17
43400 -2.77556e-17
43450 -2.77556e-17
43500 -2.77556e-17
43550 -2.77556e-17
43600 -2.77556e-17
43650 -2.77556e-17
43700 -2.77556e-17
43750 -2.77556e-17
43800 -2.77556e-17
43850 -2.77556e-17
43900 -2.77556e-17
43950 -2.77556e-17
44000 -2.77556e-17
44050 -2.77556e-17
44100 -2.77556e-17
44150 -2.77556e-17
44200 -2.77556e-17
44250 -2.77556e-17
44300 -2.77556e-17
44350 -2.77556e-17
44400 -2.77556e-17
44450 -2.77556e-17
44500 -2.77556e-17
44550 -2.77556e-17
44600 -2.77556e-17
44650 -2.77556e-17
44700 -2.77556e-17
44750 -2.77556e-17
44800 -2.77556e-17
44850 -2.77556e-17
44900 -2.77556e-17
44950 -2.77556e-17
45000 -2.77556e-17
45050 -2.77556e-17
45100 -2.77556e-17
45150 -2.77556e-17
45200 -2.77556e-17
45250 -2.77556e-17
45300 -2.77556e-17
45350 -2.77556e-17
45400 -2.77556e-17
45450 -2.77556e-17
45500 -2.77556e-17
45550 -2.77556e-17
45600 -2.77556e-17
45650 -2.77556e-17
45700 -2.77556e-17
45750 -2.77556e-17
45800 -2.77556e-17
45850 -2.77556e-17
45900 -2.77556e-17
45950 -2.77556e-17
46000 -2.77556e-17
46050 -2.77556e-17
46100 -2.77556e-17
46150 -2.77556e-17
46200 -2.77556e-17
46250 -2.77556e-17
46300 -2.77556e-17
46350 -2.77556e-17
46400 -2.77556e-17
46450 -2.77556e-17
46500 -2.77556e-17
46550 -2.77556e-17
46600 -2.77556e-17
46650 -2.77556e-17
46700 -2.77556e-17
46750 -2.77556e-17
46800 -2.77556e-17
46850 -2.77556e-17
46900 -2.77556e-17
46950 -2.77556e-17
47000 -2.77556e-17
47050 -2.77556e-17
47100 -2.77556e-17
47150 -2.77556e-17
47200 -2.77556e-17
47250 -2.77556e-17
47300 -2.77556e-17
47350 -2.77556e-17
47400 -2.77556e-17
47450 -2.77556e-17
47500 -2.77556e-17
47550 -2.77556e-17
47600 -2.77556e-17
47650 -2.77556e-17
47700 -2.77556e-17
47750 -2.77556e-17
47800 -2.77556e-17
47850 -2.77556e-17
47900 -2.77556e-17
47950 -2.77556e-17
48000 -2.77556e-17
48050 -2.77556e-17
48100 -2.77556e-17
48150 -2.77556e-17
48200 -2.77556e-17
48250 -2.77556e-17
48300 -2.77556e-17
48350 -2.77556e-17
48400 -2.77556e-17
48450 -2.77556e-17
48500 -2.77556e-17
48550 -2.77556e-17
48600 -2.77556e-17
48650 -2.77556e-17
48700 -2.77556e-17
48750 -2.77556e-17
48800 -2.77556e-17
48850 -2.77556e-17
48900 -2.77556e-17
48950 -2.77556e-17
49000 -2.77556e-17
49050 -2.77556e-17
49100 -2.77556e-17
49150 -2.77556e-17
49200 -2.77556e-17
49250 -2.77556e-17
49300 -2.77556e-17
49350 -2.77556e-17
49400 -2.77556e-17
49450 -2.77556e-17
49500 -2.77556e-17
49550 -2.77556e-17
49600 -2.77556e-17
49650 -2.77556e-17
49700 -2.77556e-17
49750 -2.77556e-17
49800 -2.77556e-17
49850 -2.77556e-17
49900 -2.77556e-17
49950 -2.77556e-17
50000 -2.77556e-17
50050 -2.77556e-17
50100 -2.77556e-17
50150 -2.77556e-17
50200 -2.77556e-17
50250 -2.77556e-17
50300 -2.77556e-17
50350 -2.77556e-17
50400 -2.77556e-17
50450 -2.77556e-17
50500 -2.77556e-17
50550 -2.77556e-17
50600 -2.77556e-17
50650 -2.77556e-17
50700 -2.77556e-17
50750 -2.77556e-17
50800 -2.77556e-17
50850 -2.77556e-17
50900 -2.77556e-17
50950 -2.77556e-17
51000 -2.77556e-17
51050 -2.77556e-17
51100 -2.77556e-17
51150 -2.77556e-17
51200 -2.77556e-17
51250 -2.77556e-17
51300 -2.77556e-17
51350 -2.77556e-17
51400 -2.77556e-17
51450 -2.77556e-17
51500 -2.77556e-17
51550 -2.77556e-17
51600 -2.77556e-17
51650 -2.77556e-17
51700 -2.77556e-17
51750 -2.77556e-17
51800 -2.77556e-17
51850 -2.77556e-17
51900 -2.77556e-17
51950 -2.77556e-17
52000 -2.77556e-17
52050 -2.77556e-17
52100 -2.77556e-17
52150 -2.77556e-17
52200 -2.77556e-17
52250 -2.77556e-17
52300 -2.77556e-17
52350 -2.77556e-17
52400 -2.77556e-17
52450 -2.77556e-17
52500 -2.77556e-17
52550 -2.77556e-17
52600 -2.77556e-17
52650 -2.77556e-17
52700 -2.77556e-17
52750 -2.77556e-17
52800 -2.77556e-17
52850 -2.77556e-17
52900 -2.77556e-17
52950 -2.77556e-17
53000 -2.77556e-17
53050 -2.77556e-17
53100 -2.77556e-17
53150 -2.77556e-17
53200 -2.77556e-17
53250 -2.77556e-17
53300 -2.77556e-17
53350 -2.77556e-17
53400 -2.77556e-17
53450 -2.77556e-17
53500 -2.77556e-17
53550 -2.77556e-17
53600 -2.77556e-17
53650 -2.77556e-17
53700 -2.77556e-17
53750 -2.77556e-17
53800 -2.77556e-17
53850 -2.77556e-17
53900 -2.77556e-17
53950 -2.77556e-17
54000 -2.77556e-17
54050 -2.77556e-17
54100 -2.77556e-17
54150 -2.77556e-17
54200 -2.77556e-17
54250 -2.77556e-17
54300 -2.77556e-17
54350 -2.77556e-17
54400 -2.77556e-17
54450 -2.77556e-17
54500 -2.77556e-17
54550 -2.77556e-17
54600 -2.77556e-17
54650 -2.77556e-17
54700 -2.77556e-17
54750 -2.77556e-17
54800 -2.77556e-17
54850 -2.77556e-17
54900 -2.77556e-17
54950 -2.77556e-17
55000 -2.77556e-17
55050 -2.77556e-17
55100 -2.77556e-17
55150 -2.77556e-17
55200 -2.77556e-17
55250 -2.77556e-17
55300 -2.77556e-17
55350 -2.77556e-17
55400 -2.77556e-17
55450 -2.77556e-17
55500 -2.77556e-17
55550 -2.77556e-17
55600 -2.77556e-17
55650 -2.77556e-17
55700 -2.77556e-17
55750 -2.77556e-17
55800 -2.77556e-17
55850 -2.77556e-17
55900 -2.77556e-17
55950 -2.77556e-17
56000 -2.77556e-17
56050 -2.77556e-17
56100 -2.77556e-17
56150 -2.77556e-17
56200 -2.77556e-17
56250 -2.77556e-17
56300 -2.77556e-17
56350 -2.77556e-17
56400 -2.77556e-17
56450 -2.77556e-17
56500 -2.77556e-17
56550 -2.77556e-17
56600 -2.77556e-17
56650 -2.77556e-17
56700 -2.77556e-17
56750 -2.77556e-17
56800 -2.77556e-17
56850 -2.77556e-17
56900 -2.77556e-17
56950 -2.77556e-17
57000 -2.77556e-17
57050 -2.77556e-17
57100 -2.77556e-17
57150 -2.77556e-17
57200 -2.77556e-17
57250 -2.77556e-17
57300 -2.77556e-17
57350 -2.77556e-17
57400 -2.77556e-17
57450 -2.77556e-17
57500 -2.77556e-17
57550 -2.77556e-17
57600 -2.77556e-17
57650 -2.77556e-17
57700 -2.77556e-17
57750 -2.77556e-17
57800 -2.77556e-17
57850 -2.77556e-17
57900 -2.77556e-17
57950 -2.77556e-17
58000 -2.77556e-17
58050 -2.77556e-17
58100 -2.77556e-17
58150 -2.77556e-17
58200 -2.77556e-17
58250 -2.77556e-17
58300 -2.77556e-17
58350 -2.77556e-17
58400 -2.77556e-17
58450 -2.77556e-17
58500 -2.77556e-17
58550 -2.77556e-17
58600 -2.77556e-17
58650 -2.77556e-17
58700 -2.77556e-17
58750 -2.77556e-17
58800 -2.77556e-17
58850 -2.77556e-17
58900 -2.77556e-17
58950 -2.77556e-17
59000 -2.77556e-17
59050 -2.77556e-17
59100 -2.77556e-17
59150 -2.77556e-17
59200 -2.77556e-17
59250 -2.77556e-17
59300 -2.77556e-17
59350 -2.77556e-17
59400 -2.77556e-17
59450 -2.77556e-17
59500 -2.77556e-17
59550 -2.77556e-17
59600 -2.77556e-17
59650 -2.77556e-17
59700 -2.77556e-17
59750 -2.77556e-17
59800 -2.77556e-17
59850 -2.77556e-17
59900 -2.77556e-17
59950 -2.77556e-17
60000 -2.77556e-17
60050 -2.77556e-17
60100 -2.77556e-17
60150 -2.77556e-17
60200 -2.77556e-17
60250 -2.77556e-17
60300 -2.77556e-17
60350 -2.77556e-17
60400 -2.77556e-17
60450 -2.77556e-17
60500 -2.77556e-17
60550 -2.77556e-17
60600 -2.77556e-17
60650 -2.77556e-17
60700 -2.77556e-17
60750 -2.77556e-17
60800 -2.77556e-17
60850 -2.77556e-17
60900 -2.77556e-17
60950 -2.77556e-17
61000 -2.77556e-17
61050 -2.77556e-17
61100 -2.77556e-17
61150 -2.77556e-17
61200 -2.77556e-17
61250 -2.77556e-17
61300 -2.77556e-17
61350 -2.77556e-17
61400 -2.77556e-17
61450 -2.77556e-17
61500 -2.77556e-17
61550 -2.77556e-17
61600 -2.77556e-17
61650 -2.77556e-17
61700 -2.77556e-17
61750 -2.77556e-17
61800 -2.77556e-17
61850 -2.77556e-17
61900 -2.77556e-17
61950 -2.77556e-17
62000 -2.77556e-17
62050 -2.77556e-17
62100 -2.77556e-17
62150 -2.77556e-17
62200 -2.77556e-17
62250 -2.77556e-17
62300 -2.77556e-17
62350 -2.77556e-17
62400 -2.77556e-17
62450 -2.77556e-17
62500 -2.77556e-17
62550 -2.77556e-17
62600 -2.77556e-17
62650 -2.77556e-17
62700 -2.77556e-17
62750 -2.77556e-17
62800 -2.77556e-17
62850 -2.77556e-17
62900 -2.77556e-17
62950 -2.77556e-17
63000 -2.77556e-17
63050 -2.77556e-17
63100 -2.77556e-17
63150 -2.77556e-17
63200 -2.77556e-17
63250 -2.77556e-17
63300 -2.77556e-17
63350 -2.77556e-17
63400 -2.77556e-17
63450 -2.77556e-17
63500 -2.77556e-17
63550 -2.77556e-17
63600 -2.77556e-17
63650 -2.77556e-17
63700 -2.77556e-17
63750 -2.77556e-17
63800 -2.77556e-17
63850 -2.77556e-17
63900 -2.77556e-17
63950 -2.77556e-17
64000 -2.77556e-17
64050 -2.77556e-17
64100 -2.77556e-17
64150 -2.77556e-17
64200 -2.77556e-17
64250 -2.77556e-17
64300 -2.77556e-17
64350 -2.77556e-17
64400 -2.77556e-17
64450 -2.77556e-17
64500 -2.77556e-17
64550 -2.77556e-17
64600 -2.77556e-17
64650 -2.77556e-17
64700 -2.77556e-17
64750 -2.77556e-17
64800 -2.77556e-17
64850 -2.77556e-17
64900 -2.77556e-17
64950 -2.77556e-17
65000 -2.77556e-17
65050 -2.77556e-17
65100 -2.77556e-17
65150 -2.77556e-17
65200 -2.77556e-17
65250 -2.77556e-17
65300 -2.77556e-17
65350 -2.77556e-17
65400 -2.77556e-17
65450 -2.77556e-17
65500 -2.77556e-17
65550 -2.77556e-17
65600 -2.77556e-17
65650 -2.77556e-17
65700 -2.77556e-17
65750 -2.77556e-17
65800 -2.77556e-17
65850 -2.77556e-17
65900 -2.77556e-17
65950 -2.77556e-17
66000 -2.77556e-17
66050 -2.77556e-17
66100 -2.77556e-17
66150 -2.77556e-17
66200 -2.77556e-17
66250 -2.77556e-17
66300 -2.77556e-17
66350 -2.77556e-17
66400 -2.77556e-17
66450 -2.77556e-17
66500 -2.77556e-17
66550 -2.77556e-17
66600 -2.77556e-17
66650 -2.77556e-17
66700 -2.77556e-17
66750 -2.77556e-17
66800 -2.77556e-17
66850 -2.77556e-17
66900 -2.77556e-17
66950 -2.77556e-17
67000 -2.77556e-17
67050 -2.77556e-17
67100 -2.77556e-17
67150 -2.77556e-17
67200 -2.77556e-17
67250 -2.77556e-17
67300 -2.77556e-17
67350 -2.77556e-17
67400 -2.77556e-17
67450 -2.77556e-17
67500 -2.77556e-17
67550 -2.77556e-17
67600 -2.77556e-17
67650 -2.77556e-17
67700 -2.77556e-17
67750 -2.77556e-17
67800 -2.77556e-17
67850 -2.77556e-17
67900 -2.77556e-17
67950 -2.77556e-17
68000 -2.77556e-17
68050 -2.77556e-17
68100 -2.77556e-17
68150 -2.77556e-17
68200 -2.77556e-17
68250 -2.77556e-17
68300 -2.77556e-17
68350 -2.77556e-17
68400 -2.77556e-17
68450 -2.77556e-17
68500 -2.77556e-17
68550 -2.77556e-17
68600 -2.77556e-17
68650 -2.77556e-17
68700 -2.77556e-17
68750 -2.77556e-17
68800 -2.77556e-17
68850 -2.77556e-17
68900 -2.77556e-17
68950 -2.77556e-17
69000 -2.77556e-17
69050 -2.77556e-17
69100 -2.77556e-17
69150 -2.77556e-17
69200 -2.77556e-17
69250 -2.77556e-17
69300 -2.77556e-17
69350 -2.77556e-17
69400 -2.77556e-17
69450 -2.77556e-17
69500 -2.77556e-17
69550 -2.77556e-17
69600 -2.77556e-17
69650 -2.77556e-17
69700 -2.77556e-17
69750 -2.77556e-17
69800 -2.77556e-17
69850 -2.77556e-17
69900 -2.77556e-17
69950 -2.77556e-17
70000 -2.77556e-17
70050 -2.77556e-17
70100 -2.77556e-17
70150 -2.77556e-17
70200 -2.77556e-17
70250 -2.77556e-17
70300 -2.77556e-17
70350 -2.77556e-17
70400 -2.77556e-17
70450 -2.77556e-17
70500 -2.77556e-17
70550 -2.77556e-17
70600 -2.77556e-17
70650 -2.77556e-17
70700 -2.77556e-17
70750 -2.77556e-17
70800 -2.77556e-17
70850 -2.77556e-17
70900 -2.77556e-17
70950 -2.77556e-17
71000 -2.77556e-17
71050 -2.77556e-17
71100 -2.77556e-17
71150 -2.77556e-17
71200 -2.77556e-17
71250 -2.77556e-17
71300 -2.77556e-17
71350 -2.77556e-17
71400 -2.77556e-17
71450 -2.77556e-17
71500 -2.77556e-17
71550 -2.77556e-17
71600 -2.77556e-17
71650 -2.77556e-17
71700 -2.77556e-17
71750 -2.77556e-17
71800 -2.77556e-17
71850 -2.77556e-17
71900 -2.77556e-17
71950 -2.77556e-17
72000 -2.77556e-17
72050 -2.77556e-17
72100 -2.77556e-17
72150 -2.77556e-17
72200 -2.77556e-17
72250 -2.77556e-17
72300 -2.77556e-17
72350 -2.77556e-17
72400 -2.77556e-17
72450 -2.77556e-17
72500 -2.77556e-17
72550 -2.77556e-17
72600 -2.77556e-17
72650 -2.77556e-17
72700 -2.77556e-17
72750 -2.77556e-17
72800 -2.77556e-17
72850 -2.77556e-17
72900 -2.77556e-17
72950 -2.77556e-17
73000 -2.77556e-17
73050 -2.77556e-17
73100 -2.77556e-17
73150 -2.77556e-17
73200 -2.77556e-17
73250 -2.77556e-17
73300 -2.77556e-17
73350 -2.77556e-17
73400 -2.77556e-17
73450 -2.77556e-17
73500 -2.77556e-17
73550 -2.77556e-17
73600 -2.77556e-17
73650 -2.77556e-17
73700 -2.77556e-17
73750 -2.77556e-17
73800 -2.77556e-17
73850 -2.77556e-17
73900 -2.77556e-17
73950 -2.77556e-17
74000 -2.77556e-17
74050 -2.77556e-17
74100 -2.77556e-17
74150 -2.77556e-17
74200 -2.77556e-17
74250 -2.77556e-17
74300 -2.77556e-17
74350 -2.77556e-17
74400 -2.77556e-17
74450 -2.77556e-17
74500 -2.77556e-17
74550 -2.77556e-17
74600 -2.77556e-17
74650 -2.77556e-17
74700 -2.77556e-17
74750 -2.77556e-17
74800 -2.77556e-17
74850 -2.77556e-17
74900 -2.77556e-17
74950 -2.77556e-17
75000 -2.77556e-17
75050 -2.77556e-17
75100 -2.77556e-17
75150 -2.77556e-17
75200 -2.77556e-17
75250 -2.77556e-17
75300 -2.77556e-17
75350 -2.77556e-17
75400 -2.77556e-17
75450 -2.77556e-17
75500 -2.77556e-17
75550 -2.77556e-17
75600 -2.77556e-17
75650 -2.77556e-17
75700 -2.77556e-17
75750 -2.77556e-17
75800 -2.77556e-17
75850 -2.77556e-17
75900 -2.77556e-17
75950 -2.77556e-17
76000 -2.77556e-17
76050 -2.77556e-17
76100 -2.77556e-17
76150 -2.77556e-17
76200 -2.77556e-17
76250 -2.77556e-17
76300 -2.77556e-17
76350 -2.77556e-17
76400 -2.77556e-17
76450 -2.77556e-17
76500 -2.77556e-17
76550 -2.77556e-17
76600 -2.77556e-17
76650 -2.77556e-17
76700 -2.77556e-17
76750 -2.77556e-17
76800 -2.77556e-17
76850 -2.77556e-17
76900 -2.77556e-17
76950 -2.77556e-17
77000 -2.77556e-17
77050 -2.77556e-17
77100 -2.77556e-17
77150 -2.77556e-17
77200 -2.77556e-17
77250 -2.77556e-17
77300 -2.77556e-17
77350 -2.77556e-17
77400 -2.77556e-17
77450 -2.77556e-17
77500 -2.77556e-17
77550 -2.77556e-17
77600 -2.77556e-17
77650 -2.77556e-17
77700 -2.77556e-17
77750 -2.77556e-17
77800 -2.77556e-17
77850 -2.77556e-17
77900 -2.77556e-17
77950 -2.77556e-17
78000 -2.77556e-17
78050 -2.77556e-17
78100 -2.77556e-17
78150 -2.77556e-17
78200 -2.77556e-17
78250 -2.77556e-17
78300 -2.77556e-17
78350 -2.77556e-17
78400 -2.77556e-17
78450 -2.77556e-17
78500 -2.77556e-17
78550 -2.77556e-17
78600 -2.77556e-17
78650 -2.77556e-17
78700 -2.77556e-17
78750 -2.77556e-17
78800 -2.77556e-17
78850 -2.77556e-17
78900 -2.77556e-17
78950 -2.77556e-17
79000 -2.77556e-17
79050 -2.77556e-17
79100 -2.77556e-17
79150 -2.77556e-17
79200 -2.77556e-17
79250 -2.77556e-17
79300 -2.77556e-17
79350 -2.77556e-17
79400 -2.77556e-17
79450 -2.77556e-17
79500 -2.77556e-17
79550 -2.77556e-17
79600 -2.77556e-17
79650 -2.77556e-17
79700 -2.77556e-17
79750 -2.77556e-17
79800 -2.77556e-17
79850 -2.77556e-17
79900 -2.77556e-17
79950 -2.77556e-17
80000 -2.77556e-17
80050 -2.77556e-17
80100 -2.77556e-17
80150 -2.77556e-17
80200 -2.77556e-17
80250 -2.77556e-17
80300 -2.77556e-17
80350 -2.77556e-17
80400 -2.77556e-17
80450 -2.77556e-17
80500 -2.77556e-17
80550 -2.77556e-17
80600 -2.77556e-17
80650 -2.77556e-17
80700 -2.77556e-17
80750 -2.77556e-17
80800 -2.77556e-17
80850 -2.77556e-17
80900 -2.77556e-17
80950 -2.77556e-17
81000 -2.77556e-17
81050 -2.77556e-17
81100 -2.77556e-17
81150 -2.77556e-17
81200 -2.77556e-17
81250 -2.77556e-17
81300 -2.77556e-17
81350 -2.77556e-17
81400 -2.77556e-17
81450 -2.77556e-17
81500 -2.77556e-17
81550 -2.77556e-17
81600 -2.77556e-17
81650 -2.77556e-17
81700 -2.77556e-17
81750 -2.77556e-17
81800 -2.77556e-17
81850 -2.77556e-17
81900 -2.77556e-17
81950 -2.77556e-17
82000 -2.77556e-17
82050 -2.77556e-17
82100 -2.77556e-17
82150 -2.77556e-17
82200 -2.77556e-17
82250 -2.77556e-17
82300 -2.77556e-17
82350 -2.77556e-17
82400 -2.77556e-17
82450 -2.77556e-17
82500 -2.77556e-17
82550 -2.77556e-17
82600 -2.77556e-17
82650 -2.77556e-17
82700 -2.77556e-17
82750 -2.77556e-17
82800 -2.77556e-17
82850 -2.77556e-17
82900 -2.77556e-17
82950 -2.77556e-17
83000 -2.77556e-17
83050 -2.77556e-17
83100 -2.77556e-17
83150 -2.77556e-17
83200 -2.77556e-17
83250 -2.77556e-17
83300 -2.77556e-17
83350 -2.77556e-17
83400 -2.77556e-17
83450 -2.77556e-17
83500 -2.77556e-17
83550 -2.77556e-17
83600 -2.77556e-17
83650 -2.77556e-17
83700 -2.77556e-17
83750 -2.77556e-17
83800 -2.77556e-17
83850 -2.77556e-17
83900 -2.77556e-17
83950 -2.77556e-17
84000 -2.77556e-17
84050 -2.77556e-17
84100 -2.77556e-17
84150 -2.77556e-17
84200 -2.77556e-17
84250 -2.77556e-17
84300 -2.77556e-17
84350 -2.77556e-17
84400 -2.77556e-17
84450 -2.77556e-17
84500 -2.77556e-17
84550 -2.77556e-17
84600 -2.77556e-17
84650 -2.77556e-17
84700 -2.77556e-17
84750 -2.77556e-17
84800 -2.77556e-17
84850 -2.77556e-17
84900 -2.77556e-17
84950 -2.77556e-17
85000 -2.77556e-17
85050 -2.77556e-17
85100 -2.77556e-17
85150 -2.77556e-17
85200 -2.77556e-17
85250 -2.77556e-17
85300 -2.77556e-17
85350 -2.77556e-17
85400 -2.77556e-17
85450 -2.77556e-17
85500 -2.77556e-17
85550 -2.77556e-17
85600 -2.77556e-17
85650 -2.77556e-17
85700 -2.77556e-17
85750 -2.77556e-17
85800 -2.77556e-17
85850 -2.77556e-17
85900 -2.77556e-17
85950 -2.77556e-17
86000 -2.77556e-17
86050 -2.77556e-17
86100 -2.77556e-17
86150 -2.77556e-17
86200 -2.77556e-17
86250 -2.77556e-17
86300 -2.77556e-17
86350 -2.77556e-17
86400 -2.77556e-17
86450 -2.77556e-17
86500 -2.77556e-17
86550 -2.77556e-17
86600 -2.77556e-17
86650 -2.77556e-17
86700 -2.77556e-17
86750 -2.77556e-17
86800 -2.77556e-17
86850 -2.77556e-17
86900 -2.77556e-17
86950 -2.77556e-17
87000 -2.77556e-17
87050 -2.77556e-17
87100 -2.77556e-17
87150 -2.77556e-17
87200 -2.77556e-17
87250 -2.77556e-17
87300 -2.77556e-17
87350 -2.77556e-17
87400 -2.77556e-17
87450 -2.77556e-17
87500 -2.77556e-17
87550 -2.77556e-17
87600 -2.77556e-17
87650 -2.77556e-17
87700 -2.77556e-17
87750 -2.77556e-17
87800 -2.77556e-17
87850 -2.77556e-17
87900 -2.77556e-17
87950 -2.77556e-17
88000 -2.77556e-17
88050 -2.77556e-17
88100 -2.77556e-17
88150 -2.77556e-17
88200 -2.77556e-17
88250 -2.77556e-17
88300 -2.77556e-17
88350 -2.77556e-17
88400 -2.77556e-17
88450 -2.77556e-17
88500 -2.77556e-17
88550 -2.77556e-17
88600 -2.77556e-17
88650 -2.77556e-17
88700 -2.77556e-17
88750 -2.77556e-17
88800 -2.77556e-17
88850 -2.77556e-17
88900 -2.77556e-17
88950 -2.77556e-17
89000 -2.77556e-17
89050 -2.77556e-17
89100 -2.77556e-17
89150 -2.77556e-17
89200 -2.77556e-17
89250 -2.77556e-17
89300 -2.77556e-17
89350 -2.77556e-17
89400 -2.77556e-17
89450 -2.77556e-17
89500 -2.77556e-17
89550 -2.77556e-17
89600 -2.77556e-17
89650 -2.77556e-17
89700 -2.77556e-17
89750 -2.77556e-17
89800 -2.77556e-17
89850 -2.77556e-17
89900 -2.77556e-17
89950 -2.77556e-17
90000 -2.77556e-17
90050 -2.77556e-17
90100 -2.77556e-17
90150 -2.77556e-17
90200 -2.77556e-17
90250 -2.77556e-17
90300 -2.77556e-17
90350 -2.77556e-17
90400 -2.77556e-17
90450 -2.77556e-17
90500 -2.77556e-17
90550 -2.77556e-17
90600 -2.77556e-17
90650 -2.77556e-17
90700 -2.77556e-17
90750 -2.77556e-17
90800 -2.77556e-17
90850 -2.77556e-17
90900 -2.77556e-17
90950 -2.77556e-17
91000 -2.77556e-17
91050 -2.77556e-17
91100 -2.77556e-17
91150 -2.77556e-17
91200 -2.77556e-17
91250 -2.77556e-17
91300 -2.77556e-17
91350 -2.77556e-17
91400 -2.77556e-17
91450 -2.77556e-17
91500 -2.77556e-17
91550 -2.77556e-17
91600 -2.77556e-17
91650 -2.77556e-17
91700 -2.77556e-17
91750 -2.77556e-17
91800 -2.77556e-17
91850 -2.77556e-17
91900 -2.77556e-17
91950 -2.77556e-17
92000 -2.77556e-17
92050 -2.77556e-17
92100 -2.77556e-17
92150 -2.77556e-17
92200 -2.77556e-17
92250 -2.77556e-17
92300 -2.77556e-17
92350 -2.77556e-17
92400 -2.77556e-17
92450 -2.77556e-17
92500 -2.77556e-17
92550 -2.77556e-17
92600 -2.77556e-17
92650 -2.77556e-17
92700 -2.77556e-17
92750 -2.77556e-17
92800 -2.77556e-17
92850 -2.77556e-17
92900 -2.77556e-17
92950 -2.77556e-17
93000 -2.77556e-17
93050 -2.77556e-17
93100 -2.77556e-17
93150 -2.77556e-17
93200 -2.77556e-17
93250 -2.77556e-17
93300 -2.77556e-17
93350 -2.77556e-17
93400 -2.77556e-17
93450 -2.77556e-17
93500 -2.77556e-17
93550 -2.77556e-17
93600 -2.77556e-17
93650 -2.77556e-17
93700 -2.77556e-17
93750 -2.77556e-17
93800 -2.77556e-17
93850 -2.77556e-17
93900 -2.77556e-17
93950 -2.77556e-17
94000 -2.77556e-17
94050 -2.77556e-17
94100 -2.77556e-17
94150 -2.77556e-17
94200 -2.77556e-17
94250 -2.77556e-17
94300 -2.77556e-17
94350 -2.77556e-17
94400 -2.77556e-17
94450 -2.77556e-17
94500 -2.77556e-17
94550 -2.77556e-17
94600 -2.77556e-17
94650 -2.77556e-17
94700 -2.77556e-17
94750 -2.77556e-17
94800 -2.77556e-17
94850 -2.77556e-17
94900 -2.77556e-17
94950 -2.77556e-17
95000 -2.77556e-17
95050 -2.77556e-17
95100 -2.77556e-17
95150 -2.77556e-17
95200 -2.77556e-17
95250 -2.77556e-17
95300 -2.77556e-17
95350 -2.77556e-17
95400 -2.77556e-17
95450 -2.77556e-17
95500 -2.77556e-17
95550 -2.77556e-17
95600 -2.77556e-17
95650 -2.77556e-17
95700 -2.77556e-17
95750 -2.77556e-17
95800 -2.77556e-17
95850 -2.77556e-17
95900 -2.77556e-17
95950 -2.77556e-17
96000 -2.77556e-17
96050 -2.77556e-17
96100 -2.77556e-17
96150 -2.77556e-17
96200 -2.77556e-17
96250 -2.77556e-17
96300 -2.77556e-17
96350 -2.77556e-17
96400 -2.77556e-17
96450 -2.77556e-17
96500 -2.77556e-17
96550 -2.77556e-17
96600 -2.77556e-17
96650 -2.77556e-17
96700 -2.77556e-17
96750 -2.77556e-17
96800 -2.77556e-17
96850 -2.77556e-17
96900 -2.77556e-17
96950 -2.77556e-17
97000 -2.77556e-17
97050 -2.77556e-17
97100 -2.77556e-17
97150 -2.77556e-17
97200 -2.77556e-17
97250 -2.77556e-17
97300 -2.77556e-17
97350 -2.77556e-17
97400 -2.77556e-17
97450 -2.77556e-17
97500 -2.77556e-17
97550 -2.77556e-17
97600 -2.77556e-17
97650 -2.77556e-17
97700 -2.77556e-17
97750 -2.77556e-17
97800 -2.77556e-17
97850 -2.77556e-17
97900 -2.77556e-17
97950 -2.77556e-17
98000 -2.77556e-17
98050 -2.77556e-17
98100 -2.77556e-17
98150 -2.77556e-17
98200 -2.77556e-17
98250 -2.77556e-17
98300 -2.77556e-17
98350 -2.77556e-17
98400 -2.77556e-17
98450 -2.77556e-17
98500 -2.77556e-17
98550 -2.77556e-17
98600 -2.77556e-17
98650 -2.77556e-17
98700 -2.77556e-17
98750 -2.77556e-17
98800 -2.77556e-17
98850 -2.77556e-17
98900 -2.77556e-17
98950 -2.77556e-17
99000 -2.77556e-17
99050 -2.77556e-17
99100 -2.77556e-17
99150 -2.77556e-17
99200 -2.77556e-17
99250 -2.77556e-17
99300 -2.77556e-17
99350 -2.77556e-17
99400 -2.77556e-17
99450 -2.77556e-17
99500 -2.77556e-17
99550 -2.77556e-17
99600 -2.77556e-17
99650 -2.77556e-17
99700 -2.77556e-17
99750 -2.77556e-17
99800 -2.77556e-17
99850 -2.77556e-17
99900 -2.77556e-17
99950 -2.77556e-17
100000 -2.77556e-17
100050 -2.77556e-17
100100 -2.77556e-17
100150 -2.77556e-17
100200 -2.77556e-17
100250 -2.77556e-17
100300 -2.77556e-17
100350 -2.77556e-17
100400 -2.77556e-17
100450 -2.77556e-17
100500 -2.77556e-17
100550 -2.77556e-17
100600 -2.77556e-17
100650 -2.77556e-17
100700 -2.77556e-17
100750 -2.77556e-17
100800 -2.77556e-17
100850 -2.77556e-17
100900 -2.77556e-17
100950 -2.77556e-17
101000 -2.77556e-17
101050 -2.77556e-17
101100 -2.77556e-17
101150 -2.77556e-17
101200 -2.77556e-17
101250 -2.77556e-17
101300 -2.77556e-17
101350 -2.77556e-17
101400 -2.77556e-17
101450 -2.77556e-17
101500 -2.77556e-17
101550 -2.77556e-17
101600 -2.77556e-17
101650 -2.77556e-17
101700 -2.77556e-17
101750 -2.77556e-17
101800 -2.77556e-17
101850 -2.77556e-17
101900 -2.77556e-17
101950 -2.77556e-17
102000 -2.77556e-17
102050 -2.77556e-17
102100 -2.77556e-17
102150 -2.77556e-17
102200 -2.77556e-17
102250 -2.77556e-17
102300 -2.77556e-17
102350 -2.77556e-17
102400 -2.77556e-17
102450 -2.77556e-17
102500 -2.77556e-17
102550 -2.77556e-17
102600 -2.77556e-17
102650 -2.77556e-17
102700 -2.77556e-17
102750 -2.77556e-17
102800 -2.77556e-17
102850 -2.77556e-17
102900 -2.77556e-17
102950 -2.77556e-17
103000 -2.77556e-17
103050 -2.77556e-17
103100 -2.77556e-17
103150 -2.77556e-17
103200 -2.77556e-17
103250 -2.77556e-17
103300 -2.77556e-17
103350 -2.77556e-17
103400 -2.77556e-17
103450 -2.77556e-17
103500 -2.77556e-17
103550 -2.77556e-17
103600 -2.77556e-17
103650 -2.77556e-17
103700 -2.77556e-17
103750 -2.77556e-17
103800 -2.77556e-17
103850 -2.77556e-17
103900 -2.77556e-17
103950 -2.77556e-17
104000 -2.77556e-17
104050 -2.77556e-17
104100 -2.77556e-17
104150 -2.77556e-17
104200 -2.77556e-17
104250 -2.77556e-17
104300 -2.77556e-17
104350 -2.77556e-17
104400 -2.77556e-17
104450 -2.77556e-17
104500 -2.77556e-17
104550 -2.77556e-17
104600 -2.77556e-17
104650 -2.77556e-17
104700 -2.77556e-17
104750 -2.77556e-17
104800 -2.77556e-17
104850 -2.77556e-17
104900 -2.77556e-17
104950 -2.77556e-17
105000 -2.77556e-17
105050 -2.77556e-17
105100 -2.77556e-17
105150 -2.77556e-17
105200 -2.77556e-17
105250 -2.77556e-17
105300 -2.77556e-17
