50 -0.255557
100 -0.1
150 -0.0666683
200 -0.08889
250 -1.66667e-06
300 -0.255555
350 -0.188888
400 -1.66667e-06
450 -1.66667e-06
500 -0.188888
550 -0.0666683
600 -0.188888
650 -0.0666683
700 -0.255555
750 -0.0666683
800 -0.0666683
850 -1.66667e-06
900 -1.66667e-06
950 -1.66667e-06
1000 0
1050 -0.18889
1100 -1.66667e-06
1150 -0.1
1200 -1.66667e-06
1250 -1.66667e-06
1300 -1.66667e-06
1350 -1.66667e-06
1400 -1.66667e-06
1450 -1.66667e-06
1500 -1.66667e-06
1550 -1.66667e-06
1600 -1.66667e-06
1650 -1.66667e-06
1700 -0.0666683
1750 -1.66667e-06
1800 -0.0666683
1850 -1.66667e-06
1900 -2.77556e-17
1950 -1.66667e-06
2000 -1.66667e-06
2050 -1.66667e-06
2100 -1.66667e-06
2150 -0.166667
2200 -0.166667
2250 -1.66667e-06
2300 -1.66667e-06
2350 -1.66667e-06
2400 -1.66667e-06
2450 -1.66667e-06
2500 -1.66667e-06
2550 -1.66667e-06
2600 -0.188888
2650 -0.188888
2700 -0.188888
2750 -0.188888
2800 -0.188888
2850 -0.188888
2900 -1.66667e-06
2950 -1.66667e-06
3000 -1.66667e-06
3050 -1.66667e-06
3100 0
3150 -1.66667e-06
3200 -1.66667e-06
3250 -1.66667e-06
3300 -1.66667e-06
3350 -1.66667e-06
3400 -0.0666667
3450 -1.66667e-06
3500 -0.0666667
3550 -0.0666667
3600 -0.0666667
3650 -0.0666667
3700 -0.0666667
3750 0
3800 0
3850 -0.0666667
3900 -0.0666667
3950 0
4000 -0.0666667
4050 0
4100 -1.66667e-06
4150 -1.66667e-06
4200 0
4250 0
4300 -0.0666667
4350 0
4400 -1.66667e-06
4450 -1.66667e-06
4500 -1.66667e-06
4550 -1.66667e-06
4600 -1.66667e-06
4650 -1.66667e-06
4700 -1.66667e-06
4750 -1.66667e-06
4800 -1.66667e-06
4850 -1.66667e-06
4900 -1.66667e-06
4950 -1.66667e-06
5000 -0.1
5050 -1.66667e-06
5100 -1.66667e-06
5150 -1.66667e-06
5200 -0.255555
5250 -1.66667e-06
5300 -1.66667e-06
5350 -1.66667e-06
5400 -1.66667e-06
5450 -1.66667e-06
5500 -1.66667e-06
5550 -1.66667e-06
5600 -1.66667e-06
5650 -1.66667e-06
5700 -1.66667e-06
5750 -1.66667e-06
5800 -1.66667e-06
5850 -1.66667e-06
5900 -1.66667e-06
5950 -1.66667e-06
6000 -1.66667e-06
6050 -1.66667e-06
6100 -1.66667e-06
6150 -1.66667e-06
6200 -0.0666683
6250 -1.66667e-06
6300 -1.66667e-06
6350 -1.66667e-06
6400 -1.66667e-06
6450 -1.66667e-06
6500 -1.66667e-06
6550 -1.66667e-06
6600 -1.66667e-06
6650 -1.66667e-06
6700 -1.66667e-06
6750 -1.66667e-06
6800 -1.66667e-06
6850 -1.66667e-06
6900 -1.66667e-06
6950 -1.66667e-06
7000 -1.66667e-06
7050 -1.66667e-06
7100 -1.66667e-06
7150 -1.66667e-06
7200 -1.66667e-06
7250 -1.66667e-06
7300 -1.66667e-06
7350 -1.66667e-06
7400 -1.66667e-06
7450 -1.66667e-06
7500 -1.66667e-06
7550 -1.66667e-06
7600 -1.66667e-06
7650 -1.66667e-06
7700 -1.66667e-06
7750 -1.66667e-06
7800 -1.66667e-06
7850 -1.66667e-06
7900 -1.66667e-06
7950 -1.66667e-06
8000 -1.66667e-06
8050 -1.66667e-06
8100 -1.66667e-06
8150 -1.66667e-06
8200 -1.66667e-06
8250 -1.66667e-06
8300 -1.66667e-06
8350 -1.66667e-06
8400 -1.66667e-06
8450 -1.66667e-06
8500 -1.66667e-06
8550 -1.66667e-06
8600 -1.66667e-06
8650 -1.66667e-06
8700 -1.66667e-06
8750 -1.66667e-06
8800 -1.66667e-06
8850 -1.66667e-06
8900 -1.66667e-06
8950 -1.66667e-06
9000 -1.66667e-06
9050 -1.66667e-06
9100 -1.66667e-06
9150 -1.66667e-06
9200 -1.66667e-06
9250 -1.66667e-06
9300 -1.66667e-06
9350 -1.66667e-06
9400 -1.66667e-06
9450 -1.66667e-06
9500 -1.66667e-06
9550 -1.66667e-06
9600 -1.66667e-06
9650 -1.66667e-06
9700 -1.66667e-06
9750 -1.66667e-06
9800 -1.66667e-06
9850 -1.66667e-06
9900 -1.66667e-06
9950 -1.66667e-06
10000 -1.66667e-06
10050 -1.66667e-06
10100 0
10150 0
10200 0
10250 -1.66667e-06
10300 -1.66667e-06
10350 -1.66667e-06
10400 -1.66667e-06
10450 -1.66667e-06
10500 -1.66667e-06
10550 -1.66667e-06
10600 -1.66667e-06
10650 -1.66667e-06
10700 -1.66667e-06
10750 -1.66667e-06
10800 -1.66667e-06
10850 -1.66667e-06
10900 -1.66667e-06
10950 -1.66667e-06
11000 -1.66667e-06
11050 -1.66667e-06
11100 -1.66667e-06
11150 -1.66667e-06
11200 -1.66667e-06
11250 -1.66667e-06
11300 -1.66667e-06
11350 -1.66667e-06
11400 -1.66667e-06
11450 -1.66667e-06
11500 -1.66667e-06
11550 -1.66667e-06
11600 -1.66667e-06
11650 0
11700 -1.66667e-06
11750 -1.66667e-06
11800 -1.66667e-06
11850 -1.66667e-06
11900 -1.66667e-06
11950 -1.66667e-06
12000 -1.66667e-06
12050 -1.66667e-06
12100 -1.66667e-06
12150 -1.66667e-06
12200 -1.66667e-06
12250 -1.66667e-06
12300 -1.66667e-06
12350 -1.66667e-06
12400 -1.66667e-06
12450 -1.66667e-06
12500 -1.66667e-06
12550 -1.66667e-06
12600 -1.66667e-06
12650 -1.66667e-06
12700 -1.66667e-06
12750 -1.66667e-06
12800 -1.66667e-06
12850 -1.66667e-06
12900 -1.66667e-06
12950 -1.66667e-06
13000 -1.66667e-06
13050 -1.66667e-06
13100 -1.66667e-06
13150 -1.66667e-06
13200 -1.66667e-06
13250 -1.66667e-06
13300 -1.66667e-06
13350 -1.66667e-06
13400 -1.66667e-06
13450 -1.66667e-06
13500 -1.66667e-06
13550 -1.66667e-06
13600 -1.66667e-06
13650 -1.66667e-06
13700 -0.0666683
13750 -0.0666683
13800 -0.0666683
13850 -0.0666683
13900 -0.0666683
13950 -0.0666683
14000 -0.0666683
14050 -1.66667e-06
14100 -1.66667e-06
14150 -1.66667e-06
14200 -1.66667e-06
14250 -1.66667e-06
14300 -1.66667e-06
14350 -1.66667e-06
14400 -1.66667e-06
14450 -1.66667e-06
14500 -1.66667e-06
14550 -1.66667e-06
14600 -1.66667e-06
14650 -1.66667e-06
14700 -1.66667e-06
14750 -1.66667e-06
14800 -1.66667e-06
14850 -1.66667e-06
14900 -1.66667e-06
14950 -1.66667e-06
15000 -1.66667e-06
15050 -1.66667e-06
15100 0
15150 0
15200 0
15250 0
15300 -1.66667e-06
15350 -1.66667e-06
15400 -1.66667e-06
15450 -1.66667e-06
15500 -1.66667e-06
15550 -1.66667e-06
15600 -1.66667e-06
15650 -1.66667e-06
15700 -1.66667e-06
15750 -1.66667e-06
15800 -1.66667e-06
15850 -1.66667e-06
15900 -1.66667e-06
15950 -1.66667e-06
16000 -1.66667e-06
16050 -1.66667e-06
16100 -1.66667e-06
16150 -1.66667e-06
16200 -1.66667e-06
16250 -1.66667e-06
16300 -1.66667e-06
16350 -1.66667e-06
16400 -1.66667e-06
16450 -1.66667e-06
16500 -1.66667e-06
16550 -1.66667e-06
16600 0
16650 -1.66667e-06
16700 -1.66667e-06
16750 -1.66667e-06
16800 -1.66667e-06
16850 -1.66667e-06
16900 -1.66667e-06
16950 -1.66667e-06
17000 -1.66667e-06
17050 -1.66667e-06
17100 -1.66667e-06
17150 -1.66667e-06
17200 -1.66667e-06
17250 -1.66667e-06
17300 -1.66667e-06
17350 -1.66667e-06
17400 -1.66667e-06
17450 -1.66667e-06
17500 -1.66667e-06
17550 -1.66667e-06
17600 -1.66667e-06
17650 0
17700 0
17750 0
17800 0
17850 0
17900 0
17950 0
18000 0
18050 -1.66667e-06
18100 -1.66667e-06
18150 -1.66667e-06
18200 -1.66667e-06
18250 -1.66667e-06
18300 -1.66667e-06
18350 0
18400 -1.66667e-06
18450 -1.66667e-06
18500 -1.66667e-06
18550 -1.66667e-06
18600 0
18650 -1.66667e-06
18700 -1.66667e-06
18750 0
18800 0
18850 0
18900 0
18950 0
19000 -1.66667e-06
19050 -1.66667e-06
19100 -1.66667e-06
19150 -1.66667e-06
19200 -1.66667e-06
19250 -1.66667e-06
19300 -1.66667e-06
19350 -1.66667e-06
19400 -1.66667e-06
19450 -1.66667e-06
19500 -1.66667e-06
19550 -1.66667e-06
19600 -1.66667e-06
19650 -1.66667e-06
19700 -1.66667e-06
19750 -1.66667e-06
19800 -1.66667e-06
19850 0
19900 0
19950 0
20000 0
20050 0
20100 0
20150 0
20200 0
20250 0
20300 0
20350 0
20400 0
20450 0
20500 0
20550 0
20600 0
20650 0
20700 0
20750 0
20800 0
20850 0
20900 0
20950 0
21000 0
21050 0
21100 0
21150 0
21200 0
21250 0
21300 0
21350 0
21400 0
21450 0
21500 0
21550 0
21600 0
21650 0
21700 0
21750 0
21800 0
21850 0
21900 0
21950 0
22000 0
22050 0
22100 0
22150 0
22200 0
22250 0
22300 0
22350 0
22400 0
22450 0
22500 0
22550 0
22600 0
22650 0
22700 0
22750 0
22800 0
22850 0
22900 0
22950 0
23000 0
23050 0
23100 0
23150 0
23200 0
23250 0
23300 0
23350 0
23400 0
23450 0
23500 0
23550 0
23600 0
23650 0
23700 0
23750 0
23800 0
23850 0
23900 0
23950 0
24000 0
24050 0
24100 0
24150 0
24200 0
24250 0
24300 0
24350 0
24400 0
24450 0
24500 0
24550 0
24600 0
24650 0
24700 0
24750 0
24800 0
24850 0
24900 0
24950 0
25000 0
25050 0
25100 0
25150 0
25200 0
25250 0
25300 0
25350 0
25400 0
25450 0
25500 0
25550 0
25600 0
25650 0
25700 0
25750 0
25800 0
25850 0
25900 0
25950 0
26000 0
26050 0
26100 0
26150 0
26200 0
26250 0
26300 0
26350 0
26400 0
26450 0
26500 0
26550 0
26600 0
26650 0
26700 0
26750 0
26800 0
26850 0
26900 0
26950 0
27000 0
27050 0
27100 0
27150 0
27200 0
27250 0
27300 0
27350 0
27400 0
27450 0
27500 0
27550 0
27600 0
27650 0
27700 0
27750 0
27800 0
27850 0
27900 0
27950 0
28000 0
28050 0
28100 0
28150 0
28200 0
28250 0
28300 0
28350 0
28400 0
28450 0
28500 0
28550 0
28600 0
28650 0
28700 0
28750 0
28800 0
28850 0
28900 0
28950 0
29000 0
29050 0
29100 0
29150 0
29200 0
29250 0
29300 0
29350 0
29400 0
29450 0
29500 0
29550 0
29600 0
29650 0
29700 0
29750 0
29800 0
29850 0
29900 0
29950 0
30000 0
30050 0
30100 0
30150 0
30200 0
30250 0
30300 0
30350 0
30400 0
30450 0
30500 0
30550 0
30600 0
30650 0
30700 0
30750 0
30800 0
30850 0
30900 0
30950 0
31000 0
31050 0
31100 0
31150 0
31200 0
31250 0
31300 0
31350 0
31400 0
31450 0
31500 0
31550 0
31600 0
31650 0
31700 0
31750 0
31800 0
31850 0
31900 0
31950 0
32000 0
32050 0
32100 0
32150 0
32200 0
32250 0
32300 0
32350 0
32400 0
32450 0
32500 0
32550 0
32600 0
32650 0
32700 0
32750 0
32800 0
32850 0
32900 0
32950 0
33000 0
33050 0
33100 0
33150 0
33200 0
33250 0
33300 0
33350 0
33400 0
33450 0
33500 0
33550 0
33600 0
33650 0
33700 0
33750 0
33800 0
33850 0
33900 0
33950 0
34000 0
34050 0
34100 0
34150 0
34200 0
34250 0
34300 0
34350 0
34400 0
34450 0
34500 0
34550 0
34600 0
34650 0
34700 0
34750 0
34800 0
34850 0
34900 0
34950 0
35000 0
35050 0
35100 0
35150 0
35200 0
35250 0
35300 0
35350 0
35400 0
35450 0
35500 0
35550 0
35600 0
35650 0
35700 0
35750 0
35800 0
35850 0
35900 0
35950 0
36000 0
36050 0
36100 0
36150 0
36200 0
36250 0
36300 0
36350 0
36400 0
36450 0
36500 0
36550 0
36600 0
36650 0
36700 0
36750 0
36800 0
36850 0
36900 0
36950 0
37000 0
37050 0
37100 0
37150 0
37200 0
37250 0
37300 0
37350 0
37400 0
37450 0
37500 0
37550 0
37600 0
37650 0
37700 0
37750 0
37800 0
37850 0
37900 0
37950 0
38000 0
38050 0
38100 0
38150 0
38200 0
38250 0
38300 0
38350 0
38400 0
38450 0
38500 0
38550 0
38600 0
38650 0
38700 0
38750 0
38800 0
38850 0
38900 0
38950 0
39000 0
39050 0
39100 0
39150 0
39200 0
39250 0
39300 0
39350 -1.66667e-06
39400 0
39450 0
39500 0
39550 0
39600 0
39650 -1.66667e-06
39700 0
39750 -1.66667e-06
39800 0
39850 0
39900 0
39950 0
40000 0
40050 0
40100 0
40150 0
40200 0
40250 0
40300 0
40350 0
40400 0
40450 0
40500 0
40550 0
40600 0
40650 0
40700 0
40750 0
40800 0
40850 0
40900 0
40950 0
41000 0
41050 0
41100 0
41150 0
41200 0
41250 0
41300 0
41350 0
41400 0
41450 0
41500 0
41550 0
41600 0
41650 0
41700 0
41750 0
41800 0
41850 0
41900 0
41950 0
42000 0
42050 0
42100 0
42150 0
42200 0
42250 0
42300 0
42350 0
42400 0
42450 0
42500 0
42550 0
42600 0
42650 0
42700 0
42750 -1.66667e-06
42800 0
42850 0
42900 0
42950 0
43000 0
43050 0
43100 0
43150 0
43200 0
43250 0
43300 0
43350 0
43400 0
43450 0
43500 0
43550 0
43600 0
43650 0
43700 0
43750 0
43800 0
43850 0
43900 0
43950 0
44000 0
44050 0
44100 0
44150 0
44200 0
44250 0
44300 0
44350 0
44400 0
44450 0
44500 0
44550 0
44600 0
44650 0
44700 0
44750 0
44800 0
44850 0
44900 0
44950 0
45000 0
45050 0
45100 0
45150 0
45200 0
45250 0
45300 0
45350 0
45400 0
45450 0
45500 0
45550 0
45600 0
45650 0
45700 0
45750 0
45800 0
45850 0
45900 0
45950 0
46000 0
46050 0
46100 0
46150 0
46200 0
46250 0
46300 0
46350 0
46400 0
46450 0
46500 0
46550 0
46600 -1.66667e-06
46650 -1.66667e-06
46700 -1.66667e-06
46750 -1.66667e-06
46800 -1.66667e-06
46850 -1.66667e-06
46900 -1.66667e-06
46950 -1.66667e-06
47000 -1.66667e-06
47050 -1.66667e-06
47100 -1.66667e-06
47150 -1.66667e-06
47200 -1.66667e-06
47250 -1.66667e-06
47300 -1.66667e-06
47350 -1.66667e-06
47400 -1.66667e-06
47450 -1.66667e-06
47500 -1.66667e-06
47550 -1.66667e-06
47600 -1.66667e-06
47650 -1.66667e-06
47700 -1.66667e-06
47750 -1.66667e-06
47800 -1.66667e-06
47850 -1.66667e-06
47900 -1.66667e-06
47950 -1.66667e-06
48000 -1.66667e-06
48050 -1.66667e-06
48100 -1.66667e-06
48150 -1.66667e-06
48200 -1.66667e-06
48250 -1.66667e-06
48300 -1.66667e-06
48350 -1.66667e-06
48400 -1.66667e-06
48450 -1.66667e-06
48500 -1.66667e-06
48550 -1.66667e-06
48600 -1.66667e-06
48650 -1.66667e-06
48700 -1.66667e-06
48750 -1.66667e-06
48800 -1.66667e-06
48850 -1.66667e-06
48900 -1.66667e-06
48950 -1.66667e-06
49000 -1.66667e-06
49050 -1.66667e-06
49100 -1.66667e-06
49150 -1.66667e-06
49200 -1.66667e-06
49250 -1.66667e-06
49300 -1.66667e-06
49350 -1.66667e-06
49400 -1.66667e-06
49450 -1.66667e-06
49500 -1.66667e-06
49550 -1.66667e-06
49600 -1.66667e-06
49650 -1.66667e-06
49700 -1.66667e-06
49750 -1.66667e-06
49800 -1.66667e-06
49850 -1.66667e-06
49900 -1.66667e-06
49950 -1.66667e-06
50000 -1.66667e-06
50050 -1.66667e-06
50100 -1.66667e-06
50150 -1.66667e-06
50200 -1.66667e-06
50250 -1.66667e-06
50300 -1.66667e-06
50350 -1.66667e-06
50400 -1.66667e-06
50450 -1.66667e-06
50500 -1.66667e-06
50550 -1.66667e-06
50600 -1.66667e-06
50650 -1.66667e-06
50700 -1.66667e-06
50750 -1.66667e-06
50800 -1.66667e-06
50850 -1.66667e-06
50900 -1.66667e-06
50950 -1.66667e-06
51000 -1.66667e-06
51050 -1.66667e-06
51100 -1.66667e-06
51150 -1.66667e-06
51200 -1.66667e-06
51250 -1.66667e-06
51300 -1.66667e-06
51350 -1.66667e-06
51400 -1.66667e-06
51450 -1.66667e-06
51500 -1.66667e-06
51550 -1.66667e-06
51600 -1.66667e-06
51650 -1.66667e-06
51700 -1.66667e-06
51750 -1.66667e-06
51800 -1.66667e-06
51850 -1.66667e-06
51900 -1.66667e-06
51950 -1.66667e-06
52000 -1.66667e-06
52050 -1.66667e-06
52100 -1.66667e-06
52150 -1.66667e-06
52200 -1.66667e-06
52250 -1.66667e-06
52300 -1.66667e-06
52350 -1.66667e-06
52400 -1.66667e-06
52450 -1.66667e-06
52500 -1.66667e-06
52550 -1.66667e-06
52600 -1.66667e-06
52650 -1.66667e-06
52700 -1.66667e-06
52750 -1.66667e-06
52800 -1.66667e-06
52850 -1.66667e-06
52900 -1.66667e-06
52950 -1.66667e-06
53000 -1.66667e-06
53050 -1.66667e-06
53100 -1.66667e-06
53150 -1.66667e-06
53200 -1.66667e-06
53250 -1.66667e-06
53300 -1.66667e-06
53350 -1.66667e-06
53400 -1.66667e-06
53450 -1.66667e-06
53500 -1.66667e-06
53550 -1.66667e-06
53600 -1.66667e-06
53650 -1.66667e-06
53700 -1.66667e-06
53750 -1.66667e-06
53800 -1.66667e-06
53850 -1.66667e-06
53900 -1.66667e-06
53950 -1.66667e-06
54000 -1.66667e-06
54050 -1.66667e-06
54100 -1.66667e-06
54150 -1.66667e-06
54200 -1.66667e-06
54250 -1.66667e-06
54300 -1.66667e-06
54350 -1.66667e-06
54400 -1.66667e-06
54450 -1.66667e-06
54500 -1.66667e-06
54550 -1.66667e-06
54600 -1.66667e-06
54650 -1.66667e-06
54700 -1.66667e-06
54750 -1.66667e-06
54800 -1.66667e-06
54850 -1.66667e-06
54900 -1.66667e-06
54950 -1.66667e-06
55000 -1.66667e-06
55050 -1.66667e-06
55100 -1.66667e-06
55150 -1.66667e-06
55200 -1.66667e-06
55250 -1.66667e-06
55300 -1.66667e-06
55350 -1.66667e-06
55400 -1.66667e-06
55450 -1.66667e-06
55500 -1.66667e-06
55550 -1.66667e-06
55600 -1.66667e-06
55650 -1.66667e-06
55700 -1.66667e-06
55750 -1.66667e-06
55800 -1.66667e-06
55850 -1.66667e-06
55900 -1.66667e-06
55950 -1.66667e-06
56000 -1.66667e-06
56050 -1.66667e-06
56100 -1.66667e-06
56150 -1.66667e-06
56200 -1.66667e-06
56250 -1.66667e-06
56300 -1.66667e-06
56350 -1.66667e-06
56400 -1.66667e-06
56450 -1.66667e-06
56500 -1.66667e-06
56550 -1.66667e-06
56600 -1.66667e-06
56650 -1.66667e-06
56700 -1.66667e-06
56750 -1.66667e-06
56800 -1.66667e-06
56850 -1.66667e-06
56900 -1.66667e-06
56950 -1.66667e-06
57000 -1.66667e-06
57050 -1.66667e-06
57100 -1.66667e-06
57150 -1.66667e-06
57200 -1.66667e-06
57250 -1.66667e-06
57300 -1.66667e-06
57350 -1.66667e-06
57400 -1.66667e-06
57450 -1.66667e-06
57500 -1.66667e-06
57550 -1.66667e-06
57600 -1.66667e-06
57650 -1.66667e-06
57700 -1.66667e-06
57750 -1.66667e-06
57800 -1.66667e-06
57850 -1.66667e-06
57900 -1.66667e-06
57950 -1.66667e-06
58000 -1.66667e-06
58050 -1.66667e-06
58100 -1.66667e-06
58150 -1.66667e-06
58200 -1.66667e-06
58250 -1.66667e-06
58300 -1.66667e-06
58350 -1.66667e-06
58400 -1.66667e-06
58450 -1.66667e-06
58500 -1.66667e-06
58550 -1.66667e-06
58600 -1.66667e-06
58650 -1.66667e-06
58700 -1.66667e-06
58750 -1.66667e-06
58800 -1.66667e-06
58850 -1.66667e-06
58900 -1.66667e-06
58950 -1.66667e-06
59000 -1.66667e-06
59050 -1.66667e-06
59100 -1.66667e-06
59150 -1.66667e-06
59200 -1.66667e-06
59250 -1.66667e-06
59300 -1.66667e-06
59350 -1.66667e-06
59400 -1.66667e-06
59450 -1.66667e-06
59500 -1.66667e-06
59550 -1.66667e-06
59600 -1.66667e-06
59650 -1.66667e-06
59700 -1.66667e-06
59750 -1.66667e-06
59800 -1.66667e-06
59850 -1.66667e-06
59900 -1.66667e-06
59950 -1.66667e-06
60000 -1.66667e-06
60050 -1.66667e-06
60100 -1.66667e-06
60150 -1.66667e-06
60200 -1.66667e-06
60250 -1.66667e-06
60300 -1.66667e-06
60350 -1.66667e-06
60400 -1.66667e-06
60450 -1.66667e-06
60500 -1.66667e-06
60550 -1.66667e-06
60600 -1.66667e-06
60650 -1.66667e-06
60700 -1.66667e-06
60750 -1.66667e-06
60800 -1.66667e-06
60850 -1.66667e-06
60900 -1.66667e-06
60950 -1.66667e-06
61000 -1.66667e-06
61050 -1.66667e-06
61100 -1.66667e-06
61150 -1.66667e-06
61200 -1.66667e-06
61250 -1.66667e-06
61300 -1.66667e-06
61350 -1.66667e-06
61400 -1.66667e-06
61450 -1.66667e-06
61500 -1.66667e-06
61550 -1.66667e-06
61600 -1.66667e-06
61650 -1.66667e-06
61700 -1.66667e-06
61750 -1.66667e-06
61800 -1.66667e-06
61850 -1.66667e-06
61900 -1.66667e-06
61950 -1.66667e-06
62000 -1.66667e-06
62050 -1.66667e-06
62100 -1.66667e-06
62150 -1.66667e-06
62200 -1.66667e-06
62250 -1.66667e-06
62300 -1.66667e-06
62350 -1.66667e-06
62400 -1.66667e-06
62450 -1.66667e-06
62500 -1.66667e-06
62550 -1.66667e-06
62600 -1.66667e-06
62650 -1.66667e-06
62700 -1.66667e-06
62750 -1.66667e-06
62800 -1.66667e-06
62850 -1.66667e-06
62900 -1.66667e-06
62950 -1.66667e-06
63000 -1.66667e-06
63050 -1.66667e-06
63100 -1.66667e-06
63150 -1.66667e-06
63200 -1.66667e-06
63250 -1.66667e-06
63300 -1.66667e-06
63350 -1.66667e-06
63400 -1.66667e-06
63450 -1.66667e-06
63500 -1.66667e-06
63550 -1.66667e-06
63600 -1.66667e-06
63650 -1.66667e-06
63700 -1.66667e-06
63750 -1.66667e-06
63800 -1.66667e-06
63850 -1.66667e-06
63900 -1.66667e-06
63950 -1.66667e-06
64000 -1.66667e-06
64050 -1.66667e-06
64100 -1.66667e-06
64150 -1.66667e-06
64200 -1.66667e-06
64250 -1.66667e-06
64300 -1.66667e-06
64350 -1.66667e-06
64400 -1.66667e-06
64450 -1.66667e-06
64500 -1.66667e-06
64550 -1.66667e-06
64600 -1.66667e-06
64650 -1.66667e-06
64700 -1.66667e-06
64750 -1.66667e-06
64800 -1.66667e-06
64850 -1.66667e-06
64900 -1.66667e-06
64950 -1.66667e-06
65000 -1.66667e-06
65050 -1.66667e-06
65100 -1.66667e-06
65150 -1.66667e-06
65200 -1.66667e-06
65250 -1.66667e-06
65300 -1.66667e-06
65350 -1.66667e-06
65400 -1.66667e-06
65450 -1.66667e-06
65500 -1.66667e-06
65550 -1.66667e-06
65600 -1.66667e-06
65650 -1.66667e-06
65700 -1.66667e-06
65750 -1.66667e-06
65800 -1.66667e-06
65850 -1.66667e-06
65900 -1.66667e-06
65950 -1.66667e-06
66000 -1.66667e-06
66050 -1.66667e-06
66100 -1.66667e-06
66150 -1.66667e-06
66200 -1.66667e-06
66250 -1.66667e-06
66300 -1.66667e-06
66350 -1.66667e-06
66400 -1.66667e-06
66450 -1.66667e-06
66500 -1.66667e-06
66550 -1.66667e-06
66600 -1.66667e-06
66650 -1.66667e-06
66700 -1.66667e-06
66750 -1.66667e-06
66800 -1.66667e-06
66850 -1.66667e-06
66900 -1.66667e-06
66950 -1.66667e-06
67000 -1.66667e-06
67050 -1.66667e-06
67100 -1.66667e-06
67150 -1.66667e-06
67200 -1.66667e-06
67250 -1.66667e-06
67300 -1.66667e-06
67350 -1.66667e-06
67400 -1.66667e-06
67450 -1.66667e-06
67500 -1.66667e-06
67550 -1.66667e-06
67600 -1.66667e-06
67650 -1.66667e-06
67700 -1.66667e-06
67750 -1.66667e-06
67800 -1.66667e-06
67850 -1.66667e-06
67900 -1.66667e-06
67950 -1.66667e-06
68000 -1.66667e-06
68050 -1.66667e-06
68100 -1.66667e-06
68150 -1.66667e-06
68200 -1.66667e-06
68250 -1.66667e-06
68300 -1.66667e-06
68350 -1.66667e-06
68400 -1.66667e-06
68450 -1.66667e-06
68500 -1.66667e-06
68550 -1.66667e-06
68600 -1.66667e-06
68650 -1.66667e-06
68700 -1.66667e-06
68750 -1.66667e-06
68800 0
68850 0
68900 -1.66667e-06
68950 -1.66667e-06
69000 -1.66667e-06
69050 -1.66667e-06
69100 -1.66667e-06
69150 -1.66667e-06
69200 -1.66667e-06
69250 -1.66667e-06
69300 -1.66667e-06
69350 -1.66667e-06
69400 -1.66667e-06
69450 -1.66667e-06
69500 -1.66667e-06
69550 -1.66667e-06
69600 -1.66667e-06
69650 -1.66667e-06
69700 -1.66667e-06
69750 -1.66667e-06
69800 -1.66667e-06
69850 -1.66667e-06
69900 -1.66667e-06
69950 -1.66667e-06
70000 -1.66667e-06
70050 -1.66667e-06
70100 -1.66667e-06
70150 -1.66667e-06
70200 -1.66667e-06
70250 -1.66667e-06
70300 -1.66667e-06
70350 -1.66667e-06
70400 -1.66667e-06
70450 -1.66667e-06
70500 -1.66667e-06
70550 -1.66667e-06
70600 -1.66667e-06
70650 -1.66667e-06
70700 -1.66667e-06
70750 -1.66667e-06
70800 -1.66667e-06
70850 -1.66667e-06
70900 -1.66667e-06
70950 -1.66667e-06
71000 -1.66667e-06
71050 -1.66667e-06
71100 -1.66667e-06
71150 -1.66667e-06
71200 -1.66667e-06
71250 -1.66667e-06
71300 -1.66667e-06
71350 -1.66667e-06
71400 -1.66667e-06
71450 -1.66667e-06
71500 -1.66667e-06
71550 -1.66667e-06
71600 -1.66667e-06
71650 -1.66667e-06
71700 -1.66667e-06
71750 -1.66667e-06
71800 -1.66667e-06
71850 -1.66667e-06
71900 -1.66667e-06
71950 -1.66667e-06
72000 -1.66667e-06
72050 -1.66667e-06
72100 -1.66667e-06
72150 -1.66667e-06
72200 -1.66667e-06
72250 -1.66667e-06
72300 -1.66667e-06
72350 -1.66667e-06
72400 -1.66667e-06
72450 -1.66667e-06
72500 -1.66667e-06
72550 -1.66667e-06
72600 -1.66667e-06
72650 -1.66667e-06
72700 -1.66667e-06
72750 -1.66667e-06
72800 -1.66667e-06
72850 -1.66667e-06
72900 -1.66667e-06
72950 -1.66667e-06
73000 -1.66667e-06
73050 -1.66667e-06
73100 -1.66667e-06
73150 -1.66667e-06
73200 -1.66667e-06
73250 -1.66667e-06
73300 -1.66667e-06
73350 -1.66667e-06
73400 -1.66667e-06
73450 -1.66667e-06
73500 -1.66667e-06
73550 -1.66667e-06
73600 -1.66667e-06
73650 -1.66667e-06
73700 -1.66667e-06
73750 -1.66667e-06
73800 -1.66667e-06
73850 -1.66667e-06
73900 -1.66667e-06
73950 -1.66667e-06
74000 -1.66667e-06
74050 -1.66667e-06
74100 -1.66667e-06
74150 -1.66667e-06
74200 -1.66667e-06
74250 -1.66667e-06
74300 -1.66667e-06
74350 -1.66667e-06
74400 -1.66667e-06
74450 -1.66667e-06
74500 -1.66667e-06
74550 -1.66667e-06
74600 -1.66667e-06
74650 -1.66667e-06
74700 -1.66667e-06
74750 -1.66667e-06
74800 -1.66667e-06
74850 -1.66667e-06
74900 -1.66667e-06
74950 -1.66667e-06
75000 -1.66667e-06
75050 -1.66667e-06
75100 -1.66667e-06
75150 -1.66667e-06
75200 -1.66667e-06
75250 -1.66667e-06
75300 -1.66667e-06
75350 -1.66667e-06
75400 -1.66667e-06
75450 -1.66667e-06
75500 -1.66667e-06
75550 -1.66667e-06
75600 -1.66667e-06
75650 -1.66667e-06
75700 -1.66667e-06
75750 -1.66667e-06
75800 -1.66667e-06
75850 -1.66667e-06
75900 -1.66667e-06
75950 -1.66667e-06
76000 -1.66667e-06
76050 0
76100 0
76150 0
76200 0
76250 0
76300 -1.66667e-06
76350 -1.66667e-06
76400 0
76450 0
76500 0
76550 0
76600 0
76650 0
76700 0
76750 0
76800 0
76850 0
76900 0
76950 0
77000 0
77050 0
77100 0
77150 0
77200 0
77250 0
77300 0
77350 0
77400 0
77450 0
77500 0
77550 0
77600 0
77650 0
77700 0
77750 0
77800 0
77850 0
77900 0
77950 0
78000 0
78050 0
78100 -1.66667e-06
78150 -1.66667e-06
78200 -1.66667e-06
78250 -1.66667e-06
78300 -1.66667e-06
78350 -1.66667e-06
78400 -1.66667e-06
78450 -1.66667e-06
78500 -1.66667e-06
78550 -1.66667e-06
78600 -1.66667e-06
78650 -1.66667e-06
78700 -1.66667e-06
78750 -1.66667e-06
78800 -1.66667e-06
78850 -1.66667e-06
78900 -1.66667e-06
78950 -1.66667e-06
79000 -1.66667e-06
79050 -1.66667e-06
79100 -1.66667e-06
79150 -1.66667e-06
79200 -1.66667e-06
79250 -1.66667e-06
79300 -1.66667e-06
79350 -1.66667e-06
79400 -1.66667e-06
79450 -1.66667e-06
79500 -1.66667e-06
79550 -1.66667e-06
79600 -1.66667e-06
79650 -1.66667e-06
79700 -1.66667e-06
79750 -1.66667e-06
79800 -1.66667e-06
79850 -1.66667e-06
79900 -1.66667e-06
79950 -1.66667e-06
80000 -1.66667e-06
80050 -1.66667e-06
80100 -1.66667e-06
80150 -1.66667e-06
80200 -1.66667e-06
80250 -1.66667e-06
80300 -1.66667e-06
80350 -1.66667e-06
80400 -1.66667e-06
80450 -1.66667e-06
80500 -1.66667e-06
80550 -1.66667e-06
80600 -1.66667e-06
80650 -1.66667e-06
80700 -1.66667e-06
80750 -1.66667e-06
80800 -1.66667e-06
80850 -1.66667e-06
80900 -1.66667e-06
80950 -1.66667e-06
81000 -1.66667e-06
81050 -1.66667e-06
81100 -1.66667e-06
81150 -1.66667e-06
81200 -1.66667e-06
81250 -1.66667e-06
81300 -1.66667e-06
81350 -1.66667e-06
81400 -1.66667e-06
81450 -1.66667e-06
81500 -1.66667e-06
81550 -1.66667e-06
81600 -1.66667e-06
81650 -1.66667e-06
81700 -1.66667e-06
81750 -1.66667e-06
81800 -1.66667e-06
81850 -1.66667e-06
81900 -1.66667e-06
81950 -1.66667e-06
82000 -1.66667e-06
82050 -1.66667e-06
82100 -1.66667e-06
82150 -1.66667e-06
82200 -1.66667e-06
82250 -1.66667e-06
82300 -1.66667e-06
82350 -1.66667e-06
82400 -1.66667e-06
82450 -1.66667e-06
82500 -1.66667e-06
82550 -1.66667e-06
82600 -1.66667e-06
82650 -1.66667e-06
82700 -1.66667e-06
82750 -1.66667e-06
82800 -1.66667e-06
82850 -1.66667e-06
82900 -1.66667e-06
82950 -1.66667e-06
83000 -1.66667e-06
83050 -1.66667e-06
83100 -1.66667e-06
83150 -1.66667e-06
83200 -1.66667e-06
83250 -1.66667e-06
83300 -1.66667e-06
83350 -1.66667e-06
83400 -1.66667e-06
83450 -1.66667e-06
83500 -1.66667e-06
83550 -1.66667e-06
83600 -1.66667e-06
83650 -1.66667e-06
83700 -1.66667e-06
83750 -2.77556e-17
83800 -2.77556e-17
83850 -2.77556e-17
83900 -1.66667e-06
83950 -1.66667e-06
84000 -1.66667e-06
84050 -1.66667e-06
84100 -1.66667e-06
84150 -1.66667e-06
84200 -1.66667e-06
84250 -1.66667e-06
84300 -1.66667e-06
84350 -1.66667e-06
84400 -1.66667e-06
84450 0
84500 0
84550 0
84600 0
84650 0
84700 -1.66667e-06
84750 -1.66667e-06
84800 -1.66667e-06
84850 -1.66667e-06
84900 -1.66667e-06
84950 -1.66667e-06
85000 -1.66667e-06
85050 -1.66667e-06
85100 -1.66667e-06
85150 -1.66667e-06
85200 -1.66667e-06
85250 -1.66667e-06
85300 -1.66667e-06
85350 -1.66667e-06
85400 -1.66667e-06
85450 -1.66667e-06
85500 -1.66667e-06
85550 -1.66667e-06
85600 -1.66667e-06
85650 -1.66667e-06
85700 -1.66667e-06
85750 -1.66667e-06
85800 -1.66667e-06
85850 -1.66667e-06
85900 -1.66667e-06
85950 -1.66667e-06
86000 -1.66667e-06
86050 -1.66667e-06
86100 -1.66667e-06
86150 -1.66667e-06
86200 -1.66667e-06
86250 -1.66667e-06
86300 -1.66667e-06
86350 -1.66667e-06
86400 -1.66667e-06
86450 -1.66667e-06
86500 -1.66667e-06
86550 -1.66667e-06
86600 -1.66667e-06
86650 -1.66667e-06
86700 -1.66667e-06
86750 -1.66667e-06
86800 -1.66667e-06
86850 -1.66667e-06
86900 -1.66667e-06
86950 -1.66667e-06
87000 -1.66667e-06
87050 -1.66667e-06
87100 -1.66667e-06
87150 -1.66667e-06
87200 -1.66667e-06
87250 -1.66667e-06
87300 -1.66667e-06
87350 -1.66667e-06
87400 -1.66667e-06
87450 -1.66667e-06
87500 -1.66667e-06
87550 -1.66667e-06
87600 -1.66667e-06
87650 -1.66667e-06
87700 -1.66667e-06
87750 -1.66667e-06
87800 -1.66667e-06
87850 -1.66667e-06
87900 -1.66667e-06
87950 -1.66667e-06
88000 -1.66667e-06
88050 -1.66667e-06
88100 -1.66667e-06
88150 -1.66667e-06
88200 -1.66667e-06
88250 -1.66667e-06
88300 -1.66667e-06
88350 -1.66667e-06
88400 -1.66667e-06
88450 -1.66667e-06
88500 -1.66667e-06
88550 -1.66667e-06
88600 -1.66667e-06
88650 -1.66667e-06
88700 -1.66667e-06
88750 -1.66667e-06
88800 -1.66667e-06
88850 -1.66667e-06
88900 -1.66667e-06
88950 -1.66667e-06
89000 -1.66667e-06
89050 -1.66667e-06
89100 -1.66667e-06
89150 -1.66667e-06
89200 -1.66667e-06
89250 -1.66667e-06
89300 -1.66667e-06
89350 -1.66667e-06
89400 -1.66667e-06
89450 -1.66667e-06
89500 -1.66667e-06
89550 -1.66667e-06
89600 -1.66667e-06
89650 -1.66667e-06
89700 -1.66667e-06
89750 -1.66667e-06
89800 -1.66667e-06
89850 -1.66667e-06
89900 -1.66667e-06
89950 -1.66667e-06
90000 -1.66667e-06
90050 -1.66667e-06
90100 -1.66667e-06
90150 -1.66667e-06
90200 -1.66667e-06
90250 -1.66667e-06
90300 -1.66667e-06
90350 -1.66667e-06
90400 -1.66667e-06
90450 -1.66667e-06
90500 -1.66667e-06
90550 -1.66667e-06
90600 -1.66667e-06
90650 -1.66667e-06
90700 -1.66667e-06
90750 -1.66667e-06
90800 -1.66667e-06
90850 -1.66667e-06
90900 -1.66667e-06
90950 -1.66667e-06
91000 -1.66667e-06
91050 -1.66667e-06
91100 -1.66667e-06
91150 -1.66667e-06
91200 -1.66667e-06
91250 -1.66667e-06
91300 -1.66667e-06
91350 -1.66667e-06
91400 -1.66667e-06
91450 -1.66667e-06
91500 -1.66667e-06
91550 -1.66667e-06
91600 -1.66667e-06
91650 -1.66667e-06
91700 -1.66667e-06
91750 -1.66667e-06
91800 -1.66667e-06
91850 -1.66667e-06
91900 -1.66667e-06
91950 -1.66667e-06
92000 -1.66667e-06
92050 -1.66667e-06
92100 -1.66667e-06
92150 -1.66667e-06
92200 -1.66667e-06
92250 -1.66667e-06
92300 -1.66667e-06
92350 -1.66667e-06
92400 -1.66667e-06
92450 -1.66667e-06
92500 -1.66667e-06
92550 -1.66667e-06
92600 -1.66667e-06
92650 -1.66667e-06
92700 -1.66667e-06
92750 -1.66667e-06
92800 -1.66667e-06
92850 -1.66667e-06
92900 -1.66667e-06
92950 -1.66667e-06
93000 -1.66667e-06
93050 -1.66667e-06
93100 -1.66667e-06
93150 -1.66667e-06
93200 -1.66667e-06
93250 -1.66667e-06
93300 -1.66667e-06
93350 -1.66667e-06
93400 -1.66667e-06
93450 -1.66667e-06
93500 -1.66667e-06
93550 -1.66667e-06
93600 -1.66667e-06
93650 -1.66667e-06
93700 -1.66667e-06
93750 -1.66667e-06
93800 -1.66667e-06
93850 -1.66667e-06
93900 -1.66667e-06
93950 -1.66667e-06
94000 -1.66667e-06
94050 -1.66667e-06
94100 -1.66667e-06
94150 -1.66667e-06
94200 -1.66667e-06
94250 -1.66667e-06
94300 -1.66667e-06
94350 -1.66667e-06
94400 -1.66667e-06
94450 -1.66667e-06
94500 -1.66667e-06
94550 -1.66667e-06
94600 -1.66667e-06
94650 -1.66667e-06
94700 -1.66667e-06
94750 -1.66667e-06
94800 -1.66667e-06
94850 -1.66667e-06
94900 -1.66667e-06
94950 -1.66667e-06
95000 -1.66667e-06
95050 -1.66667e-06
95100 -1.66667e-06
95150 -1.66667e-06
95200 -1.66667e-06
95250 -1.66667e-06
95300 -1.66667e-06
95350 -1.66667e-06
95400 -1.66667e-06
95450 -1.66667e-06
95500 -1.66667e-06
95550 -1.66667e-06
95600 -1.66667e-06
95650 -1.66667e-06
95700 -1.66667e-06
95750 -1.66667e-06
95800 -1.66667e-06
95850 -1.66667e-06
95900 -1.66667e-06
95950 0
96000 0
96050 0
96100 0
96150 0
96200 0
96250 0
96300 0
96350 0
96400 0
96450 0
96500 0
96550 0
96600 0
96650 0
96700 0
96750 0
96800 0
96850 0
96900 0
96950 0
97000 0
97050 0
97100 0
97150 0
97200 -1.66667e-06
97250 0
97300 0
97350 0
97400 0
97450 0
97500 0
97550 0
97600 0
97650 0
97700 0
97750 0
97800 0
97850 0
97900 0
97950 0
98000 0
98050 0
98100 0
98150 -1.66667e-06
98200 -1.66667e-06
98250 -1.66667e-06
98300 -1.66667e-06
98350 -1.66667e-06
98400 -1.66667e-06
98450 -1.66667e-06
98500 -1.66667e-06
98550 0
98600 0
98650 0
98700 0
98750 0
98800 0
98850 0
98900 0
98950 0
99000 0
99050 0
99100 0
99150 0
99200 0
99250 0
99300 0
99350 0
99400 0
99450 0
99500 0
99550 0
99600 0
99650 0
99700 0
99750 0
99800 0
99850 0
99900 0
99950 0
100000 0
100050 0
100100 0
100150 0
100200 0
100250 0
100300 0
100350 0
100400 0
100450 0
100500 0
100550 0
100600 0
100650 0
100700 0
100750 0
100800 0
100850 0
100900 0
100950 0
101000 0
101050 0
101100 0
101150 0
101200 0
101250 0
101300 0
101350 0
101400 0
101450 0
101500 0
101550 0
101600 0
101650 0
101700 0
101750 0
101800 0
101850 0
101900 0
101950 0
102000 0
102050 0
102100 0
102150 0
102200 0
102250 0
102300 0
102350 0
102400 0
102450 0
102500 0
102550 0
102600 0
102650 0
102700 0
102750 0
102800 0
102850 0
102900 0
102950 0
103000 0
103050 0
103100 0
103150 0
103200 0
103250 0
103300 0
103350 0
103400 0
103450 0
103500 0
103550 0
103600 0
103650 0
103700 0
103750 0
103800 0
103850 0
103900 0
103950 0
104000 0
104050 0
104100 0
104150 0
104200 0
104250 0
104300 -2.77556e-17
104350 0
104400 0
104450 -2.77556e-17
