50 1.66667e-06
100 0.0555567
150 1.66667e-06
200 0.0555567
250 0.166667
300 0.0555567
350 0.166667
400 2.77556e-17
450 0.0555567
500 0.0555567
550 0.0555567
600 2.77556e-17
650 0.16667
700 0.16667
750 0.0555567
800 0.0555567
850 0.0555567
900 0.0555567
950 0.0555567
1000 0.166665
1050 0.166665
1100 1.66667e-06
1150 1.66667e-06
1200 3.33333e-06
1250 1.66667e-06
1300 0.16667
1350 0.166665
1400 1.66667e-06
1450 0.222223
1500 0.222223
1550 0.222223
1600 2.77556e-17
1650 1.66667e-06
1700 1.66667e-06
1750 0.0555567
1800 1.66667e-06
1850 1.66667e-06
1900 2.77556e-17
1950 2.77556e-17
2000 0.166667
2050 1.66667e-06
2100 0.222223
2150 0.0555583
2200 0.0555583
2250 0.0555583
2300 0.0555583
2350 0.166665
2400 0.0555583
2450 1.66667e-06
2500 0.222223
2550 1.66667e-06
2600 1.66667e-06
2650 1.66667e-06
2700 1.66667e-06
2750 1.66667e-06
2800 1.66667e-06
2850 1.66667e-06
2900 1.66667e-06
2950 1.66667e-06
3000 1.66667e-06
3050 1.66667e-06
3100 1.66667e-06
3150 1.66667e-06
3200 1.66667e-06
3250 1.66667e-06
3300 1.66667e-06
3350 1.66667e-06
3400 1.66667e-06
3450 1.66667e-06
3500 1.66667e-06
3550 1.66667e-06
3600 1.66667e-06
3650 1.66667e-06
3700 1.66667e-06
3750 2.77556e-17
3800 2.77556e-17
3850 2.77556e-17
3900 1.66667e-06
3950 1.66667e-06
4000 2.77556e-17
4050 2.77556e-17
4100 2.77556e-17
4150 2.77556e-17
4200 1.66667e-06
4250 2.77556e-17
4300 2.77556e-17
4350 2.77556e-17
4400 2.77556e-17
4450 2.77556e-17
4500 2.77556e-17
4550 2.77556e-17
4600 2.77556e-17
4650 2.77556e-17
4700 2.77556e-17
4750 2.77556e-17
4800 1.66667e-06
4850 1.66667e-06
4900 1.66667e-06
4950 2.77556e-17
5000 3.33333e-06
5050 1.66667e-06
5100 1.66667e-06
5150 1.66667e-06
5200 1.66667e-06
5250 2.77556e-17
5300 2.77556e-17
5350 2.77556e-17
5400 2.77556e-17
5450 2.77556e-17
5500 2.77556e-17
5550 2.77556e-17
5600 2.77556e-17
5650 2.77556e-17
5700 2.77556e-17
5750 2.77556e-17
5800 2.77556e-17
5850 2.77556e-17
5900 2.77556e-17
5950 2.77556e-17
6000 2.77556e-17
6050 2.77556e-17
6100 2.77556e-17
6150 2.77556e-17
6200 0.16667
6250 2.77556e-17
6300 2.77556e-17
6350 2.77556e-17
6400 2.77556e-17
6450 2.77556e-17
6500 2.77556e-17
6550 2.77556e-17
6600 2.77556e-17
6650 2.77556e-17
6700 2.77556e-17
6750 0.0555567
6800 0.0555567
6850 2.77556e-17
6900 0.0555567
6950 2.77556e-17
7000 2.77556e-17
7050 2.77556e-17
7100 0
7150 0
7200 0
7250 0
7300 0
7350 0
7400 1.66667e-06
7450 1.66667e-06
7500 1.66667e-06
7550 1.66667e-06
7600 1.66667e-06
7650 1.66667e-06
7700 0
7750 1.66667e-06
7800 1.66667e-06
7850 1.66667e-06
7900 1.66667e-06
7950 1.66667e-06
8000 1.66667e-06
8050 1.66667e-06
8100 1.66667e-06
8150 1.66667e-06
8200 1.66667e-06
8250 1.66667e-06
8300 1.66667e-06
8350 1.66667e-06
8400 1.66667e-06
8450 1.66667e-06
8500 1.66667e-06
8550 1.66667e-06
8600 1.66667e-06
8650 1.66667e-06
8700 1.66667e-06
8750 1.66667e-06
8800 1.66667e-06
8850 1.66667e-06
8900 1.66667e-06
8950 1.66667e-06
9000 1.66667e-06
9050 1.66667e-06
9100 1.66667e-06
9150 1.66667e-06
9200 0.0555567
9250 1.66667e-06
9300 1.66667e-06
9350 1.66667e-06
9400 1.66667e-06
9450 1.66667e-06
9500 2.77556e-17
9550 2.77556e-17
9600 1.66667e-06
9650 2.77556e-17
9700 2.77556e-17
9750 2.77556e-17
9800 2.77556e-17
9850 2.77556e-17
9900 2.77556e-17
9950 2.77556e-17
10000 2.77556e-17
10050 2.77556e-17
10100 2.77556e-17
10150 2.77556e-17
10200 2.77556e-17
10250 2.77556e-17
10300 2.77556e-17
10350 2.77556e-17
10400 2.77556e-17
10450 1.66667e-06
10500 2.77556e-17
10550 2.77556e-17
10600 2.77556e-17
10650 2.77556e-17
10700 2.77556e-17
10750 2.77556e-17
10800 2.77556e-17
10850 2.77556e-17
10900 2.77556e-17
10950 2.77556e-17
11000 2.77556e-17
11050 2.77556e-17
11100 1.66667e-06
11150 2.77556e-17
11200 1.66667e-06
11250 2.77556e-17
11300 2.77556e-17
11350 2.77556e-17
11400 2.77556e-17
11450 2.77556e-17
11500 2.77556e-17
11550 2.77556e-17
11600 2.77556e-17
11650 2.77556e-17
11700 2.77556e-17
11750 2.77556e-17
11800 2.77556e-17
11850 2.77556e-17
11900 2.77556e-17
11950 2.77556e-17
12000 2.77556e-17
12050 2.77556e-17
12100 2.77556e-17
12150 1.66667e-06
12200 1.66667e-06
12250 1.66667e-06
12300 1.66667e-06
12350 1.66667e-06
12400 0.0555583
12450 1.66667e-06
12500 1.66667e-06
12550 1.66667e-06
12600 1.66667e-06
12650 2.77556e-17
12700 2.77556e-17
12750 2.77556e-17
12800 2.77556e-17
12850 2.77556e-17
12900 1.66667e-06
12950 1.66667e-06
13000 1.66667e-06
13050 1.66667e-06
13100 2.77556e-17
13150 1.66667e-06
13200 2.77556e-17
13250 2.77556e-17
13300 2.77556e-17
13350 2.77556e-17
13400 2.77556e-17
13450 2.77556e-17
13500 2.77556e-17
13550 2.77556e-17
13600 2.77556e-17
13650 2.77556e-17
13700 2.77556e-17
13750 2.77556e-17
13800 2.77556e-17
13850 2.77556e-17
13900 0.0555567
13950 0.0555567
14000 0.0555567
14050 0.0555567
14100 0.0555567
14150 2.77556e-17
14200 0.0555567
14250 2.77556e-17
14300 2.77556e-17
14350 2.77556e-17
14400 2.77556e-17
14450 2.77556e-17
14500 2.77556e-17
14550 2.77556e-17
14600 2.77556e-17
14650 2.77556e-17
14700 2.77556e-17
14750 2.77556e-17
14800 2.77556e-17
14850 2.77556e-17
14900 2.77556e-17
14950 2.77556e-17
15000 2.77556e-17
15050 0.0555567
15100 0.0555567
15150 0.0555567
15200 2.77556e-17
15250 2.77556e-17
15300 2.77556e-17
15350 2.77556e-17
15400 2.77556e-17
15450 2.77556e-17
15500 2.77556e-17
15550 2.77556e-17
15600 2.77556e-17
15650 2.77556e-17
15700 2.77556e-17
15750 2.77556e-17
15800 2.77556e-17
15850 2.77556e-17
15900 2.77556e-17
15950 2.77556e-17
16000 2.77556e-17
16050 2.77556e-17
16100 0
16150 0
16200 0
16250 0
16300 0
16350 0
16400 0
16450 0
16500 2.77556e-17
16550 2.77556e-17
16600 2.77556e-17
16650 2.77556e-17
16700 2.77556e-17
16750 2.77556e-17
16800 2.77556e-17
16850 2.77556e-17
16900 2.77556e-17
16950 2.77556e-17
17000 2.77556e-17
17050 2.77556e-17
17100 0
17150 0
17200 2.77556e-17
17250 2.77556e-17
17300 0
17350 0
17400 0
17450 2.77556e-17
17500 2.77556e-17
17550 2.77556e-17
17600 2.77556e-17
17650 2.77556e-17
17700 2.77556e-17
17750 1.66667e-06
17800 2.77556e-17
17850 1.66667e-06
17900 1.66667e-06
17950 1.66667e-06
18000 1.66667e-06
18050 1.66667e-06
18100 1.66667e-06
18150 1.66667e-06
18200 1.66667e-06
18250 2.77556e-17
18300 2.77556e-17
18350 2.77556e-17
18400 2.77556e-17
18450 2.77556e-17
18500 2.77556e-17
18550 2.77556e-17
18600 2.77556e-17
18650 2.77556e-17
18700 2.77556e-17
18750 2.77556e-17
18800 2.77556e-17
18850 2.77556e-17
18900 2.77556e-17
18950 2.77556e-17
19000 2.77556e-17
19050 2.77556e-17
19100 2.77556e-17
19150 2.77556e-17
19200 2.77556e-17
19250 2.77556e-17
19300 2.77556e-17
19350 2.77556e-17
19400 2.77556e-17
19450 2.77556e-17
19500 2.77556e-17
19550 2.77556e-17
19600 2.77556e-17
19650 2.77556e-17
19700 2.77556e-17
19750 2.77556e-17
19800 2.77556e-17
19850 2.77556e-17
19900 2.77556e-17
19950 2.77556e-17
20000 2.77556e-17
20050 2.77556e-17
20100 2.77556e-17
20150 2.77556e-17
20200 2.77556e-17
20250 2.77556e-17
20300 2.77556e-17
20350 2.77556e-17
20400 2.77556e-17
20450 2.77556e-17
20500 2.77556e-17
20550 2.77556e-17
20600 2.77556e-17
20650 0
20700 0
20750 2.77556e-17
20800 2.77556e-17
20850 2.77556e-17
20900 2.77556e-17
20950 2.77556e-17
21000 2.77556e-17
21050 2.77556e-17
21100 1.66667e-06
21150 2.77556e-17
21200 2.77556e-17
21250 2.77556e-17
21300 2.77556e-17
21350 2.77556e-17
21400 2.77556e-17
21450 2.77556e-17
21500 2.77556e-17
21550 2.77556e-17
21600 2.77556e-17
21650 1.66667e-06
21700 1.66667e-06
21750 2.77556e-17
21800 0
21850 0
21900 0
21950 0
22000 0
22050 0
22100 0
22150 0
22200 0
22250 0
22300 0
22350 0
22400 0
22450 2.77556e-17
22500 0
22550 0
22600 0
22650 0
22700 0
22750 0
22800 0
22850 0
22900 0
22950 0
23000 0
23050 0
23100 0
23150 0
23200 0
23250 0
23300 0
23350 0
23400 0
23450 0
23500 0
23550 0
23600 0
23650 0
23700 0
23750 0
23800 0
23850 0
23900 0
23950 0
24000 0
24050 0
24100 0
24150 0
24200 0
24250 0
24300 0
24350 0
24400 0
24450 0
24500 0
24550 0
24600 0
24650 0
24700 0
24750 0
24800 0
24850 0
24900 0
24950 0
25000 0
25050 0
25100 0
25150 0
25200 0
25250 0
25300 0
25350 0
25400 0
25450 0
25500 0
25550 0
25600 0
25650 0
25700 0
25750 0
25800 0
25850 0
25900 0
25950 0
26000 0
26050 0
26100 0
26150 0
26200 0
26250 0
26300 0
26350 0
26400 0
26450 0
26500 0
26550 0
26600 0
26650 0
26700 0
26750 0
26800 0
26850 0.0555567
26900 0
26950 0
27000 0
27050 0
27100 0
27150 0
27200 0
27250 0
27300 0
27350 0
27400 0
27450 0
27500 0
27550 0
27600 0
27650 0
27700 0
27750 0.0555567
27800 0
27850 0.0555567
27900 0
27950 0
28000 0
28050 0
28100 0
28150 0
28200 0
28250 0
28300 0.0555567
28350 0.0555567
28400 0.0555567
28450 0.0555567
28500 0.0555567
28550 0.0555567
28600 0.0555567
28650 0
28700 0
28750 0
28800 0
28850 0
28900 0
28950 0
29000 0
29050 0.0555583
29100 0.0555583
29150 0.0555583
29200 0
29250 0
29300 0
29350 0
29400 0
29450 0
29500 0
29550 0
29600 0
29650 0
29700 0
29750 0
29800 0
29850 0
29900 0
29950 0
30000 0
30050 0
30100 0
30150 0
30200 0.0555567
30250 0
30300 0.0555567
30350 0.0555567
30400 0.0555567
30450 0.0555567
30500 0.0555567
30550 0.0555567
30600 0.0555567
30650 0.0555567
30700 0.0555567
30750 0.0555567
30800 0.0555567
30850 0.0555567
30900 0
30950 0
31000 0
31050 0
31100 0
31150 0
31200 0
31250 0
31300 0
31350 0
31400 0
31450 0
31500 0
31550 0
31600 0
31650 0
31700 0
31750 0
31800 0
31850 0
31900 0
31950 0
32000 0
32050 0
32100 0
32150 0
32200 0
32250 0
32300 0
32350 0
32400 0
32450 0
32500 0
32550 0
32600 0
32650 0
32700 0
32750 0
32800 0
32850 0
32900 0
32950 0
33000 0
33050 0
33100 0
33150 0
33200 0
33250 0
33300 0
33350 0
33400 0
33450 0
33500 1.66667e-06
33550 1.66667e-06
33600 1.66667e-06
33650 1.66667e-06
33700 1.66667e-06
33750 1.66667e-06
33800 1.66667e-06
33850 1.66667e-06
33900 1.66667e-06
33950 1.66667e-06
34000 1.66667e-06
34050 1.66667e-06
34100 1.66667e-06
34150 1.66667e-06
34200 1.66667e-06
34250 1.66667e-06
34300 0
34350 0.0555567
34400 0
34450 0
34500 0
34550 0
34600 0
34650 0
34700 0
34750 0
34800 0
34850 0
34900 0
34950 2.77556e-17
35000 2.77556e-17
35050 0
35100 0
35150 2.77556e-17
35200 2.77556e-17
35250 2.77556e-17
35300 2.77556e-17
35350 0
35400 0
35450 0
35500 0
35550 0
35600 0
35650 0
35700 0
35750 0
35800 0
35850 0
35900 0.0555567
35950 0
36000 0
36050 0
36100 0
36150 0
36200 0
36250 0
36300 0
36350 0
36400 0
36450 0
36500 0
36550 0
36600 0
36650 0
36700 0
36750 0
36800 0
36850 0
36900 0
36950 0
37000 1.66667e-06
37050 1.66667e-06
37100 0
37150 0
37200 0
37250 0
37300 0
37350 0
37400 0
37450 0
37500 0
37550 0
37600 0
37650 0
37700 0
37750 0
37800 0
37850 0
37900 0
37950 0
38000 0
38050 0
38100 0
38150 0
38200 0
38250 0
38300 0
38350 0
38400 0
38450 0
38500 0
38550 0
38600 0
38650 0
38700 0
38750 0
38800 0
38850 0
38900 0
38950 0
39000 0
39050 0
39100 0
39150 0
39200 0
39250 0
39300 0
39350 0
39400 0
39450 0
39500 0
39550 0
39600 0
39650 0
39700 0
39750 0
39800 0
39850 0
39900 0
39950 0
40000 0
40050 0
40100 0
40150 0
40200 0
40250 0
40300 0
40350 2.77556e-17
40400 2.77556e-17
40450 0
40500 0
40550 0
40600 0
40650 0
40700 0
40750 0
40800 0
40850 0
40900 0
40950 0
41000 0
41050 0
41100 0
41150 0
41200 0
41250 0
41300 0
41350 0
41400 0
41450 0
41500 0
41550 0
41600 0
41650 0
41700 0
41750 0
41800 0
41850 0
41900 0
41950 0
42000 0
42050 0
42100 0
42150 0
42200 0
42250 0
42300 0
42350 0
42400 0
42450 0
42500 0
42550 0
42600 0
42650 0
42700 0
42750 0
42800 0
42850 0
42900 0
42950 0
43000 0
43050 0
43100 0
43150 0
43200 0
43250 0
43300 0
43350 0
43400 0
43450 0
43500 1.66667e-06
43550 1.66667e-06
43600 0
43650 0
43700 0
43750 0
43800 0
43850 0
43900 0
43950 0
44000 0
44050 0
44100 0
44150 0
44200 0
44250 0
44300 2.77556e-17
44350 2.77556e-17
44400 0
44450 0
44500 0
44550 0
44600 0
44650 0
44700 0
44750 0
44800 0
44850 0
44900 0
44950 0
45000 0
45050 1.66667e-06
45100 0
45150 0
45200 0
45250 1.66667e-06
45300 1.66667e-06
45350 1.66667e-06
45400 1.66667e-06
45450 1.66667e-06
45500 1.66667e-06
45550 1.66667e-06
45600 0
45650 0
45700 0
45750 0
45800 0
45850 0
45900 0
45950 0
46000 0
46050 0
46100 0
46150 0
46200 0
46250 0
46300 0
46350 0
46400 0
46450 0
46500 0
46550 0
46600 0
46650 0
46700 0
46750 0
46800 0
46850 0
46900 0
46950 0
47000 0
47050 0
47100 0
47150 0
47200 0
47250 0
47300 0
47350 0
47400 0
47450 0
47500 0
47550 0
47600 0
47650 0
47700 0
47750 1.66667e-06
47800 0
47850 0
47900 0
47950 0
48000 0
48050 0
48100 0
48150 0
48200 0
48250 0
48300 0
48350 0
48400 0
48450 0
48500 0
48550 0
48600 0
48650 0
48700 0
48750 0
48800 0
48850 0
48900 0
48950 0
49000 0
49050 0
49100 0
49150 0
49200 0
49250 0
49300 0
49350 0
49400 0
49450 0
49500 0
49550 0
49600 0
49650 0
49700 0
49750 0
49800 0
49850 0
49900 0
49950 0
50000 0
50050 0
50100 0
50150 0
50200 0
50250 0
50300 0
50350 0
50400 0
50450 0
50500 0
50550 0
50600 0
50650 0
50700 0
50750 0
50800 0
50850 0
50900 0
50950 0
51000 0
51050 0
51100 0
51150 0
51200 0
51250 0
51300 0
51350 0
51400 0
51450 0
51500 0
51550 0
51600 0
51650 0
51700 0
51750 0
51800 0
51850 0
51900 0
51950 0
52000 0
52050 0
52100 0
52150 0
52200 0
52250 0
52300 0.0555567
52350 0.0555567
52400 0.0555567
52450 0.0555567
52500 0
52550 0
52600 0
52650 0
52700 0
52750 0
52800 0
52850 0
52900 0
52950 0
53000 0
53050 0
53100 0
53150 0
53200 0
53250 0
53300 0
53350 0
53400 0
53450 0
53500 0
53550 0
53600 0
53650 0
53700 0
53750 0
53800 0
53850 0
53900 0
53950 0
54000 0
54050 0
54100 0
54150 0
54200 0
54250 0
54300 0
54350 0
54400 0
54450 0
54500 0
54550 0
54600 0
54650 0
54700 0
54750 0
54800 0
54850 0
54900 0
54950 0
55000 0
55050 0
55100 0
55150 0
55200 0
55250 0
55300 0
55350 0
55400 0
55450 0
55500 0
55550 0
55600 0
55650 0
55700 0
55750 0
55800 0
55850 0
55900 0
55950 0
56000 0
56050 0
56100 0
56150 0
56200 0
56250 0
56300 0
56350 0
56400 0
56450 0
56500 0
56550 0
56600 0
56650 0
56700 0
56750 0
56800 0
56850 0
56900 0
56950 0
57000 0
57050 0
57100 0
57150 0
57200 0
57250 0
57300 0
57350 0
57400 0
57450 0
57500 0
57550 0
57600 0
57650 0
57700 0
57750 0
57800 0
57850 0
57900 0
57950 0
58000 0
58050 0
58100 0
58150 0
58200 0
58250 0
58300 0
58350 0
58400 0
58450 0
58500 0
58550 0
58600 0
58650 0
58700 0
58750 0
58800 0
58850 0
58900 0
58950 0
59000 0
59050 0
59100 0
59150 0
59200 0
59250 0
59300 0
59350 0
59400 0
59450 0
59500 0
59550 0
59600 0
59650 0
59700 0
59750 0
59800 0
59850 0
59900 0
59950 0
60000 0
60050 0
60100 0
60150 0
60200 0
60250 0
60300 0
60350 0
60400 0
60450 1.66667e-06
60500 0
60550 0
60600 1.66667e-06
60650 1.66667e-06
60700 1.66667e-06
60750 1.66667e-06
60800 1.66667e-06
60850 1.66667e-06
60900 0
60950 0
61000 0
61050 0
61100 0
61150 0
61200 0
61250 0
61300 0
61350 0
61400 0
61450 0
61500 0
61550 0
61600 0
61650 0
61700 0
61750 0
61800 0
61850 0
61900 0
61950 0
62000 0
62050 0
62100 0
62150 0
62200 0
62250 0
62300 0
62350 0
62400 0
62450 2.77556e-17
62500 2.77556e-17
62550 2.77556e-17
62600 2.77556e-17
62650 2.77556e-17
62700 2.77556e-17
62750 2.77556e-17
62800 2.77556e-17
62850 2.77556e-17
62900 2.77556e-17
62950 2.77556e-17
63000 0
63050 0
63100 0
63150 0
63200 0
63250 0
63300 0
63350 0
63400 0
63450 0
63500 0
63550 0
63600 0
63650 0
63700 0
63750 0
63800 0
63850 0
63900 0
63950 0
64000 0
64050 0
64100 0
64150 0
64200 0
64250 0
64300 0
64350 0
64400 0
64450 0
64500 0
64550 0
64600 0
64650 0
64700 0
64750 0
64800 0
64850 0
64900 0
64950 0
65000 0
65050 0
65100 0
65150 0
65200 0
65250 0
65300 0
65350 0
65400 0
65450 0
65500 0
65550 0
65600 0
65650 0
65700 0
65750 0
65800 0
65850 0
65900 0
65950 0
66000 0
66050 0
66100 0
66150 0
66200 0
66250 0
66300 0
66350 0
66400 0
66450 0
66500 0
66550 0
66600 0
66650 0
66700 0
66750 0
66800 0
66850 0
66900 0
66950 0
67000 0
67050 0
67100 0
67150 0
67200 0
67250 0
67300 0
67350 0
67400 0
67450 0
67500 0
67550 1.66667e-06
67600 0
67650 0
67700 0
67750 0
67800 0
67850 0
67900 0
67950 2.77556e-17
68000 0
68050 0
68100 0
68150 0
68200 0
68250 0
68300 0
68350 0
68400 0
68450 0
68500 0
68550 0
68600 0
68650 0
68700 2.77556e-17
68750 0
68800 0
68850 0
68900 0
68950 0
69000 0
69050 0
69100 0
69150 0
69200 0
69250 0
69300 0
69350 0
69400 0
69450 0
69500 0
69550 0
69600 0
69650 0
69700 0
69750 0
69800 0
69850 0
69900 0
69950 0
70000 0
70050 0
70100 0
70150 0
70200 0
70250 0
70300 0
70350 0
70400 0
70450 0
70500 0
70550 0
70600 0
70650 0
70700 0
70750 0
70800 0
70850 0
70900 0
70950 0
71000 0
71050 0
71100 0
71150 0
71200 0
71250 0
71300 0
71350 0
71400 0
71450 0
71500 0
71550 0
71600 0
71650 0
71700 0
71750 1.66667e-06
71800 0
71850 2.77556e-17
71900 0
71950 0
72000 0
72050 1.66667e-06
72100 0
72150 0
72200 1.66667e-06
72250 0
72300 0
72350 0
72400 0
72450 0
72500 0
72550 0
72600 0
72650 0
72700 0
72750 0
72800 0
72850 0
72900 2.77556e-17
72950 2.77556e-17
73000 0
73050 2.77556e-17
73100 2.77556e-17
73150 2.77556e-17
73200 2.77556e-17
73250 2.77556e-17
73300 2.77556e-17
73350 2.77556e-17
73400 2.77556e-17
73450 2.77556e-17
73500 2.77556e-17
73550 2.77556e-17
73600 2.77556e-17
73650 2.77556e-17
73700 2.77556e-17
73750 2.77556e-17
73800 2.77556e-17
73850 2.77556e-17
73900 2.77556e-17
73950 2.77556e-17
74000 2.77556e-17
74050 2.77556e-17
74100 2.77556e-17
74150 2.77556e-17
74200 2.77556e-17
74250 0
74300 0
74350 0
74400 0
74450 0
74500 0
74550 0
74600 2.77556e-17
74650 2.77556e-17
74700 2.77556e-17
74750 2.77556e-17
74800 2.77556e-17
74850 2.77556e-17
74900 2.77556e-17
74950 2.77556e-17
75000 2.77556e-17
75050 2.77556e-17
75100 2.77556e-17
75150 2.77556e-17
75200 2.77556e-17
75250 2.77556e-17
75300 2.77556e-17
75350 2.77556e-17
75400 2.77556e-17
75450 2.77556e-17
75500 2.77556e-17
75550 2.77556e-17
75600 2.77556e-17
75650 2.77556e-17
75700 2.77556e-17
75750 2.77556e-17
75800 2.77556e-17
75850 2.77556e-17
75900 0
75950 0
76000 0
76050 0
76100 0
76150 1.66667e-06
76200 1.66667e-06
76250 1.66667e-06
76300 1.66667e-06
76350 1.66667e-06
76400 1.66667e-06
76450 1.66667e-06
76500 1.66667e-06
76550 1.66667e-06
76600 1.66667e-06
76650 1.66667e-06
76700 1.66667e-06
76750 1.66667e-06
76800 1.66667e-06
76850 1.66667e-06
76900 1.66667e-06
76950 1.66667e-06
77000 1.66667e-06
77050 1.66667e-06
77100 0
77150 0
77200 0
77250 0
77300 2.77556e-17
77350 2.77556e-17
77400 2.77556e-17
77450 2.77556e-17
77500 0
77550 0
77600 2.77556e-17
77650 2.77556e-17
77700 2.77556e-17
77750 2.77556e-17
77800 0
77850 0
77900 0
77950 0
78000 0
78050 0
78100 0
78150 0
78200 0
78250 0
78300 0
78350 0
78400 0
78450 0
78500 0
78550 0
78600 0
78650 0
78700 0
78750 2.77556e-17
78800 0
78850 0
78900 0
78950 1.66667e-06
79000 0
79050 0
79100 0
79150 1.66667e-06
79200 1.66667e-06
79250 1.66667e-06
79300 1.66667e-06
79350 0
79400 0
79450 0
79500 0
79550 0
79600 0
79650 0
79700 0
79750 0
79800 0
79850 0
79900 0
79950 0
80000 0
80050 0
80100 0
80150 0
80200 0
80250 0
80300 0
80350 0
80400 0
80450 0
80500 0
80550 0
80600 0
80650 0
80700 0
80750 0
80800 0
80850 0
80900 0
80950 0
81000 0
81050 0
81100 0
81150 0
81200 0
81250 0
81300 0
81350 0
81400 0
81450 0
81500 0
81550 0
81600 0
81650 0
81700 2.77556e-17
81750 0
81800 0
81850 0
81900 0
81950 0
82000 0
82050 0
82100 0
82150 0
82200 0
82250 2.77556e-17
82300 2.77556e-17
82350 2.77556e-17
82400 2.77556e-17
82450 2.77556e-17
82500 2.77556e-17
82550 2.77556e-17
82600 2.77556e-17
82650 2.77556e-17
82700 2.77556e-17
82750 2.77556e-17
82800 2.77556e-17
82850 2.77556e-17
82900 2.77556e-17
82950 2.77556e-17
83000 2.77556e-17
83050 2.77556e-17
83100 2.77556e-17
83150 2.77556e-17
83200 2.77556e-17
83250 2.77556e-17
83300 2.77556e-17
83350 2.77556e-17
83400 2.77556e-17
83450 2.77556e-17
83500 2.77556e-17
83550 2.77556e-17
83600 2.77556e-17
83650 2.77556e-17
83700 2.77556e-17
83750 2.77556e-17
83800 2.77556e-17
83850 2.77556e-17
83900 2.77556e-17
83950 2.77556e-17
84000 2.77556e-17
84050 2.77556e-17
84100 2.77556e-17
84150 2.77556e-17
84200 2.77556e-17
84250 2.77556e-17
84300 2.77556e-17
84350 2.77556e-17
84400 2.77556e-17
84450 2.77556e-17
84500 2.77556e-17
84550 2.77556e-17
84600 2.77556e-17
84650 2.77556e-17
84700 2.77556e-17
84750 2.77556e-17
84800 2.77556e-17
84850 2.77556e-17
84900 2.77556e-17
84950 2.77556e-17
85000 2.77556e-17
85050 2.77556e-17
85100 2.77556e-17
85150 2.77556e-17
85200 2.77556e-17
85250 2.77556e-17
85300 2.77556e-17
85350 2.77556e-17
85400 2.77556e-17
85450 2.77556e-17
85500 2.77556e-17
85550 2.77556e-17
85600 2.77556e-17
85650 2.77556e-17
85700 2.77556e-17
85750 2.77556e-17
85800 2.77556e-17
85850 2.77556e-17
85900 2.77556e-17
85950 2.77556e-17
86000 2.77556e-17
86050 2.77556e-17
86100 2.77556e-17
86150 2.77556e-17
86200 2.77556e-17
86250 2.77556e-17
86300 2.77556e-17
86350 2.77556e-17
86400 2.77556e-17
86450 2.77556e-17
86500 2.77556e-17
86550 2.77556e-17
86600 2.77556e-17
86650 2.77556e-17
86700 2.77556e-17
86750 2.77556e-17
86800 2.77556e-17
86850 2.77556e-17
86900 2.77556e-17
86950 2.77556e-17
87000 2.77556e-17
87050 2.77556e-17
87100 2.77556e-17
87150 2.77556e-17
87200 2.77556e-17
87250 2.77556e-17
87300 2.77556e-17
87350 2.77556e-17
87400 2.77556e-17
87450 2.77556e-17
87500 2.77556e-17
87550 2.77556e-17
87600 2.77556e-17
87650 2.77556e-17
87700 2.77556e-17
87750 2.77556e-17
87800 2.77556e-17
87850 2.77556e-17
87900 2.77556e-17
87950 2.77556e-17
88000 2.77556e-17
88050 2.77556e-17
88100 2.77556e-17
88150 2.77556e-17
88200 2.77556e-17
88250 2.77556e-17
88300 2.77556e-17
88350 2.77556e-17
88400 2.77556e-17
88450 2.77556e-17
88500 2.77556e-17
88550 2.77556e-17
88600 2.77556e-17
88650 2.77556e-17
88700 2.77556e-17
88750 2.77556e-17
88800 2.77556e-17
88850 2.77556e-17
88900 2.77556e-17
88950 2.77556e-17
89000 2.77556e-17
89050 2.77556e-17
89100 2.77556e-17
89150 2.77556e-17
89200 2.77556e-17
89250 2.77556e-17
89300 2.77556e-17
89350 2.77556e-17
89400 2.77556e-17
89450 2.77556e-17
89500 2.77556e-17
89550 2.77556e-17
89600 2.77556e-17
89650 2.77556e-17
89700 2.77556e-17
89750 2.77556e-17
89800 2.77556e-17
89850 2.77556e-17
89900 2.77556e-17
89950 2.77556e-17
90000 2.77556e-17
90050 2.77556e-17
90100 2.77556e-17
90150 2.77556e-17
90200 2.77556e-17
90250 2.77556e-17
90300 2.77556e-17
90350 2.77556e-17
90400 2.77556e-17
90450 2.77556e-17
90500 2.77556e-17
90550 2.77556e-17
90600 2.77556e-17
90650 2.77556e-17
90700 2.77556e-17
90750 2.77556e-17
90800 2.77556e-17
90850 2.77556e-17
90900 2.77556e-17
90950 2.77556e-17
91000 2.77556e-17
91050 2.77556e-17
91100 2.77556e-17
91150 2.77556e-17
91200 2.77556e-17
91250 2.77556e-17
91300 2.77556e-17
91350 2.77556e-17
91400 2.77556e-17
91450 2.77556e-17
91500 2.77556e-17
91550 2.77556e-17
91600 2.77556e-17
91650 2.77556e-17
91700 2.77556e-17
91750 2.77556e-17
91800 2.77556e-17
91850 2.77556e-17
91900 2.77556e-17
91950 2.77556e-17
92000 2.77556e-17
92050 2.77556e-17
92100 2.77556e-17
92150 2.77556e-17
92200 2.77556e-17
92250 2.77556e-17
92300 2.77556e-17
92350 2.77556e-17
92400 2.77556e-17
92450 2.77556e-17
92500 2.77556e-17
92550 2.77556e-17
92600 2.77556e-17
92650 2.77556e-17
92700 2.77556e-17
92750 2.77556e-17
92800 2.77556e-17
92850 2.77556e-17
92900 2.77556e-17
92950 2.77556e-17
93000 2.77556e-17
93050 2.77556e-17
93100 2.77556e-17
93150 2.77556e-17
93200 2.77556e-17
93250 2.77556e-17
93300 2.77556e-17
93350 2.77556e-17
93400 2.77556e-17
93450 2.77556e-17
93500 2.77556e-17
93550 2.77556e-17
93600 2.77556e-17
93650 2.77556e-17
93700 2.77556e-17
93750 2.77556e-17
93800 2.77556e-17
93850 2.77556e-17
93900 2.77556e-17
93950 2.77556e-17
94000 2.77556e-17
94050 2.77556e-17
94100 2.77556e-17
94150 2.77556e-17
94200 2.77556e-17
94250 2.77556e-17
94300 2.77556e-17
94350 2.77556e-17
94400 2.77556e-17
94450 2.77556e-17
94500 2.77556e-17
94550 2.77556e-17
94600 2.77556e-17
94650 1.66667e-06
94700 1.66667e-06
94750 1.66667e-06
94800 1.66667e-06
94850 1.66667e-06
94900 1.66667e-06
94950 1.66667e-06
95000 1.66667e-06
95050 2.77556e-17
95100 2.77556e-17
95150 2.77556e-17
95200 2.77556e-17
95250 2.77556e-17
95300 2.77556e-17
95350 2.77556e-17
95400 2.77556e-17
95450 2.77556e-17
95500 2.77556e-17
95550 2.77556e-17
95600 2.77556e-17
95650 2.77556e-17
95700 2.77556e-17
95750 2.77556e-17
95800 2.77556e-17
95850 2.77556e-17
95900 2.77556e-17
95950 2.77556e-17
96000 2.77556e-17
96050 2.77556e-17
96100 2.77556e-17
96150 2.77556e-17
96200 2.77556e-17
96250 2.77556e-17
96300 2.77556e-17
96350 2.77556e-17
96400 2.77556e-17
96450 2.77556e-17
96500 2.77556e-17
96550 2.77556e-17
96600 2.77556e-17
96650 2.77556e-17
96700 2.77556e-17
96750 2.77556e-17
96800 2.77556e-17
96850 2.77556e-17
96900 2.77556e-17
96950 2.77556e-17
97000 2.77556e-17
97050 2.77556e-17
97100 2.77556e-17
97150 2.77556e-17
97200 2.77556e-17
97250 2.77556e-17
97300 2.77556e-17
97350 2.77556e-17
97400 2.77556e-17
97450 2.77556e-17
97500 2.77556e-17
97550 2.77556e-17
97600 2.77556e-17
97650 2.77556e-17
97700 2.77556e-17
97750 2.77556e-17
97800 2.77556e-17
97850 2.77556e-17
97900 2.77556e-17
97950 2.77556e-17
98000 2.77556e-17
98050 2.77556e-17
98100 1.66667e-06
98150 1.66667e-06
98200 1.66667e-06
98250 1.66667e-06
98300 1.66667e-06
98350 1.66667e-06
98400 2.77556e-17
98450 2.77556e-17
98500 2.77556e-17
98550 2.77556e-17
98600 2.77556e-17
98650 2.77556e-17
98700 2.77556e-17
98750 2.77556e-17
98800 2.77556e-17
98850 2.77556e-17
98900 2.77556e-17
98950 2.77556e-17
99000 2.77556e-17
99050 2.77556e-17
99100 1.66667e-06
99150 1.66667e-06
99200 1.66667e-06
99250 1.66667e-06
99300 1.66667e-06
99350 1.66667e-06
99400 2.77556e-17
99450 2.77556e-17
99500 1.66667e-06
99550 2.77556e-17
99600 1.66667e-06
99650 1.66667e-06
99700 2.77556e-17
99750 2.77556e-17
99800 2.77556e-17
99850 2.77556e-17
99900 2.77556e-17
99950 2.77556e-17
100000 2.77556e-17
100050 2.77556e-17
100100 2.77556e-17
100150 2.77556e-17
100200 2.77556e-17
100250 2.77556e-17
100300 2.77556e-17
100350 2.77556e-17
100400 2.77556e-17
100450 2.77556e-17
100500 2.77556e-17
100550 2.77556e-17
100600 2.77556e-17
100650 1.66667e-06
100700 1.66667e-06
100750 1.66667e-06
100800 1.66667e-06
100850 2.77556e-17
100900 2.77556e-17
100950 2.77556e-17
101000 2.77556e-17
101050 2.77556e-17
101100 2.77556e-17
101150 2.77556e-17
101200 2.77556e-17
101250 2.77556e-17
101300 2.77556e-17
101350 2.77556e-17
101400 2.77556e-17
101450 2.77556e-17
101500 2.77556e-17
101550 2.77556e-17
101600 2.77556e-17
101650 2.77556e-17
101700 2.77556e-17
101750 2.77556e-17
101800 2.77556e-17
101850 2.77556e-17
101900 2.77556e-17
101950 2.77556e-17
102000 2.77556e-17
102050 2.77556e-17
102100 2.77556e-17
102150 2.77556e-17
102200 2.77556e-17
102250 2.77556e-17
102300 2.77556e-17
102350 2.77556e-17
102400 2.77556e-17
102450 1.66667e-06
102500 2.77556e-17
102550 2.77556e-17
102600 1.66667e-06
102650 2.77556e-17
102700 2.77556e-17
102750 2.77556e-17
102800 2.77556e-17
102850 2.77556e-17
102900 2.77556e-17
102950 2.77556e-17
103000 2.77556e-17
103050 2.77556e-17
103100 2.77556e-17
103150 2.77556e-17
103200 2.77556e-17
103250 2.77556e-17
103300 1.66667e-06
103350 2.77556e-17
103400 2.77556e-17
103450 1.66667e-06
103500 1.66667e-06
103550 1.66667e-06
103600 1.66667e-06
103650 1.66667e-06
103700 1.66667e-06
103750 1.66667e-06
103800 1.66667e-06
103850 1.66667e-06
103900 1.66667e-06
103950 1.66667e-06
104000 1.66667e-06
104050 1.66667e-06
104100 1.66667e-06
104150 1.66667e-06
104200 1.66667e-06
104250 1.66667e-06
104300 1.66667e-06
104350 1.66667e-06
104400 1.66667e-06
104450 1.66667e-06
104500 1.66667e-06
104550 1.66667e-06
104600 1.66667e-06
104650 1.66667e-06
104700 1.66667e-06
104750 1.66667e-06
104800 1.66667e-06
104850 1.66667e-06
104900 1.66667e-06
104950 1.66667e-06
105000 1.66667e-06
105050 1.66667e-06
105100 1.66667e-06
105150 1.66667e-06
105200 1.66667e-06
105250 1.66667e-06
105300 1.66667e-06
105350 1.66667e-06
105400 1.66667e-06
105450 1.66667e-06
105500 1.66667e-06
105550 1.66667e-06
105600 1.66667e-06
105650 1.66667e-06
105700 1.66667e-06
105750 1.66667e-06
105800 1.66667e-06
105850 1.66667e-06
105900 1.66667e-06
105950 1.66667e-06
106000 1.66667e-06
106050 1.66667e-06
106100 2.77556e-17
106150 2.77556e-17
106200 2.77556e-17
106250 2.77556e-17
106300 2.77556e-17
106350 2.77556e-17
106400 2.77556e-17
106450 2.77556e-17
106500 2.77556e-17
106550 2.77556e-17
106600 2.77556e-17
106650 2.77556e-17
106700 2.77556e-17
106750 2.77556e-17
106800 2.77556e-17
106850 2.77556e-17
106900 2.77556e-17
106950 2.77556e-17
107000 2.77556e-17
107050 1.66667e-06
107100 1.66667e-06
107150 1.66667e-06
107200 1.66667e-06
107250 1.66667e-06
107300 1.66667e-06
107350 1.66667e-06
107400 1.66667e-06
107450 1.66667e-06
107500 1.66667e-06
107550 2.77556e-17
107600 2.77556e-17
107650 2.77556e-17
107700 2.77556e-17
107750 2.77556e-17
107800 2.77556e-17
107850 2.77556e-17
107900 2.77556e-17
107950 2.77556e-17
108000 2.77556e-17
108050 2.77556e-17
108100 2.77556e-17
108150 2.77556e-17
108200 2.77556e-17
108250 2.77556e-17
108300 2.77556e-17
108350 2.77556e-17
108400 2.77556e-17
108450 2.77556e-17
108500 2.77556e-17
108550 2.77556e-17
108600 2.77556e-17
108650 2.77556e-17
108700 2.77556e-17
108750 2.77556e-17
108800 2.77556e-17
108850 2.77556e-17
108900 2.77556e-17
108950 2.77556e-17
109000 2.77556e-17
109050 2.77556e-17
109100 2.77556e-17
109150 2.77556e-17
109200 2.77556e-17
109250 2.77556e-17
109300 2.77556e-17
109350 2.77556e-17
109400 2.77556e-17
109450 2.77556e-17
109500 2.77556e-17
109550 2.77556e-17
109600 1.66667e-06
109650 1.66667e-06
109700 2.77556e-17
109750 2.77556e-17
109800 2.77556e-17
109850 2.77556e-17
109900 2.77556e-17
109950 2.77556e-17
110000 2.77556e-17
110050 2.77556e-17
110100 2.77556e-17
110150 2.77556e-17
110200 2.77556e-17
110250 2.77556e-17
110300 2.77556e-17
110350 2.77556e-17
110400 2.77556e-17
110450 2.77556e-17
110500 2.77556e-17
110550 2.77556e-17
110600 2.77556e-17
110650 1.66667e-06
110700 1.66667e-06
110750 1.66667e-06
110800 2.77556e-17
110850 1.66667e-06
110900 2.77556e-17
110950 2.77556e-17
111000 2.77556e-17
111050 2.77556e-17
111100 2.77556e-17
111150 2.77556e-17
111200 2.77556e-17
111250 2.77556e-17
111300 2.77556e-17
111350 2.77556e-17
111400 2.77556e-17
111450 2.77556e-17
111500 2.77556e-17
111550 2.77556e-17
111600 2.77556e-17
111650 2.77556e-17
111700 2.77556e-17
111750 2.77556e-17
111800 2.77556e-17
111850 2.77556e-17
111900 2.77556e-17
111950 2.77556e-17
112000 2.77556e-17
112050 2.77556e-17
112100 2.77556e-17
112150 2.77556e-17
112200 2.77556e-17
112250 2.77556e-17
112300 2.77556e-17
112350 2.77556e-17
112400 2.77556e-17
112450 2.77556e-17
112500 2.77556e-17
112550 2.77556e-17
112600 2.77556e-17
112650 2.77556e-17
112700 2.77556e-17
112750 2.77556e-17
112800 2.77556e-17
112850 2.77556e-17
112900 2.77556e-17
112950 2.77556e-17
113000 2.77556e-17
113050 2.77556e-17
113100 2.77556e-17
113150 2.77556e-17
113200 2.77556e-17
113250 2.77556e-17
113300 2.77556e-17
113350 2.77556e-17
113400 2.77556e-17
113450 2.77556e-17
113500 2.77556e-17
113550 2.77556e-17
113600 2.77556e-17
113650 2.77556e-17
113700 2.77556e-17
113750 2.77556e-17
113800 2.77556e-17
113850 2.77556e-17
113900 2.77556e-17
113950 2.77556e-17
114000 2.77556e-17
114050 2.77556e-17
114100 2.77556e-17
114150 2.77556e-17
114200 2.77556e-17
114250 2.77556e-17
114300 2.77556e-17
114350 2.77556e-17
114400 2.77556e-17
114450 2.77556e-17
114500 2.77556e-17
114550 2.77556e-17
114600 2.77556e-17
114650 2.77556e-17
114700 2.77556e-17
114750 2.77556e-17
114800 2.77556e-17
114850 2.77556e-17
114900 2.77556e-17
114950 2.77556e-17
115000 2.77556e-17
115050 2.77556e-17
115100 2.77556e-17
115150 2.77556e-17
115200 2.77556e-17
115250 2.77556e-17
115300 2.77556e-17
115350 2.77556e-17
115400 2.77556e-17
115450 2.77556e-17
115500 2.77556e-17
115550 2.77556e-17
115600 2.77556e-17
115650 2.77556e-17
115700 2.77556e-17
115750 2.77556e-17
115800 2.77556e-17
115850 2.77556e-17
115900 2.77556e-17
115950 2.77556e-17
116000 2.77556e-17
116050 2.77556e-17
116100 2.77556e-17
116150 2.77556e-17
116200 2.77556e-17
116250 2.77556e-17
116300 2.77556e-17
116350 2.77556e-17
116400 2.77556e-17
116450 2.77556e-17
116500 2.77556e-17
116550 2.77556e-17
116600 2.77556e-17
116650 2.77556e-17
116700 2.77556e-17
116750 2.77556e-17
116800 2.77556e-17
116850 2.77556e-17
116900 2.77556e-17
116950 1.66667e-06
117000 1.66667e-06
117050 1.66667e-06
117100 1.66667e-06
117150 2.77556e-17
117200 1.66667e-06
117250 2.77556e-17
117300 1.66667e-06
117350 2.77556e-17
117400 2.77556e-17
117450 2.77556e-17
117500 2.77556e-17
117550 2.77556e-17
117600 2.77556e-17
117650 2.77556e-17
117700 2.77556e-17
117750 2.77556e-17
117800 2.77556e-17
117850 2.77556e-17
117900 1.66667e-06
117950 1.66667e-06
118000 1.66667e-06
118050 2.77556e-17
118100 2.77556e-17
118150 2.77556e-17
118200 2.77556e-17
118250 2.77556e-17
118300 2.77556e-17
118350 2.77556e-17
118400 2.77556e-17
118450 2.77556e-17
118500 2.77556e-17
118550 2.77556e-17
118600 2.77556e-17
118650 2.77556e-17
118700 2.77556e-17
118750 2.77556e-17
118800 2.77556e-17
118850 2.77556e-17
118900 2.77556e-17
118950 2.77556e-17
119000 2.77556e-17
119050 2.77556e-17
119100 2.77556e-17
119150 2.77556e-17
119200 2.77556e-17
119250 2.77556e-17
119300 2.77556e-17
119350 2.77556e-17
119400 2.77556e-17
119450 2.77556e-17
119500 2.77556e-17
119550 2.77556e-17
119600 2.77556e-17
119650 2.77556e-17
119700 2.77556e-17
119750 2.77556e-17
119800 2.77556e-17
119850 2.77556e-17
119900 2.77556e-17
119950 2.77556e-17
120000 2.77556e-17
120050 2.77556e-17
120100 2.77556e-17
120150 2.77556e-17
120200 2.77556e-17
120250 2.77556e-17
120300 2.77556e-17
120350 2.77556e-17
120400 2.77556e-17
120450 2.77556e-17
120500 2.77556e-17
120550 2.77556e-17
120600 2.77556e-17
120650 2.77556e-17
120700 2.77556e-17
120750 2.77556e-17
120800 2.77556e-17
120850 2.77556e-17
120900 2.77556e-17
120950 2.77556e-17
121000 2.77556e-17
121050 2.77556e-17
121100 2.77556e-17
121150 2.77556e-17
121200 2.77556e-17
121250 2.77556e-17
121300 2.77556e-17
121350 2.77556e-17
121400 2.77556e-17
121450 2.77556e-17
121500 2.77556e-17
121550 2.77556e-17
121600 2.77556e-17
121650 2.77556e-17
121700 2.77556e-17
121750 2.77556e-17
121800 2.77556e-17
121850 2.77556e-17
121900 2.77556e-17
121950 2.77556e-17
122000 2.77556e-17
122050 2.77556e-17
122100 2.77556e-17
122150 2.77556e-17
122200 2.77556e-17
122250 2.77556e-17
122300 2.77556e-17
122350 2.77556e-17
122400 2.77556e-17
122450 2.77556e-17
122500 2.77556e-17
122550 2.77556e-17
122600 2.77556e-17
122650 2.77556e-17
122700 2.77556e-17
122750 2.77556e-17
122800 2.77556e-17
122850 2.77556e-17
122900 2.77556e-17
122950 2.77556e-17
123000 2.77556e-17
123050 2.77556e-17
123100 2.77556e-17
123150 2.77556e-17
123200 2.77556e-17
123250 2.77556e-17
123300 2.77556e-17
123350 2.77556e-17
123400 2.77556e-17
123450 2.77556e-17
123500 2.77556e-17
123550 2.77556e-17
123600 2.77556e-17
123650 2.77556e-17
123700 2.77556e-17
123750 2.77556e-17
123800 2.77556e-17
123850 2.77556e-17
123900 2.77556e-17
123950 2.77556e-17
124000 2.77556e-17
124050 2.77556e-17
124100 2.77556e-17
124150 2.77556e-17
124200 2.77556e-17
124250 2.77556e-17
124300 2.77556e-17
124350 2.77556e-17
124400 2.77556e-17
124450 2.77556e-17
124500 2.77556e-17
124550 2.77556e-17
124600 2.77556e-17
124650 2.77556e-17
124700 2.77556e-17
124750 2.77556e-17
124800 2.77556e-17
124850 2.77556e-17
124900 2.77556e-17
124950 2.77556e-17
125000 2.77556e-17
125050 2.77556e-17
125100 2.77556e-17
125150 2.77556e-17
125200 2.77556e-17
125250 2.77556e-17
125300 2.77556e-17
125350 2.77556e-17
125400 2.77556e-17
125450 2.77556e-17
125500 2.77556e-17
125550 2.77556e-17
125600 2.77556e-17
125650 2.77556e-17
125700 2.77556e-17
125750 2.77556e-17
125800 2.77556e-17
125850 2.77556e-17
125900 2.77556e-17
125950 2.77556e-17
126000 2.77556e-17
126050 2.77556e-17
126100 2.77556e-17
126150 2.77556e-17
126200 2.77556e-17
126250 2.77556e-17
126300 2.77556e-17
126350 2.77556e-17
126400 2.77556e-17
126450 2.77556e-17
126500 2.77556e-17
126550 2.77556e-17
126600 2.77556e-17
126650 2.77556e-17
126700 2.77556e-17
126750 2.77556e-17
126800 2.77556e-17
126850 2.77556e-17
126900 2.77556e-17
126950 2.77556e-17
127000 2.77556e-17
127050 2.77556e-17
127100 2.77556e-17
127150 2.77556e-17
127200 2.77556e-17
127250 2.77556e-17
127300 2.77556e-17
127350 2.77556e-17
127400 2.77556e-17
127450 2.77556e-17
127500 2.77556e-17
127550 2.77556e-17
127600 2.77556e-17
127650 2.77556e-17
127700 2.77556e-17
127750 2.77556e-17
127800 2.77556e-17
127850 2.77556e-17
127900 2.77556e-17
127950 2.77556e-17
128000 2.77556e-17
128050 2.77556e-17
128100 2.77556e-17
128150 2.77556e-17
128200 2.77556e-17
128250 2.77556e-17
128300 2.77556e-17
128350 2.77556e-17
128400 2.77556e-17
128450 2.77556e-17
128500 2.77556e-17
128550 2.77556e-17
128600 2.77556e-17
128650 2.77556e-17
128700 2.77556e-17
128750 2.77556e-17
128800 2.77556e-17
128850 2.77556e-17
128900 2.77556e-17
128950 2.77556e-17
129000 2.77556e-17
129050 2.77556e-17
129100 2.77556e-17
129150 2.77556e-17
129200 2.77556e-17
129250 2.77556e-17
129300 2.77556e-17
129350 2.77556e-17
129400 2.77556e-17
129450 2.77556e-17
129500 2.77556e-17
129550 2.77556e-17
129600 2.77556e-17
129650 2.77556e-17
129700 2.77556e-17
129750 2.77556e-17
129800 2.77556e-17
129850 2.77556e-17
129900 2.77556e-17
129950 2.77556e-17
130000 2.77556e-17
130050 2.77556e-17
130100 2.77556e-17
130150 2.77556e-17
130200 2.77556e-17
130250 2.77556e-17
130300 2.77556e-17
130350 2.77556e-17
130400 2.77556e-17
130450 2.77556e-17
130500 2.77556e-17
130550 2.77556e-17
130600 2.77556e-17
130650 2.77556e-17
130700 2.77556e-17
130750 2.77556e-17
130800 2.77556e-17
130850 2.77556e-17
130900 2.77556e-17
130950 2.77556e-17
131000 2.77556e-17
131050 2.77556e-17
131100 2.77556e-17
131150 2.77556e-17
131200 2.77556e-17
131250 2.77556e-17
131300 2.77556e-17
131350 2.77556e-17
131400 2.77556e-17
131450 2.77556e-17
131500 2.77556e-17
131550 2.77556e-17
131600 2.77556e-17
131650 2.77556e-17
131700 2.77556e-17
131750 2.77556e-17
131800 2.77556e-17
131850 2.77556e-17
131900 2.77556e-17
131950 2.77556e-17
132000 2.77556e-17
132050 2.77556e-17
132100 2.77556e-17
132150 2.77556e-17
132200 2.77556e-17
132250 2.77556e-17
132300 2.77556e-17
132350 2.77556e-17
132400 2.77556e-17
132450 2.77556e-17
132500 2.77556e-17
132550 2.77556e-17
132600 2.77556e-17
132650 2.77556e-17
132700 2.77556e-17
132750 2.77556e-17
132800 2.77556e-17
132850 2.77556e-17
132900 2.77556e-17
132950 2.77556e-17
133000 2.77556e-17
133050 2.77556e-17
133100 2.77556e-17
133150 2.77556e-17
133200 2.77556e-17
133250 2.77556e-17
133300 2.77556e-17
133350 2.77556e-17
133400 2.77556e-17
133450 2.77556e-17
133500 2.77556e-17
133550 2.77556e-17
133600 2.77556e-17
133650 2.77556e-17
133700 2.77556e-17
133750 2.77556e-17
133800 2.77556e-17
133850 2.77556e-17
133900 2.77556e-17
133950 2.77556e-17
134000 2.77556e-17
134050 2.77556e-17
134100 2.77556e-17
134150 2.77556e-17
134200 2.77556e-17
134250 2.77556e-17
134300 2.77556e-17
134350 2.77556e-17
134400 2.77556e-17
134450 2.77556e-17
134500 2.77556e-17
134550 2.77556e-17
134600 2.77556e-17
134650 2.77556e-17
134700 2.77556e-17
134750 2.77556e-17
134800 2.77556e-17
134850 2.77556e-17
134900 2.77556e-17
134950 2.77556e-17
135000 2.77556e-17
135050 2.77556e-17
135100 2.77556e-17
135150 2.77556e-17
135200 2.77556e-17
135250 2.77556e-17
135300 2.77556e-17
135350 2.77556e-17
135400 2.77556e-17
135450 2.77556e-17
135500 2.77556e-17
135550 2.77556e-17
135600 2.77556e-17
135650 2.77556e-17
135700 2.77556e-17
135750 2.77556e-17
135800 2.77556e-17
135850 2.77556e-17
135900 2.77556e-17
135950 2.77556e-17
136000 2.77556e-17
136050 2.77556e-17
136100 2.77556e-17
136150 2.77556e-17
136200 2.77556e-17
136250 2.77556e-17
136300 2.77556e-17
136350 2.77556e-17
136400 2.77556e-17
136450 2.77556e-17
136500 2.77556e-17
136550 2.77556e-17
136600 2.77556e-17
136650 2.77556e-17
136700 2.77556e-17
136750 2.77556e-17
136800 2.77556e-17
136850 2.77556e-17
136900 2.77556e-17
136950 2.77556e-17
137000 2.77556e-17
137050 2.77556e-17
137100 2.77556e-17
137150 2.77556e-17
137200 2.77556e-17
137250 2.77556e-17
137300 2.77556e-17
137350 2.77556e-17
137400 2.77556e-17
137450 2.77556e-17
137500 2.77556e-17
137550 2.77556e-17
137600 2.77556e-17
137650 2.77556e-17
137700 2.77556e-17
137750 2.77556e-17
137800 2.77556e-17
137850 2.77556e-17
137900 2.77556e-17
137950 2.77556e-17
138000 2.77556e-17
138050 2.77556e-17
138100 2.77556e-17
138150 2.77556e-17
138200 2.77556e-17
138250 2.77556e-17
138300 2.77556e-17
138350 2.77556e-17
138400 2.77556e-17
138450 2.77556e-17
138500 2.77556e-17
138550 2.77556e-17
138600 2.77556e-17
138650 2.77556e-17
138700 2.77556e-17
138750 2.77556e-17
138800 2.77556e-17
138850 2.77556e-17
138900 2.77556e-17
138950 2.77556e-17
139000 2.77556e-17
139050 2.77556e-17
139100 2.77556e-17
139150 2.77556e-17
139200 2.77556e-17
139250 2.77556e-17
139300 2.77556e-17
139350 2.77556e-17
139400 2.77556e-17
139450 2.77556e-17
139500 2.77556e-17
139550 2.77556e-17
139600 2.77556e-17
139650 2.77556e-17
139700 2.77556e-17
139750 2.77556e-17
139800 2.77556e-17
139850 2.77556e-17
139900 2.77556e-17
139950 2.77556e-17
140000 2.77556e-17
140050 2.77556e-17
140100 2.77556e-17
140150 2.77556e-17
140200 2.77556e-17
140250 2.77556e-17
140300 2.77556e-17
140350 2.77556e-17
140400 2.77556e-17
140450 2.77556e-17
140500 2.77556e-17
140550 2.77556e-17
140600 2.77556e-17
140650 2.77556e-17
140700 2.77556e-17
140750 2.77556e-17
140800 2.77556e-17
140850 2.77556e-17
140900 2.77556e-17
140950 2.77556e-17
141000 2.77556e-17
141050 2.77556e-17
141100 2.77556e-17
141150 2.77556e-17
141200 2.77556e-17
141250 2.77556e-17
141300 2.77556e-17
141350 2.77556e-17
141400 2.77556e-17
141450 2.77556e-17
141500 2.77556e-17
141550 2.77556e-17
141600 2.77556e-17
141650 2.77556e-17
141700 2.77556e-17
141750 2.77556e-17
141800 2.77556e-17
141850 2.77556e-17
141900 2.77556e-17
141950 2.77556e-17
142000 2.77556e-17
142050 2.77556e-17
142100 2.77556e-17
142150 2.77556e-17
142200 2.77556e-17
142250 2.77556e-17
142300 2.77556e-17
142350 2.77556e-17
142400 2.77556e-17
142450 2.77556e-17
142500 2.77556e-17
142550 2.77556e-17
142600 2.77556e-17
142650 2.77556e-17
142700 2.77556e-17
142750 2.77556e-17
142800 2.77556e-17
142850 2.77556e-17
142900 2.77556e-17
142950 2.77556e-17
143000 2.77556e-17
143050 2.77556e-17
143100 2.77556e-17
143150 2.77556e-17
143200 2.77556e-17
143250 2.77556e-17
143300 2.77556e-17
143350 2.77556e-17
143400 2.77556e-17
143450 2.77556e-17
143500 2.77556e-17
143550 2.77556e-17
143600 2.77556e-17
143650 2.77556e-17
143700 2.77556e-17
143750 2.77556e-17
143800 2.77556e-17
143850 2.77556e-17
143900 2.77556e-17
143950 2.77556e-17
144000 2.77556e-17
144050 2.77556e-17
144100 2.77556e-17
144150 2.77556e-17
144200 2.77556e-17
144250 2.77556e-17
144300 2.77556e-17
144350 2.77556e-17
144400 2.77556e-17
144450 2.77556e-17
144500 2.77556e-17
144550 2.77556e-17
144600 2.77556e-17
144650 2.77556e-17
144700 2.77556e-17
144750 2.77556e-17
144800 2.77556e-17
144850 2.77556e-17
144900 2.77556e-17
144950 2.77556e-17
145000 2.77556e-17
145050 2.77556e-17
145100 2.77556e-17
145150 2.77556e-17
145200 2.77556e-17
145250 2.77556e-17
145300 2.77556e-17
145350 2.77556e-17
145400 2.77556e-17
145450 2.77556e-17
145500 2.77556e-17
145550 2.77556e-17
145600 2.77556e-17
145650 2.77556e-17
145700 2.77556e-17
145750 2.77556e-17
145800 2.77556e-17
145850 2.77556e-17
145900 2.77556e-17
145950 2.77556e-17
146000 2.77556e-17
146050 2.77556e-17
146100 2.77556e-17
146150 2.77556e-17
146200 2.77556e-17
146250 2.77556e-17
146300 2.77556e-17
146350 2.77556e-17
146400 2.77556e-17
146450 2.77556e-17
146500 2.77556e-17
146550 2.77556e-17
146600 2.77556e-17
146650 2.77556e-17
146700 2.77556e-17
146750 2.77556e-17
146800 2.77556e-17
146850 2.77556e-17
146900 2.77556e-17
146950 2.77556e-17
147000 2.77556e-17
147050 2.77556e-17
147100 2.77556e-17
147150 2.77556e-17
147200 2.77556e-17
147250 2.77556e-17
147300 2.77556e-17
147350 2.77556e-17
147400 2.77556e-17
147450 2.77556e-17
147500 2.77556e-17
147550 2.77556e-17
147600 2.77556e-17
147650 2.77556e-17
147700 2.77556e-17
147750 2.77556e-17
147800 2.77556e-17
147850 2.77556e-17
147900 2.77556e-17
147950 2.77556e-17
148000 2.77556e-17
148050 2.77556e-17
148100 2.77556e-17
148150 2.77556e-17
148200 2.77556e-17
148250 2.77556e-17
148300 2.77556e-17
148350 2.77556e-17
148400 2.77556e-17
148450 2.77556e-17
148500 2.77556e-17
148550 2.77556e-17
148600 2.77556e-17
148650 2.77556e-17
148700 2.77556e-17
148750 2.77556e-17
148800 2.77556e-17
148850 2.77556e-17
148900 2.77556e-17
148950 2.77556e-17
149000 2.77556e-17
149050 2.77556e-17
149100 2.77556e-17
149150 2.77556e-17
149200 2.77556e-17
149250 2.77556e-17
149300 2.77556e-17
149350 2.77556e-17
149400 2.77556e-17
149450 2.77556e-17
149500 2.77556e-17
149550 2.77556e-17
149600 2.77556e-17
149650 2.77556e-17
149700 2.77556e-17
149750 2.77556e-17
149800 2.77556e-17
149850 2.77556e-17
149900 2.77556e-17
149950 2.77556e-17
150000 2.77556e-17
150050 2.77556e-17
150100 2.77556e-17
150150 2.77556e-17
150200 2.77556e-17
150250 2.77556e-17
150300 2.77556e-17
150350 2.77556e-17
150400 2.77556e-17
150450 2.77556e-17
150500 2.77556e-17
150550 2.77556e-17
150600 2.77556e-17
150650 2.77556e-17
150700 2.77556e-17
150750 2.77556e-17
150800 2.77556e-17
150850 2.77556e-17
150900 2.77556e-17
150950 2.77556e-17
151000 2.77556e-17
151050 2.77556e-17
151100 2.77556e-17
151150 2.77556e-17
151200 2.77556e-17
151250 2.77556e-17
151300 2.77556e-17
151350 2.77556e-17
151400 2.77556e-17
151450 2.77556e-17
151500 2.77556e-17
151550 2.77556e-17
151600 2.77556e-17
151650 2.77556e-17
151700 2.77556e-17
151750 2.77556e-17
151800 2.77556e-17
151850 2.77556e-17
151900 2.77556e-17
151950 2.77556e-17
152000 2.77556e-17
152050 2.77556e-17
152100 2.77556e-17
152150 2.77556e-17
152200 2.77556e-17
152250 2.77556e-17
152300 2.77556e-17
152350 2.77556e-17
152400 2.77556e-17
152450 2.77556e-17
152500 2.77556e-17
152550 2.77556e-17
152600 2.77556e-17
152650 2.77556e-17
152700 2.77556e-17
152750 2.77556e-17
152800 2.77556e-17
152850 2.77556e-17
152900 2.77556e-17
152950 2.77556e-17
153000 2.77556e-17
153050 2.77556e-17
153100 2.77556e-17
153150 2.77556e-17
153200 2.77556e-17
153250 2.77556e-17
153300 2.77556e-17
153350 2.77556e-17
153400 2.77556e-17
153450 2.77556e-17
153500 2.77556e-17
153550 2.77556e-17
153600 2.77556e-17
153650 2.77556e-17
153700 2.77556e-17
153750 2.77556e-17
153800 2.77556e-17
153850 2.77556e-17
153900 2.77556e-17
153950 2.77556e-17
154000 2.77556e-17
154050 2.77556e-17
154100 2.77556e-17
154150 2.77556e-17
154200 2.77556e-17
154250 2.77556e-17
154300 2.77556e-17
154350 2.77556e-17
154400 2.77556e-17
154450 2.77556e-17
154500 2.77556e-17
154550 2.77556e-17
154600 2.77556e-17
154650 2.77556e-17
154700 2.77556e-17
154750 2.77556e-17
154800 2.77556e-17
154850 2.77556e-17
154900 2.77556e-17
154950 2.77556e-17
155000 2.77556e-17
155050 2.77556e-17
155100 2.77556e-17
155150 2.77556e-17
155200 2.77556e-17
155250 2.77556e-17
155300 2.77556e-17
155350 2.77556e-17
155400 2.77556e-17
155450 2.77556e-17
155500 2.77556e-17
155550 2.77556e-17
155600 2.77556e-17
155650 2.77556e-17
155700 2.77556e-17
155750 2.77556e-17
155800 2.77556e-17
155850 2.77556e-17
155900 2.77556e-17
155950 2.77556e-17
156000 2.77556e-17
156050 2.77556e-17
156100 2.77556e-17
156150 2.77556e-17
156200 2.77556e-17
156250 2.77556e-17
156300 2.77556e-17
156350 2.77556e-17
156400 2.77556e-17
156450 2.77556e-17
156500 2.77556e-17
156550 2.77556e-17
156600 2.77556e-17
156650 2.77556e-17
156700 2.77556e-17
156750 2.77556e-17
156800 2.77556e-17
156850 2.77556e-17
156900 2.77556e-17
156950 2.77556e-17
157000 2.77556e-17
157050 2.77556e-17
157100 2.77556e-17
157150 2.77556e-17
157200 2.77556e-17
157250 2.77556e-17
157300 2.77556e-17
157350 2.77556e-17
157400 2.77556e-17
157450 2.77556e-17
157500 2.77556e-17
157550 2.77556e-17
157600 2.77556e-17
157650 2.77556e-17
157700 2.77556e-17
157750 2.77556e-17
157800 2.77556e-17
157850 2.77556e-17
157900 2.77556e-17
157950 2.77556e-17
158000 2.77556e-17
158050 2.77556e-17
158100 2.77556e-17
158150 2.77556e-17
158200 2.77556e-17
158250 2.77556e-17
158300 2.77556e-17
158350 2.77556e-17
158400 2.77556e-17
158450 2.77556e-17
158500 2.77556e-17
158550 2.77556e-17
158600 2.77556e-17
158650 2.77556e-17
158700 2.77556e-17
158750 2.77556e-17
158800 2.77556e-17
158850 2.77556e-17
158900 2.77556e-17
158950 2.77556e-17
159000 2.77556e-17
159050 2.77556e-17
159100 2.77556e-17
159150 2.77556e-17
159200 2.77556e-17
159250 2.77556e-17
159300 2.77556e-17
159350 2.77556e-17
159400 2.77556e-17
159450 2.77556e-17
159500 2.77556e-17
159550 2.77556e-17
159600 2.77556e-17
159650 2.77556e-17
159700 2.77556e-17
159750 2.77556e-17
159800 2.77556e-17
159850 2.77556e-17
159900 2.77556e-17
159950 2.77556e-17
160000 2.77556e-17
160050 2.77556e-17
160100 2.77556e-17
160150 2.77556e-17
160200 2.77556e-17
160250 2.77556e-17
160300 2.77556e-17
160350 2.77556e-17
160400 2.77556e-17
160450 2.77556e-17
160500 2.77556e-17
160550 2.77556e-17
160600 2.77556e-17
160650 2.77556e-17
160700 2.77556e-17
160750 2.77556e-17
160800 2.77556e-17
160850 2.77556e-17
160900 2.77556e-17
160950 2.77556e-17
161000 2.77556e-17
161050 2.77556e-17
161100 2.77556e-17
161150 2.77556e-17
161200 2.77556e-17
161250 2.77556e-17
161300 2.77556e-17
161350 2.77556e-17
161400 2.77556e-17
161450 2.77556e-17
161500 2.77556e-17
161550 2.77556e-17
161600 2.77556e-17
161650 2.77556e-17
161700 2.77556e-17
161750 2.77556e-17
161800 2.77556e-17
161850 2.77556e-17
161900 2.77556e-17
161950 2.77556e-17
162000 2.77556e-17
162050 2.77556e-17
162100 2.77556e-17
162150 2.77556e-17
162200 2.77556e-17
162250 2.77556e-17
162300 2.77556e-17
162350 2.77556e-17
162400 2.77556e-17
162450 2.77556e-17
162500 2.77556e-17
162550 2.77556e-17
162600 2.77556e-17
162650 2.77556e-17
162700 2.77556e-17
162750 2.77556e-17
162800 2.77556e-17
162850 2.77556e-17
162900 2.77556e-17
162950 2.77556e-17
163000 2.77556e-17
163050 2.77556e-17
163100 2.77556e-17
163150 2.77556e-17
163200 2.77556e-17
163250 2.77556e-17
163300 2.77556e-17
163350 2.77556e-17
163400 2.77556e-17
163450 2.77556e-17
163500 2.77556e-17
163550 2.77556e-17
163600 2.77556e-17
163650 2.77556e-17
163700 2.77556e-17
163750 2.77556e-17
163800 2.77556e-17
163850 2.77556e-17
163900 2.77556e-17
163950 2.77556e-17
164000 2.77556e-17
164050 2.77556e-17
164100 2.77556e-17
164150 2.77556e-17
164200 2.77556e-17
164250 2.77556e-17
164300 2.77556e-17
164350 2.77556e-17
164400 2.77556e-17
164450 2.77556e-17
164500 2.77556e-17
164550 2.77556e-17
164600 2.77556e-17
164650 2.77556e-17
164700 2.77556e-17
164750 2.77556e-17
164800 2.77556e-17
164850 2.77556e-17
164900 2.77556e-17
164950 2.77556e-17
165000 2.77556e-17
165050 2.77556e-17
165100 2.77556e-17
165150 2.77556e-17
165200 2.77556e-17
165250 2.77556e-17
165300 2.77556e-17
165350 2.77556e-17
165400 2.77556e-17
165450 2.77556e-17
165500 2.77556e-17
165550 2.77556e-17
165600 2.77556e-17
165650 2.77556e-17
165700 2.77556e-17
165750 2.77556e-17
165800 2.77556e-17
165850 2.77556e-17
165900 2.77556e-17
165950 2.77556e-17
166000 2.77556e-17
166050 2.77556e-17
166100 2.77556e-17
166150 2.77556e-17
166200 2.77556e-17
166250 2.77556e-17
166300 2.77556e-17
166350 2.77556e-17
166400 2.77556e-17
166450 2.77556e-17
166500 2.77556e-17
166550 2.77556e-17
166600 2.77556e-17
166650 2.77556e-17
166700 2.77556e-17
166750 2.77556e-17
166800 2.77556e-17
166850 2.77556e-17
166900 2.77556e-17
166950 2.77556e-17
167000 2.77556e-17
167050 2.77556e-17
167100 2.77556e-17
167150 2.77556e-17
167200 2.77556e-17
167250 2.77556e-17
167300 2.77556e-17
167350 2.77556e-17
167400 2.77556e-17
167450 2.77556e-17
167500 2.77556e-17
167550 2.77556e-17
167600 2.77556e-17
167650 2.77556e-17
167700 2.77556e-17
167750 2.77556e-17
167800 2.77556e-17
167850 2.77556e-17
167900 2.77556e-17
167950 2.77556e-17
168000 2.77556e-17
168050 2.77556e-17
168100 2.77556e-17
168150 2.77556e-17
168200 2.77556e-17
168250 2.77556e-17
168300 2.77556e-17
168350 2.77556e-17
168400 2.77556e-17
168450 2.77556e-17
168500 2.77556e-17
168550 2.77556e-17
168600 2.77556e-17
168650 2.77556e-17
168700 2.77556e-17
168750 2.77556e-17
168800 2.77556e-17
168850 2.77556e-17
168900 2.77556e-17
168950 2.77556e-17
169000 2.77556e-17
169050 2.77556e-17
169100 2.77556e-17
169150 2.77556e-17
169200 2.77556e-17
169250 2.77556e-17
169300 2.77556e-17
169350 2.77556e-17
169400 2.77556e-17
169450 2.77556e-17
169500 2.77556e-17
169550 2.77556e-17
169600 2.77556e-17
169650 2.77556e-17
169700 2.77556e-17
169750 2.77556e-17
169800 2.77556e-17
169850 2.77556e-17
169900 2.77556e-17
169950 2.77556e-17
170000 2.77556e-17
170050 2.77556e-17
170100 2.77556e-17
170150 2.77556e-17
170200 2.77556e-17
170250 2.77556e-17
170300 2.77556e-17
170350 2.77556e-17
170400 2.77556e-17
170450 2.77556e-17
170500 2.77556e-17
170550 2.77556e-17
170600 2.77556e-17
170650 2.77556e-17
170700 2.77556e-17
170750 2.77556e-17
170800 2.77556e-17
170850 2.77556e-17
170900 2.77556e-17
170950 2.77556e-17
171000 2.77556e-17
171050 2.77556e-17
171100 2.77556e-17
171150 2.77556e-17
171200 2.77556e-17
171250 2.77556e-17
171300 2.77556e-17
171350 2.77556e-17
171400 2.77556e-17
171450 2.77556e-17
171500 2.77556e-17
171550 2.77556e-17
171600 2.77556e-17
171650 2.77556e-17
171700 2.77556e-17
171750 2.77556e-17
171800 2.77556e-17
171850 2.77556e-17
171900 2.77556e-17
171950 2.77556e-17
172000 2.77556e-17
172050 2.77556e-17
172100 2.77556e-17
172150 2.77556e-17
172200 2.77556e-17
172250 2.77556e-17
172300 2.77556e-17
172350 2.77556e-17
172400 2.77556e-17
172450 2.77556e-17
172500 2.77556e-17
172550 2.77556e-17
172600 2.77556e-17
172650 2.77556e-17
172700 2.77556e-17
172750 2.77556e-17
172800 2.77556e-17
172850 2.77556e-17
172900 2.77556e-17
172950 2.77556e-17
173000 2.77556e-17
173050 2.77556e-17
173100 2.77556e-17
173150 2.77556e-17
173200 2.77556e-17
173250 2.77556e-17
173300 2.77556e-17
173350 2.77556e-17
173400 2.77556e-17
173450 2.77556e-17
173500 2.77556e-17
173550 2.77556e-17
173600 2.77556e-17
173650 2.77556e-17
173700 2.77556e-17
173750 2.77556e-17
173800 2.77556e-17
173850 2.77556e-17
173900 2.77556e-17
173950 2.77556e-17
174000 2.77556e-17
174050 2.77556e-17
174100 2.77556e-17
174150 2.77556e-17
174200 2.77556e-17
174250 2.77556e-17
174300 2.77556e-17
174350 2.77556e-17
174400 2.77556e-17
174450 2.77556e-17
174500 2.77556e-17
174550 2.77556e-17
174600 2.77556e-17
174650 2.77556e-17
174700 2.77556e-17
174750 2.77556e-17
174800 2.77556e-17
174850 2.77556e-17
174900 1.66667e-06
174950 1.66667e-06
175000 2.77556e-17
175050 2.77556e-17
175100 2.77556e-17
175150 2.77556e-17
175200 2.77556e-17
175250 2.77556e-17
175300 2.77556e-17
175350 2.77556e-17
175400 2.77556e-17
175450 2.77556e-17
175500 2.77556e-17
175550 2.77556e-17
175600 2.77556e-17
175650 2.77556e-17
175700 2.77556e-17
175750 2.77556e-17
175800 2.77556e-17
175850 2.77556e-17
175900 2.77556e-17
175950 2.77556e-17
176000 2.77556e-17
176050 2.77556e-17
176100 2.77556e-17
176150 2.77556e-17
176200 2.77556e-17
176250 2.77556e-17
176300 2.77556e-17
176350 2.77556e-17
176400 2.77556e-17
176450 2.77556e-17
176500 2.77556e-17
176550 2.77556e-17
176600 2.77556e-17
176650 2.77556e-17
176700 2.77556e-17
176750 2.77556e-17
176800 2.77556e-17
176850 2.77556e-17
176900 2.77556e-17
176950 2.77556e-17
177000 2.77556e-17
177050 2.77556e-17
177100 2.77556e-17
177150 2.77556e-17
177200 2.77556e-17
177250 2.77556e-17
177300 2.77556e-17
177350 2.77556e-17
177400 2.77556e-17
177450 2.77556e-17
177500 2.77556e-17
177550 2.77556e-17
177600 2.77556e-17
177650 2.77556e-17
177700 2.77556e-17
177750 2.77556e-17
177800 2.77556e-17
177850 2.77556e-17
177900 2.77556e-17
177950 2.77556e-17
178000 2.77556e-17
178050 2.77556e-17
178100 2.77556e-17
178150 2.77556e-17
178200 2.77556e-17
178250 2.77556e-17
178300 2.77556e-17
178350 2.77556e-17
178400 2.77556e-17
178450 2.77556e-17
178500 2.77556e-17
178550 2.77556e-17
178600 2.77556e-17
178650 2.77556e-17
178700 2.77556e-17
178750 2.77556e-17
178800 2.77556e-17
178850 2.77556e-17
178900 2.77556e-17
178950 2.77556e-17
179000 2.77556e-17
179050 2.77556e-17
179100 2.77556e-17
179150 2.77556e-17
179200 2.77556e-17
179250 2.77556e-17
179300 2.77556e-17
179350 2.77556e-17
179400 2.77556e-17
179450 2.77556e-17
179500 2.77556e-17
179550 2.77556e-17
179600 2.77556e-17
179650 2.77556e-17
179700 1.66667e-06
179750 2.77556e-17
179800 2.77556e-17
179850 2.77556e-17
179900 2.77556e-17
179950 2.77556e-17
180000 2.77556e-17
180050 2.77556e-17
180100 2.77556e-17
180150 2.77556e-17
180200 2.77556e-17
180250 2.77556e-17
180300 2.77556e-17
180350 2.77556e-17
180400 2.77556e-17
180450 2.77556e-17
180500 2.77556e-17
180550 2.77556e-17
180600 2.77556e-17
180650 2.77556e-17
180700 2.77556e-17
180750 2.77556e-17
180800 2.77556e-17
180850 2.77556e-17
180900 2.77556e-17
180950 2.77556e-17
181000 2.77556e-17
181050 2.77556e-17
181100 2.77556e-17
181150 2.77556e-17
181200 2.77556e-17
181250 2.77556e-17
181300 2.77556e-17
181350 2.77556e-17
181400 2.77556e-17
181450 2.77556e-17
181500 2.77556e-17
181550 2.77556e-17
181600 2.77556e-17
181650 2.77556e-17
181700 2.77556e-17
181750 2.77556e-17
181800 2.77556e-17
181850 2.77556e-17
181900 2.77556e-17
181950 2.77556e-17
182000 2.77556e-17
182050 2.77556e-17
182100 2.77556e-17
182150 2.77556e-17
182200 2.77556e-17
182250 2.77556e-17
182300 2.77556e-17
182350 2.77556e-17
182400 2.77556e-17
182450 2.77556e-17
182500 2.77556e-17
182550 2.77556e-17
182600 2.77556e-17
182650 2.77556e-17
182700 2.77556e-17
182750 2.77556e-17
182800 2.77556e-17
182850 2.77556e-17
182900 2.77556e-17
182950 2.77556e-17
183000 2.77556e-17
183050 2.77556e-17
183100 2.77556e-17
183150 2.77556e-17
183200 2.77556e-17
183250 2.77556e-17
183300 2.77556e-17
183350 2.77556e-17
183400 2.77556e-17
183450 2.77556e-17
183500 2.77556e-17
183550 2.77556e-17
183600 2.77556e-17
183650 2.77556e-17
183700 2.77556e-17
183750 2.77556e-17
183800 2.77556e-17
183850 2.77556e-17
183900 2.77556e-17
183950 2.77556e-17
184000 2.77556e-17
184050 2.77556e-17
184100 2.77556e-17
184150 2.77556e-17
184200 2.77556e-17
184250 2.77556e-17
184300 2.77556e-17
184350 1.66667e-06
184400 1.66667e-06
184450 1.66667e-06
184500 2.77556e-17
184550 2.77556e-17
184600 2.77556e-17
184650 2.77556e-17
184700 2.77556e-17
184750 2.77556e-17
184800 2.77556e-17
184850 2.77556e-17
184900 2.77556e-17
184950 1.66667e-06
185000 1.66667e-06
185050 1.66667e-06
185100 1.66667e-06
185150 1.66667e-06
185200 1.66667e-06
185250 1.66667e-06
185300 2.77556e-17
185350 2.77556e-17
185400 2.77556e-17
185450 2.77556e-17
185500 2.77556e-17
185550 2.77556e-17
185600 2.77556e-17
185650 2.77556e-17
185700 2.77556e-17
185750 2.77556e-17
185800 2.77556e-17
185850 2.77556e-17
185900 2.77556e-17
185950 2.77556e-17
186000 2.77556e-17
186050 2.77556e-17
186100 2.77556e-17
186150 2.77556e-17
186200 2.77556e-17
186250 2.77556e-17
186300 2.77556e-17
186350 2.77556e-17
186400 2.77556e-17
186450 2.77556e-17
186500 2.77556e-17
186550 2.77556e-17
186600 2.77556e-17
186650 2.77556e-17
186700 2.77556e-17
186750 2.77556e-17
186800 2.77556e-17
186850 2.77556e-17
186900 2.77556e-17
186950 2.77556e-17
187000 2.77556e-17
187050 2.77556e-17
187100 2.77556e-17
187150 2.77556e-17
187200 2.77556e-17
187250 2.77556e-17
187300 2.77556e-17
187350 2.77556e-17
187400 2.77556e-17
187450 2.77556e-17
187500 2.77556e-17
187550 2.77556e-17
187600 2.77556e-17
187650 2.77556e-17
187700 2.77556e-17
187750 2.77556e-17
187800 2.77556e-17
187850 2.77556e-17
187900 2.77556e-17
187950 2.77556e-17
188000 2.77556e-17
188050 2.77556e-17
188100 2.77556e-17
188150 2.77556e-17
188200 2.77556e-17
188250 2.77556e-17
188300 2.77556e-17
188350 2.77556e-17
188400 2.77556e-17
188450 2.77556e-17
188500 2.77556e-17
188550 2.77556e-17
188600 2.77556e-17
188650 2.77556e-17
188700 2.77556e-17
188750 2.77556e-17
188800 2.77556e-17
188850 2.77556e-17
188900 2.77556e-17
188950 2.77556e-17
189000 2.77556e-17
189050 2.77556e-17
189100 2.77556e-17
189150 2.77556e-17
189200 2.77556e-17
189250 2.77556e-17
189300 2.77556e-17
189350 2.77556e-17
189400 2.77556e-17
189450 2.77556e-17
189500 2.77556e-17
189550 2.77556e-17
189600 2.77556e-17
189650 2.77556e-17
189700 2.77556e-17
189750 2.77556e-17
189800 2.77556e-17
189850 2.77556e-17
189900 1.66667e-06
189950 2.77556e-17
190000 2.77556e-17
190050 2.77556e-17
190100 2.77556e-17
190150 2.77556e-17
190200 2.77556e-17
190250 2.77556e-17
190300 2.77556e-17
190350 2.77556e-17
190400 2.77556e-17
190450 2.77556e-17
190500 2.77556e-17
190550 2.77556e-17
190600 2.77556e-17
190650 2.77556e-17
190700 2.77556e-17
190750 2.77556e-17
190800 2.77556e-17
190850 2.77556e-17
190900 2.77556e-17
190950 2.77556e-17
191000 2.77556e-17
191050 2.77556e-17
191100 2.77556e-17
191150 2.77556e-17
191200 2.77556e-17
191250 2.77556e-17
191300 2.77556e-17
191350 2.77556e-17
191400 2.77556e-17
191450 2.77556e-17
191500 2.77556e-17
191550 2.77556e-17
191600 2.77556e-17
191650 2.77556e-17
191700 2.77556e-17
191750 2.77556e-17
191800 2.77556e-17
191850 2.77556e-17
191900 2.77556e-17
191950 2.77556e-17
192000 2.77556e-17
192050 2.77556e-17
192100 2.77556e-17
192150 2.77556e-17
192200 2.77556e-17
192250 2.77556e-17
192300 2.77556e-17
192350 2.77556e-17
192400 2.77556e-17
192450 2.77556e-17
192500 2.77556e-17
192550 2.77556e-17
192600 2.77556e-17
192650 2.77556e-17
192700 2.77556e-17
192750 2.77556e-17
192800 2.77556e-17
192850 2.77556e-17
192900 2.77556e-17
192950 2.77556e-17
193000 2.77556e-17
193050 2.77556e-17
193100 2.77556e-17
193150 2.77556e-17
193200 2.77556e-17
193250 2.77556e-17
193300 2.77556e-17
193350 2.77556e-17
193400 2.77556e-17
193450 2.77556e-17
193500 2.77556e-17
193550 2.77556e-17
193600 2.77556e-17
193650 2.77556e-17
193700 2.77556e-17
193750 2.77556e-17
193800 2.77556e-17
193850 2.77556e-17
193900 2.77556e-17
193950 2.77556e-17
194000 2.77556e-17
194050 2.77556e-17
194100 2.77556e-17
194150 2.77556e-17
194200 2.77556e-17
194250 2.77556e-17
194300 2.77556e-17
194350 2.77556e-17
194400 2.77556e-17
194450 2.77556e-17
194500 2.77556e-17
194550 2.77556e-17
194600 2.77556e-17
194650 2.77556e-17
194700 2.77556e-17
194750 2.77556e-17
194800 2.77556e-17
194850 2.77556e-17
194900 2.77556e-17
194950 2.77556e-17
195000 2.77556e-17
195050 2.77556e-17
195100 1.66667e-06
195150 2.77556e-17
195200 1.66667e-06
195250 2.77556e-17
195300 2.77556e-17
195350 2.77556e-17
195400 2.77556e-17
195450 0
195500 0
195550 0
195600 0
195650 2.77556e-17
195700 2.77556e-17
195750 2.77556e-17
195800 2.77556e-17
195850 2.77556e-17
195900 2.77556e-17
195950 2.77556e-17
196000 1.66667e-06
196050 2.77556e-17
196100 2.77556e-17
196150 2.77556e-17
196200 2.77556e-17
196250 2.77556e-17
196300 2.77556e-17
196350 2.77556e-17
196400 2.77556e-17
196450 0
196500 0
196550 0
196600 0
196650 0
196700 0
196750 0
196800 0
196850 2.77556e-17
196900 2.77556e-17
196950 2.77556e-17
197000 2.77556e-17
197050 2.77556e-17
197100 1.66667e-06
197150 1.66667e-06
197200 1.66667e-06
197250 1.66667e-06
197300 1.66667e-06
197350 0
197400 0
197450 0
197500 0
197550 2.77556e-17
197600 1.66667e-06
197650 2.77556e-17
197700 2.77556e-17
197750 2.77556e-17
197800 2.77556e-17
197850 2.77556e-17
197900 2.77556e-17
197950 2.77556e-17
198000 2.77556e-17
198050 2.77556e-17
198100 2.77556e-17
198150 2.77556e-17
198200 2.77556e-17
198250 2.77556e-17
198300 2.77556e-17
198350 2.77556e-17
198400 2.77556e-17
198450 2.77556e-17
198500 2.77556e-17
198550 2.77556e-17
198600 2.77556e-17
198650 2.77556e-17
198700 2.77556e-17
198750 2.77556e-17
198800 2.77556e-17
198850 2.77556e-17
198900 2.77556e-17
198950 2.77556e-17
199000 2.77556e-17
199050 2.77556e-17
199100 2.77556e-17
199150 2.77556e-17
199200 2.77556e-17
199250 2.77556e-17
199300 2.77556e-17
199350 2.77556e-17
199400 2.77556e-17
199450 2.77556e-17
199500 2.77556e-17
199550 2.77556e-17
199600 2.77556e-17
199650 2.77556e-17
199700 2.77556e-17
199750 2.77556e-17
199800 2.77556e-17
199850 2.77556e-17
199900 2.77556e-17
199950 2.77556e-17
200000 2.77556e-17
200050 2.77556e-17
200100 2.77556e-17
200150 2.77556e-17
200200 2.77556e-17
200250 2.77556e-17
200300 2.77556e-17
200350 2.77556e-17
200400 2.77556e-17
200450 2.77556e-17
200500 2.77556e-17
200550 2.77556e-17
200600 2.77556e-17
200650 2.77556e-17
200700 2.77556e-17
200750 2.77556e-17
200800 2.77556e-17
200850 2.77556e-17
200900 2.77556e-17
200950 2.77556e-17
201000 2.77556e-17
201050 2.77556e-17
201100 2.77556e-17
201150 2.77556e-17
201200 2.77556e-17
201250 2.77556e-17
201300 2.77556e-17
201350 2.77556e-17
201400 2.77556e-17
201450 2.77556e-17
201500 2.77556e-17
201550 2.77556e-17
201600 2.77556e-17
201650 2.77556e-17
201700 2.77556e-17
201750 2.77556e-17
201800 2.77556e-17
201850 2.77556e-17
201900 2.77556e-17
201950 2.77556e-17
202000 2.77556e-17
202050 2.77556e-17
202100 2.77556e-17
202150 2.77556e-17
202200 2.77556e-17
202250 2.77556e-17
202300 2.77556e-17
202350 2.77556e-17
202400 2.77556e-17
202450 2.77556e-17
202500 2.77556e-17
202550 2.77556e-17
202600 2.77556e-17
202650 2.77556e-17
202700 2.77556e-17
202750 2.77556e-17
202800 2.77556e-17
202850 2.77556e-17
202900 2.77556e-17
202950 2.77556e-17
203000 2.77556e-17
203050 2.77556e-17
203100 2.77556e-17
203150 2.77556e-17
203200 2.77556e-17
203250 2.77556e-17
203300 2.77556e-17
203350 2.77556e-17
203400 2.77556e-17
203450 2.77556e-17
203500 2.77556e-17
203550 2.77556e-17
203600 2.77556e-17
203650 2.77556e-17
203700 2.77556e-17
203750 2.77556e-17
203800 2.77556e-17
203850 2.77556e-17
203900 2.77556e-17
203950 2.77556e-17
204000 2.77556e-17
204050 2.77556e-17
204100 2.77556e-17
204150 2.77556e-17
204200 2.77556e-17
204250 2.77556e-17
204300 2.77556e-17
204350 2.77556e-17
204400 2.77556e-17
204450 2.77556e-17
204500 2.77556e-17
204550 2.77556e-17
204600 2.77556e-17
204650 2.77556e-17
204700 2.77556e-17
204750 2.77556e-17
204800 2.77556e-17
204850 2.77556e-17
204900 2.77556e-17
204950 2.77556e-17
205000 2.77556e-17
205050 2.77556e-17
205100 2.77556e-17
205150 2.77556e-17
205200 2.77556e-17
205250 2.77556e-17
205300 2.77556e-17
205350 2.77556e-17
205400 2.77556e-17
205450 2.77556e-17
205500 2.77556e-17
205550 2.77556e-17
205600 2.77556e-17
205650 2.77556e-17
205700 2.77556e-17
205750 2.77556e-17
205800 2.77556e-17
205850 2.77556e-17
205900 2.77556e-17
205950 2.77556e-17
206000 2.77556e-17
206050 2.77556e-17
206100 2.77556e-17
206150 2.77556e-17
206200 2.77556e-17
206250 2.77556e-17
206300 2.77556e-17
206350 2.77556e-17
206400 2.77556e-17
206450 2.77556e-17
206500 2.77556e-17
206550 2.77556e-17
206600 2.77556e-17
206650 2.77556e-17
206700 2.77556e-17
206750 2.77556e-17
206800 2.77556e-17
206850 2.77556e-17
206900 2.77556e-17
206950 2.77556e-17
207000 2.77556e-17
207050 2.77556e-17
207100 2.77556e-17
207150 2.77556e-17
207200 2.77556e-17
207250 2.77556e-17
207300 2.77556e-17
207350 2.77556e-17
207400 2.77556e-17
207450 2.77556e-17
207500 2.77556e-17
207550 2.77556e-17
207600 2.77556e-17
207650 2.77556e-17
207700 2.77556e-17
207750 2.77556e-17
207800 2.77556e-17
207850 2.77556e-17
207900 2.77556e-17
207950 2.77556e-17
208000 2.77556e-17
208050 2.77556e-17
208100 2.77556e-17
208150 2.77556e-17
208200 2.77556e-17
208250 2.77556e-17
208300 2.77556e-17
208350 2.77556e-17
208400 2.77556e-17
208450 2.77556e-17
208500 2.77556e-17
208550 2.77556e-17
208600 2.77556e-17
208650 2.77556e-17
208700 2.77556e-17
208750 2.77556e-17
208800 2.77556e-17
208850 2.77556e-17
208900 2.77556e-17
208950 2.77556e-17
209000 2.77556e-17
209050 2.77556e-17
209100 2.77556e-17
209150 2.77556e-17
209200 2.77556e-17
209250 2.77556e-17
209300 2.77556e-17
209350 2.77556e-17
209400 2.77556e-17
209450 2.77556e-17
209500 2.77556e-17
209550 2.77556e-17
209600 2.77556e-17
209650 2.77556e-17
209700 2.77556e-17
209750 2.77556e-17
209800 2.77556e-17
209850 2.77556e-17
209900 2.77556e-17
209950 2.77556e-17
210000 2.77556e-17
210050 2.77556e-17
210100 2.77556e-17
210150 2.77556e-17
210200 2.77556e-17
210250 2.77556e-17
210300 2.77556e-17
210350 2.77556e-17
210400 2.77556e-17
210450 2.77556e-17
210500 2.77556e-17
210550 2.77556e-17
210600 2.77556e-17
210650 2.77556e-17
210700 2.77556e-17
210750 2.77556e-17
210800 2.77556e-17
210850 2.77556e-17
210900 2.77556e-17
210950 2.77556e-17
211000 2.77556e-17
211050 2.77556e-17
211100 2.77556e-17
211150 2.77556e-17
211200 2.77556e-17
211250 2.77556e-17
211300 2.77556e-17
211350 2.77556e-17
211400 2.77556e-17
211450 2.77556e-17
211500 2.77556e-17
211550 2.77556e-17
211600 2.77556e-17
211650 2.77556e-17
211700 2.77556e-17
211750 2.77556e-17
211800 2.77556e-17
211850 2.77556e-17
211900 2.77556e-17
211950 2.77556e-17
212000 2.77556e-17
212050 2.77556e-17
212100 2.77556e-17
212150 2.77556e-17
212200 2.77556e-17
212250 2.77556e-17
212300 2.77556e-17
212350 2.77556e-17
212400 2.77556e-17
212450 2.77556e-17
212500 2.77556e-17
212550 2.77556e-17
212600 2.77556e-17
212650 2.77556e-17
212700 2.77556e-17
212750 2.77556e-17
212800 2.77556e-17
212850 2.77556e-17
212900 2.77556e-17
212950 2.77556e-17
213000 2.77556e-17
213050 2.77556e-17
213100 2.77556e-17
213150 2.77556e-17
213200 2.77556e-17
213250 2.77556e-17
213300 2.77556e-17
213350 2.77556e-17
213400 2.77556e-17
213450 2.77556e-17
213500 2.77556e-17
213550 2.77556e-17
213600 2.77556e-17
213650 2.77556e-17
213700 2.77556e-17
213750 2.77556e-17
213800 2.77556e-17
213850 2.77556e-17
213900 2.77556e-17
213950 2.77556e-17
214000 2.77556e-17
214050 2.77556e-17
214100 2.77556e-17
214150 2.77556e-17
214200 2.77556e-17
214250 2.77556e-17
214300 2.77556e-17
214350 2.77556e-17
214400 2.77556e-17
214450 2.77556e-17
214500 2.77556e-17
214550 2.77556e-17
214600 2.77556e-17
214650 2.77556e-17
214700 2.77556e-17
214750 2.77556e-17
214800 2.77556e-17
214850 2.77556e-17
214900 2.77556e-17
214950 2.77556e-17
215000 2.77556e-17
215050 2.77556e-17
215100 2.77556e-17
215150 2.77556e-17
215200 2.77556e-17
215250 2.77556e-17
215300 2.77556e-17
215350 2.77556e-17
215400 2.77556e-17
215450 2.77556e-17
215500 2.77556e-17
215550 2.77556e-17
215600 2.77556e-17
215650 2.77556e-17
215700 2.77556e-17
215750 2.77556e-17
215800 2.77556e-17
215850 2.77556e-17
215900 2.77556e-17
215950 2.77556e-17
216000 2.77556e-17
216050 2.77556e-17
216100 2.77556e-17
216150 2.77556e-17
216200 2.77556e-17
216250 2.77556e-17
216300 2.77556e-17
216350 2.77556e-17
216400 2.77556e-17
216450 2.77556e-17
216500 2.77556e-17
216550 2.77556e-17
216600 2.77556e-17
216650 2.77556e-17
216700 2.77556e-17
216750 2.77556e-17
216800 2.77556e-17
216850 2.77556e-17
216900 2.77556e-17
216950 2.77556e-17
217000 2.77556e-17
217050 2.77556e-17
217100 2.77556e-17
217150 2.77556e-17
217200 2.77556e-17
217250 2.77556e-17
217300 2.77556e-17
217350 2.77556e-17
217400 2.77556e-17
217450 2.77556e-17
217500 2.77556e-17
217550 2.77556e-17
217600 2.77556e-17
217650 2.77556e-17
217700 2.77556e-17
217750 2.77556e-17
217800 2.77556e-17
217850 2.77556e-17
217900 2.77556e-17
217950 2.77556e-17
218000 2.77556e-17
218050 2.77556e-17
218100 2.77556e-17
218150 2.77556e-17
218200 2.77556e-17
218250 2.77556e-17
218300 2.77556e-17
218350 2.77556e-17
218400 2.77556e-17
218450 2.77556e-17
218500 2.77556e-17
218550 2.77556e-17
218600 2.77556e-17
218650 2.77556e-17
218700 2.77556e-17
218750 2.77556e-17
218800 2.77556e-17
218850 2.77556e-17
218900 2.77556e-17
218950 2.77556e-17
219000 2.77556e-17
219050 2.77556e-17
219100 2.77556e-17
219150 2.77556e-17
219200 1.66667e-06
219250 1.66667e-06
219300 1.66667e-06
219350 1.66667e-06
219400 1.66667e-06
219450 1.66667e-06
219500 1.66667e-06
219550 1.66667e-06
219600 1.66667e-06
219650 1.66667e-06
219700 1.66667e-06
219750 1.66667e-06
219800 1.66667e-06
219850 1.66667e-06
219900 1.66667e-06
219950 1.66667e-06
220000 1.66667e-06
220050 1.66667e-06
220100 1.66667e-06
220150 1.66667e-06
220200 1.66667e-06
220250 1.66667e-06
220300 1.66667e-06
220350 1.66667e-06
220400 1.66667e-06
220450 1.66667e-06
220500 1.66667e-06
220550 1.66667e-06
220600 1.66667e-06
