10 0.0555567
20 0
30 1.66667e-06
40 3.33333e-06
50 1.66667e-06
60 3.33333e-06
70 1.66667e-06
80 1.66667e-06
90 0.0555567
100 3.33333e-06
110 1.66667e-06
120 3.33333e-06
130 0
140 1.66667e-06
150 0
160 0.166668
170 0
180 1.66667e-06
190 0
200 0.16667
210 3.33333e-06
220 0
230 3.33333e-06
240 3.33333e-06
250 3.33333e-06
260 0
270 0
280 3.33333e-06
290 0
300 1.66667e-06
310 0.0555567
320 3.33333e-06
330 0
340 1.66667e-06
350 1.66667e-06
360 0
370 0
380 3.33333e-06
390 1.66667e-06
400 0
410 1.66667e-06
420 1.66667e-06
430 1.66667e-06
440 0
450 0
460 0
470 1.66667e-06
480 1.66667e-06
490 1.66667e-06
500 0
510 3.33333e-06
520 3.33333e-06
530 3.33333e-06
540 0
550 1.66667e-06
560 1.66667e-06
570 1.66667e-06
580 1.66667e-06
590 0.0555583
600 0.222225
610 0
620 1.66667e-06
630 1.66667e-06
640 1.66667e-06
650 0
660 0
670 3.33333e-06
680 3.33333e-06
690 3.33333e-06
700 1.66667e-06
710 1.66667e-06
720 0
730 1.66667e-06
740 1.66667e-06
750 3.33333e-06
760 0
770 0
780 1.66667e-06
790 0
800 0
810 1.66667e-06
820 1.66667e-06
830 1.66667e-06
840 1.66667e-06
850 1.66667e-06
860 1.66667e-06
870 0
880 0
890 1.66667e-06
900 1.66667e-06
910 3.33333e-06
920 3.33333e-06
930 0
940 0
950 0.166668
960 0
970 1.66667e-06
980 0
990 3.33333e-06
1000 3.33333e-06
1010 3.33333e-06
1020 3.33333e-06
1030 1.66667e-06
1040 3.33333e-06
1050 0
1060 0
1070 0
1080 1.66667e-06
1090 1.66667e-06
1100 1.66667e-06
1110 1.66667e-06
1120 3.33333e-06
1130 3.33333e-06
1140 3.33333e-06
1150 3.33333e-06
1160 1.66667e-06
1170 3.33333e-06
1180 1.66667e-06
1190 1.66667e-06
1200 1.66667e-06
1210 1.66667e-06
1220 1.66667e-06
1230 0
1240 3.33333e-06
1250 1.66667e-06
1260 1.66667e-06
1270 1.66667e-06
1280 1.66667e-06
1290 1.66667e-06
1300 0
1310 1.66667e-06
1320 0
1330 0
1340 3.33333e-06
1350 3.33333e-06
1360 1.66667e-06
1370 3.33333e-06
1380 0.0555583
1390 1.66667e-06
1400 1.66667e-06
1410 1.66667e-06
1420 0.0555567
1430 0
1440 1.66667e-06
1450 3.33333e-06
1460 1.66667e-06
1470 0
1480 0
1490 3.33333e-06
1500 1.66667e-06
1510 0
1520 0
1530 1.66667e-06
1540 3.33333e-06
1550 1.66667e-06
1560 0
1570 3.33333e-06
1580 1.66667e-06
1590 1.66667e-06
1600 1.66667e-06
1610 1.66667e-06
1620 1.66667e-06
1630 0
1640 1.66667e-06
1650 0
1660 1.66667e-06
1670 0
1680 1.66667e-06
1690 3.33333e-06
1700 0
1710 1.66667e-06
1720 3.33333e-06
1730 3.33333e-06
1740 0
1750 1.66667e-06
1760 0
1770 0
1780 0
1790 3.33333e-06
1800 0
1810 1.66667e-06
1820 3.33333e-06
1830 1.66667e-06
1840 1.66667e-06
1850 3.33333e-06
1860 1.66667e-06
1870 0
1880 1.66667e-06
1890 0
1900 3.33333e-06
1910 1.66667e-06
1920 1.66667e-06
1930 3.33333e-06
1940 1.66667e-06
1950 3.33333e-06
1960 1.66667e-06
1970 1.66667e-06
1980 1.66667e-06
1990 0
2000 3.33333e-06
2010 1.66667e-06
2020 1.66667e-06
2030 1.66667e-06
2040 3.33333e-06
2050 3.33333e-06
2060 0
2070 3.33333e-06
2080 1.66667e-06
2090 0
2100 0
2110 0
2120 1.66667e-06
2130 0
2140 3.33333e-06
2150 1.66667e-06
2160 0
2170 1.66667e-06
2180 3.33333e-06
2190 0
2200 0
2210 1.66667e-06
2220 0
2230 1.66667e-06
2240 3.33333e-06
2250 1.66667e-06
2260 1.66667e-06
2270 3.33333e-06
2280 0
2290 1.66667e-06
2300 3.33333e-06
2310 1.66667e-06
2320 3.33333e-06
2330 3.33333e-06
2340 0
2350 1.66667e-06
2360 0
2370 1.66667e-06
2380 1.66667e-06
2390 0
2400 1.66667e-06
2410 0
2420 0
2430 3.33333e-06
2440 3.33333e-06
2450 1.66667e-06
2460 1.66667e-06
2470 1.66667e-06
2480 1.66667e-06
2490 3.33333e-06
2500 3.33333e-06
2510 1.66667e-06
2520 1.66667e-06
2530 3.33333e-06
2540 1.66667e-06
2550 0
2560 0
2570 0
2580 0
2590 1.66667e-06
2600 0
2610 1.66667e-06
2620 1.66667e-06
2630 3.33333e-06
2640 0
2650 1.66667e-06
2660 1.66667e-06
2670 0
2680 1.66667e-06
2690 1.66667e-06
2700 3.33333e-06
2710 1.66667e-06
2720 1.66667e-06
2730 0
2740 1.66667e-06
2750 0
2760 1.66667e-06
2770 1.66667e-06
2780 0
2790 1.66667e-06
2800 1.66667e-06
2810 1.66667e-06
2820 1.66667e-06
2830 1.66667e-06
2840 0
2850 3.33333e-06
2860 3.33333e-06
2870 3.33333e-06
2880 3.33333e-06
2890 0
2900 1.66667e-06
2910 1.66667e-06
2920 1.66667e-06
2930 0
2940 1.66667e-06
2950 1.66667e-06
2960 0
2970 3.33333e-06
2980 3.33333e-06
2990 1.66667e-06
3000 1.66667e-06
3010 1.66667e-06
3020 3.33333e-06
3030 3.33333e-06
3040 1.66667e-06
3050 1.66667e-06
3060 3.33333e-06
3070 0
3080 3.33333e-06
3090 1.66667e-06
3100 1.66667e-06
3110 1.66667e-06
3120 1.66667e-06
3130 0
3140 0
3150 1.66667e-06
3160 0
3170 0
3180 3.33333e-06
3190 3.33333e-06
3200 3.33333e-06
3210 0
3220 1.66667e-06
3230 0
3240 1.66667e-06
3250 1.66667e-06
3260 1.66667e-06
3270 1.66667e-06
3280 0
3290 0
3300 3.33333e-06
3310 1.66667e-06
3320 1.66667e-06
3330 0
3340 1.66667e-06
3350 0
3360 3.33333e-06
3370 1.66667e-06
3380 1.66667e-06
3390 0
3400 1.66667e-06
3410 1.66667e-06
3420 0
3430 0
3440 1.66667e-06
3450 0
3460 1.66667e-06
3470 0
3480 1.66667e-06
3490 1.66667e-06
3500 3.33333e-06
3510 0
3520 0
3530 1.66667e-06
3540 0
3550 0
3560 1.66667e-06
3570 3.33333e-06
3580 0
3590 0
3600 0
3610 1.66667e-06
3620 1.66667e-06
3630 1.66667e-06
3640 1.66667e-06
3650 3.33333e-06
3660 0
3670 3.33333e-06
3680 3.33333e-06
3690 1.66667e-06
3700 1.66667e-06
3710 1.66667e-06
3720 1.66667e-06
3730 1.66667e-06
3740 0.166668
3750 1.66667e-06
3760 1.66667e-06
3770 1.66667e-06
3780 0
3790 3.33333e-06
3800 3.33333e-06
3810 0
3820 3.33333e-06
3830 1.66667e-06
3840 3.33333e-06
3850 1.66667e-06
3860 1.66667e-06
3870 0
3880 0
3890 3.33333e-06
3900 1.66667e-06
3910 3.33333e-06
3920 1.66667e-06
3930 0
3940 1.66667e-06
3950 1.66667e-06
3960 1.66667e-06
3970 0.166668
3980 1.66667e-06
3990 0.166668
4000 0
4010 1.66667e-06
4020 1.66667e-06
4030 1.66667e-06
4040 0
4050 1.66667e-06
4060 1.66667e-06
4070 1.66667e-06
4080 1.66667e-06
4090 3.33333e-06
4100 1.66667e-06
4110 0
4120 0
4130 1.66667e-06
4140 1.66667e-06
4150 1.66667e-06
4160 3.33333e-06
4170 0
4180 1.66667e-06
4190 1.66667e-06
4200 0
4210 1.66667e-06
4220 1.66667e-06
4230 1.66667e-06
4240 3.33333e-06
4250 1.66667e-06
4260 1.66667e-06
4270 1.66667e-06
4280 1.66667e-06
4290 0
4300 0
4310 1.66667e-06
4320 3.33333e-06
4330 0
4340 1.66667e-06
4350 1.66667e-06
4360 1.66667e-06
4370 0
4380 3.33333e-06
4390 1.66667e-06
4400 1.66667e-06
4410 0
4420 3.33333e-06
4430 3.33333e-06
4440 1.66667e-06
4450 1.66667e-06
4460 1.66667e-06
4470 3.33333e-06
4480 3.33333e-06
4490 1.66667e-06
4500 3.33333e-06
4510 1.66667e-06
4520 1.66667e-06
4530 0
4540 1.66667e-06
4550 1.66667e-06
4560 0
4570 1.66667e-06
4580 1.66667e-06
4590 0
4600 0
4610 1.66667e-06
4620 3.33333e-06
4630 1.66667e-06
4640 1.66667e-06
4650 3.33333e-06
4660 1.66667e-06
4670 3.33333e-06
4680 3.33333e-06
4690 1.66667e-06
4700 1.66667e-06
4710 0
4720 1.66667e-06
4730 3.33333e-06
4740 0
4750 1.66667e-06
4760 3.33333e-06
4770 1.66667e-06
4780 1.66667e-06
4790 1.66667e-06
4800 1.66667e-06
4810 0
4820 0
4830 1.66667e-06
4840 0
4850 0
4860 1.66667e-06
4870 1.66667e-06
4880 1.66667e-06
4890 1.66667e-06
4900 1.66667e-06
4910 0
4920 1.66667e-06
4930 0
4940 3.33333e-06
4950 1.66667e-06
4960 0
4970 0
4980 0
4990 1.66667e-06
5000 0
5010 0
5020 1.66667e-06
5030 1.66667e-06
5040 0
5050 0
5060 1.66667e-06
5070 1.66667e-06
5080 1.66667e-06
5090 0
5100 3.33333e-06
5110 0
5120 1.66667e-06
5130 0
5140 1.66667e-06
5150 0
5160 1.66667e-06
5170 1.66667e-06
5180 0
5190 1.66667e-06
5200 3.33333e-06
5210 1.66667e-06
5220 0
5230 1.66667e-06
5240 3.33333e-06
5250 1.66667e-06
5260 3.33333e-06
5270 3.33333e-06
5280 0
5290 3.33333e-06
5300 0
5310 0
5320 1.66667e-06
5330 0
5340 1.66667e-06
5350 1.66667e-06
5360 1.66667e-06
5370 0
5380 3.33333e-06
5390 3.33333e-06
5400 1.66667e-06
5410 3.33333e-06
5420 1.66667e-06
5430 1.66667e-06
5440 1.66667e-06
5450 1.66667e-06
5460 1.66667e-06
5470 1.66667e-06
5480 1.66667e-06
5490 1.66667e-06
5500 3.33333e-06
5510 1.66667e-06
5520 0
5530 1.66667e-06
5540 0
5550 1.66667e-06
5560 1.66667e-06
5570 1.66667e-06
5580 3.33333e-06
5590 3.33333e-06
5600 1.66667e-06
5610 0
5620 3.33333e-06
5630 3.33333e-06
5640 3.33333e-06
5650 0
5660 0
5670 1.66667e-06
5680 1.66667e-06
5690 0
5700 1.66667e-06
5710 0
5720 3.33333e-06
5730 1.66667e-06
5740 0
5750 3.33333e-06
5760 0
5770 3.33333e-06
5780 1.66667e-06
5790 1.66667e-06
5800 0
5810 1.66667e-06
5820 1.66667e-06
5830 1.66667e-06
5840 3.33333e-06
5850 3.33333e-06
5860 1.66667e-06
5870 1.66667e-06
5880 0
5890 0
5900 1.66667e-06
5910 1.66667e-06
5920 3.33333e-06
5930 1.66667e-06
5940 0
5950 1.66667e-06
5960 1.66667e-06
5970 0
5980 1.66667e-06
5990 3.33333e-06
6000 1.66667e-06
6010 1.66667e-06
6020 1.66667e-06
6030 1.66667e-06
6040 0
6050 0
6060 0
6070 1.66667e-06
6080 1.66667e-06
6090 1.66667e-06
6100 0
6110 1.66667e-06
6120 0
6130 1.66667e-06
6140 3.33333e-06
6150 0
6160 0
6170 1.66667e-06
6180 0
6190 3.33333e-06
6200 1.66667e-06
6210 1.66667e-06
6220 1.66667e-06
6230 1.66667e-06
6240 1.66667e-06
6250 0
6260 0
6270 0
6280 0
6290 1.66667e-06
6300 3.33333e-06
6310 1.66667e-06
6320 0
6330 1.66667e-06
6340 3.33333e-06
6350 1.66667e-06
6360 1.66667e-06
6370 3.33333e-06
6380 1.66667e-06
6390 0
6400 0
6410 3.33333e-06
6420 0
6430 1.66667e-06
6440 0
6450 1.66667e-06
6460 1.66667e-06
6470 1.66667e-06
6480 0.166668
6490 0
6500 0
6510 1.66667e-06
6520 0
6530 1.66667e-06
6540 1.66667e-06
6550 1.66667e-06
6560 0
6570 1.66667e-06
6580 1.66667e-06
6590 3.33333e-06
6600 3.33333e-06
6610 3.33333e-06
6620 3.33333e-06
6630 0
6640 1.66667e-06
6650 1.66667e-06
6660 3.33333e-06
6670 3.33333e-06
6680 1.66667e-06
6690 1.66667e-06
6700 1.66667e-06
6710 3.33333e-06
6720 0
6730 1.66667e-06
6740 1.66667e-06
6750 1.66667e-06
6760 0
6770 1.66667e-06
6780 1.66667e-06
6790 3.33333e-06
6800 1.66667e-06
6810 1.66667e-06
6820 3.33333e-06
6830 0
6840 0
6850 1.66667e-06
6860 1.66667e-06
6870 0
6880 0
6890 1.66667e-06
6900 3.33333e-06
6910 0
6920 1.66667e-06
6930 1.66667e-06
6940 1.66667e-06
6950 0
6960 0
6970 1.66667e-06
6980 1.66667e-06
6990 3.33333e-06
7000 3.33333e-06
7010 0
7020 0
7030 1.66667e-06
7040 1.66667e-06
7050 1.66667e-06
7060 1.66667e-06
7070 0
7080 3.33333e-06
7090 1.66667e-06
7100 0
7110 1.66667e-06
7120 0
7130 1.66667e-06
7140 1.66667e-06
7150 1.66667e-06
7160 1.66667e-06
7170 1.66667e-06
7180 1.66667e-06
7190 0
7200 0
7210 3.33333e-06
7220 1.66667e-06
7230 1.66667e-06
7240 3.33333e-06
7250 1.66667e-06
7260 1.66667e-06
7270 3.33333e-06
7280 0
7290 1.66667e-06
7300 0
7310 0
7320 3.33333e-06
7330 0
7340 0
7350 0
7360 0
7370 1.66667e-06
7380 0
7390 3.33333e-06
7400 0
7410 0
7420 1.66667e-06
7430 1.66667e-06
7440 3.33333e-06
7450 0
7460 1.66667e-06
7470 0
7480 1.66667e-06
7490 1.66667e-06
7500 1.66667e-06
7510 1.66667e-06
7520 1.66667e-06
7530 3.33333e-06
7540 1.66667e-06
7550 0
7560 3.33333e-06
7570 1.66667e-06
7580 0
7590 0
7600 1.66667e-06
7610 1.66667e-06
7620 3.33333e-06
7630 0
7640 1.66667e-06
7650 1.66667e-06
7660 1.66667e-06
7670 1.66667e-06
7680 0
7690 0
7700 0
7710 1.66667e-06
7720 0
7730 1.66667e-06
7740 0
7750 1.66667e-06
7760 1.66667e-06
7770 0
7780 3.33333e-06
7790 0
7800 1.66667e-06
7810 1.66667e-06
7820 3.33333e-06
7830 3.33333e-06
7840 1.66667e-06
7850 1.66667e-06
7860 0
7870 0
7880 1.66667e-06
7890 0
7900 1.66667e-06
7910 1.66667e-06
7920 1.66667e-06
7930 1.66667e-06
7940 1.66667e-06
7950 1.66667e-06
7960 1.66667e-06
7970 1.66667e-06
7980 1.66667e-06
7990 1.66667e-06
8000 0
8010 1.66667e-06
8020 1.66667e-06
8030 1.66667e-06
8040 1.66667e-06
8050 1.66667e-06
8060 1.66667e-06
8070 1.66667e-06
8080 1.66667e-06
8090 3.33333e-06
8100 1.66667e-06
8110 1.66667e-06
8120 1.66667e-06
8130 1.66667e-06
8140 1.66667e-06
8150 1.66667e-06
8160 1.66667e-06
8170 1.66667e-06
8180 0
8190 0
8200 1.66667e-06
8210 1.66667e-06
8220 0
8230 1.66667e-06
8240 1.66667e-06
8250 1.66667e-06
8260 1.66667e-06
8270 0
8280 0
8290 0
8300 1.66667e-06
8310 1.66667e-06
8320 0
8330 3.33333e-06
8340 1.66667e-06
8350 1.66667e-06
8360 1.66667e-06
8370 0
8380 0
8390 0
8400 3.33333e-06
8410 0
8420 1.66667e-06
8430 3.33333e-06
8440 3.33333e-06
8450 1.66667e-06
8460 0
8470 1.66667e-06
8480 0
8490 0
8500 1.66667e-06
8510 1.66667e-06
8520 1.66667e-06
8530 0
8540 0
8550 3.33333e-06
8560 1.66667e-06
8570 1.66667e-06
8580 1.66667e-06
8590 0
8600 0
8610 1.66667e-06
8620 1.66667e-06
8630 1.66667e-06
8640 1.66667e-06
8650 0
8660 3.33333e-06
8670 1.66667e-06
8680 0
8690 1.66667e-06
8700 3.33333e-06
8710 1.66667e-06
8720 0
8730 3.33333e-06
8740 3.33333e-06
8750 0
8760 0
8770 1.66667e-06
8780 1.66667e-06
8790 0
8800 3.33333e-06
8810 0
8820 0
8830 1.66667e-06
8840 1.66667e-06
8850 1.66667e-06
8860 0
8870 1.66667e-06
8880 1.66667e-06
8890 1.66667e-06
8900 0
8910 0
8920 1.66667e-06
8930 0
8940 3.33333e-06
8950 0
8960 0
8970 1.66667e-06
8980 1.66667e-06
8990 3.33333e-06
9000 3.33333e-06
9010 3.33333e-06
9020 0
9030 1.66667e-06
9040 1.66667e-06
9050 0
9060 1.66667e-06
9070 1.66667e-06
9080 1.66667e-06
9090 1.66667e-06
9100 1.66667e-06
9110 3.33333e-06
9120 1.66667e-06
9130 1.66667e-06
9140 0
9150 0
9160 1.66667e-06
9170 1.66667e-06
9180 1.66667e-06
9190 0
9200 1.66667e-06
9210 1.66667e-06
9220 0
9230 0
9240 1.66667e-06
9250 1.66667e-06
9260 0
9270 0
9280 1.66667e-06
9290 3.33333e-06
9300 1.66667e-06
9310 1.66667e-06
9320 1.66667e-06
9330 1.66667e-06
9340 3.33333e-06
9350 3.33333e-06
9360 3.33333e-06
9370 3.33333e-06
9380 3.33333e-06
9390 0
9400 1.66667e-06
9410 1.66667e-06
9420 3.33333e-06
9430 1.66667e-06
9440 1.66667e-06
9450 1.66667e-06
9460 1.66667e-06
9470 0
9480 1.66667e-06
9490 0
9500 1.66667e-06
9510 0
9520 0
9530 3.33333e-06
9540 1.66667e-06
9550 1.66667e-06
9560 3.33333e-06
9570 1.66667e-06
9580 1.66667e-06
9590 3.33333e-06
9600 1.66667e-06
9610 1.66667e-06
9620 0
9630 3.33333e-06
9640 1.66667e-06
9650 3.33333e-06
9660 1.66667e-06
9670 3.33333e-06
9680 3.33333e-06
9690 1.66667e-06
9700 1.66667e-06
9710 3.33333e-06
9720 3.33333e-06
9730 3.33333e-06
9740 1.66667e-06
9750 0
9760 1.66667e-06
9770 0
9780 1.66667e-06
9790 1.66667e-06
9800 3.33333e-06
9810 1.66667e-06
9820 0
9830 1.66667e-06
9840 1.66667e-06
9850 1.66667e-06
9860 3.33333e-06
9870 1.66667e-06
9880 1.66667e-06
9890 3.33333e-06
9900 1.66667e-06
9910 1.66667e-06
9920 1.66667e-06
9930 1.66667e-06
9940 1.66667e-06
9950 0
9960 1.66667e-06
9970 0
9980 1.66667e-06
9990 3.33333e-06
10000 1.66667e-06
10010 1.66667e-06
10020 0
10030 0
10040 3.33333e-06
10050 3.33333e-06
10060 1.66667e-06
10070 1.66667e-06
10080 0
10090 0
10100 3.33333e-06
10110 3.33333e-06
10120 3.33333e-06
10130 1.66667e-06
10140 1.66667e-06
10150 1.66667e-06
10160 1.66667e-06
10170 0
10180 0
10190 1.66667e-06
10200 0
10210 3.33333e-06
10220 0
10230 1.66667e-06
10240 0
10250 0
10260 1.66667e-06
10270 3.33333e-06
10280 0
10290 1.66667e-06
10300 0
10310 1.66667e-06
10320 3.33333e-06
10330 3.33333e-06
10340 1.66667e-06
10350 1.66667e-06
10360 0
10370 1.66667e-06
10380 1.66667e-06
10390 3.33333e-06
10400 3.33333e-06
10410 1.66667e-06
10420 1.66667e-06
10430 1.66667e-06
10440 0
10450 0
10460 1.66667e-06
10470 1.66667e-06
10480 1.66667e-06
10490 1.66667e-06
10500 1.66667e-06
10510 0
10520 3.33333e-06
10530 3.33333e-06
10540 1.66667e-06
10550 0
10560 0
10570 1.66667e-06
10580 3.33333e-06
10590 0
10600 1.66667e-06
10610 1.66667e-06
10620 1.66667e-06
10630 1.66667e-06
10640 1.66667e-06
10650 0
10660 1.66667e-06
10670 1.66667e-06
10680 1.66667e-06
10690 3.33333e-06
10700 0
10710 0
10720 3.33333e-06
10730 3.33333e-06
10740 0
10750 0
10760 1.66667e-06
10770 1.66667e-06
10780 3.33333e-06
10790 0
10800 1.66667e-06
10810 0
10820 0
10830 1.66667e-06
10840 1.66667e-06
10850 1.66667e-06
10860 1.66667e-06
10870 1.66667e-06
10880 1.66667e-06
10890 0
10900 1.66667e-06
10910 0
10920 1.66667e-06
10930 0
10940 1.66667e-06
10950 1.66667e-06
10960 0
10970 3.33333e-06
10980 1.66667e-06
10990 0
11000 0
11010 1.66667e-06
11020 1.66667e-06
11030 0
11040 1.66667e-06
11050 1.66667e-06
11060 1.66667e-06
11070 1.66667e-06
11080 1.66667e-06
11090 3.33333e-06
11100 1.66667e-06
11110 1.66667e-06
11120 1.66667e-06
11130 1.66667e-06
11140 1.66667e-06
11150 1.66667e-06
11160 1.66667e-06
11170 3.33333e-06
11180 0
11190 3.33333e-06
11200 3.33333e-06
11210 1.66667e-06
11220 0
11230 0
11240 1.66667e-06
11250 0
11260 1.66667e-06
11270 1.66667e-06
11280 1.66667e-06
11290 1.66667e-06
11300 0
11310 1.66667e-06
11320 1.66667e-06
11330 1.66667e-06
11340 3.33333e-06
11350 1.66667e-06
11360 3.33333e-06
11370 1.66667e-06
11380 3.33333e-06
11390 0
11400 1.66667e-06
11410 1.66667e-06
11420 0
11430 0
11440 1.66667e-06
11450 1.66667e-06
11460 0
11470 1.66667e-06
11480 1.66667e-06
11490 0
11500 0
11510 0
11520 0
11530 1.66667e-06
11540 3.33333e-06
11550 0
11560 3.33333e-06
11570 1.66667e-06
11580 1.66667e-06
11590 1.66667e-06
11600 0
11610 1.66667e-06
11620 3.33333e-06
11630 1.66667e-06
11640 1.66667e-06
11650 0
11660 3.33333e-06
11670 1.66667e-06
11680 3.33333e-06
11690 0
11700 1.66667e-06
11710 0
11720 0
11730 1.66667e-06
11740 0
11750 0
11760 1.66667e-06
11770 1.66667e-06
11780 1.66667e-06
11790 1.66667e-06
11800 0
11810 1.66667e-06
11820 1.66667e-06
11830 1.66667e-06
11840 1.66667e-06
11850 1.66667e-06
11860 1.66667e-06
11870 3.33333e-06
11880 3.33333e-06
11890 1.66667e-06
11900 0
11910 1.66667e-06
11920 1.66667e-06
11930 3.33333e-06
11940 1.66667e-06
11950 0
11960 0
11970 0
11980 0
11990 1.66667e-06
12000 1.66667e-06
12010 1.66667e-06
12020 0
12030 0
12040 1.66667e-06
12050 3.33333e-06
12060 1.66667e-06
12070 0
12080 1.66667e-06
12090 0
12100 1.66667e-06
12110 1.66667e-06
12120 1.66667e-06
12130 1.66667e-06
12140 3.33333e-06
12150 1.66667e-06
12160 1.66667e-06
12170 3.33333e-06
12180 0
12190 0
12200 0
12210 3.33333e-06
12220 0
12230 1.66667e-06
12240 0
12250 0
12260 1.66667e-06
12270 3.33333e-06
12280 1.66667e-06
12290 1.66667e-06
12300 1.66667e-06
12310 0
12320 0
12330 1.66667e-06
12340 1.66667e-06
12350 1.66667e-06
12360 1.66667e-06
12370 1.66667e-06
12380 1.66667e-06
12390 0
12400 3.33333e-06
12410 0
12420 1.66667e-06
12430 1.66667e-06
12440 1.66667e-06
12450 0
12460 3.33333e-06
12470 1.66667e-06
12480 3.33333e-06
12490 1.66667e-06
12500 3.33333e-06
12510 1.66667e-06
12520 1.66667e-06
12530 1.66667e-06
12540 1.66667e-06
12550 0
12560 1.66667e-06
12570 1.66667e-06
12580 1.66667e-06
12590 0
12600 0
12610 3.33333e-06
12620 1.66667e-06
12630 1.66667e-06
12640 0
12650 0
12660 1.66667e-06
12670 1.66667e-06
12680 3.33333e-06
12690 0
12700 1.66667e-06
12710 0
12720 1.66667e-06
12730 3.33333e-06
12740 0
12750 1.66667e-06
12760 0
12770 3.33333e-06
12780 1.66667e-06
12790 3.33333e-06
12800 3.33333e-06
12810 1.66667e-06
12820 1.66667e-06
12830 1.66667e-06
12840 1.66667e-06
12850 1.66667e-06
12860 1.66667e-06
12870 0
12880 0
12890 0
12900 1.66667e-06
12910 3.33333e-06
12920 3.33333e-06
12930 3.33333e-06
12940 3.33333e-06
12950 1.66667e-06
12960 0
12970 3.33333e-06
12980 1.66667e-06
12990 0
13000 1.66667e-06
13010 1.66667e-06
13020 1.66667e-06
13030 1.66667e-06
13040 1.66667e-06
13050 1.66667e-06
13060 0
13070 1.66667e-06
13080 3.33333e-06
13090 0
13100 1.66667e-06
13110 3.33333e-06
13120 1.66667e-06
13130 3.33333e-06
13140 0
13150 3.33333e-06
13160 0
13170 0
13180 3.33333e-06
13190 0
13200 1.66667e-06
13210 1.66667e-06
13220 1.66667e-06
13230 3.33333e-06
13240 0
13250 3.33333e-06
13260 1.66667e-06
13270 0
13280 1.66667e-06
13290 0
13300 1.66667e-06
13310 3.33333e-06
13320 3.33333e-06
13330 1.66667e-06
