50 3.33333e-06
100 0.166668
150 2.77556e-17
200 2.77556e-17
250 2.77556e-17
300 1.66667e-06
350 0.16667
400 1.66667e-06
450 2.77556e-17
500 1.66667e-06
550 0.166668
600 1.66667e-06
650 1.66667e-06
700 1.66667e-06
750 0.16667
800 2.77556e-17
850 2.77556e-17
900 2.77556e-17
950 1.66667e-06
1000 2.77556e-17
1050 3.33333e-06
1100 1.66667e-06
1150 1.66667e-06
1200 3.33333e-06
1250 3.33333e-06
1300 1.66667e-06
1350 3.33333e-06
1400 2.77556e-17
1450 1.66667e-06
1500 2.77556e-17
1550 3.33333e-06
1600 3.33333e-06
1650 2.77556e-17
1700 1.66667e-06
1750 2.77556e-17
1800 3.33333e-06
1850 3.33333e-06
1900 1.66667e-06
1950 1.66667e-06
2000 1.66667e-06
2050 1.66667e-06
2100 2.77556e-17
2150 3.33333e-06
2200 3.33333e-06
2250 2.77556e-17
2300 1.66667e-06
2350 3.33333e-06
2400 2.77556e-17
2450 1.66667e-06
2500 1.66667e-06
2550 1.66667e-06
2600 3.33333e-06
2650 2.77556e-17
2700 1.66667e-06
2750 1.66667e-06
2800 3.33333e-06
2850 1.66667e-06
2900 3.33333e-06
2950 3.33333e-06
3000 1.66667e-06
3050 3.33333e-06
3100 1.66667e-06
3150 1.66667e-06
3200 1.66667e-06
3250 3.33333e-06
3300 1.66667e-06
3350 3.33333e-06
3400 2.77556e-17
3450 2.77556e-17
3500 1.66667e-06
3550 3.33333e-06
3600 1.66667e-06
3650 3.33333e-06
3700 1.66667e-06
3750 2.77556e-17
3800 1.66667e-06
3850 1.66667e-06
3900 2.77556e-17
3950 1.66667e-06
4000 2.77556e-17
4050 2.77556e-17
4100 1.66667e-06
4150 1.66667e-06
4200 1.66667e-06
4250 2.77556e-17
4300 1.66667e-06
4350 1.66667e-06
4400 2.77556e-17
4450 2.77556e-17
4500 1.66667e-06
4550 1.66667e-06
4600 2.77556e-17
4650 3.33333e-06
4700 1.66667e-06
4750 3.33333e-06
4800 1.66667e-06
4850 1.66667e-06
4900 1.66667e-06
4950 3.33333e-06
5000 1.66667e-06
5050 3.33333e-06
5100 3.33333e-06
5150 1.66667e-06
5200 1.66667e-06
5250 3.33333e-06
5300 3.33333e-06
5350 1.66667e-06
5400 1.66667e-06
5450 1.66667e-06
5500 3.33333e-06
5550 1.66667e-06
5600 3.33333e-06
5650 1.66667e-06
5700 3.33333e-06
5750 1.66667e-06
5800 1.66667e-06
5850 2.77556e-17
5900 1.66667e-06
5950 2.77556e-17
6000 1.66667e-06
6050 1.66667e-06
6100 1.66667e-06
6150 2.77556e-17
6200 1.66667e-06
6250 3.33333e-06
6300 3.33333e-06
6350 1.66667e-06
6400 1.66667e-06
6450 3.33333e-06
6500 1.66667e-06
6550 3.33333e-06
6600 1.66667e-06
6650 2.77556e-17
6700 2.77556e-17
6750 1.66667e-06
6800 3.33333e-06
6850 1.66667e-06
6900 1.66667e-06
6950 1.66667e-06
7000 2.77556e-17
7050 1.66667e-06
7100 1.66667e-06
7150 2.77556e-17
7200 3.33333e-06
7250 3.33333e-06
7300 3.33333e-06
7350 1.66667e-06
7400 3.33333e-06
7450 1.66667e-06
7500 3.33333e-06
7550 1.66667e-06
7600 1.66667e-06
7650 3.33333e-06
7700 1.66667e-06
7750 3.33333e-06
7800 3.33333e-06
7850 3.33333e-06
7900 3.33333e-06
7950 3.33333e-06
8000 3.33333e-06
8050 3.33333e-06
8100 3.33333e-06
8150 1.66667e-06
8200 1.66667e-06
8250 2.77556e-17
8300 3.33333e-06
8350 2.77556e-17
8400 3.33333e-06
8450 1.66667e-06
8500 1.66667e-06
8550 1.66667e-06
8600 1.66667e-06
8650 1.66667e-06
8700 1.66667e-06
8750 1.66667e-06
8800 1.66667e-06
8850 1.66667e-06
8900 1.66667e-06
8950 3.33333e-06
9000 1.66667e-06
9050 3.33333e-06
9100 3.33333e-06
9150 2.77556e-17
9200 1.66667e-06
9250 1.66667e-06
9300 2.77556e-17
9350 1.66667e-06
9400 2.77556e-17
9450 1.66667e-06
9500 1.66667e-06
9550 2.77556e-17
9600 3.33333e-06
9650 1.66667e-06
9700 1.66667e-06
9750 1.66667e-06
9800 1.66667e-06
9850 2.77556e-17
9900 1.66667e-06
9950 2.77556e-17
10000 1.66667e-06
10050 1.66667e-06
10100 1.66667e-06
10150 3.33333e-06
10200 3.33333e-06
10250 0.166668
10300 3.33333e-06
10350 1.66667e-06
10400 1.66667e-06
10450 1.66667e-06
10500 1.66667e-06
10550 3.33333e-06
10600 1.66667e-06
10650 2.77556e-17
10700 3.33333e-06
10750 2.77556e-17
10800 2.77556e-17
10850 2.77556e-17
10900 2.77556e-17
10950 1.66667e-06
11000 1.66667e-06
11050 2.77556e-17
11100 1.66667e-06
11150 2.77556e-17
11200 3.33333e-06
11250 3.33333e-06
11300 2.77556e-17
11350 2.77556e-17
11400 3.33333e-06
11450 1.66667e-06
11500 1.66667e-06
11550 1.66667e-06
11600 3.33333e-06
11650 3.33333e-06
11700 1.66667e-06
11750 2.77556e-17
11800 1.66667e-06
11850 3.33333e-06
11900 1.66667e-06
11950 1.66667e-06
12000 3.33333e-06
12050 3.33333e-06
12100 1.66667e-06
12150 3.33333e-06
12200 1.66667e-06
12250 3.33333e-06
12300 1.66667e-06
12350 3.33333e-06
12400 1.66667e-06
12450 1.66667e-06
12500 3.33333e-06
12550 3.33333e-06
12600 1.66667e-06
12650 2.77556e-17
12700 2.77556e-17
12750 1.66667e-06
12800 1.66667e-06
12850 1.66667e-06
12900 3.33333e-06
12950 1.66667e-06
13000 1.66667e-06
13050 3.33333e-06
13100 3.33333e-06
13150 3.33333e-06
13200 1.66667e-06
