50 0.0555583
100 0.0555567
150 0
200 1.66667e-06
250 0
300 3.33333e-06
350 0
400 1.66667e-06
450 0
500 1.66667e-06
550 0.0555583
600 1.66667e-06
650 1.66667e-06
700 0
750 3.33333e-06
800 0
850 1.66667e-06
900 1.66667e-06
950 0
1000 1.66667e-06
1050 0
1100 1.66667e-06
1150 1.66667e-06
1200 0
1250 0
1300 1.66667e-06
1350 3.33333e-06
1400 1.66667e-06
1450 0
1500 1.66667e-06
1550 1.66667e-06
1600 1.66667e-06
1650 1.66667e-06
1700 1.66667e-06
1750 1.66667e-06
1800 1.66667e-06
1850 3.33333e-06
1900 1.66667e-06
1950 1.66667e-06
2000 1.66667e-06
2050 0
2100 1.66667e-06
2150 3.33333e-06
2200 0
2250 0
2300 3.33333e-06
2350 1.66667e-06
2400 1.66667e-06
2450 1.66667e-06
2500 0
2550 1.66667e-06
2600 1.66667e-06
2650 1.66667e-06
2700 1.66667e-06
2750 0
2800 1.66667e-06
2850 1.66667e-06
2900 1.66667e-06
2950 0
3000 3.33333e-06
3050 1.66667e-06
3100 3.33333e-06
3150 1.66667e-06
3200 1.66667e-06
3250 1.66667e-06
3300 0
3350 1.66667e-06
3400 1.66667e-06
3450 1.66667e-06
3500 1.66667e-06
3550 1.66667e-06
3600 1.66667e-06
3650 1.66667e-06
3700 1.66667e-06
3750 3.33333e-06
3800 1.66667e-06
3850 3.33333e-06
3900 1.66667e-06
3950 0
4000 1.66667e-06
4050 0
4100 3.33333e-06
4150 1.66667e-06
4200 3.33333e-06
4250 0
4300 3.33333e-06
4350 1.66667e-06
4400 1.66667e-06
4450 1.66667e-06
4500 3.33333e-06
4550 0
4600 0
4650 0
4700 1.66667e-06
4750 1.66667e-06
4800 1.66667e-06
4850 1.66667e-06
4900 1.66667e-06
4950 0
5000 1.66667e-06
5050 1.66667e-06
5100 3.33333e-06
5150 1.66667e-06
5200 3.33333e-06
5250 3.33333e-06
5300 0
5350 0
5400 1.66667e-06
5450 3.33333e-06
5500 0
5550 1.66667e-06
5600 0
5650 1.66667e-06
5700 3.33333e-06
5750 1.66667e-06
5800 3.33333e-06
5850 1.66667e-06
5900 3.33333e-06
5950 3.33333e-06
6000 3.33333e-06
6050 1.66667e-06
6100 1.66667e-06
6150 0
6200 0
6250 1.66667e-06
6300 3.33333e-06
6350 3.33333e-06
6400 3.33333e-06
6450 1.66667e-06
6500 0
6550 1.66667e-06
6600 1.66667e-06
6650 3.33333e-06
6700 1.66667e-06
6750 3.33333e-06
6800 0
6850 1.66667e-06
6900 1.66667e-06
6950 0
7000 0
7050 3.33333e-06
7100 1.66667e-06
7150 3.33333e-06
7200 0
7250 3.33333e-06
7300 1.66667e-06
7350 1.66667e-06
7400 3.33333e-06
7450 0
7500 1.66667e-06
7550 0
7600 3.33333e-06
7650 0
7700 0
7750 0
7800 1.66667e-06
7850 1.66667e-06
7900 1.66667e-06
7950 1.66667e-06
8000 1.66667e-06
8050 1.66667e-06
8100 1.66667e-06
8150 3.33333e-06
8200 0
8250 0
8300 0
8350 1.66667e-06
8400 1.66667e-06
8450 1.66667e-06
8500 1.66667e-06
8550 1.66667e-06
8600 3.33333e-06
8650 3.33333e-06
8700 3.33333e-06
8750 1.66667e-06
8800 1.66667e-06
8850 1.66667e-06
8900 0
8950 1.66667e-06
9000 1.66667e-06
9050 1.66667e-06
9100 1.66667e-06
9150 1.66667e-06
9200 0
9250 3.33333e-06
9300 3.33333e-06
9350 1.66667e-06
9400 1.66667e-06
9450 3.33333e-06
9500 3.33333e-06
9550 3.33333e-06
9600 3.33333e-06
9650 0
9700 3.33333e-06
9750 1.66667e-06
9800 1.66667e-06
9850 0
9900 0
9950 3.33333e-06
10000 1.66667e-06
10050 1.66667e-06
10100 1.66667e-06
10150 3.33333e-06
10200 1.66667e-06
10250 0
10300 0
10350 1.66667e-06
10400 1.66667e-06
10450 1.66667e-06
10500 1.66667e-06
10550 1.66667e-06
10600 3.33333e-06
10650 0
10700 3.33333e-06
10750 3.33333e-06
10800 1.66667e-06
10850 1.66667e-06
10900 0
10950 0
11000 0
11050 0
11100 1.66667e-06
11150 3.33333e-06
11200 1.66667e-06
11250 3.33333e-06
11300 3.33333e-06
11350 1.66667e-06
11400 3.33333e-06
11450 1.66667e-06
11500 3.33333e-06
11550 1.66667e-06
11600 1.66667e-06
11650 1.66667e-06
11700 3.33333e-06
11750 0
11800 3.33333e-06
11850 1.66667e-06
11900 1.66667e-06
11950 1.66667e-06
12000 1.66667e-06
12050 3.33333e-06
12100 1.66667e-06
12150 1.66667e-06
12200 1.66667e-06
12250 3.33333e-06
12300 3.33333e-06
12350 1.66667e-06
12400 1.66667e-06
12450 3.33333e-06
12500 3.33333e-06
12550 0
12600 1.66667e-06
12650 1.66667e-06
12700 1.66667e-06
12750 0
12800 1.66667e-06
12850 0
12900 3.33333e-06
12950 1.66667e-06
13000 0
13050 0
13100 0
13150 3.33333e-06
13200 0
13250 3.33333e-06
13300 1.66667e-06
13350 0
13400 1.66667e-06
