50 -1.66667e-06
100 -0.1
150 -2.77556e-17
200 -2.77556e-17
250 -1.66667e-06
300 -0.0666667
350 -0.0666683
400 -0.0666667
450 -0.166668
500 -1.66667e-06
550 -0.0666667
600 0
650 0
700 0
750 -1.66667e-06
800 -1.66667e-06
850 -0.1
900 0
950 -0.100002
1000 -1.66667e-06
1050 -2.77556e-17
1100 -0.1
1150 -2.77556e-17
1200 0
1250 -2.77556e-17
1300 0
1350 -2.77556e-17
1400 -2.77556e-17
1450 0
1500 -0.1
1550 -2.77556e-17
1600 0
1650 -1.66667e-06
1700 0
1750 -2.77556e-17
1800 -2.77556e-17
1850 -2.77556e-17
1900 0
1950 0
2000 -2.77556e-17
2050 -1.66667e-06
2100 -2.77556e-17
2150 0
2200 0
2250 0
2300 -0.1
2350 -2.77556e-17
2400 -2.77556e-17
2450 -2.77556e-17
2500 -2.77556e-17
2550 -1.66667e-06
2600 -1.66667e-06
2650 -2.77556e-17
2700 -1.66667e-06
2750 -2.77556e-17
2800 -1.66667e-06
2850 0
2900 -1.66667e-06
2950 0
3000 -1.66667e-06
3050 -0.1
3100 -1.66667e-06
3150 -2.77556e-17
3200 -2.77556e-17
3250 -2.77556e-17
3300 -1.66667e-06
3350 -1.66667e-06
3400 -2.77556e-17
3450 -2.77556e-17
3500 -1.66667e-06
3550 -1.66667e-06
3600 -1.66667e-06
3650 -2.77556e-17
3700 -1.66667e-06
3750 -0.100002
3800 -1.66667e-06
3850 -0.1
3900 -1.66667e-06
3950 0
4000 -1.66667e-06
4050 -1.66667e-06
4100 -2.77556e-17
4150 -2.77556e-17
4200 0
4250 -2.77556e-17
4300 -1.66667e-06
4350 0
4400 0
4450 -1.66667e-06
4500 0
4550 0
4600 -1.66667e-06
4650 0
4700 -2.77556e-17
4750 -1.66667e-06
4800 -1.66667e-06
4850 -2.77556e-17
4900 -1.66667e-06
4950 -2.77556e-17
5000 -2.77556e-17
5050 -1.66667e-06
5100 -2.77556e-17
5150 -1.66667e-06
5200 -2.77556e-17
5250 -2.77556e-17
5300 -1.66667e-06
5350 -0.100002
5400 -1.66667e-06
5450 -2.77556e-17
5500 -1.66667e-06
5550 -1.66667e-06
5600 -1.66667e-06
5650 -1.66667e-06
5700 -1.66667e-06
5750 0
5800 -2.77556e-17
5850 -1.66667e-06
5900 0
5950 0
6000 -2.77556e-17
6050 -1.66667e-06
6100 -1.66667e-06
6150 -1.66667e-06
6200 -1.66667e-06
6250 0
6300 -1.66667e-06
6350 -1.66667e-06
6400 -2.77556e-17
6450 -2.77556e-17
6500 -2.77556e-17
6550 0
6600 -2.77556e-17
6650 -2.77556e-17
6700 0
6750 -2.77556e-17
6800 -2.77556e-17
6850 0
6900 -1.66667e-06
6950 0
7000 -2.77556e-17
7050 -1.66667e-06
7100 -2.77556e-17
7150 -2.77556e-17
7200 -2.77556e-17
7250 -2.77556e-17
7300 -1.66667e-06
7350 0
7400 -1.66667e-06
7450 -1.66667e-06
7500 -2.77556e-17
7550 -1.66667e-06
7600 -2.77556e-17
7650 0
7700 -1.66667e-06
7750 0
7800 -1.66667e-06
7850 -1.66667e-06
7900 -1.66667e-06
7950 -1.66667e-06
8000 -1.66667e-06
8050 -2.77556e-17
8100 -1.66667e-06
8150 0
8200 -1.66667e-06
8250 0
8300 -1.66667e-06
8350 -1.66667e-06
8400 -2.77556e-17
8450 -1.66667e-06
8500 -2.77556e-17
8550 -1.66667e-06
8600 -1.66667e-06
8650 -2.77556e-17
8700 0
8750 -2.77556e-17
8800 -1.66667e-06
8850 -1.66667e-06
8900 -2.77556e-17
8950 -1.66667e-06
9000 -2.77556e-17
9050 -2.77556e-17
9100 -1.66667e-06
9150 -1.66667e-06
9200 -1.66667e-06
9250 -2.77556e-17
9300 -1.66667e-06
9350 -1.66667e-06
9400 -2.77556e-17
9450 -1.66667e-06
9500 -1.66667e-06
9550 -1.66667e-06
9600 -2.77556e-17
9650 -2.77556e-17
9700 -1.66667e-06
9750 0
9800 -2.77556e-17
9850 0
9900 0
9950 -2.77556e-17
10000 0
10050 -0.100002
10100 0
10150 -1.66667e-06
10200 -1.66667e-06
10250 -1.66667e-06
10300 -1.66667e-06
10350 -1.66667e-06
10400 -1.66667e-06
10450 -1.66667e-06
10500 -1.66667e-06
10550 -1.66667e-06
10600 -1.66667e-06
10650 -2.77556e-17
10700 -1.66667e-06
10750 -2.77556e-17
10800 -1.66667e-06
10850 -1.66667e-06
10900 -1.66667e-06
10950 -1.66667e-06
11000 -2.77556e-17
11050 -1.66667e-06
11100 -1.66667e-06
11150 -1.66667e-06
11200 -1.66667e-06
11250 -1.66667e-06
11300 -1.66667e-06
11350 -1.66667e-06
11400 -1.66667e-06
11450 -1.66667e-06
11500 -2.77556e-17
11550 -1.66667e-06
