50 -0.100002
100 -0.100002
150 -1.66667e-06
200 -0.100002
250 -1.66667e-06
300 -0.100002
350 -0.1
400 0
450 -1.66667e-06
500 -1.66667e-06
550 -0.1
600 -2.77556e-17
650 0
700 -2.77556e-17
750 -1.66667e-06
800 -1.66667e-06
850 -1.66667e-06
900 -1.66667e-06
950 -1.66667e-06
1000 -1.66667e-06
1050 -1.66667e-06
1100 -1.66667e-06
1150 -0.1
1200 0
1250 -1.66667e-06
1300 -1.66667e-06
1350 -0.100002
1400 -2.77556e-17
1450 -0.1
1500 -1.66667e-06
1550 -2.77556e-17
1600 0
1650 -1.66667e-06
1700 -1.66667e-06
1750 -1.66667e-06
1800 -2.77556e-17
1850 -1.66667e-06
1900 -1.66667e-06
1950 -1.66667e-06
2000 -0.100002
2050 -1.66667e-06
2100 -1.66667e-06
2150 -1.66667e-06
2200 0
2250 -1.66667e-06
2300 0
2350 -1.66667e-06
2400 -1.66667e-06
2450 -2.77556e-17
2500 -1.66667e-06
2550 -1.66667e-06
2600 -1.66667e-06
2650 -0.100002
2700 -2.77556e-17
2750 -1.66667e-06
2800 0
2850 -1.66667e-06
2900 -2.77556e-17
2950 -1.66667e-06
3000 0
3050 -1.66667e-06
3100 -2.77556e-17
3150 -2.77556e-17
3200 -1.66667e-06
3250 -1.66667e-06
3300 -1.66667e-06
3350 -2.77556e-17
3400 -1.66667e-06
3450 0
3500 0
3550 -2.77556e-17
3600 -1.66667e-06
3650 -1.66667e-06
3700 -0.1
3750 -1.66667e-06
3800 -1.66667e-06
3850 -1.66667e-06
3900 0
3950 -1.66667e-06
4000 -1.66667e-06
4050 -0.100002
4100 -0.100002
4150 0
4200 -2.77556e-17
4250 -1.66667e-06
4300 -2.77556e-17
4350 -1.66667e-06
4400 -0.100002
4450 -2.77556e-17
4500 -1.66667e-06
4550 -1.66667e-06
4600 -2.77556e-17
4650 -1.66667e-06
4700 -1.66667e-06
4750 -1.66667e-06
4800 -2.77556e-17
4850 0
4900 -1.66667e-06
4950 0
5000 0
5050 0
5100 -1.66667e-06
5150 0
5200 0
5250 -1.66667e-06
5300 -1.66667e-06
5350 -1.66667e-06
5400 -1.66667e-06
5450 0
5500 -2.77556e-17
5550 -1.66667e-06
5600 -1.66667e-06
5650 -2.77556e-17
5700 -2.77556e-17
5750 -1.66667e-06
5800 -2.77556e-17
5850 -0.1
5900 -1.66667e-06
5950 -1.66667e-06
6000 -1.66667e-06
6050 -2.77556e-17
6100 -2.77556e-17
6150 -2.77556e-17
6200 -2.77556e-17
6250 -2.77556e-17
6300 -2.77556e-17
6350 -1.66667e-06
6400 -1.66667e-06
6450 -1.66667e-06
6500 -2.77556e-17
6550 -1.66667e-06
6600 -1.66667e-06
6650 -1.66667e-06
6700 0
6750 -1.66667e-06
6800 -1.66667e-06
6850 -1.66667e-06
6900 -2.77556e-17
6950 -2.77556e-17
7000 0
7050 -2.77556e-17
7100 -2.77556e-17
7150 0
7200 -1.66667e-06
7250 -2.77556e-17
7300 -2.77556e-17
7350 0
7400 0
7450 -1.66667e-06
7500 -1.66667e-06
7550 -2.77556e-17
7600 -1.66667e-06
7650 -2.77556e-17
7700 -2.77556e-17
7750 0
7800 -2.77556e-17
7850 0
7900 0
7950 -0.100002
8000 -1.66667e-06
8050 -1.66667e-06
8100 -1.66667e-06
8150 0
8200 0
8250 -1.66667e-06
8300 0
8350 -1.66667e-06
8400 -1.66667e-06
8450 -1.66667e-06
8500 -1.66667e-06
8550 -1.66667e-06
8600 -1.66667e-06
8650 -1.66667e-06
8700 -2.77556e-17
8750 -1.66667e-06
8800 -2.77556e-17
8850 -1.66667e-06
8900 0
8950 -1.66667e-06
9000 -1.66667e-06
9050 -1.66667e-06
9100 -1.66667e-06
9150 -1.66667e-06
9200 -1.66667e-06
9250 0
9300 -2.77556e-17
9350 -1.66667e-06
9400 -1.66667e-06
9450 -1.66667e-06
9500 -1.66667e-06
9550 -1.66667e-06
9600 0
9650 -1.66667e-06
9700 -1.66667e-06
9750 0
9800 -1.66667e-06
9850 -1.66667e-06
9900 0
9950 0
10000 -1.66667e-06
10050 -1.66667e-06
10100 -1.66667e-06
10150 0
10200 -2.77556e-17
10250 -2.77556e-17
10300 -2.77556e-17
10350 0
10400 0
10450 -1.66667e-06
10500 -1.66667e-06
10550 -1.66667e-06
10600 0
10650 -1.66667e-06
10700 -1.66667e-06
10750 -2.77556e-17
10800 -1.66667e-06
10850 -1.66667e-06
10900 -1.66667e-06
10950 -1.66667e-06
11000 0
11050 -1.66667e-06
11100 0
11150 0
11200 -0.100002
11250 -0.1
11300 -1.66667e-06
11350 0
