50 3.33333e-06
100 0.0555583
150 0.0555583
200 0.0555583
250 1.66667e-06
300 1.66667e-06
350 0.222225
400 1.66667e-06
450 0
500 0.166668
550 0
600 3.33333e-06
650 1.66667e-06
700 0.16667
750 3.33333e-06
800 1.66667e-06
850 3.33333e-06
900 1.66667e-06
950 1.66667e-06
1000 0.166668
1050 1.66667e-06
1100 0.166668
1150 1.66667e-06
1200 0.16667
1250 1.66667e-06
1300 0.16667
1350 3.33333e-06
1400 3.33333e-06
1450 1.66667e-06
1500 0
1550 1.66667e-06
1600 3.33333e-06
1650 0.166668
1700 1.66667e-06
1750 3.33333e-06
1800 1.66667e-06
1850 0
1900 0.16667
1950 0
2000 3.33333e-06
2050 1.66667e-06
2100 0
2150 0.166668
2200 0
2250 1.66667e-06
2300 1.66667e-06
2350 3.33333e-06
2400 3.33333e-06
2450 1.66667e-06
2500 0
2550 0
2600 3.33333e-06
2650 1.66667e-06
2700 3.33333e-06
2750 1.66667e-06
2800 3.33333e-06
2850 3.33333e-06
2900 0
2950 1.66667e-06
3000 0
3050 1.66667e-06
3100 1.66667e-06
3150 3.33333e-06
3200 0
3250 1.66667e-06
3300 1.66667e-06
3350 1.66667e-06
3400 1.66667e-06
3450 1.66667e-06
3500 1.66667e-06
3550 3.33333e-06
3600 1.66667e-06
3650 0
3700 1.66667e-06
3750 0
3800 1.66667e-06
3850 1.66667e-06
3900 1.66667e-06
3950 0
4000 0
4050 3.33333e-06
4100 1.66667e-06
4150 3.33333e-06
4200 3.33333e-06
4250 1.66667e-06
4300 1.66667e-06
4350 3.33333e-06
4400 0
4450 0
4500 0
4550 1.66667e-06
4600 1.66667e-06
4650 1.66667e-06
4700 0
4750 1.66667e-06
4800 1.66667e-06
4850 3.33333e-06
4900 0
4950 0
5000 1.66667e-06
5050 1.66667e-06
5100 1.66667e-06
5150 1.66667e-06
5200 3.33333e-06
5250 1.66667e-06
5300 0
5350 1.66667e-06
5400 1.66667e-06
5450 3.33333e-06
5500 1.66667e-06
5550 0
5600 1.66667e-06
5650 0
5700 0
5750 1.66667e-06
5800 0
5850 1.66667e-06
5900 0
5950 1.66667e-06
6000 3.33333e-06
6050 3.33333e-06
6100 0
6150 1.66667e-06
6200 3.33333e-06
6250 0
6300 1.66667e-06
6350 0
6400 3.33333e-06
6450 1.66667e-06
6500 1.66667e-06
6550 0
6600 1.66667e-06
6650 3.33333e-06
6700 1.66667e-06
6750 1.66667e-06
6800 1.66667e-06
6850 0
6900 1.66667e-06
6950 1.66667e-06
7000 1.66667e-06
7050 1.66667e-06
7100 0
7150 1.66667e-06
7200 1.66667e-06
7250 3.33333e-06
7300 1.66667e-06
7350 1.66667e-06
7400 1.66667e-06
7450 3.33333e-06
7500 1.66667e-06
7550 1.66667e-06
7600 3.33333e-06
7650 1.66667e-06
7700 3.33333e-06
7750 0
7800 3.33333e-06
7850 1.66667e-06
7900 1.66667e-06
7950 1.66667e-06
8000 1.66667e-06
8050 0
8100 3.33333e-06
8150 1.66667e-06
8200 0
8250 0
8300 1.66667e-06
8350 0
8400 3.33333e-06
8450 0
8500 3.33333e-06
8550 1.66667e-06
8600 1.66667e-06
8650 1.66667e-06
8700 1.66667e-06
8750 3.33333e-06
8800 0
8850 0
8900 0
8950 3.33333e-06
9000 1.66667e-06
9050 0
9100 1.66667e-06
9150 0
9200 1.66667e-06
9250 0
9300 1.66667e-06
9350 1.66667e-06
9400 1.66667e-06
9450 1.66667e-06
9500 0
9550 0
9600 0
9650 1.66667e-06
9700 0
9750 3.33333e-06
9800 1.66667e-06
9850 1.66667e-06
9900 1.66667e-06
9950 1.66667e-06
10000 1.66667e-06
10050 0
10100 1.66667e-06
10150 0
10200 1.66667e-06
10250 1.66667e-06
10300 1.66667e-06
10350 3.33333e-06
10400 1.66667e-06
10450 3.33333e-06
10500 3.33333e-06
10550 1.66667e-06
10600 0
10650 1.66667e-06
10700 1.66667e-06
10750 0
10800 1.66667e-06
10850 1.66667e-06
10900 0
10950 1.66667e-06
11000 1.66667e-06
11050 3.33333e-06
11100 0
11150 1.66667e-06
11200 0
11250 0
11300 0
11350 1.66667e-06
11400 1.66667e-06
11450 3.33333e-06
11500 1.66667e-06
11550 3.33333e-06
11600 3.33333e-06
11650 0
11700 1.66667e-06
11750 0
11800 1.66667e-06
11850 0
11900 3.33333e-06
11950 0
12000 1.66667e-06
12050 0
12100 0
12150 1.66667e-06
12200 1.66667e-06
12250 0
12300 3.33333e-06
12350 1.66667e-06
12400 0
12450 1.66667e-06
12500 3.33333e-06
12550 0
12600 1.66667e-06
12650 1.66667e-06
12700 1.66667e-06
12750 1.66667e-06
12800 0
12850 3.33333e-06
12900 0
12950 1.66667e-06
13000 1.66667e-06
13050 1.66667e-06
13100 1.66667e-06
13150 1.66667e-06
13200 0
13250 0
13300 0
13350 1.66667e-06
13400 3.33333e-06
