50 -2.77556e-17
100 -2.77556e-17
150 -0.100002
200 -1.66667e-06
250 -1.66667e-06
300 -2.77556e-17
350 -1.66667e-06
400 -1.66667e-06
450 -1.66667e-06
500 -1.66667e-06
550 -0.100002
600 -2.77556e-17
650 -1.66667e-06
700 -1.66667e-06
750 -1.66667e-06
800 0
850 0
900 -1.66667e-06
950 -1.66667e-06
1000 -0.100002
1050 -1.66667e-06
1100 -1.66667e-06
1150 -1.66667e-06
1200 -0.100002
1250 -1.66667e-06
1300 -1.66667e-06
1350 -1.66667e-06
1400 0
1450 -1.66667e-06
1500 -2.77556e-17
1550 -2.77556e-17
1600 -1.66667e-06
1650 0
1700 0
1750 -0.100002
1800 0
1850 -1.66667e-06
1900 -1.66667e-06
1950 -1.66667e-06
2000 0
2050 -2.77556e-17
2100 -1.66667e-06
2150 -1.66667e-06
2200 -0.100002
2250 -1.66667e-06
2300 -1.66667e-06
2350 -1.66667e-06
2400 -1.66667e-06
2450 -1.66667e-06
2500 -1.66667e-06
2550 -1.66667e-06
2600 -2.77556e-17
2650 -0.100002
2700 0
2750 -1.66667e-06
2800 -1.66667e-06
2850 -1.66667e-06
2900 -1.66667e-06
2950 -0.100002
3000 -0.100002
3050 -1.66667e-06
3100 -1.66667e-06
3150 -0.1
3200 -1.66667e-06
3250 -0.1
3300 -2.77556e-17
3350 -1.66667e-06
3400 -0.100002
3450 -2.77556e-17
3500 -1.66667e-06
3550 -1.66667e-06
3600 -1.66667e-06
3650 -1.66667e-06
3700 -1.66667e-06
3750 -1.66667e-06
3800 -1.66667e-06
3850 -1.66667e-06
3900 -1.66667e-06
3950 -0.1
4000 -1.66667e-06
4050 -1.66667e-06
4100 -1.66667e-06
4150 -1.66667e-06
4200 0
4250 -1.66667e-06
4300 -1.66667e-06
4350 -1.66667e-06
4400 -1.66667e-06
4450 -2.77556e-17
4500 -2.77556e-17
4550 -2.77556e-17
4600 -2.77556e-17
4650 0
4700 -1.66667e-06
4750 -1.66667e-06
4800 -2.77556e-17
4850 -1.66667e-06
4900 -1.66667e-06
4950 -1.66667e-06
5000 0
5050 -1.66667e-06
5100 -2.77556e-17
5150 -2.77556e-17
5200 0
5250 -1.66667e-06
5300 0
5350 -1.66667e-06
5400 -2.77556e-17
5450 -1.66667e-06
5500 -1.66667e-06
5550 -1.66667e-06
5600 -1.66667e-06
5650 -1.66667e-06
5700 -2.77556e-17
5750 -1.66667e-06
5800 -1.66667e-06
5850 -1.66667e-06
5900 -2.77556e-17
5950 -0.100002
6000 0
6050 -0.100002
6100 -0.100002
6150 -1.66667e-06
6200 -0.100002
6250 -1.66667e-06
6300 -1.66667e-06
6350 -1.66667e-06
6400 -2.77556e-17
6450 -1.66667e-06
6500 -2.77556e-17
6550 -1.66667e-06
6600 -1.66667e-06
6650 -2.77556e-17
6700 -1.66667e-06
6750 -2.77556e-17
6800 0
6850 -1.66667e-06
6900 -1.66667e-06
6950 0
7000 -2.77556e-17
7050 -1.66667e-06
7100 -1.66667e-06
7150 -1.66667e-06
7200 0
7250 -2.77556e-17
7300 -1.66667e-06
7350 -1.66667e-06
7400 0
7450 -1.66667e-06
7500 -1.66667e-06
7550 -2.77556e-17
7600 -1.66667e-06
7650 -1.66667e-06
7700 0
7750 -1.66667e-06
7800 -1.66667e-06
7850 -1.66667e-06
7900 -1.66667e-06
7950 -1.66667e-06
8000 -2.77556e-17
8050 -1.66667e-06
8100 0
8150 -1.66667e-06
8200 -0.100002
8250 -0.100002
8300 -1.66667e-06
8350 -1.66667e-06
8400 -2.77556e-17
8450 -1.66667e-06
8500 0
8550 -1.66667e-06
8600 0
8650 -1.66667e-06
8700 -1.66667e-06
8750 -1.66667e-06
8800 -2.77556e-17
8850 -1.66667e-06
8900 -1.66667e-06
8950 -1.66667e-06
9000 -2.77556e-17
9050 0
9100 -1.66667e-06
9150 0
9200 -1.66667e-06
9250 -1.66667e-06
9300 -1.66667e-06
9350 -1.66667e-06
9400 -1.66667e-06
9450 -0.100002
9500 -1.66667e-06
9550 -1.66667e-06
9600 -1.66667e-06
9650 -1.66667e-06
9700 -1.66667e-06
9750 0
9800 -1.66667e-06
9850 -2.77556e-17
9900 0
9950 -1.66667e-06
10000 -1.66667e-06
10050 -1.66667e-06
10100 0
10150 0
10200 -1.66667e-06
10250 -1.66667e-06
10300 -1.66667e-06
10350 -1.66667e-06
10400 -1.66667e-06
10450 -2.77556e-17
10500 -1.66667e-06
10550 0
10600 -2.77556e-17
10650 -1.66667e-06
10700 -1.66667e-06
10750 0
10800 -1.66667e-06
10850 -2.77556e-17
10900 -2.77556e-17
10950 -1.66667e-06
11000 -1.66667e-06
11050 -1.66667e-06
11100 -1.66667e-06
11150 -1.66667e-06
11200 -1.66667e-06
11250 -1.66667e-06
11300 -1.66667e-06
11350 -1.66667e-06
