50 -0.0666667
100 -2.77556e-17
150 -2.77556e-17
200 0
250 -0.166667
300 -0.100002
350 -2.77556e-17
400 -0.100002
450 -1.66667e-06
500 -1.66667e-06
550 -1.66667e-06
600 -0.0666667
650 0
700 0
750 -2.77556e-17
800 -2.77556e-17
850 0
900 -2.77556e-17
950 -1.66667e-06
1000 0
1050 -1.66667e-06
1100 -1.66667e-06
1150 -1.66667e-06
1200 0
1250 0
1300 -2.77556e-17
1350 -0.1
1400 -1.66667e-06
1450 0
1500 -0.1
1550 -1.66667e-06
1600 -1.66667e-06
1650 -1.66667e-06
1700 -1.66667e-06
1750 -2.77556e-17
1800 -1.66667e-06
1850 0
1900 -1.66667e-06
1950 -1.66667e-06
2000 0
2050 -1.66667e-06
2100 -1.66667e-06
2150 0
2200 -2.77556e-17
2250 -1.66667e-06
2300 -2.77556e-17
2350 0
2400 0
2450 0
2500 0
2550 0
2600 -1.66667e-06
2650 -0.1
2700 -2.77556e-17
2750 -2.77556e-17
2800 -1.66667e-06
2850 0
2900 -1.66667e-06
2950 -1.66667e-06
3000 -1.66667e-06
3050 -2.77556e-17
3100 -2.77556e-17
3150 -1.66667e-06
3200 0
3250 0
3300 -1.66667e-06
3350 -1.66667e-06
3400 0
3450 -1.66667e-06
3500 0
3550 0
3600 -1.66667e-06
3650 -1.66667e-06
3700 0
3750 0
3800 -2.77556e-17
3850 -2.77556e-17
3900 0
3950 -2.77556e-17
4000 0
4050 -1.66667e-06
4100 0
4150 0
4200 -2.77556e-17
4250 0
4300 -0.100002
4350 -2.77556e-17
4400 -1.66667e-06
4450 0
4500 -2.77556e-17
4550 -1.66667e-06
4600 -1.66667e-06
4650 -1.66667e-06
4700 -1.66667e-06
4750 -2.77556e-17
4800 -2.77556e-17
4850 0
4900 -1.66667e-06
4950 0
5000 -1.66667e-06
5050 -1.66667e-06
5100 0
5150 0
5200 0
5250 -1.66667e-06
5300 0
5350 -2.77556e-17
5400 -1.66667e-06
5450 0
5500 -2.77556e-17
5550 -1.66667e-06
5600 0
5650 -1.66667e-06
5700 0
5750 -2.77556e-17
5800 0
5850 0
5900 -2.77556e-17
5950 -1.66667e-06
6000 0
6050 0
6100 -1.66667e-06
6150 0
6200 0
6250 -1.66667e-06
6300 -2.77556e-17
6350 -2.77556e-17
6400 0
6450 -1.66667e-06
6500 -1.66667e-06
6550 -2.77556e-17
6600 -2.77556e-17
6650 0
6700 0
6750 -1.66667e-06
6800 -1.66667e-06
6850 -1.66667e-06
6900 0
6950 -1.66667e-06
7000 0
7050 -1.66667e-06
7100 -1.66667e-06
7150 -1.66667e-06
7200 -2.77556e-17
7250 -1.66667e-06
7300 0
7350 -2.77556e-17
7400 0
7450 -2.77556e-17
7500 0
7550 -1.66667e-06
7600 -2.77556e-17
7650 -1.66667e-06
7700 0
7750 -1.66667e-06
7800 0
7850 -2.77556e-17
7900 0
7950 -2.77556e-17
8000 0
8050 -2.77556e-17
8100 0
8150 0
8200 -2.77556e-17
8250 -2.77556e-17
8300 -1.66667e-06
8350 0
8400 -1.66667e-06
8450 0
8500 -1.66667e-06
8550 -2.77556e-17
8600 -1.66667e-06
8650 -1.66667e-06
8700 -2.77556e-17
8750 -1.66667e-06
8800 0
8850 -2.77556e-17
8900 -1.66667e-06
8950 -2.77556e-17
9000 -2.77556e-17
9050 -1.66667e-06
9100 -2.77556e-17
9150 -1.66667e-06
9200 -2.77556e-17
9250 -2.77556e-17
9300 -2.77556e-17
9350 -0.100002
9400 -1.66667e-06
9450 -0.1
9500 0
9550 -1.66667e-06
9600 -1.66667e-06
9650 -1.66667e-06
9700 -1.66667e-06
9750 -1.66667e-06
9800 -2.77556e-17
9850 0
9900 -2.77556e-17
9950 -1.66667e-06
10000 -1.66667e-06
10050 -2.77556e-17
10100 -2.77556e-17
10150 -2.77556e-17
10200 -1.66667e-06
10250 -1.66667e-06
10300 -1.66667e-06
10350 0
10400 -1.66667e-06
10450 0
10500 -2.77556e-17
10550 -1.66667e-06
10600 -2.77556e-17
10650 -2.77556e-17
10700 0
10750 0
10800 -1.66667e-06
10850 -1.66667e-06
10900 -2.77556e-17
10950 -1.66667e-06
11000 0
11050 -1.66667e-06
11100 -0.1
11150 0
11200 -1.66667e-06
11250 -1.66667e-06
11300 -1.66667e-06
11350 -1.66667e-06
11400 -1.66667e-06
11450 -1.66667e-06
11500 0
