50 0.0555567
100 1.66667e-06
150 0
200 0.222225
250 1.66667e-06
300 1.66667e-06
350 0.0555567
400 0
450 0
500 3.33333e-06
550 0
600 0
650 0.0555567
700 1.66667e-06
750 1.66667e-06
800 0
850 0
900 3.33333e-06
950 1.66667e-06
1000 0
1050 3.33333e-06
1100 1.66667e-06
1150 3.33333e-06
1200 1.66667e-06
1250 0
1300 3.33333e-06
1350 1.66667e-06
1400 0
1450 3.33333e-06
1500 1.66667e-06
1550 0
1600 1.66667e-06
1650 0
1700 0
1750 1.66667e-06
1800 1.66667e-06
1850 0
1900 0
1950 1.66667e-06
2000 3.33333e-06
2050 1.66667e-06
2100 0
2150 3.33333e-06
2200 1.66667e-06
2250 0
2300 1.66667e-06
2350 3.33333e-06
2400 0
2450 1.66667e-06
2500 0
2550 1.66667e-06
2600 0
2650 1.66667e-06
2700 1.66667e-06
2750 3.33333e-06
2800 3.33333e-06
2850 1.66667e-06
2900 1.66667e-06
2950 1.66667e-06
3000 1.66667e-06
3050 1.66667e-06
3100 1.66667e-06
3150 0
3200 3.33333e-06
3250 3.33333e-06
3300 0
3350 0
3400 0
3450 3.33333e-06
3500 3.33333e-06
3550 3.33333e-06
3600 1.66667e-06
3650 3.33333e-06
3700 1.66667e-06
3750 1.66667e-06
3800 1.66667e-06
3850 3.33333e-06
3900 1.66667e-06
3950 1.66667e-06
4000 3.33333e-06
4050 1.66667e-06
4100 1.66667e-06
4150 1.66667e-06
4200 0
4250 1.66667e-06
4300 3.33333e-06
4350 1.66667e-06
4400 0
4450 3.33333e-06
4500 0
4550 0
4600 1.66667e-06
4650 0
4700 0
4750 0
4800 3.33333e-06
4850 3.33333e-06
4900 1.66667e-06
4950 1.66667e-06
5000 1.66667e-06
5050 0
5100 1.66667e-06
5150 1.66667e-06
5200 1.66667e-06
5250 0
5300 1.66667e-06
5350 0
5400 1.66667e-06
5450 1.66667e-06
5500 1.66667e-06
5550 0
5600 3.33333e-06
5650 1.66667e-06
5700 3.33333e-06
5750 1.66667e-06
5800 0
5850 0
5900 1.66667e-06
5950 3.33333e-06
6000 3.33333e-06
6050 1.66667e-06
6100 3.33333e-06
6150 1.66667e-06
6200 1.66667e-06
6250 1.66667e-06
6300 1.66667e-06
6350 3.33333e-06
6400 1.66667e-06
6450 1.66667e-06
6500 0
6550 1.66667e-06
6600 0
6650 3.33333e-06
6700 3.33333e-06
6750 3.33333e-06
6800 3.33333e-06
6850 3.33333e-06
6900 1.66667e-06
6950 1.66667e-06
7000 1.66667e-06
7050 1.66667e-06
7100 1.66667e-06
7150 0
7200 0
7250 0
7300 1.66667e-06
7350 1.66667e-06
7400 1.66667e-06
7450 3.33333e-06
7500 3.33333e-06
7550 0
7600 0
7650 1.66667e-06
7700 3.33333e-06
7750 3.33333e-06
7800 1.66667e-06
7850 0
7900 0
7950 1.66667e-06
8000 3.33333e-06
8050 3.33333e-06
8100 3.33333e-06
8150 1.66667e-06
8200 1.66667e-06
8250 1.66667e-06
8300 1.66667e-06
8350 1.66667e-06
8400 3.33333e-06
8450 3.33333e-06
8500 1.66667e-06
8550 1.66667e-06
8600 3.33333e-06
8650 0
8700 1.66667e-06
8750 0
8800 1.66667e-06
8850 1.66667e-06
8900 3.33333e-06
8950 1.66667e-06
9000 3.33333e-06
9050 3.33333e-06
9100 0
9150 0
9200 3.33333e-06
9250 0
9300 1.66667e-06
9350 0
9400 1.66667e-06
9450 0
9500 0
9550 1.66667e-06
9600 3.33333e-06
9650 1.66667e-06
9700 1.66667e-06
9750 0
9800 3.33333e-06
9850 3.33333e-06
9900 1.66667e-06
9950 3.33333e-06
10000 3.33333e-06
10050 1.66667e-06
10100 1.66667e-06
10150 3.33333e-06
10200 0
10250 0
10300 3.33333e-06
10350 3.33333e-06
10400 1.66667e-06
10450 1.66667e-06
10500 1.66667e-06
10550 3.33333e-06
10600 1.66667e-06
10650 1.66667e-06
10700 0
10750 0
10800 1.66667e-06
10850 3.33333e-06
10900 1.66667e-06
10950 0
11000 1.66667e-06
11050 3.33333e-06
11100 0
11150 1.66667e-06
11200 1.66667e-06
11250 1.66667e-06
11300 1.66667e-06
11350 1.66667e-06
11400 1.66667e-06
11450 3.33333e-06
11500 1.66667e-06
11550 1.66667e-06
11600 1.66667e-06
11650 0
11700 0
11750 1.66667e-06
11800 1.66667e-06
11850 1.66667e-06
11900 1.66667e-06
11950 3.33333e-06
12000 1.66667e-06
12050 0
12100 1.66667e-06
12150 0
12200 1.66667e-06
12250 1.66667e-06
12300 1.66667e-06
12350 1.66667e-06
12400 1.66667e-06
12450 3.33333e-06
12500 1.66667e-06
12550 1.66667e-06
12600 1.66667e-06
12650 3.33333e-06
12700 3.33333e-06
12750 1.66667e-06
12800 1.66667e-06
12850 3.33333e-06
12900 0
12950 0
13000 0
13050 1.66667e-06
13100 3.33333e-06
13150 1.66667e-06
13200 1.66667e-06
13250 1.66667e-06
13300 1.66667e-06
13350 3.33333e-06
