50 -0.0666683
100 -0.100002
150 -0.100002
200 -0.1
250 -1.66667e-06
300 -1.66667e-06
350 -0.100002
400 -0.1
450 -1.66667e-06
500 -0.100002
550 0
600 0
650 -1.66667e-06
700 -1.66667e-06
750 -1.66667e-06
800 -2.77556e-17
850 -1.66667e-06
900 -2.77556e-17
950 0
1000 -1.66667e-06
1050 -2.77556e-17
1100 0
1150 -1.66667e-06
1200 -2.77556e-17
1250 0
1300 0
1350 -2.77556e-17
1400 -1.66667e-06
1450 -2.77556e-17
1500 0
1550 -2.77556e-17
1600 -1.66667e-06
1650 -2.77556e-17
1700 -0.1
1750 0
1800 -2.77556e-17
1850 0
1900 0
1950 0
2000 0
2050 -1.66667e-06
2100 -2.77556e-17
2150 -1.66667e-06
2200 -2.77556e-17
2250 -1.66667e-06
2300 0
2350 -2.77556e-17
2400 -1.66667e-06
2450 -0.1
2500 -1.66667e-06
2550 0
2600 0
2650 -0.1
2700 0
2750 -2.77556e-17
2800 0
2850 -1.66667e-06
2900 0
2950 -1.66667e-06
3000 -1.66667e-06
3050 -2.77556e-17
3100 0
3150 -1.66667e-06
3200 -1.66667e-06
3250 -1.66667e-06
3300 -0.1
3350 -1.66667e-06
3400 -2.77556e-17
3450 -1.66667e-06
3500 -2.77556e-17
3550 -1.66667e-06
3600 -2.77556e-17
3650 -2.77556e-17
3700 -2.77556e-17
3750 -0.100002
3800 -1.66667e-06
3850 0
3900 0
3950 -1.66667e-06
4000 0
4050 0
4100 0
4150 0
4200 -2.77556e-17
4250 -2.77556e-17
4300 -1.66667e-06
4350 -2.77556e-17
4400 -2.77556e-17
4450 -2.77556e-17
4500 -2.77556e-17
4550 -1.66667e-06
4600 -1.66667e-06
4650 -2.77556e-17
4700 -1.66667e-06
4750 0
4800 0
4850 0
4900 -0.100002
4950 -0.1
5000 -2.77556e-17
5050 -2.77556e-17
5100 -1.66667e-06
5150 0
5200 -1.66667e-06
5250 0
5300 -2.77556e-17
5350 -1.66667e-06
5400 -0.100002
5450 -1.66667e-06
5500 0
5550 -1.66667e-06
5600 -1.66667e-06
5650 -2.77556e-17
5700 -2.77556e-17
5750 -2.77556e-17
5800 -2.77556e-17
5850 -1.66667e-06
5900 -1.66667e-06
5950 -0.100002
6000 -2.77556e-17
6050 -2.77556e-17
6100 -2.77556e-17
6150 -2.77556e-17
6200 0
6250 -1.66667e-06
6300 -0.1
6350 0
6400 -1.66667e-06
6450 -2.77556e-17
6500 -2.77556e-17
6550 -1.66667e-06
6600 -1.66667e-06
6650 -2.77556e-17
6700 -0.100002
6750 0
6800 0
6850 -1.66667e-06
6900 0
6950 0
7000 -1.66667e-06
7050 -2.77556e-17
7100 0
7150 -1.66667e-06
7200 -2.77556e-17
7250 -1.66667e-06
7300 -1.66667e-06
7350 -1.66667e-06
7400 -2.77556e-17
7450 -2.77556e-17
7500 0
7550 -1.66667e-06
7600 -1.66667e-06
7650 0
7700 -1.66667e-06
7750 -1.66667e-06
7800 -2.77556e-17
7850 -1.66667e-06
7900 0
7950 -1.66667e-06
8000 0
8050 -1.66667e-06
8100 -1.66667e-06
8150 -2.77556e-17
8200 -2.77556e-17
8250 -1.66667e-06
8300 -1.66667e-06
8350 -1.66667e-06
8400 -1.66667e-06
8450 -1.66667e-06
8500 -1.66667e-06
8550 -1.66667e-06
8600 -1.66667e-06
8650 -1.66667e-06
8700 -1.66667e-06
8750 -0.1
8800 -1.66667e-06
8850 -1.66667e-06
8900 -2.77556e-17
8950 -2.77556e-17
9000 -1.66667e-06
9050 0
9100 0
9150 0
9200 -2.77556e-17
9250 -1.66667e-06
9300 -1.66667e-06
9350 -2.77556e-17
9400 -2.77556e-17
9450 -2.77556e-17
9500 -1.66667e-06
9550 -2.77556e-17
9600 -2.77556e-17
9650 -1.66667e-06
9700 -1.66667e-06
9750 -1.66667e-06
9800 -2.77556e-17
9850 -1.66667e-06
9900 -2.77556e-17
9950 -2.77556e-17
10000 -2.77556e-17
10050 -1.66667e-06
10100 -2.77556e-17
10150 -2.77556e-17
10200 0
10250 -2.77556e-17
10300 0
10350 -1.66667e-06
10400 -1.66667e-06
10450 -2.77556e-17
10500 -1.66667e-06
10550 -1.66667e-06
10600 0
10650 0
10700 -1.66667e-06
10750 -2.77556e-17
10800 -1.66667e-06
10850 -1.66667e-06
10900 -1.66667e-06
10950 -1.66667e-06
11000 -1.66667e-06
11050 0
11100 -1.66667e-06
11150 -1.66667e-06
11200 -1.66667e-06
11250 -2.77556e-17
11300 0
11350 -1.66667e-06
11400 -2.77556e-17
11450 -2.77556e-17
11500 0
11550 -2.77556e-17
11600 -1.66667e-06
11650 -1.66667e-06
11700 0
