50 3.33333e-06
100 0.222222
150 2.77556e-17
200 1.66667e-06
250 3.33333e-06
300 0.16667
350 3.33333e-06
400 3.33333e-06
450 0.0555583
500 3.33333e-06
550 3.33333e-06
600 0.0555583
650 3.33333e-06
700 0.0555583
750 3.33333e-06
800 0.0555583
850 3.33333e-06
900 3.33333e-06
950 1.66667e-06
1000 1.66667e-06
1050 3.33333e-06
1100 0.0555583
1150 3.33333e-06
1200 3.33333e-06
1250 0.222225
1300 1.66667e-06
1350 1.66667e-06
1400 1.66667e-06
1450 0.222222
1500 1.66667e-06
1550 1.66667e-06
1600 1.66667e-06
1650 1.66667e-06
1700 1.66667e-06
1750 1.66667e-06
1800 1.66667e-06
1850 1.66667e-06
1900 1.66667e-06
1950 0.0555583
2000 1.66667e-06
2050 1.66667e-06
2100 0.0555583
2150 1.66667e-06
2200 1.66667e-06
2250 1.66667e-06
2300 1.66667e-06
2350 1.66667e-06
2400 0.222223
2450 1.66667e-06
2500 3.33333e-06
2550 1.66667e-06
2600 1.66667e-06
2650 1.66667e-06
2700 1.66667e-06
2750 1.66667e-06
2800 1.66667e-06
2850 1.66667e-06
2900 1.66667e-06
2950 1.66667e-06
3000 1.66667e-06
3050 1.66667e-06
3100 1.66667e-06
3150 1.66667e-06
3200 1.66667e-06
3250 1.66667e-06
3300 1.66667e-06
3350 0.0555583
3400 1.66667e-06
3450 3.33333e-06
3500 3.33333e-06
3550 1.66667e-06
3600 1.66667e-06
3650 3.33333e-06
3700 1.66667e-06
3750 3.33333e-06
3800 3.33333e-06
3850 3.33333e-06
3900 3.33333e-06
3950 3.33333e-06
4000 3.33333e-06
4050 3.33333e-06
4100 1.66667e-06
4150 1.66667e-06
4200 1.66667e-06
4250 1.66667e-06
4300 1.66667e-06
4350 1.66667e-06
4400 1.66667e-06
4450 1.66667e-06
4500 1.66667e-06
4550 1.66667e-06
4600 1.66667e-06
4650 1.66667e-06
4700 1.66667e-06
4750 0.0555567
4800 0.0555567
4850 1.66667e-06
4900 1.66667e-06
4950 1.66667e-06
5000 1.66667e-06
5050 1.66667e-06
5100 0
5150 1.66667e-06
5200 1.66667e-06
5250 1.66667e-06
5300 1.66667e-06
5350 1.66667e-06
5400 1.66667e-06
5450 1.66667e-06
5500 1.66667e-06
5550 1.66667e-06
5600 1.66667e-06
5650 1.66667e-06
5700 1.66667e-06
5750 1.66667e-06
5800 1.66667e-06
5850 1.66667e-06
5900 1.66667e-06
5950 1.66667e-06
6000 1.66667e-06
6050 1.66667e-06
6100 1.66667e-06
6150 0.0555567
6200 1.66667e-06
6250 1.66667e-06
6300 1.66667e-06
6350 1.66667e-06
6400 1.66667e-06
6450 1.66667e-06
6500 1.66667e-06
6550 1.66667e-06
6600 1.66667e-06
6650 0.0555583
6700 1.66667e-06
6750 0.0555583
6800 0.0555583
6850 0.0555583
6900 0.0555567
6950 1.66667e-06
7000 0.222222
7050 1.66667e-06
7100 1.66667e-06
7150 1.66667e-06
7200 1.66667e-06
7250 1.66667e-06
7300 0.0555567
7350 1.66667e-06
7400 1.66667e-06
7450 1.66667e-06
7500 1.66667e-06
7550 1.66667e-06
7600 1.66667e-06
7650 1.66667e-06
7700 1.66667e-06
7750 1.66667e-06
7800 1.66667e-06
7850 1.66667e-06
7900 1.66667e-06
7950 1.66667e-06
8000 1.66667e-06
8050 0.0555583
8100 0.0555583
8150 0.0555567
8200 1.66667e-06
8250 1.66667e-06
8300 1.66667e-06
8350 1.66667e-06
8400 1.66667e-06
8450 1.66667e-06
8500 1.66667e-06
8550 1.66667e-06
8600 1.66667e-06
8650 1.66667e-06
8700 1.66667e-06
8750 1.66667e-06
8800 0.0555583
8850 1.66667e-06
8900 1.66667e-06
8950 1.66667e-06
9000 1.66667e-06
9050 3.33333e-06
9100 3.33333e-06
9150 3.33333e-06
9200 3.33333e-06
9250 3.33333e-06
9300 3.33333e-06
9350 3.33333e-06
9400 3.33333e-06
9450 0.0555583
9500 1.66667e-06
9550 1.66667e-06
9600 1.66667e-06
9650 1.66667e-06
9700 0.0555583
9750 0.0555583
9800 0.0555583
9850 3.33333e-06
9900 1.66667e-06
9950 1.66667e-06
10000 1.66667e-06
10050 1.66667e-06
10100 1.66667e-06
10150 1.66667e-06
10200 1.66667e-06
10250 1.66667e-06
10300 1.66667e-06
10350 1.66667e-06
10400 0.0555583
10450 0.0555583
10500 0.0555583
10550 0.0555583
10600 1.66667e-06
10650 1.66667e-06
10700 1.66667e-06
10750 1.66667e-06
10800 1.66667e-06
10850 1.66667e-06
10900 1.66667e-06
10950 1.66667e-06
11000 1.66667e-06
11050 1.66667e-06
11100 2.77556e-17
11150 2.77556e-17
11200 2.77556e-17
11250 2.77556e-17
11300 2.77556e-17
11350 2.77556e-17
11400 2.77556e-17
11450 2.77556e-17
11500 2.77556e-17
11550 2.77556e-17
11600 2.77556e-17
11650 2.77556e-17
11700 2.77556e-17
11750 2.77556e-17
11800 2.77556e-17
11850 2.77556e-17
11900 2.77556e-17
11950 2.77556e-17
12000 2.77556e-17
12050 2.77556e-17
12100 2.77556e-17
12150 2.77556e-17
12200 2.77556e-17
12250 2.77556e-17
12300 2.77556e-17
12350 2.77556e-17
12400 2.77556e-17
12450 2.77556e-17
12500 2.77556e-17
12550 2.77556e-17
12600 2.77556e-17
12650 2.77556e-17
12700 2.77556e-17
12750 2.77556e-17
12800 2.77556e-17
12850 2.77556e-17
12900 2.77556e-17
12950 2.77556e-17
13000 2.77556e-17
13050 2.77556e-17
13100 2.77556e-17
13150 2.77556e-17
13200 2.77556e-17
13250 2.77556e-17
13300 2.77556e-17
13350 2.77556e-17
13400 2.77556e-17
13450 2.77556e-17
13500 2.77556e-17
13550 2.77556e-17
13600 2.77556e-17
13650 2.77556e-17
13700 2.77556e-17
13750 2.77556e-17
13800 2.77556e-17
13850 2.77556e-17
13900 2.77556e-17
13950 2.77556e-17
14000 2.77556e-17
14050 2.77556e-17
14100 2.77556e-17
14150 2.77556e-17
14200 2.77556e-17
14250 2.77556e-17
14300 2.77556e-17
14350 2.77556e-17
14400 2.77556e-17
14450 2.77556e-17
14500 2.77556e-17
14550 2.77556e-17
14600 2.77556e-17
14650 2.77556e-17
14700 1.66667e-06
14750 2.77556e-17
14800 2.77556e-17
14850 2.77556e-17
14900 2.77556e-17
14950 2.77556e-17
15000 1.66667e-06
15050 3.33333e-06
15100 3.33333e-06
15150 3.33333e-06
15200 3.33333e-06
15250 1.66667e-06
15300 1.66667e-06
15350 1.66667e-06
15400 1.66667e-06
15450 1.66667e-06
15500 1.66667e-06
15550 1.66667e-06
15600 1.66667e-06
15650 1.66667e-06
15700 1.66667e-06
15750 1.66667e-06
15800 1.66667e-06
15850 1.66667e-06
15900 1.66667e-06
15950 0.0555583
16000 1.66667e-06
16050 1.66667e-06
16100 1.66667e-06
16150 1.66667e-06
16200 1.66667e-06
16250 1.66667e-06
16300 2.77556e-17
16350 1.66667e-06
16400 1.66667e-06
16450 1.66667e-06
16500 1.66667e-06
16550 1.66667e-06
16600 1.66667e-06
16650 1.66667e-06
16700 1.66667e-06
16750 2.77556e-17
16800 2.77556e-17
16850 2.77556e-17
16900 2.77556e-17
16950 2.77556e-17
17000 0.0555567
17050 0.0555567
17100 2.77556e-17
17150 2.77556e-17
17200 2.77556e-17
17250 1.66667e-06
17300 1.66667e-06
17350 1.66667e-06
17400 1.66667e-06
17450 2.77556e-17
17500 1.66667e-06
17550 1.66667e-06
17600 1.66667e-06
17650 1.66667e-06
17700 1.66667e-06
17750 1.66667e-06
17800 1.66667e-06
17850 0.0555567
17900 1.66667e-06
17950 1.66667e-06
18000 1.66667e-06
18050 1.66667e-06
18100 1.66667e-06
18150 1.66667e-06
18200 1.66667e-06
18250 1.66667e-06
18300 1.66667e-06
18350 1.66667e-06
18400 1.66667e-06
18450 1.66667e-06
18500 1.66667e-06
18550 1.66667e-06
18600 1.66667e-06
18650 1.66667e-06
18700 1.66667e-06
18750 1.66667e-06
18800 1.66667e-06
18850 1.66667e-06
18900 1.66667e-06
18950 1.66667e-06
19000 1.66667e-06
19050 1.66667e-06
19100 1.66667e-06
19150 1.66667e-06
19200 1.66667e-06
19250 1.66667e-06
19300 1.66667e-06
19350 1.66667e-06
19400 1.66667e-06
19450 1.66667e-06
19500 1.66667e-06
19550 1.66667e-06
19600 1.66667e-06
19650 1.66667e-06
19700 1.66667e-06
19750 1.66667e-06
19800 1.66667e-06
19850 1.66667e-06
19900 1.66667e-06
19950 1.66667e-06
20000 1.66667e-06
20050 1.66667e-06
20100 1.66667e-06
20150 1.66667e-06
20200 1.66667e-06
20250 1.66667e-06
20300 1.66667e-06
20350 1.66667e-06
20400 1.66667e-06
20450 1.66667e-06
20500 1.66667e-06
20550 1.66667e-06
20600 1.66667e-06
20650 1.66667e-06
20700 1.66667e-06
20750 1.66667e-06
20800 1.66667e-06
20850 1.66667e-06
20900 1.66667e-06
20950 1.66667e-06
21000 1.66667e-06
21050 1.66667e-06
21100 1.66667e-06
21150 1.66667e-06
21200 1.66667e-06
21250 1.66667e-06
21300 1.66667e-06
21350 1.66667e-06
21400 1.66667e-06
21450 1.66667e-06
21500 1.66667e-06
21550 1.66667e-06
21600 1.66667e-06
21650 1.66667e-06
21700 1.66667e-06
21750 1.66667e-06
21800 1.66667e-06
21850 1.66667e-06
21900 1.66667e-06
21950 1.66667e-06
22000 1.66667e-06
22050 1.66667e-06
22100 1.66667e-06
22150 1.66667e-06
22200 1.66667e-06
22250 1.66667e-06
22300 1.66667e-06
22350 1.66667e-06
22400 1.66667e-06
22450 1.66667e-06
22500 1.66667e-06
22550 1.66667e-06
22600 1.66667e-06
22650 1.66667e-06
22700 1.66667e-06
22750 1.66667e-06
22800 1.66667e-06
22850 1.66667e-06
22900 1.66667e-06
22950 1.66667e-06
23000 1.66667e-06
23050 0
23100 1.66667e-06
23150 1.66667e-06
23200 0
23250 0
23300 0
23350 0
23400 1.66667e-06
23450 0
23500 0
23550 0
23600 0
23650 0
23700 0
23750 0
23800 0
23850 0
23900 0
23950 1.66667e-06
24000 1.66667e-06
24050 1.66667e-06
24100 1.66667e-06
24150 1.66667e-06
24200 0
24250 0
24300 0
24350 1.66667e-06
24400 1.66667e-06
24450 0
24500 1.66667e-06
24550 1.66667e-06
24600 1.66667e-06
24650 1.66667e-06
24700 1.66667e-06
24750 1.66667e-06
24800 1.66667e-06
24850 1.66667e-06
24900 1.66667e-06
24950 1.66667e-06
25000 1.66667e-06
25050 1.66667e-06
25100 1.66667e-06
25150 1.66667e-06
25200 1.66667e-06
25250 1.66667e-06
25300 1.66667e-06
25350 0
25400 0
25450 0
25500 0
25550 0
25600 1.66667e-06
25650 1.66667e-06
25700 1.66667e-06
25750 1.66667e-06
25800 1.66667e-06
25850 1.66667e-06
25900 1.66667e-06
25950 1.66667e-06
26000 1.66667e-06
26050 3.33333e-06
26100 1.66667e-06
26150 1.66667e-06
26200 1.66667e-06
26250 1.66667e-06
26300 1.66667e-06
26350 1.66667e-06
26400 1.66667e-06
26450 1.66667e-06
26500 1.66667e-06
26550 1.66667e-06
26600 2.77556e-17
26650 3.33333e-06
26700 2.77556e-17
26750 1.66667e-06
26800 1.66667e-06
26850 1.66667e-06
26900 1.66667e-06
26950 1.66667e-06
27000 1.66667e-06
27050 1.66667e-06
27100 1.66667e-06
27150 1.66667e-06
27200 1.66667e-06
27250 1.66667e-06
27300 1.66667e-06
27350 1.66667e-06
27400 1.66667e-06
27450 1.66667e-06
27500 1.66667e-06
27550 1.66667e-06
27600 1.66667e-06
27650 1.66667e-06
27700 1.66667e-06
27750 1.66667e-06
27800 1.66667e-06
27850 1.66667e-06
27900 0
27950 0
28000 1.66667e-06
28050 1.66667e-06
28100 1.66667e-06
28150 1.66667e-06
28200 1.66667e-06
28250 1.66667e-06
28300 1.66667e-06
28350 1.66667e-06
28400 1.66667e-06
28450 1.66667e-06
28500 1.66667e-06
28550 1.66667e-06
28600 1.66667e-06
28650 1.66667e-06
28700 1.66667e-06
28750 1.66667e-06
28800 1.66667e-06
28850 1.66667e-06
28900 1.66667e-06
28950 1.66667e-06
29000 1.66667e-06
29050 1.66667e-06
29100 1.66667e-06
29150 1.66667e-06
29200 1.66667e-06
29250 1.66667e-06
29300 1.66667e-06
29350 1.66667e-06
29400 1.66667e-06
29450 1.66667e-06
29500 1.66667e-06
29550 1.66667e-06
29600 1.66667e-06
29650 1.66667e-06
29700 1.66667e-06
29750 0
29800 1.66667e-06
29850 1.66667e-06
29900 1.66667e-06
29950 1.66667e-06
30000 1.66667e-06
30050 1.66667e-06
30100 1.66667e-06
30150 1.66667e-06
30200 1.66667e-06
30250 1.66667e-06
30300 1.66667e-06
30350 1.66667e-06
30400 1.66667e-06
30450 1.66667e-06
30500 1.66667e-06
30550 1.66667e-06
30600 1.66667e-06
30650 1.66667e-06
30700 1.66667e-06
30750 1.66667e-06
30800 1.66667e-06
30850 1.66667e-06
30900 1.66667e-06
30950 1.66667e-06
31000 1.66667e-06
31050 1.66667e-06
31100 1.66667e-06
31150 1.66667e-06
31200 1.66667e-06
31250 1.66667e-06
31300 1.66667e-06
31350 1.66667e-06
31400 1.66667e-06
31450 1.66667e-06
31500 1.66667e-06
31550 1.66667e-06
31600 1.66667e-06
31650 1.66667e-06
31700 1.66667e-06
31750 1.66667e-06
31800 1.66667e-06
31850 1.66667e-06
31900 1.66667e-06
31950 1.66667e-06
32000 1.66667e-06
32050 1.66667e-06
32100 1.66667e-06
32150 1.66667e-06
32200 1.66667e-06
32250 1.66667e-06
32300 1.66667e-06
32350 1.66667e-06
32400 1.66667e-06
32450 1.66667e-06
32500 1.66667e-06
32550 1.66667e-06
32600 1.66667e-06
32650 1.66667e-06
32700 1.66667e-06
32750 1.66667e-06
32800 1.66667e-06
32850 1.66667e-06
32900 1.66667e-06
32950 1.66667e-06
33000 1.66667e-06
33050 1.66667e-06
33100 1.66667e-06
33150 1.66667e-06
33200 1.66667e-06
33250 1.66667e-06
33300 1.66667e-06
33350 1.66667e-06
33400 1.66667e-06
33450 1.66667e-06
33500 1.66667e-06
33550 1.66667e-06
33600 1.66667e-06
33650 1.66667e-06
33700 1.66667e-06
33750 1.66667e-06
33800 1.66667e-06
33850 1.66667e-06
33900 1.66667e-06
33950 1.66667e-06
34000 1.66667e-06
34050 1.66667e-06
34100 1.66667e-06
34150 1.66667e-06
34200 1.66667e-06
34250 1.66667e-06
34300 1.66667e-06
34350 1.66667e-06
34400 1.66667e-06
34450 1.66667e-06
34500 1.66667e-06
34550 1.66667e-06
34600 1.66667e-06
34650 1.66667e-06
34700 1.66667e-06
34750 1.66667e-06
34800 1.66667e-06
34850 1.66667e-06
34900 1.66667e-06
34950 1.66667e-06
35000 1.66667e-06
35050 1.66667e-06
35100 1.66667e-06
35150 1.66667e-06
35200 1.66667e-06
35250 1.66667e-06
35300 1.66667e-06
35350 1.66667e-06
35400 1.66667e-06
35450 1.66667e-06
35500 1.66667e-06
35550 1.66667e-06
35600 1.66667e-06
35650 1.66667e-06
35700 1.66667e-06
35750 1.66667e-06
35800 1.66667e-06
35850 1.66667e-06
35900 1.66667e-06
35950 1.66667e-06
36000 1.66667e-06
36050 1.66667e-06
36100 1.66667e-06
36150 1.66667e-06
36200 1.66667e-06
36250 1.66667e-06
36300 1.66667e-06
36350 1.66667e-06
36400 1.66667e-06
36450 1.66667e-06
36500 1.66667e-06
36550 1.66667e-06
36600 1.66667e-06
36650 1.66667e-06
36700 1.66667e-06
36750 1.66667e-06
36800 1.66667e-06
36850 1.66667e-06
36900 1.66667e-06
36950 1.66667e-06
37000 1.66667e-06
37050 1.66667e-06
37100 1.66667e-06
37150 1.66667e-06
37200 1.66667e-06
37250 1.66667e-06
37300 1.66667e-06
37350 1.66667e-06
37400 1.66667e-06
37450 1.66667e-06
37500 1.66667e-06
37550 1.66667e-06
37600 1.66667e-06
37650 1.66667e-06
37700 1.66667e-06
37750 1.66667e-06
37800 1.66667e-06
37850 1.66667e-06
37900 1.66667e-06
37950 1.66667e-06
38000 1.66667e-06
38050 1.66667e-06
38100 1.66667e-06
38150 1.66667e-06
38200 1.66667e-06
38250 1.66667e-06
38300 1.66667e-06
38350 1.66667e-06
38400 1.66667e-06
38450 1.66667e-06
38500 1.66667e-06
38550 1.66667e-06
38600 1.66667e-06
38650 1.66667e-06
38700 1.66667e-06
38750 1.66667e-06
38800 1.66667e-06
38850 1.66667e-06
38900 1.66667e-06
38950 1.66667e-06
39000 1.66667e-06
39050 1.66667e-06
39100 1.66667e-06
39150 1.66667e-06
39200 1.66667e-06
39250 1.66667e-06
39300 1.66667e-06
39350 1.66667e-06
39400 1.66667e-06
39450 1.66667e-06
39500 1.66667e-06
39550 1.66667e-06
39600 1.66667e-06
39650 1.66667e-06
39700 1.66667e-06
39750 1.66667e-06
39800 1.66667e-06
39850 1.66667e-06
39900 1.66667e-06
39950 2.77556e-17
40000 2.77556e-17
40050 1.66667e-06
40100 1.66667e-06
40150 1.66667e-06
40200 1.66667e-06
40250 1.66667e-06
40300 1.66667e-06
40350 1.66667e-06
40400 1.66667e-06
40450 1.66667e-06
40500 1.66667e-06
40550 1.66667e-06
40600 1.66667e-06
40650 1.66667e-06
40700 1.66667e-06
40750 1.66667e-06
40800 1.66667e-06
40850 1.66667e-06
40900 1.66667e-06
40950 1.66667e-06
41000 1.66667e-06
41050 1.66667e-06
41100 1.66667e-06
41150 1.66667e-06
41200 1.66667e-06
41250 1.66667e-06
41300 1.66667e-06
41350 3.33333e-06
41400 3.33333e-06
41450 3.33333e-06
41500 3.33333e-06
41550 3.33333e-06
41600 3.33333e-06
41650 3.33333e-06
41700 3.33333e-06
41750 3.33333e-06
41800 3.33333e-06
41850 3.33333e-06
41900 3.33333e-06
41950 3.33333e-06
42000 3.33333e-06
42050 3.33333e-06
42100 3.33333e-06
42150 3.33333e-06
42200 3.33333e-06
42250 3.33333e-06
42300 3.33333e-06
42350 3.33333e-06
42400 3.33333e-06
42450 3.33333e-06
42500 3.33333e-06
42550 3.33333e-06
42600 3.33333e-06
42650 3.33333e-06
42700 3.33333e-06
42750 3.33333e-06
42800 3.33333e-06
42850 3.33333e-06
42900 3.33333e-06
42950 3.33333e-06
43000 3.33333e-06
43050 3.33333e-06
43100 3.33333e-06
43150 3.33333e-06
43200 3.33333e-06
43250 3.33333e-06
43300 3.33333e-06
43350 3.33333e-06
43400 3.33333e-06
43450 3.33333e-06
43500 3.33333e-06
43550 3.33333e-06
43600 3.33333e-06
43650 3.33333e-06
43700 3.33333e-06
43750 3.33333e-06
43800 3.33333e-06
43850 3.33333e-06
43900 3.33333e-06
43950 3.33333e-06
44000 3.33333e-06
44050 3.33333e-06
44100 3.33333e-06
44150 3.33333e-06
44200 3.33333e-06
44250 3.33333e-06
44300 3.33333e-06
44350 3.33333e-06
44400 3.33333e-06
44450 3.33333e-06
44500 3.33333e-06
44550 3.33333e-06
44600 3.33333e-06
44650 3.33333e-06
44700 3.33333e-06
44750 3.33333e-06
44800 3.33333e-06
44850 3.33333e-06
44900 3.33333e-06
44950 3.33333e-06
45000 3.33333e-06
45050 3.33333e-06
45100 3.33333e-06
45150 3.33333e-06
45200 3.33333e-06
45250 3.33333e-06
45300 3.33333e-06
45350 3.33333e-06
45400 3.33333e-06
45450 3.33333e-06
45500 3.33333e-06
45550 3.33333e-06
45600 3.33333e-06
45650 3.33333e-06
45700 3.33333e-06
45750 3.33333e-06
45800 3.33333e-06
45850 3.33333e-06
45900 3.33333e-06
45950 3.33333e-06
46000 3.33333e-06
46050 3.33333e-06
46100 3.33333e-06
46150 3.33333e-06
46200 3.33333e-06
46250 3.33333e-06
46300 3.33333e-06
46350 3.33333e-06
46400 3.33333e-06
46450 3.33333e-06
46500 3.33333e-06
46550 3.33333e-06
46600 3.33333e-06
46650 3.33333e-06
46700 3.33333e-06
46750 3.33333e-06
46800 3.33333e-06
46850 3.33333e-06
46900 3.33333e-06
46950 3.33333e-06
47000 3.33333e-06
47050 3.33333e-06
47100 3.33333e-06
47150 3.33333e-06
47200 3.33333e-06
47250 3.33333e-06
47300 3.33333e-06
47350 3.33333e-06
47400 3.33333e-06
47450 3.33333e-06
47500 3.33333e-06
47550 3.33333e-06
47600 3.33333e-06
47650 3.33333e-06
47700 0
47750 0
47800 0
47850 3.33333e-06
47900 3.33333e-06
47950 3.33333e-06
48000 3.33333e-06
48050 3.33333e-06
48100 3.33333e-06
48150 3.33333e-06
48200 3.33333e-06
48250 3.33333e-06
48300 3.33333e-06
48350 3.33333e-06
48400 3.33333e-06
48450 3.33333e-06
48500 3.33333e-06
48550 3.33333e-06
48600 3.33333e-06
48650 3.33333e-06
48700 3.33333e-06
48750 3.33333e-06
48800 3.33333e-06
48850 3.33333e-06
48900 3.33333e-06
48950 3.33333e-06
49000 3.33333e-06
49050 3.33333e-06
49100 3.33333e-06
49150 3.33333e-06
49200 3.33333e-06
49250 3.33333e-06
49300 3.33333e-06
49350 3.33333e-06
49400 3.33333e-06
49450 3.33333e-06
49500 3.33333e-06
49550 3.33333e-06
49600 3.33333e-06
49650 3.33333e-06
49700 3.33333e-06
49750 3.33333e-06
49800 3.33333e-06
49850 1.66667e-06
49900 1.66667e-06
49950 3.33333e-06
50000 1.66667e-06
50050 1.66667e-06
50100 1.66667e-06
50150 1.66667e-06
50200 3.33333e-06
50250 3.33333e-06
50300 3.33333e-06
50350 1.66667e-06
50400 1.66667e-06
50450 3.33333e-06
50500 3.33333e-06
50550 1.66667e-06
50600 1.66667e-06
50650 1.66667e-06
50700 1.66667e-06
50750 1.66667e-06
50800 3.33333e-06
50850 3.33333e-06
50900 3.33333e-06
50950 3.33333e-06
51000 1.66667e-06
51050 1.66667e-06
51100 1.66667e-06
51150 1.66667e-06
51200 1.66667e-06
51250 1.66667e-06
51300 1.66667e-06
51350 1.66667e-06
51400 1.66667e-06
51450 1.66667e-06
51500 1.66667e-06
51550 1.66667e-06
51600 1.66667e-06
51650 1.66667e-06
51700 1.66667e-06
51750 1.66667e-06
51800 1.66667e-06
51850 1.66667e-06
51900 1.66667e-06
51950 1.66667e-06
52000 1.66667e-06
52050 1.66667e-06
52100 1.66667e-06
52150 1.66667e-06
52200 3.33333e-06
52250 3.33333e-06
52300 1.66667e-06
52350 1.66667e-06
52400 1.66667e-06
52450 1.66667e-06
52500 1.66667e-06
52550 1.66667e-06
52600 1.66667e-06
52650 1.66667e-06
52700 1.66667e-06
52750 1.66667e-06
52800 1.66667e-06
52850 1.66667e-06
52900 1.66667e-06
52950 1.66667e-06
53000 1.66667e-06
53050 1.66667e-06
53100 1.66667e-06
53150 1.66667e-06
53200 1.66667e-06
53250 1.66667e-06
53300 1.66667e-06
53350 1.66667e-06
53400 1.66667e-06
53450 1.66667e-06
53500 1.66667e-06
53550 1.66667e-06
53600 1.66667e-06
53650 1.66667e-06
53700 1.66667e-06
53750 1.66667e-06
53800 1.66667e-06
53850 1.66667e-06
53900 1.66667e-06
53950 1.66667e-06
54000 1.66667e-06
54050 1.66667e-06
54100 1.66667e-06
54150 1.66667e-06
54200 1.66667e-06
54250 1.66667e-06
54300 1.66667e-06
54350 1.66667e-06
54400 1.66667e-06
54450 1.66667e-06
54500 1.66667e-06
54550 1.66667e-06
54600 1.66667e-06
54650 1.66667e-06
54700 1.66667e-06
54750 1.66667e-06
54800 1.66667e-06
54850 1.66667e-06
54900 1.66667e-06
54950 3.33333e-06
55000 3.33333e-06
55050 1.66667e-06
55100 1.66667e-06
55150 1.66667e-06
55200 1.66667e-06
55250 1.66667e-06
55300 1.66667e-06
55350 1.66667e-06
55400 1.66667e-06
55450 1.66667e-06
55500 1.66667e-06
55550 1.66667e-06
55600 1.66667e-06
55650 1.66667e-06
55700 1.66667e-06
55750 1.66667e-06
55800 1.66667e-06
55850 1.66667e-06
55900 1.66667e-06
55950 1.66667e-06
56000 1.66667e-06
56050 1.66667e-06
56100 1.66667e-06
56150 1.66667e-06
56200 1.66667e-06
56250 1.66667e-06
56300 1.66667e-06
56350 1.66667e-06
56400 1.66667e-06
56450 1.66667e-06
56500 1.66667e-06
56550 1.66667e-06
56600 1.66667e-06
56650 1.66667e-06
56700 1.66667e-06
56750 1.66667e-06
56800 1.66667e-06
56850 1.66667e-06
56900 1.66667e-06
56950 1.66667e-06
57000 1.66667e-06
57050 1.66667e-06
57100 1.66667e-06
57150 1.66667e-06
57200 1.66667e-06
57250 1.66667e-06
57300 1.66667e-06
57350 1.66667e-06
57400 1.66667e-06
57450 1.66667e-06
57500 1.66667e-06
57550 1.66667e-06
57600 1.66667e-06
57650 1.66667e-06
57700 1.66667e-06
57750 1.66667e-06
57800 1.66667e-06
57850 1.66667e-06
57900 1.66667e-06
57950 1.66667e-06
58000 1.66667e-06
58050 1.66667e-06
58100 1.66667e-06
58150 1.66667e-06
58200 1.66667e-06
58250 1.66667e-06
58300 1.66667e-06
58350 1.66667e-06
58400 1.66667e-06
58450 1.66667e-06
58500 1.66667e-06
58550 1.66667e-06
58600 1.66667e-06
58650 1.66667e-06
58700 1.66667e-06
58750 1.66667e-06
58800 1.66667e-06
58850 1.66667e-06
58900 1.66667e-06
58950 1.66667e-06
59000 1.66667e-06
59050 1.66667e-06
59100 1.66667e-06
59150 1.66667e-06
59200 1.66667e-06
59250 1.66667e-06
59300 1.66667e-06
59350 1.66667e-06
59400 1.66667e-06
59450 1.66667e-06
59500 1.66667e-06
59550 1.66667e-06
59600 1.66667e-06
59650 1.66667e-06
59700 1.66667e-06
59750 1.66667e-06
59800 1.66667e-06
59850 1.66667e-06
59900 1.66667e-06
59950 1.66667e-06
60000 1.66667e-06
60050 1.66667e-06
60100 1.66667e-06
60150 1.66667e-06
60200 1.66667e-06
60250 1.66667e-06
60300 1.66667e-06
60350 1.66667e-06
60400 1.66667e-06
60450 3.33333e-06
60500 3.33333e-06
60550 3.33333e-06
60600 3.33333e-06
60650 3.33333e-06
60700 3.33333e-06
60750 3.33333e-06
60800 3.33333e-06
60850 3.33333e-06
60900 3.33333e-06
60950 3.33333e-06
61000 3.33333e-06
61050 3.33333e-06
61100 3.33333e-06
61150 3.33333e-06
61200 3.33333e-06
61250 3.33333e-06
61300 3.33333e-06
61350 3.33333e-06
61400 3.33333e-06
61450 3.33333e-06
61500 3.33333e-06
61550 3.33333e-06
61600 3.33333e-06
61650 3.33333e-06
61700 3.33333e-06
61750 3.33333e-06
61800 3.33333e-06
61850 3.33333e-06
61900 3.33333e-06
61950 3.33333e-06
62000 3.33333e-06
62050 3.33333e-06
62100 3.33333e-06
62150 3.33333e-06
62200 3.33333e-06
62250 3.33333e-06
62300 3.33333e-06
62350 3.33333e-06
62400 3.33333e-06
62450 3.33333e-06
62500 3.33333e-06
62550 3.33333e-06
62600 3.33333e-06
62650 3.33333e-06
62700 3.33333e-06
62750 3.33333e-06
62800 3.33333e-06
62850 3.33333e-06
62900 3.33333e-06
62950 3.33333e-06
63000 3.33333e-06
63050 3.33333e-06
63100 3.33333e-06
63150 3.33333e-06
63200 3.33333e-06
63250 3.33333e-06
63300 3.33333e-06
63350 3.33333e-06
63400 3.33333e-06
63450 3.33333e-06
63500 3.33333e-06
63550 3.33333e-06
63600 3.33333e-06
63650 3.33333e-06
63700 3.33333e-06
63750 3.33333e-06
63800 3.33333e-06
63850 3.33333e-06
63900 3.33333e-06
63950 3.33333e-06
64000 3.33333e-06
64050 3.33333e-06
64100 3.33333e-06
64150 3.33333e-06
64200 3.33333e-06
64250 3.33333e-06
64300 3.33333e-06
64350 3.33333e-06
64400 3.33333e-06
64450 3.33333e-06
64500 3.33333e-06
64550 3.33333e-06
64600 3.33333e-06
64650 3.33333e-06
64700 3.33333e-06
64750 3.33333e-06
64800 3.33333e-06
64850 3.33333e-06
64900 3.33333e-06
64950 3.33333e-06
65000 3.33333e-06
65050 3.33333e-06
65100 3.33333e-06
65150 3.33333e-06
65200 3.33333e-06
65250 3.33333e-06
65300 3.33333e-06
65350 3.33333e-06
65400 3.33333e-06
65450 3.33333e-06
65500 3.33333e-06
65550 3.33333e-06
65600 3.33333e-06
65650 3.33333e-06
65700 3.33333e-06
65750 3.33333e-06
65800 3.33333e-06
65850 3.33333e-06
65900 3.33333e-06
65950 3.33333e-06
66000 3.33333e-06
66050 3.33333e-06
66100 3.33333e-06
66150 3.33333e-06
66200 3.33333e-06
66250 3.33333e-06
66300 3.33333e-06
66350 3.33333e-06
66400 3.33333e-06
66450 3.33333e-06
66500 3.33333e-06
66550 3.33333e-06
66600 3.33333e-06
66650 3.33333e-06
66700 3.33333e-06
66750 3.33333e-06
66800 3.33333e-06
66850 3.33333e-06
66900 3.33333e-06
66950 3.33333e-06
67000 3.33333e-06
67050 3.33333e-06
67100 3.33333e-06
67150 3.33333e-06
67200 3.33333e-06
67250 3.33333e-06
67300 3.33333e-06
67350 3.33333e-06
67400 3.33333e-06
67450 3.33333e-06
67500 3.33333e-06
67550 3.33333e-06
67600 3.33333e-06
67650 3.33333e-06
67700 3.33333e-06
67750 3.33333e-06
67800 3.33333e-06
67850 3.33333e-06
67900 3.33333e-06
67950 3.33333e-06
68000 3.33333e-06
68050 3.33333e-06
68100 3.33333e-06
68150 3.33333e-06
68200 3.33333e-06
68250 3.33333e-06
68300 3.33333e-06
68350 3.33333e-06
68400 3.33333e-06
68450 3.33333e-06
68500 3.33333e-06
68550 3.33333e-06
68600 3.33333e-06
68650 3.33333e-06
68700 3.33333e-06
68750 3.33333e-06
68800 3.33333e-06
68850 3.33333e-06
68900 3.33333e-06
68950 3.33333e-06
69000 3.33333e-06
69050 3.33333e-06
69100 3.33333e-06
69150 3.33333e-06
69200 3.33333e-06
69250 3.33333e-06
69300 3.33333e-06
69350 3.33333e-06
69400 3.33333e-06
69450 3.33333e-06
69500 3.33333e-06
69550 3.33333e-06
69600 3.33333e-06
69650 3.33333e-06
69700 3.33333e-06
69750 3.33333e-06
69800 3.33333e-06
69850 3.33333e-06
69900 3.33333e-06
69950 3.33333e-06
70000 3.33333e-06
70050 3.33333e-06
70100 3.33333e-06
70150 3.33333e-06
70200 3.33333e-06
70250 3.33333e-06
70300 3.33333e-06
70350 3.33333e-06
70400 3.33333e-06
70450 3.33333e-06
70500 3.33333e-06
70550 3.33333e-06
70600 3.33333e-06
70650 3.33333e-06
70700 3.33333e-06
70750 3.33333e-06
70800 3.33333e-06
70850 3.33333e-06
70900 3.33333e-06
70950 3.33333e-06
71000 3.33333e-06
71050 3.33333e-06
71100 3.33333e-06
71150 3.33333e-06
71200 3.33333e-06
71250 3.33333e-06
71300 3.33333e-06
71350 3.33333e-06
71400 3.33333e-06
71450 3.33333e-06
71500 3.33333e-06
71550 3.33333e-06
71600 3.33333e-06
71650 3.33333e-06
71700 3.33333e-06
71750 3.33333e-06
71800 3.33333e-06
71850 3.33333e-06
71900 3.33333e-06
71950 3.33333e-06
72000 3.33333e-06
72050 3.33333e-06
72100 3.33333e-06
72150 3.33333e-06
72200 3.33333e-06
72250 3.33333e-06
72300 3.33333e-06
72350 3.33333e-06
72400 3.33333e-06
72450 3.33333e-06
72500 3.33333e-06
72550 3.33333e-06
72600 3.33333e-06
72650 3.33333e-06
72700 3.33333e-06
72750 3.33333e-06
72800 3.33333e-06
72850 3.33333e-06
72900 3.33333e-06
72950 3.33333e-06
73000 3.33333e-06
73050 3.33333e-06
73100 3.33333e-06
73150 3.33333e-06
73200 3.33333e-06
73250 3.33333e-06
73300 3.33333e-06
73350 3.33333e-06
73400 3.33333e-06
73450 3.33333e-06
73500 3.33333e-06
73550 3.33333e-06
73600 3.33333e-06
73650 3.33333e-06
73700 3.33333e-06
73750 3.33333e-06
73800 3.33333e-06
73850 3.33333e-06
73900 3.33333e-06
73950 3.33333e-06
74000 3.33333e-06
74050 3.33333e-06
74100 3.33333e-06
74150 3.33333e-06
74200 3.33333e-06
74250 3.33333e-06
74300 3.33333e-06
74350 3.33333e-06
74400 3.33333e-06
74450 3.33333e-06
74500 3.33333e-06
74550 3.33333e-06
74600 3.33333e-06
74650 3.33333e-06
74700 3.33333e-06
74750 3.33333e-06
74800 3.33333e-06
74850 3.33333e-06
74900 3.33333e-06
74950 3.33333e-06
75000 3.33333e-06
75050 3.33333e-06
75100 3.33333e-06
75150 3.33333e-06
75200 3.33333e-06
75250 3.33333e-06
75300 3.33333e-06
75350 3.33333e-06
75400 3.33333e-06
75450 3.33333e-06
75500 3.33333e-06
75550 3.33333e-06
75600 3.33333e-06
75650 3.33333e-06
75700 3.33333e-06
75750 3.33333e-06
75800 3.33333e-06
75850 3.33333e-06
75900 3.33333e-06
75950 3.33333e-06
76000 3.33333e-06
76050 3.33333e-06
76100 3.33333e-06
76150 3.33333e-06
76200 3.33333e-06
76250 3.33333e-06
76300 3.33333e-06
76350 3.33333e-06
76400 3.33333e-06
76450 3.33333e-06
76500 3.33333e-06
76550 3.33333e-06
76600 3.33333e-06
76650 3.33333e-06
76700 3.33333e-06
76750 3.33333e-06
76800 3.33333e-06
76850 3.33333e-06
76900 3.33333e-06
76950 3.33333e-06
77000 3.33333e-06
77050 3.33333e-06
77100 3.33333e-06
77150 3.33333e-06
77200 3.33333e-06
77250 3.33333e-06
77300 3.33333e-06
77350 3.33333e-06
77400 3.33333e-06
77450 3.33333e-06
77500 3.33333e-06
77550 3.33333e-06
77600 3.33333e-06
77650 3.33333e-06
77700 3.33333e-06
77750 3.33333e-06
77800 3.33333e-06
77850 3.33333e-06
77900 3.33333e-06
77950 3.33333e-06
78000 3.33333e-06
78050 3.33333e-06
78100 3.33333e-06
78150 3.33333e-06
78200 3.33333e-06
78250 3.33333e-06
78300 3.33333e-06
78350 3.33333e-06
78400 3.33333e-06
78450 3.33333e-06
78500 3.33333e-06
78550 3.33333e-06
78600 3.33333e-06
78650 3.33333e-06
78700 3.33333e-06
78750 3.33333e-06
78800 3.33333e-06
78850 3.33333e-06
78900 3.33333e-06
78950 3.33333e-06
79000 3.33333e-06
79050 3.33333e-06
79100 3.33333e-06
79150 3.33333e-06
79200 3.33333e-06
79250 3.33333e-06
79300 3.33333e-06
79350 3.33333e-06
79400 3.33333e-06
79450 3.33333e-06
79500 3.33333e-06
79550 3.33333e-06
79600 3.33333e-06
79650 3.33333e-06
79700 3.33333e-06
79750 3.33333e-06
79800 3.33333e-06
79850 3.33333e-06
79900 3.33333e-06
79950 3.33333e-06
80000 3.33333e-06
80050 3.33333e-06
80100 3.33333e-06
80150 3.33333e-06
80200 3.33333e-06
80250 3.33333e-06
80300 3.33333e-06
80350 3.33333e-06
80400 3.33333e-06
80450 3.33333e-06
80500 3.33333e-06
80550 3.33333e-06
80600 3.33333e-06
80650 3.33333e-06
80700 3.33333e-06
80750 3.33333e-06
80800 3.33333e-06
80850 3.33333e-06
80900 3.33333e-06
80950 3.33333e-06
81000 3.33333e-06
81050 3.33333e-06
81100 3.33333e-06
81150 3.33333e-06
81200 3.33333e-06
81250 3.33333e-06
81300 3.33333e-06
81350 3.33333e-06
81400 3.33333e-06
81450 3.33333e-06
81500 3.33333e-06
81550 3.33333e-06
81600 3.33333e-06
81650 3.33333e-06
81700 3.33333e-06
81750 3.33333e-06
81800 3.33333e-06
81850 3.33333e-06
81900 3.33333e-06
81950 3.33333e-06
82000 3.33333e-06
82050 3.33333e-06
82100 3.33333e-06
82150 3.33333e-06
82200 3.33333e-06
82250 3.33333e-06
82300 3.33333e-06
82350 3.33333e-06
82400 3.33333e-06
82450 3.33333e-06
82500 3.33333e-06
82550 3.33333e-06
82600 3.33333e-06
82650 3.33333e-06
82700 3.33333e-06
82750 3.33333e-06
82800 3.33333e-06
82850 3.33333e-06
82900 3.33333e-06
82950 3.33333e-06
83000 3.33333e-06
83050 3.33333e-06
83100 3.33333e-06
83150 3.33333e-06
83200 3.33333e-06
83250 3.33333e-06
83300 3.33333e-06
83350 3.33333e-06
83400 3.33333e-06
83450 3.33333e-06
83500 3.33333e-06
83550 3.33333e-06
83600 3.33333e-06
83650 3.33333e-06
83700 3.33333e-06
83750 3.33333e-06
83800 3.33333e-06
83850 3.33333e-06
83900 3.33333e-06
83950 3.33333e-06
84000 3.33333e-06
84050 3.33333e-06
84100 3.33333e-06
84150 3.33333e-06
84200 3.33333e-06
84250 3.33333e-06
84300 3.33333e-06
84350 3.33333e-06
84400 3.33333e-06
84450 3.33333e-06
84500 3.33333e-06
84550 3.33333e-06
84600 3.33333e-06
84650 3.33333e-06
84700 3.33333e-06
84750 3.33333e-06
84800 3.33333e-06
84850 3.33333e-06
84900 3.33333e-06
84950 3.33333e-06
85000 3.33333e-06
85050 3.33333e-06
85100 3.33333e-06
85150 3.33333e-06
85200 3.33333e-06
85250 3.33333e-06
85300 3.33333e-06
85350 3.33333e-06
85400 3.33333e-06
85450 3.33333e-06
85500 3.33333e-06
85550 3.33333e-06
85600 3.33333e-06
85650 3.33333e-06
85700 3.33333e-06
85750 3.33333e-06
85800 3.33333e-06
85850 3.33333e-06
85900 3.33333e-06
85950 3.33333e-06
86000 3.33333e-06
86050 3.33333e-06
86100 3.33333e-06
86150 3.33333e-06
86200 3.33333e-06
86250 3.33333e-06
86300 3.33333e-06
86350 3.33333e-06
86400 3.33333e-06
86450 3.33333e-06
86500 3.33333e-06
86550 3.33333e-06
86600 3.33333e-06
86650 3.33333e-06
86700 3.33333e-06
86750 3.33333e-06
86800 3.33333e-06
86850 3.33333e-06
86900 3.33333e-06
86950 3.33333e-06
87000 3.33333e-06
87050 3.33333e-06
87100 3.33333e-06
87150 3.33333e-06
87200 3.33333e-06
87250 3.33333e-06
87300 3.33333e-06
87350 3.33333e-06
87400 3.33333e-06
87450 3.33333e-06
87500 3.33333e-06
87550 3.33333e-06
87600 3.33333e-06
87650 3.33333e-06
87700 3.33333e-06
87750 3.33333e-06
87800 3.33333e-06
87850 3.33333e-06
87900 3.33333e-06
87950 3.33333e-06
88000 3.33333e-06
88050 3.33333e-06
88100 3.33333e-06
88150 3.33333e-06
88200 3.33333e-06
88250 3.33333e-06
88300 3.33333e-06
88350 3.33333e-06
88400 3.33333e-06
88450 3.33333e-06
88500 3.33333e-06
88550 3.33333e-06
88600 3.33333e-06
88650 3.33333e-06
88700 3.33333e-06
88750 3.33333e-06
88800 3.33333e-06
88850 3.33333e-06
88900 3.33333e-06
88950 3.33333e-06
89000 3.33333e-06
89050 3.33333e-06
89100 3.33333e-06
89150 3.33333e-06
89200 3.33333e-06
89250 3.33333e-06
89300 3.33333e-06
89350 3.33333e-06
89400 3.33333e-06
89450 3.33333e-06
89500 3.33333e-06
89550 3.33333e-06
89600 3.33333e-06
89650 3.33333e-06
89700 3.33333e-06
89750 3.33333e-06
89800 3.33333e-06
89850 3.33333e-06
89900 3.33333e-06
89950 3.33333e-06
90000 3.33333e-06
90050 3.33333e-06
90100 3.33333e-06
90150 3.33333e-06
90200 3.33333e-06
90250 3.33333e-06
90300 3.33333e-06
90350 3.33333e-06
90400 3.33333e-06
90450 3.33333e-06
90500 3.33333e-06
90550 3.33333e-06
90600 3.33333e-06
90650 3.33333e-06
90700 3.33333e-06
90750 3.33333e-06
90800 3.33333e-06
90850 3.33333e-06
90900 3.33333e-06
90950 3.33333e-06
91000 3.33333e-06
91050 3.33333e-06
91100 3.33333e-06
91150 3.33333e-06
91200 3.33333e-06
91250 3.33333e-06
91300 3.33333e-06
91350 3.33333e-06
91400 3.33333e-06
91450 3.33333e-06
91500 3.33333e-06
91550 3.33333e-06
91600 3.33333e-06
91650 3.33333e-06
91700 3.33333e-06
91750 3.33333e-06
91800 3.33333e-06
91850 3.33333e-06
91900 3.33333e-06
91950 3.33333e-06
92000 3.33333e-06
92050 3.33333e-06
92100 3.33333e-06
92150 3.33333e-06
92200 3.33333e-06
92250 3.33333e-06
92300 3.33333e-06
92350 3.33333e-06
92400 3.33333e-06
92450 3.33333e-06
92500 3.33333e-06
92550 3.33333e-06
92600 3.33333e-06
92650 3.33333e-06
92700 3.33333e-06
92750 3.33333e-06
92800 3.33333e-06
92850 3.33333e-06
92900 3.33333e-06
92950 3.33333e-06
93000 3.33333e-06
93050 3.33333e-06
93100 3.33333e-06
93150 3.33333e-06
93200 3.33333e-06
93250 3.33333e-06
93300 3.33333e-06
93350 3.33333e-06
93400 3.33333e-06
93450 3.33333e-06
93500 3.33333e-06
93550 3.33333e-06
93600 3.33333e-06
93650 3.33333e-06
93700 3.33333e-06
93750 3.33333e-06
93800 3.33333e-06
93850 3.33333e-06
93900 3.33333e-06
93950 3.33333e-06
94000 3.33333e-06
94050 3.33333e-06
94100 3.33333e-06
94150 3.33333e-06
94200 3.33333e-06
94250 3.33333e-06
94300 3.33333e-06
94350 3.33333e-06
94400 3.33333e-06
94450 3.33333e-06
94500 3.33333e-06
94550 3.33333e-06
94600 3.33333e-06
94650 3.33333e-06
94700 3.33333e-06
94750 3.33333e-06
94800 3.33333e-06
94850 3.33333e-06
94900 3.33333e-06
94950 3.33333e-06
95000 3.33333e-06
95050 3.33333e-06
95100 3.33333e-06
95150 3.33333e-06
95200 3.33333e-06
95250 3.33333e-06
95300 3.33333e-06
95350 3.33333e-06
95400 3.33333e-06
95450 3.33333e-06
95500 3.33333e-06
95550 3.33333e-06
95600 3.33333e-06
95650 3.33333e-06
95700 3.33333e-06
95750 3.33333e-06
95800 3.33333e-06
95850 3.33333e-06
95900 3.33333e-06
95950 3.33333e-06
96000 3.33333e-06
96050 3.33333e-06
96100 3.33333e-06
96150 3.33333e-06
96200 3.33333e-06
96250 3.33333e-06
96300 3.33333e-06
96350 3.33333e-06
96400 3.33333e-06
96450 3.33333e-06
96500 3.33333e-06
96550 3.33333e-06
96600 3.33333e-06
96650 3.33333e-06
96700 3.33333e-06
96750 3.33333e-06
96800 3.33333e-06
96850 3.33333e-06
96900 3.33333e-06
96950 3.33333e-06
97000 3.33333e-06
97050 3.33333e-06
97100 3.33333e-06
97150 3.33333e-06
97200 3.33333e-06
97250 3.33333e-06
97300 3.33333e-06
97350 3.33333e-06
97400 3.33333e-06
97450 3.33333e-06
97500 3.33333e-06
97550 3.33333e-06
97600 3.33333e-06
97650 3.33333e-06
97700 3.33333e-06
97750 3.33333e-06
97800 3.33333e-06
97850 3.33333e-06
97900 3.33333e-06
97950 3.33333e-06
98000 3.33333e-06
98050 3.33333e-06
98100 3.33333e-06
98150 3.33333e-06
98200 3.33333e-06
98250 3.33333e-06
98300 3.33333e-06
98350 3.33333e-06
98400 3.33333e-06
98450 3.33333e-06
98500 3.33333e-06
98550 3.33333e-06
98600 3.33333e-06
98650 3.33333e-06
98700 3.33333e-06
98750 3.33333e-06
98800 3.33333e-06
98850 3.33333e-06
98900 3.33333e-06
98950 3.33333e-06
99000 3.33333e-06
99050 3.33333e-06
99100 3.33333e-06
99150 3.33333e-06
99200 3.33333e-06
99250 3.33333e-06
99300 3.33333e-06
99350 3.33333e-06
99400 3.33333e-06
99450 3.33333e-06
99500 3.33333e-06
99550 3.33333e-06
99600 3.33333e-06
99650 3.33333e-06
99700 3.33333e-06
99750 3.33333e-06
99800 3.33333e-06
99850 3.33333e-06
99900 3.33333e-06
99950 3.33333e-06
100000 3.33333e-06
100050 3.33333e-06
100100 3.33333e-06
100150 3.33333e-06
100200 3.33333e-06
100250 3.33333e-06
100300 3.33333e-06
100350 3.33333e-06
100400 3.33333e-06
100450 3.33333e-06
100500 3.33333e-06
100550 3.33333e-06
100600 3.33333e-06
100650 3.33333e-06
100700 3.33333e-06
100750 3.33333e-06
100800 3.33333e-06
100850 3.33333e-06
100900 3.33333e-06
100950 3.33333e-06
101000 3.33333e-06
101050 3.33333e-06
101100 3.33333e-06
101150 3.33333e-06
101200 3.33333e-06
101250 3.33333e-06
101300 3.33333e-06
101350 3.33333e-06
101400 3.33333e-06
101450 3.33333e-06
101500 3.33333e-06
101550 3.33333e-06
101600 3.33333e-06
101650 3.33333e-06
101700 3.33333e-06
101750 3.33333e-06
101800 3.33333e-06
101850 3.33333e-06
101900 3.33333e-06
101950 3.33333e-06
102000 3.33333e-06
102050 3.33333e-06
102100 3.33333e-06
102150 3.33333e-06
102200 3.33333e-06
102250 3.33333e-06
102300 3.33333e-06
102350 3.33333e-06
102400 3.33333e-06
102450 3.33333e-06
102500 3.33333e-06
102550 3.33333e-06
102600 3.33333e-06
102650 3.33333e-06
102700 3.33333e-06
102750 3.33333e-06
102800 3.33333e-06
102850 3.33333e-06
102900 3.33333e-06
102950 3.33333e-06
103000 3.33333e-06
103050 3.33333e-06
103100 3.33333e-06
103150 3.33333e-06
103200 3.33333e-06
103250 3.33333e-06
103300 3.33333e-06
103350 3.33333e-06
103400 3.33333e-06
103450 3.33333e-06
103500 3.33333e-06
103550 3.33333e-06
103600 3.33333e-06
103650 3.33333e-06
103700 3.33333e-06
103750 3.33333e-06
103800 3.33333e-06
103850 3.33333e-06
103900 3.33333e-06
103950 3.33333e-06
104000 3.33333e-06
104050 3.33333e-06
104100 3.33333e-06
104150 3.33333e-06
104200 3.33333e-06
104250 3.33333e-06
104300 3.33333e-06
104350 3.33333e-06
104400 3.33333e-06
104450 3.33333e-06
104500 3.33333e-06
104550 3.33333e-06
104600 3.33333e-06
104650 3.33333e-06
104700 3.33333e-06
104750 3.33333e-06
104800 3.33333e-06
104850 3.33333e-06
104900 3.33333e-06
104950 3.33333e-06
105000 3.33333e-06
105050 3.33333e-06
105100 3.33333e-06
105150 3.33333e-06
105200 3.33333e-06
105250 3.33333e-06
105300 3.33333e-06
105350 3.33333e-06
105400 3.33333e-06
105450 3.33333e-06
105500 3.33333e-06
105550 3.33333e-06
105600 3.33333e-06
105650 3.33333e-06
105700 3.33333e-06
105750 3.33333e-06
105800 3.33333e-06
105850 3.33333e-06
105900 3.33333e-06
105950 3.33333e-06
106000 3.33333e-06
106050 3.33333e-06
106100 3.33333e-06
106150 3.33333e-06
106200 3.33333e-06
106250 3.33333e-06
106300 3.33333e-06
106350 3.33333e-06
106400 3.33333e-06
106450 3.33333e-06
106500 3.33333e-06
106550 3.33333e-06
106600 3.33333e-06
106650 3.33333e-06
106700 3.33333e-06
106750 3.33333e-06
106800 3.33333e-06
106850 3.33333e-06
106900 3.33333e-06
106950 3.33333e-06
107000 3.33333e-06
107050 3.33333e-06
107100 3.33333e-06
107150 3.33333e-06
107200 3.33333e-06
107250 3.33333e-06
107300 3.33333e-06
107350 3.33333e-06
107400 3.33333e-06
107450 3.33333e-06
107500 3.33333e-06
107550 3.33333e-06
107600 3.33333e-06
107650 3.33333e-06
107700 3.33333e-06
107750 3.33333e-06
107800 3.33333e-06
107850 3.33333e-06
107900 3.33333e-06
107950 3.33333e-06
108000 3.33333e-06
108050 3.33333e-06
108100 3.33333e-06
108150 3.33333e-06
108200 3.33333e-06
108250 3.33333e-06
108300 3.33333e-06
108350 3.33333e-06
108400 3.33333e-06
108450 3.33333e-06
108500 3.33333e-06
108550 3.33333e-06
108600 3.33333e-06
108650 3.33333e-06
108700 3.33333e-06
108750 3.33333e-06
108800 3.33333e-06
108850 3.33333e-06
108900 3.33333e-06
108950 3.33333e-06
109000 3.33333e-06
109050 3.33333e-06
109100 3.33333e-06
109150 3.33333e-06
109200 3.33333e-06
109250 3.33333e-06
109300 3.33333e-06
109350 3.33333e-06
109400 3.33333e-06
109450 3.33333e-06
109500 3.33333e-06
109550 3.33333e-06
109600 3.33333e-06
109650 3.33333e-06
109700 3.33333e-06
109750 3.33333e-06
109800 3.33333e-06
109850 3.33333e-06
109900 3.33333e-06
109950 3.33333e-06
110000 3.33333e-06
110050 3.33333e-06
110100 3.33333e-06
110150 3.33333e-06
110200 3.33333e-06
110250 3.33333e-06
110300 3.33333e-06
110350 3.33333e-06
110400 3.33333e-06
110450 3.33333e-06
110500 3.33333e-06
110550 3.33333e-06
110600 3.33333e-06
110650 3.33333e-06
110700 3.33333e-06
110750 3.33333e-06
110800 3.33333e-06
110850 3.33333e-06
110900 3.33333e-06
110950 3.33333e-06
111000 3.33333e-06
111050 3.33333e-06
111100 3.33333e-06
111150 3.33333e-06
111200 3.33333e-06
111250 3.33333e-06
111300 3.33333e-06
111350 3.33333e-06
111400 3.33333e-06
111450 3.33333e-06
111500 3.33333e-06
111550 3.33333e-06
111600 3.33333e-06
111650 3.33333e-06
111700 3.33333e-06
111750 3.33333e-06
111800 3.33333e-06
111850 3.33333e-06
111900 3.33333e-06
111950 3.33333e-06
112000 3.33333e-06
112050 3.33333e-06
112100 3.33333e-06
112150 3.33333e-06
112200 3.33333e-06
112250 3.33333e-06
112300 3.33333e-06
112350 3.33333e-06
112400 3.33333e-06
112450 3.33333e-06
112500 3.33333e-06
112550 3.33333e-06
112600 3.33333e-06
112650 3.33333e-06
112700 3.33333e-06
112750 3.33333e-06
112800 3.33333e-06
112850 3.33333e-06
112900 3.33333e-06
112950 3.33333e-06
113000 3.33333e-06
113050 3.33333e-06
113100 3.33333e-06
113150 3.33333e-06
113200 3.33333e-06
113250 3.33333e-06
113300 3.33333e-06
113350 3.33333e-06
113400 3.33333e-06
113450 3.33333e-06
113500 3.33333e-06
113550 3.33333e-06
113600 3.33333e-06
113650 3.33333e-06
113700 3.33333e-06
113750 3.33333e-06
113800 3.33333e-06
113850 3.33333e-06
113900 3.33333e-06
113950 3.33333e-06
114000 3.33333e-06
114050 3.33333e-06
114100 3.33333e-06
114150 3.33333e-06
114200 3.33333e-06
114250 3.33333e-06
114300 3.33333e-06
114350 3.33333e-06
114400 3.33333e-06
114450 3.33333e-06
114500 3.33333e-06
114550 3.33333e-06
114600 3.33333e-06
114650 3.33333e-06
114700 3.33333e-06
114750 3.33333e-06
114800 3.33333e-06
114850 3.33333e-06
114900 3.33333e-06
114950 3.33333e-06
115000 3.33333e-06
115050 3.33333e-06
115100 3.33333e-06
115150 3.33333e-06
115200 3.33333e-06
115250 3.33333e-06
115300 3.33333e-06
115350 3.33333e-06
115400 3.33333e-06
115450 3.33333e-06
115500 3.33333e-06
115550 3.33333e-06
115600 3.33333e-06
115650 3.33333e-06
115700 3.33333e-06
115750 3.33333e-06
115800 3.33333e-06
115850 3.33333e-06
115900 3.33333e-06
115950 3.33333e-06
116000 3.33333e-06
116050 3.33333e-06
116100 3.33333e-06
116150 3.33333e-06
116200 3.33333e-06
116250 3.33333e-06
116300 3.33333e-06
116350 3.33333e-06
116400 3.33333e-06
116450 3.33333e-06
116500 3.33333e-06
116550 3.33333e-06
116600 3.33333e-06
116650 3.33333e-06
116700 3.33333e-06
116750 3.33333e-06
116800 3.33333e-06
116850 3.33333e-06
116900 3.33333e-06
116950 3.33333e-06
117000 3.33333e-06
117050 3.33333e-06
117100 3.33333e-06
117150 3.33333e-06
117200 3.33333e-06
117250 3.33333e-06
117300 3.33333e-06
117350 3.33333e-06
117400 3.33333e-06
117450 3.33333e-06
117500 3.33333e-06
117550 3.33333e-06
117600 3.33333e-06
117650 3.33333e-06
117700 3.33333e-06
117750 3.33333e-06
117800 3.33333e-06
117850 3.33333e-06
117900 3.33333e-06
117950 3.33333e-06
118000 3.33333e-06
118050 3.33333e-06
118100 3.33333e-06
118150 3.33333e-06
118200 3.33333e-06
118250 3.33333e-06
118300 3.33333e-06
118350 3.33333e-06
118400 3.33333e-06
118450 3.33333e-06
118500 3.33333e-06
118550 3.33333e-06
118600 3.33333e-06
118650 3.33333e-06
118700 3.33333e-06
118750 3.33333e-06
118800 3.33333e-06
118850 3.33333e-06
118900 3.33333e-06
118950 3.33333e-06
119000 3.33333e-06
119050 3.33333e-06
119100 3.33333e-06
119150 3.33333e-06
119200 3.33333e-06
119250 3.33333e-06
119300 3.33333e-06
119350 3.33333e-06
119400 3.33333e-06
119450 3.33333e-06
119500 3.33333e-06
119550 3.33333e-06
119600 3.33333e-06
119650 3.33333e-06
119700 3.33333e-06
119750 3.33333e-06
119800 3.33333e-06
119850 3.33333e-06
119900 3.33333e-06
119950 3.33333e-06
120000 3.33333e-06
120050 3.33333e-06
120100 3.33333e-06
120150 3.33333e-06
120200 3.33333e-06
120250 3.33333e-06
120300 3.33333e-06
120350 3.33333e-06
120400 3.33333e-06
120450 3.33333e-06
120500 3.33333e-06
120550 3.33333e-06
120600 3.33333e-06
120650 3.33333e-06
120700 3.33333e-06
120750 3.33333e-06
120800 3.33333e-06
120850 3.33333e-06
120900 3.33333e-06
120950 3.33333e-06
121000 3.33333e-06
121050 3.33333e-06
121100 3.33333e-06
121150 3.33333e-06
121200 3.33333e-06
121250 3.33333e-06
121300 3.33333e-06
121350 3.33333e-06
121400 3.33333e-06
121450 3.33333e-06
121500 3.33333e-06
121550 3.33333e-06
121600 3.33333e-06
121650 3.33333e-06
121700 3.33333e-06
121750 3.33333e-06
121800 3.33333e-06
121850 3.33333e-06
121900 3.33333e-06
121950 3.33333e-06
122000 3.33333e-06
122050 3.33333e-06
122100 3.33333e-06
122150 3.33333e-06
122200 3.33333e-06
122250 3.33333e-06
122300 3.33333e-06
122350 3.33333e-06
122400 3.33333e-06
122450 3.33333e-06
122500 3.33333e-06
122550 3.33333e-06
122600 3.33333e-06
122650 3.33333e-06
122700 3.33333e-06
122750 3.33333e-06
122800 3.33333e-06
122850 3.33333e-06
122900 3.33333e-06
122950 3.33333e-06
123000 3.33333e-06
123050 3.33333e-06
123100 3.33333e-06
123150 3.33333e-06
123200 3.33333e-06
123250 3.33333e-06
123300 3.33333e-06
123350 3.33333e-06
123400 3.33333e-06
123450 3.33333e-06
123500 3.33333e-06
123550 3.33333e-06
123600 3.33333e-06
123650 3.33333e-06
123700 3.33333e-06
123750 3.33333e-06
123800 3.33333e-06
123850 3.33333e-06
123900 3.33333e-06
123950 3.33333e-06
124000 3.33333e-06
124050 3.33333e-06
124100 3.33333e-06
124150 3.33333e-06
124200 3.33333e-06
124250 3.33333e-06
124300 3.33333e-06
124350 3.33333e-06
124400 3.33333e-06
124450 3.33333e-06
124500 3.33333e-06
124550 3.33333e-06
124600 3.33333e-06
124650 3.33333e-06
124700 3.33333e-06
124750 3.33333e-06
124800 3.33333e-06
124850 3.33333e-06
124900 3.33333e-06
124950 3.33333e-06
125000 3.33333e-06
125050 3.33333e-06
125100 3.33333e-06
125150 3.33333e-06
125200 3.33333e-06
125250 3.33333e-06
125300 3.33333e-06
125350 3.33333e-06
125400 3.33333e-06
125450 3.33333e-06
125500 3.33333e-06
125550 3.33333e-06
125600 1.66667e-06
125650 1.66667e-06
125700 1.66667e-06
125750 1.66667e-06
125800 1.66667e-06
125850 1.66667e-06
125900 1.66667e-06
125950 1.66667e-06
126000 1.66667e-06
126050 1.66667e-06
126100 1.66667e-06
126150 1.66667e-06
126200 1.66667e-06
126250 1.66667e-06
126300 1.66667e-06
126350 1.66667e-06
126400 1.66667e-06
126450 1.66667e-06
126500 1.66667e-06
126550 1.66667e-06
126600 1.66667e-06
126650 1.66667e-06
126700 1.66667e-06
126750 1.66667e-06
126800 1.66667e-06
126850 1.66667e-06
126900 1.66667e-06
126950 1.66667e-06
127000 1.66667e-06
127050 1.66667e-06
127100 1.66667e-06
127150 1.66667e-06
127200 1.66667e-06
127250 1.66667e-06
127300 1.66667e-06
127350 1.66667e-06
127400 1.66667e-06
127450 1.66667e-06
127500 1.66667e-06
127550 1.66667e-06
127600 1.66667e-06
127650 1.66667e-06
127700 1.66667e-06
127750 1.66667e-06
127800 1.66667e-06
127850 1.66667e-06
127900 1.66667e-06
127950 1.66667e-06
128000 1.66667e-06
128050 1.66667e-06
128100 1.66667e-06
128150 1.66667e-06
128200 1.66667e-06
128250 1.66667e-06
128300 1.66667e-06
128350 1.66667e-06
128400 1.66667e-06
128450 1.66667e-06
128500 1.66667e-06
128550 1.66667e-06
128600 1.66667e-06
128650 1.66667e-06
128700 1.66667e-06
128750 1.66667e-06
128800 1.66667e-06
128850 1.66667e-06
128900 1.66667e-06
128950 1.66667e-06
129000 1.66667e-06
129050 1.66667e-06
129100 1.66667e-06
129150 1.66667e-06
129200 1.66667e-06
129250 1.66667e-06
129300 1.66667e-06
129350 1.66667e-06
129400 1.66667e-06
129450 1.66667e-06
129500 1.66667e-06
129550 1.66667e-06
129600 1.66667e-06
129650 1.66667e-06
129700 1.66667e-06
129750 1.66667e-06
129800 1.66667e-06
129850 1.66667e-06
