50 3.33333e-06
100 0
150 1.66667e-06
200 3.33333e-06
250 1.66667e-06
300 1.66667e-06
350 1.66667e-06
400 0
450 1.66667e-06
500 1.66667e-06
550 0
600 0
650 0
700 0
750 1.66667e-06
800 0
850 1.66667e-06
900 1.66667e-06
950 1.66667e-06
1000 0
1050 1.66667e-06
1100 1.66667e-06
1150 3.33333e-06
1200 0
1250 1.66667e-06
1300 1.66667e-06
1350 0
1400 1.66667e-06
1450 1.66667e-06
1500 0
1550 0
1600 1.66667e-06
1650 1.66667e-06
1700 1.66667e-06
1750 0
1800 1.66667e-06
1850 1.66667e-06
1900 0
1950 1.66667e-06
2000 1.66667e-06
2050 1.66667e-06
2100 0
2150 1.66667e-06
2200 1.66667e-06
2250 1.66667e-06
2300 1.66667e-06
2350 1.66667e-06
2400 1.66667e-06
2450 1.66667e-06
2500 1.66667e-06
2550 0
2600 1.66667e-06
2650 3.33333e-06
2700 1.66667e-06
2750 0
2800 1.66667e-06
2850 0
2900 0
2950 1.66667e-06
3000 1.66667e-06
3050 3.33333e-06
3100 3.33333e-06
3150 3.33333e-06
3200 0
3250 0
3300 1.66667e-06
3350 0
3400 1.66667e-06
3450 1.66667e-06
3500 1.66667e-06
3550 0
3600 1.66667e-06
3650 1.66667e-06
3700 1.66667e-06
3750 0
3800 1.66667e-06
3850 1.66667e-06
3900 1.66667e-06
3950 0
4000 0
4050 1.66667e-06
4100 1.66667e-06
4150 1.66667e-06
4200 1.66667e-06
4250 3.33333e-06
4300 1.66667e-06
4350 0
4400 3.33333e-06
4450 1.66667e-06
4500 1.66667e-06
4550 1.66667e-06
4600 1.66667e-06
4650 1.66667e-06
4700 0
4750 1.66667e-06
4800 1.66667e-06
4850 0
4900 1.66667e-06
4950 3.33333e-06
5000 1.66667e-06
5050 3.33333e-06
5100 3.33333e-06
5150 0
5200 1.66667e-06
5250 1.66667e-06
5300 3.33333e-06
5350 3.33333e-06
5400 3.33333e-06
5450 0
5500 1.66667e-06
5550 1.66667e-06
5600 3.33333e-06
5650 1.66667e-06
5700 0
5750 0
5800 3.33333e-06
5850 1.66667e-06
5900 1.66667e-06
5950 3.33333e-06
6000 1.66667e-06
6050 0
6100 3.33333e-06
6150 1.66667e-06
6200 3.33333e-06
6250 1.66667e-06
6300 1.66667e-06
6350 1.66667e-06
6400 1.66667e-06
6450 1.66667e-06
6500 0
6550 0
6600 1.66667e-06
6650 3.33333e-06
6700 0
6750 0
6800 0
6850 3.33333e-06
6900 0
6950 1.66667e-06
7000 1.66667e-06
7050 0
7100 1.66667e-06
7150 0
7200 1.66667e-06
7250 1.66667e-06
7300 1.66667e-06
7350 0
7400 1.66667e-06
7450 1.66667e-06
7500 0
7550 1.66667e-06
7600 1.66667e-06
7650 1.66667e-06
7700 3.33333e-06
7750 1.66667e-06
7800 1.66667e-06
7850 3.33333e-06
7900 1.66667e-06
7950 3.33333e-06
8000 1.66667e-06
8050 1.66667e-06
8100 1.66667e-06
8150 3.33333e-06
8200 1.66667e-06
8250 1.66667e-06
8300 1.66667e-06
8350 0
8400 1.66667e-06
8450 0
8500 3.33333e-06
8550 0
8600 0
8650 1.66667e-06
8700 1.66667e-06
8750 0
8800 0
8850 3.33333e-06
8900 0
8950 3.33333e-06
9000 3.33333e-06
9050 1.66667e-06
9100 1.66667e-06
9150 3.33333e-06
9200 0
9250 1.66667e-06
9300 1.66667e-06
9350 1.66667e-06
9400 1.66667e-06
9450 0
9500 1.66667e-06
9550 1.66667e-06
9600 3.33333e-06
9650 1.66667e-06
9700 1.66667e-06
9750 1.66667e-06
9800 1.66667e-06
9850 1.66667e-06
9900 3.33333e-06
9950 0
10000 3.33333e-06
10050 0
10100 0
10150 1.66667e-06
10200 0
10250 1.66667e-06
10300 0
10350 3.33333e-06
10400 0
10450 1.66667e-06
10500 1.66667e-06
10550 0
10600 0
10650 0
10700 1.66667e-06
10750 0
10800 1.66667e-06
10850 1.66667e-06
10900 3.33333e-06
10950 1.66667e-06
11000 1.66667e-06
11050 1.66667e-06
11100 0
11150 0
11200 3.33333e-06
11250 3.33333e-06
11300 0
11350 3.33333e-06
11400 1.66667e-06
11450 1.66667e-06
11500 3.33333e-06
11550 1.66667e-06
11600 1.66667e-06
11650 3.33333e-06
11700 1.66667e-06
11750 3.33333e-06
11800 3.33333e-06
11850 0
11900 0
11950 1.66667e-06
12000 3.33333e-06
12050 0
12100 3.33333e-06
12150 1.66667e-06
12200 0
12250 1.66667e-06
12300 1.66667e-06
12350 3.33333e-06
12400 0
12450 1.66667e-06
12500 0
12550 1.66667e-06
12600 1.66667e-06
12650 1.66667e-06
12700 3.33333e-06
12750 0
12800 1.66667e-06
12850 0
12900 0
12950 1.66667e-06
13000 1.66667e-06
13050 1.66667e-06
13100 3.33333e-06
13150 1.66667e-06
13200 1.66667e-06
13250 1.66667e-06
