50 1.66667e-06
100 1.66667e-06
150 1.66667e-06
200 0
250 0.16667
300 3.33333e-06
350 0.166668
400 0
450 1.66667e-06
500 1.66667e-06
550 3.33333e-06
600 3.33333e-06
650 1.66667e-06
700 1.66667e-06
750 1.66667e-06
800 1.66667e-06
850 0
900 3.33333e-06
950 1.66667e-06
1000 0
1050 3.33333e-06
1100 0.166668
1150 1.66667e-06
1200 0
1250 0
1300 1.66667e-06
1350 1.66667e-06
1400 0
1450 0
1500 0
1550 3.33333e-06
1600 3.33333e-06
1650 0
1700 0
1750 3.33333e-06
1800 1.66667e-06
1850 1.66667e-06
1900 0
1950 1.66667e-06
2000 1.66667e-06
2050 3.33333e-06
2100 0
2150 1.66667e-06
2200 1.66667e-06
2250 1.66667e-06
2300 0
2350 0
2400 1.66667e-06
2450 1.66667e-06
2500 1.66667e-06
2550 1.66667e-06
2600 1.66667e-06
2650 0
2700 0
2750 0
2800 1.66667e-06
2850 1.66667e-06
2900 3.33333e-06
2950 0
3000 0
3050 3.33333e-06
3100 0
3150 1.66667e-06
3200 1.66667e-06
3250 1.66667e-06
3300 3.33333e-06
3350 1.66667e-06
3400 0
3450 0
3500 0
3550 0
3600 0
3650 0
3700 0
3750 3.33333e-06
3800 3.33333e-06
3850 0
3900 0
3950 3.33333e-06
4000 1.66667e-06
4050 0
4100 1.66667e-06
4150 0
4200 0
4250 1.66667e-06
4300 3.33333e-06
4350 1.66667e-06
4400 0
4450 0
4500 1.66667e-06
4550 0
4600 1.66667e-06
4650 1.66667e-06
4700 1.66667e-06
4750 0
4800 1.66667e-06
4850 1.66667e-06
4900 0
4950 1.66667e-06
5000 0
5050 1.66667e-06
5100 3.33333e-06
5150 1.66667e-06
5200 0
5250 1.66667e-06
5300 1.66667e-06
5350 1.66667e-06
5400 0
5450 0
5500 1.66667e-06
5550 1.66667e-06
5600 1.66667e-06
5650 3.33333e-06
5700 1.66667e-06
5750 0
5800 3.33333e-06
5850 0
5900 0
5950 1.66667e-06
6000 1.66667e-06
6050 1.66667e-06
6100 0
6150 1.66667e-06
6200 1.66667e-06
6250 1.66667e-06
6300 3.33333e-06
6350 1.66667e-06
6400 0
6450 1.66667e-06
6500 1.66667e-06
6550 3.33333e-06
6600 0
6650 1.66667e-06
6700 0
6750 1.66667e-06
6800 1.66667e-06
6850 0
6900 3.33333e-06
6950 1.66667e-06
7000 3.33333e-06
7050 1.66667e-06
7100 1.66667e-06
7150 0
7200 0
7250 1.66667e-06
7300 3.33333e-06
7350 1.66667e-06
7400 1.66667e-06
7450 1.66667e-06
7500 0
7550 1.66667e-06
7600 1.66667e-06
7650 0
7700 1.66667e-06
7750 1.66667e-06
7800 1.66667e-06
7850 1.66667e-06
7900 0
7950 0
8000 0
8050 1.66667e-06
8100 1.66667e-06
8150 1.66667e-06
8200 0
8250 0
8300 1.66667e-06
8350 0
8400 1.66667e-06
8450 1.66667e-06
8500 0
8550 0
8600 0
8650 0
8700 1.66667e-06
8750 1.66667e-06
8800 1.66667e-06
8850 1.66667e-06
8900 0
8950 1.66667e-06
9000 0
9050 1.66667e-06
9100 1.66667e-06
9150 1.66667e-06
9200 0
9250 3.33333e-06
9300 3.33333e-06
9350 1.66667e-06
9400 1.66667e-06
9450 1.66667e-06
9500 1.66667e-06
9550 1.66667e-06
9600 1.66667e-06
9650 3.33333e-06
9700 1.66667e-06
9750 1.66667e-06
9800 0
9850 1.66667e-06
9900 3.33333e-06
9950 3.33333e-06
10000 3.33333e-06
10050 1.66667e-06
10100 3.33333e-06
10150 1.66667e-06
10200 1.66667e-06
10250 1.66667e-06
10300 0
10350 3.33333e-06
10400 3.33333e-06
10450 1.66667e-06
10500 0
10550 1.66667e-06
10600 0
10650 3.33333e-06
10700 1.66667e-06
10750 1.66667e-06
10800 3.33333e-06
10850 0
10900 1.66667e-06
10950 1.66667e-06
11000 3.33333e-06
11050 3.33333e-06
11100 1.66667e-06
11150 1.66667e-06
11200 3.33333e-06
11250 3.33333e-06
11300 1.66667e-06
11350 1.66667e-06
11400 1.66667e-06
11450 3.33333e-06
11500 1.66667e-06
11550 0
11600 1.66667e-06
11650 1.66667e-06
11700 3.33333e-06
11750 1.66667e-06
11800 0
11850 3.33333e-06
11900 1.66667e-06
11950 1.66667e-06
12000 1.66667e-06
12050 0
12100 1.66667e-06
12150 0
12200 1.66667e-06
12250 0
12300 1.66667e-06
12350 3.33333e-06
12400 3.33333e-06
12450 1.66667e-06
12500 1.66667e-06
12550 1.66667e-06
12600 3.33333e-06
12650 1.66667e-06
12700 1.66667e-06
12750 1.66667e-06
12800 0
12850 0
12900 1.66667e-06
12950 1.66667e-06
13000 1.66667e-06
13050 1.66667e-06
13100 1.66667e-06
13150 1.66667e-06
13200 0
13250 0
13300 1.66667e-06
