50 -0.08889
100 -0.200002
150 -0.200002
200 -0.100002
250 -0.155555
300 -0.166668
350 -0.100002
400 -0.0888883
450 -0.0888883
500 -0.255555
550 -0.155555
600 -0.0888883
650 -0.155555
700 -0.08889
750 -0.08889
800 -0.0888883
850 -0.08889
900 -0.100002
950 -0.08889
1000 -0.0888883
1050 -0.100002
1100 -0.100002
1150 -0.08889
1200 -0.188888
1250 -0.08889
1300 -0.08889
1350 -0.08889
1400 -0.08889
1450 -0.100002
1500 -0.100002
1550 -0.100002
1600 -0.08889
1650 -0.08889
1700 -0.266667
1750 -0.08889
1800 -0.08889
1850 -0.1
1900 -0.1
1950 -0.1
2000 -0.1
2050 -0.1
2100 -0.1
2150 -0.1
2200 -0.1
2250 -0.08889
2300 -0.0666667
2350 -0.0666667
2400 -0.0666667
2450 -0.0666667
2500 -0.0666667
2550 -0.0666667
2600 -0.0666667
2650 -0.0666667
2700 -0.0666667
2750 -0.155555
2800 -0.155555
2850 -0.155555
2900 -0.0666667
2950 -0.0666667
3000 -0.0666667
3050 -0.0666667
3100 -0.0666667
3150 -0.18889
3200 -0.08889
3250 -0.08889
3300 -0.1
3350 -0.0666667
3400 -0.155555
3450 -0.0666667
3500 -0.155555
3550 -0.1
3600 -0.1
3650 -0.1
3700 -0.1
3750 -0.08889
3800 -0.08889
3850 -0.08889
3900 -0.08889
3950 -0.08889
4000 -0.0666667
4050 -0.08889
4100 -0.08889
4150 -0.08889
4200 -0.0666667
4250 -0.0666667
4300 -0.0666667
4350 -0.155557
4400 -0.0666667
4450 -0.100002
4500 -0.100002
4550 -0.0666667
4600 -0.0666667
4650 -0.0666667
4700 -0.0666667
4750 -0.0666667
4800 -0.0666667
4850 -0.0666667
4900 -0.0666667
4950 -0.0666667
5000 -0.0666667
5050 -0.0666667
5100 -0.0666667
5150 -0.0666667
5200 -0.0666667
5250 -0.0666667
5300 -0.0666667
5350 -0.1
5400 -0.0666667
5450 -0.0666667
5500 -0.0666667
5550 -0.0666667
5600 -0.0666667
5650 -0.0666667
5700 -0.0666667
5750 -0.08889
5800 -0.0666667
5850 -0.1
5900 -0.0666667
5950 -0.0666667
6000 -0.0666667
6050 -0.0666667
6100 -0.0666667
6150 -0.0666667
6200 -0.0666667
6250 -0.0666667
6300 -0.0666667
6350 -0.0666667
6400 -0.0666667
6450 -0.0666667
6500 -0.0666667
6550 -0.0666667
6600 -0.0666667
6650 -0.0666667
6700 -0.0666667
6750 -0.0666667
6800 -0.0666667
6850 -0.0666667
6900 -0.0666667
6950 -0.0666667
7000 -0.0666667
7050 -0.0666667
7100 -0.0666667
7150 -0.0666667
7200 -0.0666667
7250 -0.0666667
7300 -0.0666667
7350 -0.0666667
7400 -0.0666667
7450 -0.0666667
7500 -0.0666667
7550 -0.0666667
7600 -0.0666667
7650 -0.0666667
7700 -0.0666667
7750 -0.0666667
7800 -0.0666667
7850 -0.0666667
7900 -0.0666667
7950 -0.0666667
8000 -0.0666667
8050 -0.0666667
8100 -0.0666667
8150 -0.0666667
8200 -0.155557
8250 -0.0666667
8300 -0.0666667
8350 -0.0666667
8400 -0.0666667
8450 -0.0666667
8500 -0.0666667
8550 -0.0666667
8600 -0.155557
8650 -0.0666667
8700 -0.0666667
8750 -0.1
8800 -0.1
8850 -0.1
8900 -0.0666667
8950 -0.0666667
9000 -0.0666667
9050 -0.0666667
9100 -0.0666667
9150 -0.08889
9200 -0.0666667
9250 -0.155557
9300 -0.155557
9350 -0.08889
9400 -0.0666667
9450 -0.0666667
9500 -0.0666667
9550 -0.0666667
9600 -0.0666667
9650 -0.08889
9700 -0.155555
9750 -0.0666667
9800 -0.0666667
9850 -0.0666667
9900 -0.155555
9950 -0.155555
10000 -0.08889
10050 -0.08889
10100 -0.0666667
10150 -0.0666667
10200 -0.0666667
10250 -0.0666667
10300 -0.0666667
10350 -0.155555
10400 -0.155557
10450 -0.155555
10500 -0.1
10550 -0.1
10600 -0.1
10650 -0.1
10700 -0.1
10750 -0.1
10800 -0.1
10850 -0.1
10900 -0.1
10950 -0.1
11000 -0.1
11050 -0.1
11100 -0.1
11150 -0.1
11200 -0.1
11250 -0.1
11300 -0.1
11350 -0.1
11400 -0.0666667
11450 -0.155555
11500 -0.1
11550 -0.155557
11600 -0.0666667
11650 -0.08889
11700 -0.08889
11750 -0.0666667
11800 -0.0666667
11850 -0.155557
11900 -0.0666667
11950 0
12000 0
12050 0
12100 0
12150 0
12200 0
12250 0
12300 0
12350 0
12400 0
12450 0
12500 -0.0666683
12550 -0.0666683
12600 -0.0666683
12650 -0.0666683
12700 -0.0666683
12750 -0.0666683
12800 -0.0666683
12850 -0.0666683
12900 -0.0666683
12950 -0.0666683
13000 -0.0666683
13050 -0.0666683
13100 -0.0666683
13150 -0.0666683
13200 -0.0666683
13250 -0.0666683
13300 -0.0666683
13350 -0.0666683
13400 -0.0666683
13450 -0.0666683
13500 -0.0666683
13550 -0.0666683
13600 -0.0666683
13650 -0.0666683
13700 -0.0666683
13750 -0.0666683
13800 -0.0666683
13850 -0.0666683
13900 -0.0666683
13950 -0.0666683
14000 -0.0666683
14050 -0.0666683
14100 -0.0666683
14150 -0.0666683
14200 0
14250 -0.0666667
14300 -0.08889
14350 -0.1
14400 -0.1
14450 -0.1
14500 -0.1
14550 -0.1
14600 -0.1
14650 -0.1
14700 -0.1
14750 -0.1
14800 -0.1
14850 -0.1
14900 -0.1
14950 -0.1
15000 -0.1
15050 -0.1
15100 -0.1
15150 -0.1
15200 -0.1
15250 -0.1
15300 -0.0666667
15350 -0.0666667
15400 -0.0666667
15450 -0.0666667
15500 -0.0666667
15550 -0.0666667
15600 -0.0666667
15650 -0.0666667
15700 -0.188888
15750 -0.188888
15800 -0.0666667
15850 -0.0666667
15900 -0.0666667
15950 -0.0666667
16000 -0.0666667
16050 -0.0666667
16100 -0.0666667
16150 -0.0666667
16200 -0.0666667
16250 -0.0666667
16300 -0.0666667
16350 -0.0666667
16400 -0.0666667
16450 -0.0666667
16500 -0.0666667
16550 -1.66667e-06
16600 -1.66667e-06
16650 -1.66667e-06
16700 -1.66667e-06
16750 -1.66667e-06
16800 -1.66667e-06
16850 -1.66667e-06
16900 -1.66667e-06
16950 -1.66667e-06
17000 -1.66667e-06
17050 -1.66667e-06
17100 -1.66667e-06
17150 -1.66667e-06
17200 -1.66667e-06
17250 -1.66667e-06
17300 -1.66667e-06
17350 -1.66667e-06
17400 -1.66667e-06
17450 -1.66667e-06
17500 -1.66667e-06
17550 -1.66667e-06
17600 -1.66667e-06
17650 -1.66667e-06
17700 -1.66667e-06
17750 -1.66667e-06
17800 -1.66667e-06
17850 -1.66667e-06
17900 -2.77556e-17
17950 -2.77556e-17
18000 -2.77556e-17
18050 -2.77556e-17
18100 -1.66667e-06
18150 -1.66667e-06
18200 -1.66667e-06
18250 -1.66667e-06
18300 -1.66667e-06
18350 -1.66667e-06
18400 -1.66667e-06
18450 -1.66667e-06
18500 -1.66667e-06
18550 -1.66667e-06
18600 -1.66667e-06
18650 -1.66667e-06
18700 -1.66667e-06
18750 -1.66667e-06
18800 -1.66667e-06
18850 -1.66667e-06
18900 -1.66667e-06
18950 -1.66667e-06
19000 -1.66667e-06
19050 -1.66667e-06
19100 -1.66667e-06
19150 -1.66667e-06
19200 -1.66667e-06
19250 -1.66667e-06
19300 -1.66667e-06
19350 -1.66667e-06
19400 -1.66667e-06
19450 -1.66667e-06
19500 -1.66667e-06
19550 -1.66667e-06
19600 -1.66667e-06
19650 -1.66667e-06
19700 -1.66667e-06
19750 -1.66667e-06
19800 -1.66667e-06
19850 -1.66667e-06
19900 -1.66667e-06
19950 -1.66667e-06
20000 -1.66667e-06
20050 -1.66667e-06
20100 -1.66667e-06
20150 -1.66667e-06
20200 -1.66667e-06
20250 -1.66667e-06
20300 -1.66667e-06
20350 -1.66667e-06
20400 -1.66667e-06
20450 -1.66667e-06
20500 -1.66667e-06
20550 -1.66667e-06
20600 -1.66667e-06
20650 -1.66667e-06
20700 -1.66667e-06
20750 -1.66667e-06
20800 -1.66667e-06
20850 -1.66667e-06
20900 -1.66667e-06
20950 -1.66667e-06
21000 -1.66667e-06
21050 -1.66667e-06
21100 -1.66667e-06
21150 -1.66667e-06
21200 -1.66667e-06
21250 -1.66667e-06
21300 -1.66667e-06
21350 -1.66667e-06
21400 -1.66667e-06
21450 -1.66667e-06
21500 -1.66667e-06
21550 -1.66667e-06
21600 -1.66667e-06
21650 -1.66667e-06
21700 -1.66667e-06
21750 -1.66667e-06
21800 -1.66667e-06
21850 -1.66667e-06
21900 -1.66667e-06
21950 -1.66667e-06
22000 -1.66667e-06
22050 -1.66667e-06
22100 -1.66667e-06
22150 -1.66667e-06
22200 -1.66667e-06
22250 -1.66667e-06
22300 -1.66667e-06
22350 -1.66667e-06
22400 -1.66667e-06
22450 -1.66667e-06
22500 -1.66667e-06
22550 -1.66667e-06
22600 -1.66667e-06
22650 -1.66667e-06
22700 -1.66667e-06
22750 -1.66667e-06
22800 -1.66667e-06
22850 -1.66667e-06
22900 -1.66667e-06
22950 -1.66667e-06
23000 -1.66667e-06
23050 -1.66667e-06
23100 -1.66667e-06
23150 -1.66667e-06
23200 -1.66667e-06
23250 -1.66667e-06
23300 -1.66667e-06
23350 -1.66667e-06
23400 -1.66667e-06
23450 -1.66667e-06
23500 -1.66667e-06
23550 -1.66667e-06
23600 -1.66667e-06
23650 -1.66667e-06
23700 -1.66667e-06
23750 -1.66667e-06
23800 -1.66667e-06
23850 -1.66667e-06
23900 -1.66667e-06
23950 -1.66667e-06
24000 -1.66667e-06
24050 -1.66667e-06
24100 -1.66667e-06
24150 -1.66667e-06
24200 -1.66667e-06
24250 -1.66667e-06
24300 -1.66667e-06
24350 -1.66667e-06
24400 -1.66667e-06
24450 -1.66667e-06
24500 -1.66667e-06
24550 -1.66667e-06
24600 -1.66667e-06
24650 -1.66667e-06
24700 -1.66667e-06
24750 -1.66667e-06
24800 -1.66667e-06
24850 -1.66667e-06
24900 -1.66667e-06
24950 -1.66667e-06
25000 -1.66667e-06
25050 -1.66667e-06
25100 -1.66667e-06
25150 -1.66667e-06
25200 -1.66667e-06
25250 -1.66667e-06
25300 -1.66667e-06
25350 -1.66667e-06
25400 -1.66667e-06
25450 -1.66667e-06
25500 -1.66667e-06
25550 -1.66667e-06
25600 -1.66667e-06
25650 -1.66667e-06
25700 -1.66667e-06
25750 -1.66667e-06
25800 -1.66667e-06
25850 -1.66667e-06
25900 -1.66667e-06
25950 -1.66667e-06
26000 -1.66667e-06
26050 -1.66667e-06
26100 -1.66667e-06
26150 -1.66667e-06
26200 -1.66667e-06
26250 -1.66667e-06
26300 -1.66667e-06
26350 -1.66667e-06
26400 -1.66667e-06
26450 -1.66667e-06
26500 -1.66667e-06
26550 -1.66667e-06
26600 -1.66667e-06
26650 -1.66667e-06
26700 -1.66667e-06
26750 -1.66667e-06
26800 -1.66667e-06
26850 -1.66667e-06
26900 -1.66667e-06
26950 -1.66667e-06
27000 -1.66667e-06
27050 -1.66667e-06
27100 -1.66667e-06
27150 -1.66667e-06
27200 -1.66667e-06
27250 -1.66667e-06
27300 -1.66667e-06
27350 -1.66667e-06
27400 -1.66667e-06
27450 -1.66667e-06
27500 -1.66667e-06
27550 -1.66667e-06
27600 -1.66667e-06
27650 -1.66667e-06
27700 -1.66667e-06
27750 -1.66667e-06
27800 -1.66667e-06
27850 -1.66667e-06
27900 -1.66667e-06
27950 -1.66667e-06
28000 -1.66667e-06
28050 -1.66667e-06
28100 -1.66667e-06
28150 -1.66667e-06
28200 -1.66667e-06
28250 -1.66667e-06
28300 -1.66667e-06
28350 -1.66667e-06
28400 -1.66667e-06
28450 -1.66667e-06
28500 -1.66667e-06
28550 -1.66667e-06
28600 -1.66667e-06
28650 -1.66667e-06
28700 -1.66667e-06
28750 -1.66667e-06
28800 -1.66667e-06
28850 -1.66667e-06
28900 -1.66667e-06
28950 -1.66667e-06
29000 -1.66667e-06
29050 -1.66667e-06
29100 -1.66667e-06
29150 -1.66667e-06
29200 -1.66667e-06
29250 -1.66667e-06
29300 -1.66667e-06
29350 -1.66667e-06
29400 -1.66667e-06
29450 -1.66667e-06
29500 -1.66667e-06
29550 -1.66667e-06
29600 -1.66667e-06
29650 -1.66667e-06
29700 -1.66667e-06
29750 -1.66667e-06
29800 -1.66667e-06
29850 -1.66667e-06
29900 -1.66667e-06
29950 -1.66667e-06
30000 -1.66667e-06
30050 -1.66667e-06
30100 -1.66667e-06
30150 -1.66667e-06
30200 -1.66667e-06
30250 -1.66667e-06
30300 -1.66667e-06
30350 -1.66667e-06
30400 -1.66667e-06
30450 -1.66667e-06
30500 -1.66667e-06
30550 -1.66667e-06
30600 -1.66667e-06
30650 -1.66667e-06
30700 -1.66667e-06
30750 -1.66667e-06
30800 -1.66667e-06
30850 -1.66667e-06
30900 -1.66667e-06
30950 -1.66667e-06
31000 -1.66667e-06
31050 -1.66667e-06
31100 -1.66667e-06
31150 -1.66667e-06
31200 -1.66667e-06
31250 -1.66667e-06
31300 -1.66667e-06
31350 -1.66667e-06
31400 -1.66667e-06
31450 -1.66667e-06
31500 -1.66667e-06
31550 -1.66667e-06
31600 -1.66667e-06
31650 -1.66667e-06
31700 -1.66667e-06
31750 -1.66667e-06
31800 -1.66667e-06
31850 -1.66667e-06
31900 -1.66667e-06
31950 -1.66667e-06
32000 -1.66667e-06
32050 -1.66667e-06
32100 -1.66667e-06
32150 -1.66667e-06
32200 -1.66667e-06
32250 -1.66667e-06
32300 -1.66667e-06
32350 -1.66667e-06
32400 -1.66667e-06
32450 -1.66667e-06
32500 -1.66667e-06
32550 -1.66667e-06
32600 -1.66667e-06
32650 -1.66667e-06
32700 -1.66667e-06
32750 -1.66667e-06
32800 -1.66667e-06
32850 -1.66667e-06
32900 -1.66667e-06
32950 -1.66667e-06
33000 -1.66667e-06
33050 -1.66667e-06
33100 -1.66667e-06
33150 -1.66667e-06
33200 -1.66667e-06
33250 -1.66667e-06
33300 -1.66667e-06
33350 -1.66667e-06
33400 -1.66667e-06
33450 -1.66667e-06
33500 -1.66667e-06
33550 -1.66667e-06
33600 -1.66667e-06
33650 -1.66667e-06
33700 -1.66667e-06
33750 -1.66667e-06
33800 -1.66667e-06
33850 -1.66667e-06
33900 -1.66667e-06
33950 -1.66667e-06
34000 -1.66667e-06
34050 -1.66667e-06
34100 -1.66667e-06
34150 -1.66667e-06
34200 -1.66667e-06
34250 -1.66667e-06
34300 -1.66667e-06
34350 -1.66667e-06
34400 -1.66667e-06
34450 -1.66667e-06
34500 -1.66667e-06
34550 -1.66667e-06
34600 -1.66667e-06
34650 -1.66667e-06
34700 -1.66667e-06
34750 -1.66667e-06
34800 -1.66667e-06
34850 -1.66667e-06
34900 -1.66667e-06
34950 -1.66667e-06
35000 -1.66667e-06
35050 -1.66667e-06
35100 -1.66667e-06
35150 -1.66667e-06
35200 -1.66667e-06
35250 -1.66667e-06
35300 -1.66667e-06
35350 -1.66667e-06
35400 -1.66667e-06
35450 -1.66667e-06
35500 -1.66667e-06
35550 -1.66667e-06
35600 -1.66667e-06
35650 -1.66667e-06
35700 -1.66667e-06
35750 -1.66667e-06
35800 -1.66667e-06
35850 -1.66667e-06
35900 -1.66667e-06
35950 -1.66667e-06
36000 -1.66667e-06
36050 -1.66667e-06
36100 -1.66667e-06
36150 -1.66667e-06
36200 -1.66667e-06
36250 -1.66667e-06
36300 -1.66667e-06
36350 -1.66667e-06
36400 -1.66667e-06
36450 -1.66667e-06
36500 -1.66667e-06
36550 -1.66667e-06
36600 -1.66667e-06
36650 -1.66667e-06
36700 -1.66667e-06
36750 -1.66667e-06
36800 -1.66667e-06
36850 -1.66667e-06
36900 -1.66667e-06
36950 -1.66667e-06
37000 -1.66667e-06
37050 -1.66667e-06
37100 -1.66667e-06
37150 -1.66667e-06
37200 -1.66667e-06
37250 -1.66667e-06
37300 -1.66667e-06
37350 -1.66667e-06
37400 -1.66667e-06
37450 -1.66667e-06
37500 -1.66667e-06
37550 -1.66667e-06
37600 -1.66667e-06
37650 -1.66667e-06
37700 -1.66667e-06
37750 -1.66667e-06
37800 -1.66667e-06
37850 -1.66667e-06
37900 -1.66667e-06
37950 -1.66667e-06
38000 -1.66667e-06
38050 -1.66667e-06
38100 -1.66667e-06
38150 -1.66667e-06
38200 -1.66667e-06
38250 -1.66667e-06
38300 -1.66667e-06
38350 -1.66667e-06
38400 -1.66667e-06
38450 -1.66667e-06
38500 -1.66667e-06
38550 -1.66667e-06
38600 -1.66667e-06
38650 -1.66667e-06
38700 -1.66667e-06
38750 -1.66667e-06
38800 -1.66667e-06
38850 -1.66667e-06
38900 -1.66667e-06
38950 -1.66667e-06
39000 -1.66667e-06
39050 -1.66667e-06
39100 -1.66667e-06
39150 -1.66667e-06
39200 -1.66667e-06
39250 -1.66667e-06
39300 -1.66667e-06
39350 -1.66667e-06
39400 -1.66667e-06
39450 -1.66667e-06
39500 -1.66667e-06
39550 -1.66667e-06
39600 -1.66667e-06
39650 -1.66667e-06
39700 -1.66667e-06
39750 -1.66667e-06
39800 -1.66667e-06
39850 -1.66667e-06
39900 -1.66667e-06
39950 -1.66667e-06
40000 -1.66667e-06
40050 -1.66667e-06
40100 -1.66667e-06
40150 -1.66667e-06
40200 -1.66667e-06
40250 -1.66667e-06
40300 -1.66667e-06
40350 -1.66667e-06
40400 -1.66667e-06
40450 -1.66667e-06
40500 -1.66667e-06
40550 -1.66667e-06
40600 -1.66667e-06
40650 -1.66667e-06
40700 -1.66667e-06
40750 -1.66667e-06
40800 -1.66667e-06
40850 -1.66667e-06
40900 -1.66667e-06
40950 -1.66667e-06
41000 -1.66667e-06
41050 -1.66667e-06
41100 -1.66667e-06
41150 -1.66667e-06
41200 -1.66667e-06
41250 -1.66667e-06
41300 -1.66667e-06
41350 -1.66667e-06
41400 -1.66667e-06
41450 -1.66667e-06
41500 -1.66667e-06
41550 -1.66667e-06
41600 -1.66667e-06
41650 -1.66667e-06
41700 -1.66667e-06
41750 -1.66667e-06
41800 -1.66667e-06
41850 -1.66667e-06
41900 -1.66667e-06
41950 -1.66667e-06
42000 -1.66667e-06
42050 -1.66667e-06
42100 -1.66667e-06
42150 -1.66667e-06
42200 -1.66667e-06
42250 -1.66667e-06
42300 -1.66667e-06
42350 -1.66667e-06
42400 -1.66667e-06
42450 -1.66667e-06
42500 -1.66667e-06
42550 -1.66667e-06
42600 -1.66667e-06
42650 -1.66667e-06
42700 -1.66667e-06
42750 -1.66667e-06
42800 -1.66667e-06
42850 -1.66667e-06
42900 -1.66667e-06
42950 -1.66667e-06
43000 -1.66667e-06
43050 -1.66667e-06
43100 -1.66667e-06
43150 -1.66667e-06
43200 -1.66667e-06
43250 -1.66667e-06
43300 -1.66667e-06
43350 -1.66667e-06
43400 -1.66667e-06
43450 -1.66667e-06
43500 -1.66667e-06
43550 -1.66667e-06
43600 -1.66667e-06
43650 -1.66667e-06
43700 -1.66667e-06
43750 -1.66667e-06
43800 -1.66667e-06
43850 -1.66667e-06
43900 -1.66667e-06
43950 -1.66667e-06
44000 -1.66667e-06
44050 -1.66667e-06
44100 -1.66667e-06
44150 -1.66667e-06
44200 -1.66667e-06
44250 -1.66667e-06
44300 -1.66667e-06
44350 -1.66667e-06
44400 -1.66667e-06
44450 -1.66667e-06
44500 -1.66667e-06
44550 -1.66667e-06
44600 -1.66667e-06
44650 -1.66667e-06
44700 -1.66667e-06
44750 -1.66667e-06
44800 -1.66667e-06
44850 -1.66667e-06
44900 -1.66667e-06
44950 -1.66667e-06
45000 -1.66667e-06
45050 -1.66667e-06
45100 -1.66667e-06
45150 -1.66667e-06
45200 -1.66667e-06
45250 -1.66667e-06
45300 -1.66667e-06
45350 -1.66667e-06
45400 -1.66667e-06
45450 -1.66667e-06
45500 -1.66667e-06
45550 -1.66667e-06
45600 -1.66667e-06
45650 -1.66667e-06
45700 -1.66667e-06
45750 -1.66667e-06
45800 -1.66667e-06
45850 -1.66667e-06
45900 -1.66667e-06
45950 -1.66667e-06
46000 -1.66667e-06
46050 -1.66667e-06
46100 -1.66667e-06
46150 -1.66667e-06
46200 -1.66667e-06
46250 -1.66667e-06
46300 -1.66667e-06
46350 -1.66667e-06
46400 -1.66667e-06
46450 -1.66667e-06
46500 -1.66667e-06
46550 -1.66667e-06
46600 -1.66667e-06
46650 -1.66667e-06
46700 -1.66667e-06
46750 -1.66667e-06
46800 -1.66667e-06
46850 -1.66667e-06
46900 -1.66667e-06
46950 -1.66667e-06
47000 -1.66667e-06
47050 -1.66667e-06
47100 -1.66667e-06
47150 -1.66667e-06
47200 -1.66667e-06
47250 -1.66667e-06
47300 -1.66667e-06
47350 -2.77556e-17
47400 -2.77556e-17
47450 -2.77556e-17
47500 -2.77556e-17
47550 -2.77556e-17
47600 -2.77556e-17
47650 -2.77556e-17
47700 -2.77556e-17
47750 -2.77556e-17
47800 -2.77556e-17
47850 -2.77556e-17
47900 -2.77556e-17
47950 -2.77556e-17
48000 -2.77556e-17
48050 -2.77556e-17
48100 -2.77556e-17
48150 -2.77556e-17
48200 -2.77556e-17
48250 -2.77556e-17
48300 -2.77556e-17
48350 -2.77556e-17
48400 -2.77556e-17
48450 -2.77556e-17
48500 -2.77556e-17
48550 -2.77556e-17
48600 -2.77556e-17
48650 -2.77556e-17
48700 -2.77556e-17
48750 -2.77556e-17
48800 -2.77556e-17
48850 -2.77556e-17
48900 -2.77556e-17
48950 -2.77556e-17
49000 -2.77556e-17
49050 -2.77556e-17
49100 -2.77556e-17
49150 -2.77556e-17
49200 -2.77556e-17
49250 -2.77556e-17
49300 -2.77556e-17
49350 -2.77556e-17
49400 -2.77556e-17
49450 -2.77556e-17
49500 -2.77556e-17
49550 -2.77556e-17
49600 -2.77556e-17
49650 -2.77556e-17
49700 -2.77556e-17
49750 -2.77556e-17
49800 -2.77556e-17
49850 -2.77556e-17
49900 -2.77556e-17
49950 -2.77556e-17
50000 -2.77556e-17
50050 -2.77556e-17
50100 -2.77556e-17
50150 -2.77556e-17
50200 -2.77556e-17
50250 -2.77556e-17
50300 -2.77556e-17
50350 -2.77556e-17
50400 -2.77556e-17
50450 -2.77556e-17
50500 -2.77556e-17
50550 -2.77556e-17
50600 -2.77556e-17
50650 -2.77556e-17
50700 -2.77556e-17
50750 -2.77556e-17
50800 -2.77556e-17
50850 -2.77556e-17
50900 -2.77556e-17
50950 -2.77556e-17
51000 -2.77556e-17
51050 -2.77556e-17
51100 -2.77556e-17
51150 -2.77556e-17
51200 -2.77556e-17
51250 -2.77556e-17
51300 -2.77556e-17
51350 -2.77556e-17
51400 -2.77556e-17
51450 -2.77556e-17
51500 -2.77556e-17
51550 -2.77556e-17
51600 -2.77556e-17
51650 -2.77556e-17
51700 -2.77556e-17
51750 -2.77556e-17
51800 -2.77556e-17
51850 -2.77556e-17
51900 -2.77556e-17
51950 -2.77556e-17
52000 -2.77556e-17
52050 -2.77556e-17
52100 -2.77556e-17
52150 -2.77556e-17
52200 -2.77556e-17
52250 -2.77556e-17
52300 -2.77556e-17
52350 -2.77556e-17
52400 -2.77556e-17
52450 -2.77556e-17
52500 -2.77556e-17
52550 -2.77556e-17
52600 -2.77556e-17
52650 -2.77556e-17
52700 -2.77556e-17
52750 -2.77556e-17
52800 -2.77556e-17
52850 -2.77556e-17
52900 -2.77556e-17
52950 -2.77556e-17
53000 -2.77556e-17
53050 -2.77556e-17
53100 -2.77556e-17
53150 -2.77556e-17
53200 -2.77556e-17
53250 -2.77556e-17
53300 -2.77556e-17
53350 -2.77556e-17
53400 -2.77556e-17
53450 -2.77556e-17
53500 -2.77556e-17
53550 -2.77556e-17
53600 -2.77556e-17
53650 -2.77556e-17
53700 -2.77556e-17
53750 -2.77556e-17
53800 -2.77556e-17
53850 -2.77556e-17
53900 -2.77556e-17
53950 -2.77556e-17
54000 -2.77556e-17
54050 -2.77556e-17
54100 -2.77556e-17
54150 -2.77556e-17
54200 -2.77556e-17
54250 -2.77556e-17
54300 -2.77556e-17
54350 -2.77556e-17
54400 -1.66667e-06
54450 -2.77556e-17
54500 -2.77556e-17
54550 -1.66667e-06
54600 -1.66667e-06
54650 -1.66667e-06
54700 -1.66667e-06
54750 -1.66667e-06
54800 -1.66667e-06
54850 -1.66667e-06
54900 -1.66667e-06
54950 -1.66667e-06
55000 -1.66667e-06
55050 -1.66667e-06
55100 -1.66667e-06
55150 -1.66667e-06
55200 -1.66667e-06
55250 -2.77556e-17
55300 -2.77556e-17
55350 -1.66667e-06
55400 -1.66667e-06
55450 -1.66667e-06
55500 -1.66667e-06
55550 -2.77556e-17
55600 -2.77556e-17
55650 -2.77556e-17
55700 -2.77556e-17
55750 -2.77556e-17
55800 -2.77556e-17
55850 -2.77556e-17
55900 -2.77556e-17
55950 -2.77556e-17
56000 -2.77556e-17
56050 -2.77556e-17
56100 -2.77556e-17
56150 -2.77556e-17
56200 -2.77556e-17
56250 -2.77556e-17
56300 -2.77556e-17
56350 -2.77556e-17
56400 -2.77556e-17
56450 -2.77556e-17
56500 -2.77556e-17
56550 -2.77556e-17
56600 -2.77556e-17
56650 -2.77556e-17
56700 -2.77556e-17
56750 -2.77556e-17
56800 -2.77556e-17
56850 -2.77556e-17
56900 -2.77556e-17
56950 -2.77556e-17
57000 -2.77556e-17
57050 -2.77556e-17
57100 -2.77556e-17
57150 -2.77556e-17
57200 -2.77556e-17
57250 -2.77556e-17
57300 -2.77556e-17
57350 -2.77556e-17
57400 -2.77556e-17
57450 -2.77556e-17
57500 -2.77556e-17
57550 -2.77556e-17
57600 -2.77556e-17
57650 -2.77556e-17
57700 -2.77556e-17
57750 -2.77556e-17
57800 -2.77556e-17
57850 -2.77556e-17
57900 -2.77556e-17
57950 -2.77556e-17
58000 -2.77556e-17
58050 -2.77556e-17
58100 -2.77556e-17
58150 -2.77556e-17
58200 -2.77556e-17
58250 -2.77556e-17
58300 -2.77556e-17
58350 -2.77556e-17
58400 -2.77556e-17
58450 -2.77556e-17
58500 -2.77556e-17
58550 -2.77556e-17
58600 -2.77556e-17
58650 -2.77556e-17
58700 -2.77556e-17
58750 -2.77556e-17
58800 -2.77556e-17
58850 -2.77556e-17
58900 -2.77556e-17
58950 -2.77556e-17
59000 -2.77556e-17
59050 -2.77556e-17
59100 -2.77556e-17
59150 -2.77556e-17
59200 -2.77556e-17
59250 -2.77556e-17
59300 -2.77556e-17
59350 -2.77556e-17
59400 -2.77556e-17
59450 -2.77556e-17
