50 -0.188888
100 -0.0666667
150 -0.0666683
200 -0.166667
250 -0.0666683
300 -0.166668
350 -0.0666667
400 0
450 -0.0666683
500 -0.0666667
550 -2.77556e-17
600 -0.0666667
650 0
700 -2.77556e-17
750 -1.66667e-06
800 -1.66667e-06
850 -1.66667e-06
900 0
950 0
1000 -1.66667e-06
1050 -2.77556e-17
1100 -2.77556e-17
1150 -2.77556e-17
1200 -1.66667e-06
1250 -1.66667e-06
1300 -1.66667e-06
1350 -1.66667e-06
1400 -2.77556e-17
1450 -1.66667e-06
1500 0
1550 -0.1
1600 0
1650 -1.66667e-06
1700 -1.66667e-06
1750 0
1800 -0.1
1850 -1.66667e-06
1900 -1.66667e-06
1950 -1.66667e-06
2000 0
2050 -2.77556e-17
2100 -2.77556e-17
2150 0
2200 0
2250 -1.66667e-06
2300 0
2350 -0.1
2400 0
2450 -2.77556e-17
2500 -2.77556e-17
2550 0
2600 -1.66667e-06
2650 -2.77556e-17
2700 -1.66667e-06
2750 -1.66667e-06
2800 -2.77556e-17
2850 -2.77556e-17
2900 -1.66667e-06
2950 0
3000 -1.66667e-06
3050 -1.66667e-06
3100 -2.77556e-17
3150 -2.77556e-17
3200 -1.66667e-06
3250 0
3300 -1.66667e-06
3350 -1.66667e-06
3400 -1.66667e-06
3450 -1.66667e-06
3500 0
3550 -1.66667e-06
3600 0
3650 -1.66667e-06
3700 -1.66667e-06
3750 0
3800 -1.66667e-06
3850 -2.77556e-17
3900 -1.66667e-06
3950 -2.77556e-17
4000 0
4050 -1.66667e-06
4100 -1.66667e-06
4150 0
4200 -2.77556e-17
4250 -1.66667e-06
4300 0
4350 0
4400 -1.66667e-06
4450 -0.1
4500 -1.66667e-06
4550 0
4600 -1.66667e-06
4650 0
4700 0
4750 0
4800 0
4850 -1.66667e-06
4900 0
4950 0
5000 -1.66667e-06
5050 -1.66667e-06
5100 -0.100002
5150 0
5200 0
5250 0
5300 -1.66667e-06
5350 -0.1
5400 -1.66667e-06
5450 -1.66667e-06
5500 -1.66667e-06
5550 0
5600 -1.66667e-06
5650 -1.66667e-06
5700 -1.66667e-06
5750 0
5800 -1.66667e-06
5850 -1.66667e-06
5900 -2.77556e-17
5950 -1.66667e-06
6000 -2.77556e-17
6050 -1.66667e-06
6100 -1.66667e-06
6150 0
6200 0
6250 0
6300 -1.66667e-06
6350 0
6400 0
6450 0
6500 -1.66667e-06
6550 -1.66667e-06
6600 0
6650 -1.66667e-06
6700 -1.66667e-06
6750 -1.66667e-06
6800 -1.66667e-06
6850 -2.77556e-17
6900 -2.77556e-17
6950 -2.77556e-17
7000 -1.66667e-06
7050 -1.66667e-06
7100 -1.66667e-06
7150 -1.66667e-06
7200 -1.66667e-06
7250 0
7300 -2.77556e-17
7350 0
7400 0
7450 -1.66667e-06
7500 -2.77556e-17
7550 -1.66667e-06
7600 -1.66667e-06
7650 -2.77556e-17
7700 -2.77556e-17
7750 -1.66667e-06
7800 0
7850 -1.66667e-06
7900 -2.77556e-17
7950 -2.77556e-17
8000 -2.77556e-17
8050 -2.77556e-17
8100 -2.77556e-17
8150 -1.66667e-06
8200 -1.66667e-06
8250 -1.66667e-06
8300 0
8350 -1.66667e-06
8400 -1.66667e-06
8450 -2.77556e-17
8500 -1.66667e-06
8550 -2.77556e-17
8600 -1.66667e-06
8650 -2.77556e-17
8700 -1.66667e-06
8750 -1.66667e-06
8800 -2.77556e-17
8850 0
8900 0
8950 -1.66667e-06
9000 -1.66667e-06
9050 0
9100 -2.77556e-17
9150 -1.66667e-06
9200 -2.77556e-17
9250 0
9300 0
9350 -1.66667e-06
9400 0
9450 -1.66667e-06
9500 -1.66667e-06
9550 0
9600 0
9650 -2.77556e-17
9700 -1.66667e-06
9750 0
9800 0
9850 -2.77556e-17
9900 -2.77556e-17
9950 0
10000 0
10050 -2.77556e-17
10100 0
10150 0
10200 -2.77556e-17
10250 0
10300 0
10350 0
10400 -2.77556e-17
10450 -0.1
10500 -1.66667e-06
10550 0
10600 -1.66667e-06
10650 0
10700 -1.66667e-06
10750 -2.77556e-17
10800 -1.66667e-06
10850 -1.66667e-06
10900 0
10950 -2.77556e-17
11000 -2.77556e-17
11050 0
11100 -2.77556e-17
11150 0
11200 -1.66667e-06
11250 0
11300 -1.66667e-06
11350 0
