50 1.66667e-06
100 0.0555583
150 0.0555567
200 0.0555583
250 0.0555567
300 0.0555567
350 0.0555583
400 0.0555583
450 3.33333e-06
500 3.33333e-06
550 0.166667
600 0.0555583
650 0.0555583
700 0.0555583
750 0.0555583
800 0.166668
850 0.166668
900 0.166668
950 0.0555583
1000 3.33333e-06
1050 3.33333e-06
1100 2.77556e-17
1150 0.166668
1200 0.0555583
1250 0.0555567
1300 2.77556e-17
1350 0.0555583
1400 0.166668
1450 0.166665
1500 0.166665
1550 0.166665
1600 0.0555567
1650 0.0555567
1700 0.166665
1750 0.0555583
1800 0.166665
1850 3.33333e-06
1900 0.0555583
1950 0.0555567
2000 0.0555567
2050 0.0555567
2100 3.33333e-06
2150 0.166668
2200 0.166668
2250 3.33333e-06
2300 0.166665
2350 3.33333e-06
2400 3.33333e-06
2450 0.0555567
2500 0.0555567
2550 3.33333e-06
2600 3.33333e-06
2650 0.222223
2700 0.0555583
2750 0.166665
2800 0.0555567
2850 0.0555567
2900 0.0555567
2950 0.0555567
3000 0.0555567
3050 0.0555583
3100 3.33333e-06
3150 3.33333e-06
3200 3.33333e-06
3250 2.77556e-17
3300 0.0555567
3350 0.0555567
3400 2.77556e-17
3450 2.77556e-17
3500 0.0555583
3550 0.0555583
3600 0.0555583
3650 0.0555583
3700 0.0555583
3750 2.77556e-17
3800 0.0555583
3850 3.33333e-06
3900 0.0555583
3950 3.33333e-06
4000 3.33333e-06
4050 0.0555567
4100 0.0555583
4150 0.0555583
4200 0.0555583
4250 1.66667e-06
4300 0.0555583
4350 0.0555583
4400 0.0555583
4450 0.0555583
4500 0.0555583
4550 0.0555583
4600 0.0555583
4650 0.0555567
4700 0.0555567
4750 0.0555567
4800 0.0555567
4850 1.66667e-06
4900 1.66667e-06
4950 0.0555567
5000 0.0555567
5050 2.77556e-17
5100 2.77556e-17
5150 2.77556e-17
5200 2.77556e-17
5250 2.77556e-17
5300 2.77556e-17
5350 2.77556e-17
5400 2.77556e-17
5450 2.77556e-17
5500 0.0555567
5550 2.77556e-17
5600 1.66667e-06
5650 3.33333e-06
5700 2.77556e-17
5750 0.0555583
5800 0.0555583
5850 0.0555583
5900 0.0555583
5950 0.0555583
6000 0.0555583
6050 0.0555583
6100 0.0555583
6150 0.0555583
6200 0.0555583
6250 0.0555583
6300 0.0555583
6350 0.0555583
6400 0.0555583
6450 0.0555583
6500 0.0555583
6550 0.0555583
6600 0.0555583
6650 0
6700 0.0555583
6750 2.77556e-17
6800 0.0555583
6850 0.0555567
6900 0.0555567
6950 0.0555567
7000 3.33333e-06
7050 2.77556e-17
7100 2.77556e-17
7150 2.77556e-17
7200 2.77556e-17
7250 2.77556e-17
7300 2.77556e-17
7350 2.77556e-17
7400 2.77556e-17
7450 2.77556e-17
7500 2.77556e-17
7550 2.77556e-17
7600 2.77556e-17
7650 2.77556e-17
7700 2.77556e-17
7750 2.77556e-17
7800 2.77556e-17
7850 2.77556e-17
7900 2.77556e-17
7950 2.77556e-17
8000 2.77556e-17
8050 2.77556e-17
8100 2.77556e-17
8150 2.77556e-17
8200 2.77556e-17
8250 2.77556e-17
8300 2.77556e-17
8350 2.77556e-17
8400 2.77556e-17
8450 2.77556e-17
8500 2.77556e-17
8550 2.77556e-17
8600 2.77556e-17
8650 2.77556e-17
8700 2.77556e-17
8750 2.77556e-17
8800 2.77556e-17
8850 2.77556e-17
8900 2.77556e-17
8950 2.77556e-17
9000 2.77556e-17
9050 2.77556e-17
9100 2.77556e-17
9150 2.77556e-17
9200 2.77556e-17
9250 1.66667e-06
9300 2.77556e-17
9350 1.66667e-06
9400 2.77556e-17
9450 2.77556e-17
9500 2.77556e-17
9550 2.77556e-17
9600 2.77556e-17
9650 2.77556e-17
9700 2.77556e-17
9750 2.77556e-17
9800 2.77556e-17
9850 2.77556e-17
9900 2.77556e-17
9950 2.77556e-17
10000 2.77556e-17
10050 2.77556e-17
10100 2.77556e-17
10150 2.77556e-17
10200 2.77556e-17
10250 2.77556e-17
10300 2.77556e-17
10350 0.0555567
10400 2.77556e-17
10450 2.77556e-17
10500 2.77556e-17
10550 2.77556e-17
10600 2.77556e-17
10650 2.77556e-17
10700 2.77556e-17
10750 2.77556e-17
10800 2.77556e-17
10850 2.77556e-17
10900 2.77556e-17
10950 2.77556e-17
11000 2.77556e-17
11050 2.77556e-17
11100 2.77556e-17
11150 2.77556e-17
11200 2.77556e-17
11250 2.77556e-17
11300 2.77556e-17
11350 2.77556e-17
11400 2.77556e-17
11450 2.77556e-17
11500 2.77556e-17
11550 2.77556e-17
11600 2.77556e-17
11650 2.77556e-17
11700 2.77556e-17
11750 2.77556e-17
11800 1.66667e-06
11850 2.77556e-17
11900 2.77556e-17
11950 0.0555567
12000 2.77556e-17
12050 2.77556e-17
12100 2.77556e-17
12150 2.77556e-17
12200 2.77556e-17
12250 2.77556e-17
12300 2.77556e-17
12350 2.77556e-17
12400 2.77556e-17
12450 2.77556e-17
12500 2.77556e-17
12550 2.77556e-17
12600 2.77556e-17
12650 2.77556e-17
12700 2.77556e-17
12750 2.77556e-17
12800 2.77556e-17
12850 2.77556e-17
12900 2.77556e-17
12950 2.77556e-17
13000 2.77556e-17
13050 2.77556e-17
13100 2.77556e-17
13150 2.77556e-17
13200 2.77556e-17
13250 2.77556e-17
13300 0
13350 2.77556e-17
13400 2.77556e-17
13450 2.77556e-17
13500 2.77556e-17
13550 2.77556e-17
13600 2.77556e-17
13650 2.77556e-17
13700 2.77556e-17
13750 2.77556e-17
13800 2.77556e-17
13850 2.77556e-17
13900 2.77556e-17
13950 2.77556e-17
14000 2.77556e-17
14050 2.77556e-17
14100 2.77556e-17
14150 2.77556e-17
14200 2.77556e-17
14250 2.77556e-17
14300 2.77556e-17
14350 2.77556e-17
14400 2.77556e-17
14450 2.77556e-17
14500 2.77556e-17
14550 2.77556e-17
14600 2.77556e-17
14650 2.77556e-17
14700 3.33333e-06
14750 2.77556e-17
14800 2.77556e-17
14850 2.77556e-17
14900 2.77556e-17
14950 2.77556e-17
15000 2.77556e-17
15050 2.77556e-17
15100 2.77556e-17
15150 2.77556e-17
15200 2.77556e-17
15250 2.77556e-17
15300 2.77556e-17
15350 2.77556e-17
15400 2.77556e-17
15450 2.77556e-17
15500 2.77556e-17
15550 2.77556e-17
15600 2.77556e-17
15650 2.77556e-17
15700 2.77556e-17
15750 2.77556e-17
15800 2.77556e-17
15850 2.77556e-17
15900 2.77556e-17
15950 2.77556e-17
16000 2.77556e-17
16050 2.77556e-17
16100 1.66667e-06
16150 2.77556e-17
16200 2.77556e-17
16250 2.77556e-17
16300 2.77556e-17
16350 2.77556e-17
16400 2.77556e-17
16450 2.77556e-17
16500 2.77556e-17
16550 2.77556e-17
16600 2.77556e-17
16650 2.77556e-17
16700 2.77556e-17
16750 2.77556e-17
16800 2.77556e-17
16850 2.77556e-17
16900 2.77556e-17
16950 2.77556e-17
17000 2.77556e-17
17050 2.77556e-17
17100 2.77556e-17
17150 2.77556e-17
17200 2.77556e-17
17250 2.77556e-17
17300 2.77556e-17
17350 2.77556e-17
17400 2.77556e-17
17450 2.77556e-17
17500 0.0555567
17550 2.77556e-17
17600 2.77556e-17
17650 2.77556e-17
17700 2.77556e-17
17750 2.77556e-17
17800 3.33333e-06
17850 2.77556e-17
17900 2.77556e-17
17950 2.77556e-17
18000 2.77556e-17
18050 1.66667e-06
18100 1.66667e-06
18150 2.77556e-17
18200 2.77556e-17
18250 2.77556e-17
18300 2.77556e-17
18350 2.77556e-17
18400 2.77556e-17
18450 2.77556e-17
18500 2.77556e-17
18550 2.77556e-17
18600 2.77556e-17
18650 2.77556e-17
18700 2.77556e-17
18750 2.77556e-17
18800 2.77556e-17
18850 2.77556e-17
18900 2.77556e-17
18950 3.33333e-06
19000 2.77556e-17
19050 2.77556e-17
19100 2.77556e-17
19150 2.77556e-17
19200 2.77556e-17
19250 2.77556e-17
19300 2.77556e-17
19350 2.77556e-17
19400 2.77556e-17
19450 2.77556e-17
19500 2.77556e-17
19550 1.66667e-06
19600 0.0555567
19650 0.0555567
19700 0.0555567
19750 0.0555567
19800 0.0555567
19850 0.0555567
19900 2.77556e-17
19950 3.33333e-06
20000 3.33333e-06
20050 3.33333e-06
20100 3.33333e-06
20150 3.33333e-06
20200 3.33333e-06
20250 3.33333e-06
20300 3.33333e-06
20350 3.33333e-06
20400 3.33333e-06
20450 3.33333e-06
20500 3.33333e-06
20550 3.33333e-06
20600 3.33333e-06
20650 3.33333e-06
20700 3.33333e-06
20750 3.33333e-06
20800 3.33333e-06
20850 3.33333e-06
20900 3.33333e-06
20950 3.33333e-06
21000 3.33333e-06
21050 3.33333e-06
21100 3.33333e-06
21150 3.33333e-06
21200 3.33333e-06
21250 3.33333e-06
21300 3.33333e-06
21350 3.33333e-06
21400 3.33333e-06
21450 3.33333e-06
21500 3.33333e-06
21550 3.33333e-06
21600 3.33333e-06
21650 3.33333e-06
21700 3.33333e-06
21750 3.33333e-06
21800 3.33333e-06
21850 3.33333e-06
21900 3.33333e-06
21950 3.33333e-06
22000 3.33333e-06
22050 3.33333e-06
22100 3.33333e-06
22150 3.33333e-06
22200 3.33333e-06
22250 3.33333e-06
22300 3.33333e-06
22350 3.33333e-06
22400 3.33333e-06
22450 3.33333e-06
22500 3.33333e-06
22550 3.33333e-06
22600 3.33333e-06
22650 3.33333e-06
22700 3.33333e-06
22750 3.33333e-06
22800 3.33333e-06
22850 3.33333e-06
22900 3.33333e-06
22950 3.33333e-06
23000 3.33333e-06
23050 3.33333e-06
23100 3.33333e-06
23150 3.33333e-06
23200 3.33333e-06
23250 3.33333e-06
23300 3.33333e-06
23350 3.33333e-06
23400 3.33333e-06
23450 3.33333e-06
23500 3.33333e-06
23550 3.33333e-06
23600 3.33333e-06
23650 3.33333e-06
23700 3.33333e-06
23750 3.33333e-06
23800 3.33333e-06
23850 3.33333e-06
23900 3.33333e-06
23950 3.33333e-06
24000 3.33333e-06
24050 3.33333e-06
24100 3.33333e-06
24150 3.33333e-06
24200 3.33333e-06
24250 3.33333e-06
24300 3.33333e-06
24350 3.33333e-06
24400 3.33333e-06
24450 3.33333e-06
24500 3.33333e-06
24550 3.33333e-06
24600 1.66667e-06
24650 3.33333e-06
24700 3.33333e-06
24750 3.33333e-06
24800 3.33333e-06
24850 3.33333e-06
24900 3.33333e-06
24950 3.33333e-06
25000 3.33333e-06
25050 3.33333e-06
25100 3.33333e-06
25150 3.33333e-06
25200 3.33333e-06
25250 3.33333e-06
25300 3.33333e-06
25350 3.33333e-06
25400 3.33333e-06
25450 3.33333e-06
25500 3.33333e-06
25550 3.33333e-06
25600 3.33333e-06
25650 3.33333e-06
25700 3.33333e-06
25750 3.33333e-06
25800 3.33333e-06
25850 3.33333e-06
25900 3.33333e-06
25950 3.33333e-06
26000 3.33333e-06
26050 3.33333e-06
26100 3.33333e-06
26150 3.33333e-06
26200 3.33333e-06
26250 3.33333e-06
26300 3.33333e-06
26350 2.77556e-17
26400 2.77556e-17
26450 3.33333e-06
26500 3.33333e-06
26550 3.33333e-06
26600 2.77556e-17
26650 2.77556e-17
26700 2.77556e-17
26750 2.77556e-17
26800 2.77556e-17
26850 2.77556e-17
26900 2.77556e-17
26950 2.77556e-17
27000 2.77556e-17
27050 2.77556e-17
27100 2.77556e-17
27150 2.77556e-17
27200 2.77556e-17
27250 2.77556e-17
27300 2.77556e-17
27350 2.77556e-17
27400 2.77556e-17
27450 2.77556e-17
27500 2.77556e-17
27550 2.77556e-17
27600 2.77556e-17
27650 2.77556e-17
27700 2.77556e-17
27750 2.77556e-17
27800 2.77556e-17
27850 2.77556e-17
27900 2.77556e-17
27950 2.77556e-17
28000 2.77556e-17
28050 2.77556e-17
28100 2.77556e-17
28150 2.77556e-17
28200 2.77556e-17
28250 2.77556e-17
28300 2.77556e-17
28350 2.77556e-17
28400 2.77556e-17
28450 2.77556e-17
28500 2.77556e-17
28550 2.77556e-17
28600 2.77556e-17
28650 2.77556e-17
28700 2.77556e-17
28750 2.77556e-17
28800 2.77556e-17
28850 2.77556e-17
28900 2.77556e-17
28950 2.77556e-17
29000 2.77556e-17
29050 2.77556e-17
29100 3.33333e-06
29150 3.33333e-06
29200 2.77556e-17
29250 2.77556e-17
29300 3.33333e-06
29350 3.33333e-06
29400 3.33333e-06
29450 3.33333e-06
29500 2.77556e-17
29550 2.77556e-17
29600 2.77556e-17
29650 2.77556e-17
29700 2.77556e-17
29750 2.77556e-17
29800 2.77556e-17
29850 2.77556e-17
29900 2.77556e-17
29950 2.77556e-17
30000 2.77556e-17
30050 2.77556e-17
30100 2.77556e-17
30150 2.77556e-17
30200 2.77556e-17
30250 2.77556e-17
30300 2.77556e-17
30350 2.77556e-17
30400 2.77556e-17
30450 2.77556e-17
30500 2.77556e-17
30550 2.77556e-17
30600 2.77556e-17
30650 2.77556e-17
30700 2.77556e-17
30750 2.77556e-17
30800 3.33333e-06
30850 3.33333e-06
30900 2.77556e-17
30950 2.77556e-17
31000 2.77556e-17
31050 2.77556e-17
31100 2.77556e-17
31150 3.33333e-06
31200 3.33333e-06
31250 2.77556e-17
31300 2.77556e-17
31350 2.77556e-17
31400 2.77556e-17
31450 2.77556e-17
31500 2.77556e-17
31550 2.77556e-17
31600 2.77556e-17
31650 2.77556e-17
31700 2.77556e-17
31750 2.77556e-17
31800 2.77556e-17
31850 2.77556e-17
31900 2.77556e-17
31950 2.77556e-17
32000 2.77556e-17
32050 2.77556e-17
32100 2.77556e-17
32150 0.0555567
32200 2.77556e-17
32250 2.77556e-17
32300 2.77556e-17
32350 2.77556e-17
32400 2.77556e-17
32450 2.77556e-17
32500 2.77556e-17
32550 2.77556e-17
32600 2.77556e-17
32650 2.77556e-17
32700 2.77556e-17
32750 2.77556e-17
32800 2.77556e-17
32850 2.77556e-17
32900 2.77556e-17
32950 2.77556e-17
33000 2.77556e-17
33050 2.77556e-17
33100 2.77556e-17
33150 2.77556e-17
33200 2.77556e-17
33250 2.77556e-17
33300 2.77556e-17
33350 2.77556e-17
33400 2.77556e-17
33450 2.77556e-17
33500 2.77556e-17
33550 2.77556e-17
33600 2.77556e-17
33650 2.77556e-17
33700 2.77556e-17
33750 2.77556e-17
33800 2.77556e-17
33850 2.77556e-17
33900 2.77556e-17
33950 2.77556e-17
34000 2.77556e-17
34050 2.77556e-17
34100 2.77556e-17
34150 2.77556e-17
34200 2.77556e-17
34250 2.77556e-17
34300 2.77556e-17
34350 2.77556e-17
34400 2.77556e-17
34450 2.77556e-17
34500 2.77556e-17
34550 2.77556e-17
34600 2.77556e-17
34650 2.77556e-17
34700 2.77556e-17
34750 2.77556e-17
34800 2.77556e-17
34850 2.77556e-17
34900 2.77556e-17
34950 2.77556e-17
35000 2.77556e-17
35050 2.77556e-17
35100 2.77556e-17
35150 2.77556e-17
35200 2.77556e-17
35250 2.77556e-17
35300 2.77556e-17
35350 2.77556e-17
35400 2.77556e-17
35450 2.77556e-17
35500 2.77556e-17
35550 2.77556e-17
35600 2.77556e-17
35650 2.77556e-17
35700 2.77556e-17
35750 2.77556e-17
35800 2.77556e-17
35850 2.77556e-17
35900 2.77556e-17
35950 2.77556e-17
36000 2.77556e-17
36050 2.77556e-17
36100 2.77556e-17
36150 2.77556e-17
36200 2.77556e-17
36250 2.77556e-17
36300 2.77556e-17
36350 2.77556e-17
36400 2.77556e-17
36450 2.77556e-17
36500 2.77556e-17
36550 2.77556e-17
36600 2.77556e-17
36650 2.77556e-17
36700 2.77556e-17
36750 2.77556e-17
36800 2.77556e-17
36850 2.77556e-17
36900 2.77556e-17
36950 2.77556e-17
37000 2.77556e-17
37050 2.77556e-17
37100 2.77556e-17
37150 2.77556e-17
37200 2.77556e-17
37250 2.77556e-17
37300 2.77556e-17
37350 2.77556e-17
37400 2.77556e-17
37450 2.77556e-17
37500 2.77556e-17
37550 2.77556e-17
37600 2.77556e-17
37650 2.77556e-17
37700 2.77556e-17
37750 2.77556e-17
37800 2.77556e-17
37850 2.77556e-17
37900 2.77556e-17
37950 2.77556e-17
38000 2.77556e-17
38050 2.77556e-17
38100 2.77556e-17
38150 2.77556e-17
38200 2.77556e-17
38250 2.77556e-17
38300 2.77556e-17
38350 2.77556e-17
38400 2.77556e-17
38450 2.77556e-17
38500 2.77556e-17
38550 2.77556e-17
38600 2.77556e-17
38650 2.77556e-17
38700 2.77556e-17
38750 2.77556e-17
38800 2.77556e-17
38850 2.77556e-17
38900 2.77556e-17
38950 2.77556e-17
39000 2.77556e-17
39050 2.77556e-17
39100 2.77556e-17
39150 2.77556e-17
39200 2.77556e-17
39250 2.77556e-17
39300 2.77556e-17
39350 2.77556e-17
39400 2.77556e-17
39450 2.77556e-17
39500 2.77556e-17
39550 2.77556e-17
39600 2.77556e-17
39650 2.77556e-17
39700 2.77556e-17
39750 2.77556e-17
39800 2.77556e-17
39850 2.77556e-17
39900 2.77556e-17
39950 2.77556e-17
40000 2.77556e-17
40050 2.77556e-17
40100 2.77556e-17
40150 2.77556e-17
40200 2.77556e-17
40250 2.77556e-17
40300 2.77556e-17
40350 2.77556e-17
40400 2.77556e-17
40450 2.77556e-17
40500 2.77556e-17
40550 2.77556e-17
40600 2.77556e-17
40650 2.77556e-17
40700 2.77556e-17
40750 2.77556e-17
40800 2.77556e-17
40850 2.77556e-17
40900 2.77556e-17
40950 2.77556e-17
41000 2.77556e-17
41050 2.77556e-17
41100 2.77556e-17
41150 2.77556e-17
41200 2.77556e-17
41250 2.77556e-17
41300 2.77556e-17
41350 2.77556e-17
41400 2.77556e-17
41450 2.77556e-17
41500 2.77556e-17
41550 2.77556e-17
41600 2.77556e-17
41650 2.77556e-17
41700 2.77556e-17
41750 2.77556e-17
41800 2.77556e-17
41850 2.77556e-17
41900 2.77556e-17
41950 2.77556e-17
42000 2.77556e-17
42050 2.77556e-17
42100 2.77556e-17
42150 2.77556e-17
42200 2.77556e-17
42250 2.77556e-17
42300 2.77556e-17
42350 2.77556e-17
42400 2.77556e-17
42450 2.77556e-17
42500 2.77556e-17
42550 2.77556e-17
42600 2.77556e-17
42650 2.77556e-17
42700 2.77556e-17
42750 2.77556e-17
42800 2.77556e-17
42850 2.77556e-17
42900 2.77556e-17
42950 2.77556e-17
43000 2.77556e-17
43050 2.77556e-17
43100 2.77556e-17
43150 2.77556e-17
43200 2.77556e-17
43250 2.77556e-17
43300 2.77556e-17
43350 2.77556e-17
43400 2.77556e-17
43450 2.77556e-17
43500 2.77556e-17
43550 2.77556e-17
43600 2.77556e-17
43650 2.77556e-17
43700 2.77556e-17
43750 2.77556e-17
43800 2.77556e-17
43850 2.77556e-17
43900 2.77556e-17
43950 2.77556e-17
44000 2.77556e-17
44050 2.77556e-17
44100 2.77556e-17
44150 2.77556e-17
44200 2.77556e-17
44250 2.77556e-17
44300 2.77556e-17
44350 2.77556e-17
44400 2.77556e-17
44450 2.77556e-17
44500 2.77556e-17
44550 2.77556e-17
44600 2.77556e-17
44650 2.77556e-17
44700 2.77556e-17
44750 2.77556e-17
44800 2.77556e-17
44850 2.77556e-17
44900 2.77556e-17
44950 2.77556e-17
45000 2.77556e-17
45050 2.77556e-17
45100 2.77556e-17
45150 2.77556e-17
45200 2.77556e-17
45250 2.77556e-17
45300 3.33333e-06
45350 3.33333e-06
45400 3.33333e-06
45450 3.33333e-06
45500 3.33333e-06
45550 3.33333e-06
45600 3.33333e-06
45650 2.77556e-17
45700 3.33333e-06
45750 3.33333e-06
45800 2.77556e-17
45850 2.77556e-17
45900 2.77556e-17
45950 2.77556e-17
46000 2.77556e-17
46050 2.77556e-17
46100 2.77556e-17
46150 2.77556e-17
46200 2.77556e-17
46250 2.77556e-17
46300 2.77556e-17
46350 2.77556e-17
46400 2.77556e-17
46450 3.33333e-06
46500 3.33333e-06
46550 3.33333e-06
46600 3.33333e-06
46650 2.77556e-17
46700 2.77556e-17
46750 2.77556e-17
46800 2.77556e-17
46850 2.77556e-17
46900 2.77556e-17
46950 2.77556e-17
47000 2.77556e-17
47050 2.77556e-17
47100 2.77556e-17
47150 2.77556e-17
47200 2.77556e-17
47250 2.77556e-17
47300 2.77556e-17
47350 2.77556e-17
47400 2.77556e-17
47450 2.77556e-17
47500 2.77556e-17
47550 2.77556e-17
47600 2.77556e-17
47650 2.77556e-17
47700 2.77556e-17
47750 2.77556e-17
47800 2.77556e-17
47850 2.77556e-17
47900 2.77556e-17
47950 2.77556e-17
48000 2.77556e-17
48050 2.77556e-17
48100 2.77556e-17
48150 2.77556e-17
48200 2.77556e-17
48250 2.77556e-17
48300 2.77556e-17
48350 2.77556e-17
48400 2.77556e-17
48450 2.77556e-17
48500 2.77556e-17
48550 2.77556e-17
48600 2.77556e-17
48650 2.77556e-17
48700 2.77556e-17
48750 2.77556e-17
48800 2.77556e-17
48850 2.77556e-17
48900 2.77556e-17
48950 2.77556e-17
49000 2.77556e-17
49050 2.77556e-17
49100 2.77556e-17
49150 2.77556e-17
49200 2.77556e-17
49250 2.77556e-17
49300 2.77556e-17
49350 2.77556e-17
49400 2.77556e-17
49450 2.77556e-17
49500 2.77556e-17
49550 2.77556e-17
49600 2.77556e-17
49650 2.77556e-17
49700 2.77556e-17
49750 2.77556e-17
49800 2.77556e-17
49850 2.77556e-17
49900 2.77556e-17
49950 2.77556e-17
50000 2.77556e-17
50050 2.77556e-17
50100 2.77556e-17
50150 2.77556e-17
50200 2.77556e-17
50250 2.77556e-17
50300 2.77556e-17
50350 2.77556e-17
50400 2.77556e-17
50450 2.77556e-17
50500 2.77556e-17
50550 2.77556e-17
50600 2.77556e-17
50650 2.77556e-17
50700 2.77556e-17
50750 2.77556e-17
50800 2.77556e-17
50850 2.77556e-17
50900 2.77556e-17
50950 2.77556e-17
51000 2.77556e-17
51050 2.77556e-17
51100 2.77556e-17
51150 2.77556e-17
51200 2.77556e-17
51250 2.77556e-17
51300 2.77556e-17
51350 2.77556e-17
51400 2.77556e-17
51450 2.77556e-17
51500 2.77556e-17
51550 2.77556e-17
51600 2.77556e-17
51650 2.77556e-17
51700 2.77556e-17
51750 2.77556e-17
51800 2.77556e-17
51850 2.77556e-17
51900 2.77556e-17
51950 2.77556e-17
52000 2.77556e-17
52050 2.77556e-17
52100 2.77556e-17
52150 2.77556e-17
52200 2.77556e-17
52250 2.77556e-17
52300 2.77556e-17
52350 2.77556e-17
52400 2.77556e-17
52450 2.77556e-17
52500 2.77556e-17
52550 2.77556e-17
52600 2.77556e-17
52650 2.77556e-17
52700 2.77556e-17
52750 2.77556e-17
52800 2.77556e-17
52850 2.77556e-17
52900 2.77556e-17
52950 2.77556e-17
53000 2.77556e-17
53050 2.77556e-17
53100 2.77556e-17
53150 2.77556e-17
53200 2.77556e-17
53250 2.77556e-17
53300 2.77556e-17
53350 2.77556e-17
53400 2.77556e-17
53450 2.77556e-17
53500 2.77556e-17
53550 2.77556e-17
53600 2.77556e-17
53650 2.77556e-17
53700 2.77556e-17
53750 2.77556e-17
53800 2.77556e-17
53850 2.77556e-17
53900 2.77556e-17
53950 2.77556e-17
54000 2.77556e-17
54050 2.77556e-17
54100 2.77556e-17
54150 2.77556e-17
54200 2.77556e-17
54250 2.77556e-17
54300 2.77556e-17
54350 2.77556e-17
54400 2.77556e-17
54450 2.77556e-17
54500 2.77556e-17
54550 2.77556e-17
54600 2.77556e-17
54650 2.77556e-17
54700 2.77556e-17
54750 2.77556e-17
54800 2.77556e-17
54850 3.33333e-06
54900 2.77556e-17
54950 2.77556e-17
55000 2.77556e-17
55050 2.77556e-17
55100 1.66667e-06
55150 1.66667e-06
55200 2.77556e-17
55250 2.77556e-17
55300 1.66667e-06
55350 2.77556e-17
55400 2.77556e-17
55450 3.33333e-06
55500 3.33333e-06
55550 3.33333e-06
55600 3.33333e-06
55650 3.33333e-06
55700 3.33333e-06
55750 3.33333e-06
55800 3.33333e-06
55850 3.33333e-06
55900 3.33333e-06
55950 3.33333e-06
56000 3.33333e-06
56050 2.77556e-17
56100 2.77556e-17
56150 3.33333e-06
56200 3.33333e-06
56250 3.33333e-06
56300 3.33333e-06
56350 2.77556e-17
56400 2.77556e-17
56450 1.66667e-06
56500 2.77556e-17
56550 1.66667e-06
56600 1.66667e-06
56650 1.66667e-06
56700 1.66667e-06
56750 1.66667e-06
56800 1.66667e-06
56850 1.66667e-06
56900 1.66667e-06
56950 1.66667e-06
57000 1.66667e-06
57050 1.66667e-06
57100 1.66667e-06
57150 1.66667e-06
57200 1.66667e-06
57250 1.66667e-06
57300 1.66667e-06
57350 1.66667e-06
57400 1.66667e-06
57450 1.66667e-06
57500 1.66667e-06
57550 1.66667e-06
57600 1.66667e-06
57650 1.66667e-06
57700 1.66667e-06
57750 2.77556e-17
57800 2.77556e-17
57850 2.77556e-17
57900 2.77556e-17
57950 2.77556e-17
58000 2.77556e-17
58050 2.77556e-17
58100 2.77556e-17
58150 2.77556e-17
58200 2.77556e-17
58250 2.77556e-17
58300 2.77556e-17
58350 2.77556e-17
58400 2.77556e-17
58450 2.77556e-17
58500 2.77556e-17
58550 2.77556e-17
58600 2.77556e-17
58650 2.77556e-17
58700 2.77556e-17
58750 2.77556e-17
58800 2.77556e-17
58850 3.33333e-06
58900 2.77556e-17
58950 2.77556e-17
59000 2.77556e-17
59050 3.33333e-06
59100 3.33333e-06
59150 3.33333e-06
59200 3.33333e-06
59250 3.33333e-06
59300 3.33333e-06
59350 3.33333e-06
59400 2.77556e-17
59450 2.77556e-17
59500 2.77556e-17
59550 2.77556e-17
59600 2.77556e-17
59650 2.77556e-17
59700 2.77556e-17
59750 2.77556e-17
59800 2.77556e-17
59850 2.77556e-17
59900 2.77556e-17
59950 2.77556e-17
60000 2.77556e-17
60050 2.77556e-17
60100 2.77556e-17
60150 2.77556e-17
60200 2.77556e-17
60250 2.77556e-17
60300 2.77556e-17
60350 2.77556e-17
60400 2.77556e-17
60450 2.77556e-17
60500 2.77556e-17
60550 2.77556e-17
60600 2.77556e-17
60650 2.77556e-17
60700 2.77556e-17
60750 2.77556e-17
60800 2.77556e-17
60850 2.77556e-17
60900 2.77556e-17
60950 2.77556e-17
61000 2.77556e-17
61050 2.77556e-17
61100 2.77556e-17
61150 2.77556e-17
61200 2.77556e-17
61250 2.77556e-17
61300 2.77556e-17
61350 2.77556e-17
61400 2.77556e-17
61450 2.77556e-17
61500 2.77556e-17
61550 2.77556e-17
61600 2.77556e-17
61650 2.77556e-17
61700 2.77556e-17
61750 2.77556e-17
61800 2.77556e-17
61850 2.77556e-17
61900 2.77556e-17
61950 3.33333e-06
62000 3.33333e-06
62050 3.33333e-06
62100 3.33333e-06
62150 3.33333e-06
62200 2.77556e-17
62250 2.77556e-17
62300 3.33333e-06
62350 2.77556e-17
62400 2.77556e-17
62450 2.77556e-17
62500 2.77556e-17
62550 2.77556e-17
62600 2.77556e-17
62650 2.77556e-17
62700 2.77556e-17
62750 2.77556e-17
62800 2.77556e-17
62850 2.77556e-17
62900 2.77556e-17
62950 2.77556e-17
63000 2.77556e-17
63050 2.77556e-17
63100 2.77556e-17
63150 2.77556e-17
63200 2.77556e-17
63250 2.77556e-17
63300 2.77556e-17
63350 2.77556e-17
63400 2.77556e-17
63450 2.77556e-17
63500 2.77556e-17
63550 2.77556e-17
63600 3.33333e-06
63650 2.77556e-17
63700 2.77556e-17
63750 2.77556e-17
63800 2.77556e-17
63850 2.77556e-17
63900 2.77556e-17
63950 2.77556e-17
64000 2.77556e-17
64050 2.77556e-17
64100 2.77556e-17
64150 2.77556e-17
64200 2.77556e-17
64250 2.77556e-17
64300 2.77556e-17
64350 2.77556e-17
64400 2.77556e-17
64450 2.77556e-17
64500 2.77556e-17
64550 2.77556e-17
64600 2.77556e-17
64650 2.77556e-17
64700 2.77556e-17
64750 2.77556e-17
64800 2.77556e-17
64850 2.77556e-17
64900 2.77556e-17
64950 2.77556e-17
65000 2.77556e-17
65050 2.77556e-17
65100 2.77556e-17
65150 2.77556e-17
65200 2.77556e-17
65250 2.77556e-17
65300 2.77556e-17
65350 2.77556e-17
65400 2.77556e-17
65450 2.77556e-17
65500 2.77556e-17
65550 2.77556e-17
65600 2.77556e-17
65650 2.77556e-17
65700 2.77556e-17
65750 2.77556e-17
65800 2.77556e-17
65850 2.77556e-17
65900 2.77556e-17
65950 2.77556e-17
66000 2.77556e-17
66050 2.77556e-17
66100 2.77556e-17
66150 2.77556e-17
66200 2.77556e-17
66250 2.77556e-17
66300 2.77556e-17
66350 2.77556e-17
66400 2.77556e-17
66450 2.77556e-17
66500 2.77556e-17
66550 2.77556e-17
66600 2.77556e-17
66650 2.77556e-17
66700 2.77556e-17
66750 2.77556e-17
66800 2.77556e-17
66850 2.77556e-17
66900 2.77556e-17
66950 3.33333e-06
67000 3.33333e-06
67050 3.33333e-06
67100 3.33333e-06
67150 3.33333e-06
67200 3.33333e-06
67250 3.33333e-06
67300 3.33333e-06
67350 3.33333e-06
67400 2.77556e-17
67450 2.77556e-17
67500 2.77556e-17
67550 2.77556e-17
67600 2.77556e-17
67650 2.77556e-17
67700 2.77556e-17
67750 2.77556e-17
67800 2.77556e-17
67850 2.77556e-17
67900 2.77556e-17
67950 2.77556e-17
68000 2.77556e-17
68050 2.77556e-17
68100 2.77556e-17
68150 2.77556e-17
68200 2.77556e-17
68250 2.77556e-17
68300 2.77556e-17
68350 2.77556e-17
68400 2.77556e-17
68450 2.77556e-17
68500 2.77556e-17
68550 2.77556e-17
68600 2.77556e-17
68650 2.77556e-17
68700 2.77556e-17
68750 2.77556e-17
68800 2.77556e-17
68850 2.77556e-17
68900 2.77556e-17
68950 2.77556e-17
69000 2.77556e-17
69050 2.77556e-17
69100 2.77556e-17
69150 2.77556e-17
69200 2.77556e-17
69250 2.77556e-17
69300 2.77556e-17
69350 2.77556e-17
69400 2.77556e-17
69450 2.77556e-17
69500 2.77556e-17
69550 2.77556e-17
69600 2.77556e-17
69650 2.77556e-17
69700 2.77556e-17
69750 2.77556e-17
69800 2.77556e-17
69850 2.77556e-17
69900 2.77556e-17
69950 2.77556e-17
70000 2.77556e-17
70050 2.77556e-17
70100 2.77556e-17
70150 2.77556e-17
70200 2.77556e-17
70250 2.77556e-17
70300 2.77556e-17
70350 2.77556e-17
70400 2.77556e-17
70450 2.77556e-17
70500 2.77556e-17
70550 2.77556e-17
70600 2.77556e-17
70650 2.77556e-17
70700 2.77556e-17
70750 2.77556e-17
70800 2.77556e-17
70850 2.77556e-17
70900 2.77556e-17
70950 2.77556e-17
71000 2.77556e-17
71050 2.77556e-17
71100 2.77556e-17
71150 2.77556e-17
71200 2.77556e-17
71250 2.77556e-17
71300 2.77556e-17
71350 2.77556e-17
71400 2.77556e-17
71450 2.77556e-17
71500 2.77556e-17
71550 2.77556e-17
71600 2.77556e-17
71650 3.33333e-06
71700 2.77556e-17
71750 2.77556e-17
71800 2.77556e-17
71850 2.77556e-17
71900 2.77556e-17
71950 2.77556e-17
72000 2.77556e-17
72050 2.77556e-17
72100 2.77556e-17
72150 2.77556e-17
72200 2.77556e-17
72250 2.77556e-17
72300 2.77556e-17
72350 2.77556e-17
72400 2.77556e-17
72450 2.77556e-17
72500 2.77556e-17
72550 2.77556e-17
72600 2.77556e-17
72650 2.77556e-17
72700 2.77556e-17
72750 2.77556e-17
72800 2.77556e-17
72850 2.77556e-17
72900 2.77556e-17
72950 2.77556e-17
73000 2.77556e-17
73050 2.77556e-17
73100 2.77556e-17
73150 2.77556e-17
73200 2.77556e-17
73250 3.33333e-06
73300 2.77556e-17
73350 2.77556e-17
73400 2.77556e-17
73450 3.33333e-06
73500 3.33333e-06
73550 3.33333e-06
73600 3.33333e-06
73650 2.77556e-17
73700 2.77556e-17
73750 2.77556e-17
73800 2.77556e-17
73850 2.77556e-17
73900 2.77556e-17
73950 2.77556e-17
74000 2.77556e-17
74050 2.77556e-17
74100 2.77556e-17
74150 2.77556e-17
74200 2.77556e-17
74250 2.77556e-17
74300 3.33333e-06
74350 3.33333e-06
74400 3.33333e-06
74450 2.77556e-17
74500 2.77556e-17
74550 3.33333e-06
74600 3.33333e-06
74650 3.33333e-06
74700 3.33333e-06
74750 3.33333e-06
74800 3.33333e-06
74850 3.33333e-06
74900 3.33333e-06
74950 3.33333e-06
75000 3.33333e-06
75050 3.33333e-06
75100 3.33333e-06
75150 3.33333e-06
75200 3.33333e-06
75250 3.33333e-06
75300 3.33333e-06
75350 3.33333e-06
75400 3.33333e-06
75450 3.33333e-06
75500 3.33333e-06
75550 3.33333e-06
75600 3.33333e-06
75650 3.33333e-06
75700 3.33333e-06
75750 3.33333e-06
75800 3.33333e-06
75850 3.33333e-06
75900 3.33333e-06
75950 3.33333e-06
76000 3.33333e-06
76050 3.33333e-06
76100 3.33333e-06
76150 3.33333e-06
76200 3.33333e-06
76250 3.33333e-06
76300 3.33333e-06
76350 3.33333e-06
76400 3.33333e-06
76450 3.33333e-06
76500 3.33333e-06
76550 3.33333e-06
76600 3.33333e-06
76650 3.33333e-06
76700 3.33333e-06
76750 3.33333e-06
76800 3.33333e-06
76850 3.33333e-06
76900 3.33333e-06
76950 3.33333e-06
77000 3.33333e-06
77050 3.33333e-06
77100 3.33333e-06
77150 3.33333e-06
77200 3.33333e-06
77250 3.33333e-06
77300 3.33333e-06
77350 3.33333e-06
77400 3.33333e-06
77450 3.33333e-06
77500 3.33333e-06
77550 3.33333e-06
77600 3.33333e-06
77650 3.33333e-06
77700 3.33333e-06
77750 3.33333e-06
77800 3.33333e-06
77850 3.33333e-06
77900 3.33333e-06
77950 3.33333e-06
78000 3.33333e-06
78050 3.33333e-06
78100 3.33333e-06
78150 3.33333e-06
78200 3.33333e-06
78250 3.33333e-06
78300 3.33333e-06
78350 3.33333e-06
78400 3.33333e-06
78450 3.33333e-06
78500 3.33333e-06
78550 3.33333e-06
78600 3.33333e-06
78650 3.33333e-06
78700 3.33333e-06
78750 3.33333e-06
78800 3.33333e-06
78850 3.33333e-06
78900 3.33333e-06
78950 3.33333e-06
79000 3.33333e-06
79050 3.33333e-06
79100 3.33333e-06
79150 3.33333e-06
79200 3.33333e-06
79250 3.33333e-06
79300 3.33333e-06
79350 3.33333e-06
79400 3.33333e-06
79450 3.33333e-06
79500 3.33333e-06
79550 3.33333e-06
79600 3.33333e-06
79650 3.33333e-06
79700 3.33333e-06
79750 3.33333e-06
79800 3.33333e-06
79850 3.33333e-06
79900 3.33333e-06
79950 3.33333e-06
80000 3.33333e-06
80050 3.33333e-06
80100 3.33333e-06
80150 3.33333e-06
80200 3.33333e-06
80250 3.33333e-06
80300 3.33333e-06
80350 3.33333e-06
80400 3.33333e-06
80450 3.33333e-06
80500 3.33333e-06
80550 3.33333e-06
80600 0.0555583
80650 0.0555583
80700 3.33333e-06
80750 3.33333e-06
80800 3.33333e-06
80850 3.33333e-06
80900 3.33333e-06
80950 3.33333e-06
81000 3.33333e-06
81050 3.33333e-06
81100 3.33333e-06
81150 3.33333e-06
81200 3.33333e-06
81250 3.33333e-06
81300 3.33333e-06
81350 3.33333e-06
81400 3.33333e-06
81450 3.33333e-06
81500 3.33333e-06
81550 3.33333e-06
81600 3.33333e-06
81650 3.33333e-06
81700 3.33333e-06
81750 3.33333e-06
81800 3.33333e-06
81850 3.33333e-06
81900 3.33333e-06
81950 3.33333e-06
82000 3.33333e-06
82050 3.33333e-06
82100 3.33333e-06
82150 3.33333e-06
82200 3.33333e-06
82250 3.33333e-06
82300 3.33333e-06
82350 3.33333e-06
82400 3.33333e-06
82450 3.33333e-06
82500 3.33333e-06
82550 3.33333e-06
82600 3.33333e-06
82650 3.33333e-06
82700 3.33333e-06
82750 3.33333e-06
82800 3.33333e-06
82850 3.33333e-06
82900 3.33333e-06
82950 3.33333e-06
83000 3.33333e-06
83050 3.33333e-06
83100 3.33333e-06
83150 3.33333e-06
83200 3.33333e-06
83250 3.33333e-06
83300 3.33333e-06
83350 3.33333e-06
83400 3.33333e-06
83450 3.33333e-06
83500 3.33333e-06
83550 3.33333e-06
83600 3.33333e-06
83650 3.33333e-06
83700 3.33333e-06
83750 3.33333e-06
83800 3.33333e-06
83850 3.33333e-06
83900 3.33333e-06
83950 3.33333e-06
84000 3.33333e-06
84050 3.33333e-06
84100 3.33333e-06
84150 3.33333e-06
84200 3.33333e-06
84250 3.33333e-06
84300 3.33333e-06
84350 3.33333e-06
84400 3.33333e-06
84450 3.33333e-06
84500 3.33333e-06
84550 3.33333e-06
84600 3.33333e-06
84650 3.33333e-06
84700 3.33333e-06
84750 3.33333e-06
84800 3.33333e-06
84850 3.33333e-06
84900 3.33333e-06
84950 3.33333e-06
85000 3.33333e-06
85050 3.33333e-06
85100 3.33333e-06
85150 3.33333e-06
85200 3.33333e-06
85250 3.33333e-06
85300 3.33333e-06
85350 3.33333e-06
85400 3.33333e-06
85450 3.33333e-06
85500 3.33333e-06
85550 3.33333e-06
85600 3.33333e-06
85650 3.33333e-06
85700 3.33333e-06
85750 3.33333e-06
85800 3.33333e-06
85850 3.33333e-06
85900 3.33333e-06
85950 3.33333e-06
86000 3.33333e-06
86050 3.33333e-06
86100 3.33333e-06
86150 3.33333e-06
86200 3.33333e-06
86250 3.33333e-06
86300 3.33333e-06
86350 3.33333e-06
86400 3.33333e-06
86450 3.33333e-06
86500 3.33333e-06
86550 3.33333e-06
86600 3.33333e-06
86650 3.33333e-06
86700 3.33333e-06
86750 3.33333e-06
86800 3.33333e-06
86850 3.33333e-06
86900 3.33333e-06
86950 3.33333e-06
87000 3.33333e-06
87050 3.33333e-06
87100 3.33333e-06
87150 3.33333e-06
87200 3.33333e-06
87250 3.33333e-06
87300 3.33333e-06
87350 3.33333e-06
87400 3.33333e-06
87450 3.33333e-06
87500 3.33333e-06
87550 3.33333e-06
87600 3.33333e-06
87650 3.33333e-06
87700 3.33333e-06
87750 3.33333e-06
87800 3.33333e-06
87850 3.33333e-06
87900 3.33333e-06
87950 3.33333e-06
88000 3.33333e-06
88050 3.33333e-06
88100 3.33333e-06
88150 3.33333e-06
88200 3.33333e-06
88250 3.33333e-06
88300 3.33333e-06
88350 3.33333e-06
88400 3.33333e-06
88450 3.33333e-06
88500 3.33333e-06
88550 3.33333e-06
88600 3.33333e-06
88650 3.33333e-06
88700 3.33333e-06
88750 3.33333e-06
88800 3.33333e-06
88850 3.33333e-06
88900 3.33333e-06
88950 3.33333e-06
89000 3.33333e-06
89050 3.33333e-06
89100 3.33333e-06
89150 3.33333e-06
89200 3.33333e-06
89250 3.33333e-06
89300 3.33333e-06
89350 3.33333e-06
89400 3.33333e-06
89450 3.33333e-06
89500 3.33333e-06
89550 3.33333e-06
89600 3.33333e-06
89650 3.33333e-06
89700 3.33333e-06
89750 3.33333e-06
89800 3.33333e-06
89850 3.33333e-06
89900 3.33333e-06
89950 3.33333e-06
90000 3.33333e-06
90050 3.33333e-06
90100 3.33333e-06
90150 3.33333e-06
90200 3.33333e-06
90250 3.33333e-06
90300 3.33333e-06
90350 3.33333e-06
90400 3.33333e-06
90450 3.33333e-06
90500 3.33333e-06
90550 3.33333e-06
90600 3.33333e-06
90650 3.33333e-06
90700 3.33333e-06
90750 3.33333e-06
90800 3.33333e-06
90850 3.33333e-06
90900 3.33333e-06
90950 3.33333e-06
91000 3.33333e-06
91050 3.33333e-06
91100 3.33333e-06
91150 3.33333e-06
91200 3.33333e-06
91250 3.33333e-06
91300 3.33333e-06
91350 3.33333e-06
91400 3.33333e-06
91450 3.33333e-06
91500 3.33333e-06
91550 3.33333e-06
91600 3.33333e-06
91650 3.33333e-06
91700 3.33333e-06
91750 3.33333e-06
91800 3.33333e-06
91850 3.33333e-06
91900 3.33333e-06
91950 3.33333e-06
92000 3.33333e-06
92050 3.33333e-06
92100 3.33333e-06
92150 3.33333e-06
92200 3.33333e-06
92250 3.33333e-06
92300 3.33333e-06
92350 3.33333e-06
92400 3.33333e-06
92450 3.33333e-06
92500 3.33333e-06
92550 2.77556e-17
92600 2.77556e-17
92650 3.33333e-06
92700 3.33333e-06
92750 3.33333e-06
92800 3.33333e-06
92850 3.33333e-06
92900 3.33333e-06
92950 3.33333e-06
93000 3.33333e-06
93050 3.33333e-06
93100 3.33333e-06
93150 3.33333e-06
93200 3.33333e-06
93250 3.33333e-06
93300 3.33333e-06
93350 3.33333e-06
93400 3.33333e-06
93450 3.33333e-06
93500 3.33333e-06
93550 3.33333e-06
93600 3.33333e-06
93650 3.33333e-06
93700 3.33333e-06
93750 3.33333e-06
93800 3.33333e-06
93850 3.33333e-06
93900 3.33333e-06
93950 3.33333e-06
94000 3.33333e-06
94050 3.33333e-06
94100 3.33333e-06
94150 3.33333e-06
94200 3.33333e-06
94250 3.33333e-06
94300 3.33333e-06
94350 3.33333e-06
94400 3.33333e-06
94450 3.33333e-06
94500 3.33333e-06
94550 3.33333e-06
94600 3.33333e-06
94650 3.33333e-06
94700 3.33333e-06
94750 3.33333e-06
94800 3.33333e-06
94850 3.33333e-06
94900 3.33333e-06
94950 3.33333e-06
95000 3.33333e-06
95050 3.33333e-06
95100 3.33333e-06
95150 3.33333e-06
95200 3.33333e-06
95250 3.33333e-06
95300 3.33333e-06
95350 3.33333e-06
95400 3.33333e-06
95450 3.33333e-06
95500 3.33333e-06
95550 3.33333e-06
95600 3.33333e-06
95650 3.33333e-06
95700 3.33333e-06
95750 3.33333e-06
95800 3.33333e-06
95850 3.33333e-06
95900 3.33333e-06
95950 3.33333e-06
96000 3.33333e-06
96050 3.33333e-06
96100 3.33333e-06
96150 3.33333e-06
96200 2.77556e-17
96250 2.77556e-17
96300 2.77556e-17
96350 3.33333e-06
96400 3.33333e-06
96450 3.33333e-06
96500 3.33333e-06
96550 3.33333e-06
96600 3.33333e-06
96650 1.66667e-06
96700 1.66667e-06
96750 3.33333e-06
96800 3.33333e-06
96850 1.66667e-06
96900 1.66667e-06
96950 1.66667e-06
97000 1.66667e-06
97050 3.33333e-06
97100 3.33333e-06
97150 3.33333e-06
97200 3.33333e-06
97250 3.33333e-06
97300 3.33333e-06
97350 3.33333e-06
97400 3.33333e-06
97450 3.33333e-06
97500 3.33333e-06
97550 3.33333e-06
97600 3.33333e-06
97650 3.33333e-06
97700 3.33333e-06
97750 3.33333e-06
97800 3.33333e-06
97850 3.33333e-06
97900 3.33333e-06
97950 3.33333e-06
98000 3.33333e-06
98050 3.33333e-06
98100 3.33333e-06
98150 3.33333e-06
98200 3.33333e-06
98250 3.33333e-06
98300 3.33333e-06
98350 3.33333e-06
98400 3.33333e-06
98450 3.33333e-06
98500 3.33333e-06
98550 3.33333e-06
98600 3.33333e-06
98650 3.33333e-06
98700 3.33333e-06
98750 3.33333e-06
98800 3.33333e-06
98850 3.33333e-06
98900 3.33333e-06
98950 3.33333e-06
99000 3.33333e-06
99050 3.33333e-06
99100 3.33333e-06
99150 3.33333e-06
99200 3.33333e-06
99250 3.33333e-06
99300 3.33333e-06
99350 3.33333e-06
99400 3.33333e-06
99450 3.33333e-06
99500 3.33333e-06
99550 3.33333e-06
99600 3.33333e-06
99650 3.33333e-06
99700 3.33333e-06
99750 3.33333e-06
99800 3.33333e-06
99850 3.33333e-06
99900 3.33333e-06
99950 3.33333e-06
100000 3.33333e-06
100050 3.33333e-06
100100 3.33333e-06
100150 3.33333e-06
100200 3.33333e-06
100250 3.33333e-06
100300 3.33333e-06
100350 3.33333e-06
100400 3.33333e-06
100450 3.33333e-06
100500 3.33333e-06
100550 3.33333e-06
100600 3.33333e-06
100650 3.33333e-06
100700 3.33333e-06
100750 3.33333e-06
100800 3.33333e-06
100850 3.33333e-06
100900 3.33333e-06
100950 3.33333e-06
101000 3.33333e-06
101050 3.33333e-06
101100 3.33333e-06
101150 3.33333e-06
101200 3.33333e-06
101250 3.33333e-06
101300 3.33333e-06
101350 3.33333e-06
101400 3.33333e-06
101450 3.33333e-06
101500 3.33333e-06
101550 3.33333e-06
101600 3.33333e-06
101650 3.33333e-06
101700 3.33333e-06
101750 3.33333e-06
101800 3.33333e-06
101850 3.33333e-06
101900 3.33333e-06
101950 3.33333e-06
102000 3.33333e-06
102050 3.33333e-06
102100 3.33333e-06
102150 3.33333e-06
102200 3.33333e-06
102250 3.33333e-06
102300 3.33333e-06
102350 3.33333e-06
102400 3.33333e-06
102450 3.33333e-06
102500 3.33333e-06
102550 3.33333e-06
102600 3.33333e-06
102650 3.33333e-06
102700 3.33333e-06
102750 3.33333e-06
102800 3.33333e-06
102850 3.33333e-06
102900 3.33333e-06
102950 3.33333e-06
103000 3.33333e-06
103050 3.33333e-06
103100 3.33333e-06
103150 3.33333e-06
103200 3.33333e-06
103250 3.33333e-06
103300 3.33333e-06
103350 3.33333e-06
103400 3.33333e-06
103450 3.33333e-06
103500 3.33333e-06
103550 3.33333e-06
103600 3.33333e-06
103650 3.33333e-06
103700 3.33333e-06
103750 3.33333e-06
103800 3.33333e-06
103850 3.33333e-06
103900 3.33333e-06
103950 3.33333e-06
104000 3.33333e-06
104050 3.33333e-06
104100 3.33333e-06
104150 3.33333e-06
104200 3.33333e-06
104250 3.33333e-06
104300 3.33333e-06
104350 3.33333e-06
104400 3.33333e-06
104450 3.33333e-06
104500 3.33333e-06
104550 3.33333e-06
104600 3.33333e-06
104650 3.33333e-06
104700 3.33333e-06
104750 3.33333e-06
104800 3.33333e-06
104850 3.33333e-06
104900 3.33333e-06
104950 3.33333e-06
105000 3.33333e-06
105050 3.33333e-06
105100 3.33333e-06
105150 3.33333e-06
105200 3.33333e-06
105250 3.33333e-06
105300 3.33333e-06
105350 3.33333e-06
105400 3.33333e-06
105450 3.33333e-06
105500 3.33333e-06
105550 3.33333e-06
105600 3.33333e-06
105650 3.33333e-06
105700 3.33333e-06
105750 3.33333e-06
105800 3.33333e-06
105850 3.33333e-06
105900 3.33333e-06
105950 2.77556e-17
106000 3.33333e-06
106050 3.33333e-06
106100 3.33333e-06
106150 3.33333e-06
106200 3.33333e-06
106250 3.33333e-06
106300 2.77556e-17
106350 3.33333e-06
106400 3.33333e-06
106450 3.33333e-06
106500 2.77556e-17
106550 2.77556e-17
106600 2.77556e-17
106650 2.77556e-17
106700 2.77556e-17
106750 2.77556e-17
106800 2.77556e-17
106850 2.77556e-17
106900 2.77556e-17
106950 2.77556e-17
107000 2.77556e-17
107050 3.33333e-06
107100 2.77556e-17
107150 2.77556e-17
107200 3.33333e-06
107250 3.33333e-06
107300 3.33333e-06
107350 3.33333e-06
107400 3.33333e-06
107450 3.33333e-06
107500 3.33333e-06
107550 2.77556e-17
107600 2.77556e-17
107650 2.77556e-17
107700 2.77556e-17
107750 2.77556e-17
107800 2.77556e-17
107850 2.77556e-17
107900 2.77556e-17
107950 3.33333e-06
108000 2.77556e-17
108050 2.77556e-17
108100 2.77556e-17
108150 2.77556e-17
108200 2.77556e-17
108250 2.77556e-17
108300 2.77556e-17
108350 2.77556e-17
108400 2.77556e-17
108450 2.77556e-17
108500 2.77556e-17
108550 2.77556e-17
108600 2.77556e-17
108650 2.77556e-17
108700 2.77556e-17
108750 2.77556e-17
108800 2.77556e-17
108850 2.77556e-17
108900 2.77556e-17
108950 2.77556e-17
109000 2.77556e-17
109050 1.66667e-06
109100 1.66667e-06
109150 1.66667e-06
109200 1.66667e-06
109250 1.66667e-06
109300 1.66667e-06
109350 1.66667e-06
109400 1.66667e-06
109450 1.66667e-06
109500 1.66667e-06
109550 1.66667e-06
109600 1.66667e-06
109650 1.66667e-06
109700 1.66667e-06
109750 1.66667e-06
109800 1.66667e-06
109850 1.66667e-06
109900 1.66667e-06
109950 1.66667e-06
110000 1.66667e-06
110050 1.66667e-06
110100 1.66667e-06
110150 1.66667e-06
110200 1.66667e-06
110250 1.66667e-06
110300 1.66667e-06
110350 1.66667e-06
110400 1.66667e-06
110450 1.66667e-06
110500 1.66667e-06
110550 1.66667e-06
110600 1.66667e-06
110650 1.66667e-06
110700 1.66667e-06
110750 1.66667e-06
110800 1.66667e-06
110850 1.66667e-06
110900 1.66667e-06
110950 1.66667e-06
111000 1.66667e-06
111050 1.66667e-06
111100 1.66667e-06
111150 1.66667e-06
111200 1.66667e-06
111250 1.66667e-06
111300 1.66667e-06
111350 1.66667e-06
111400 1.66667e-06
111450 1.66667e-06
111500 1.66667e-06
111550 1.66667e-06
111600 1.66667e-06
111650 1.66667e-06
111700 1.66667e-06
111750 1.66667e-06
111800 1.66667e-06
111850 1.66667e-06
111900 1.66667e-06
111950 1.66667e-06
112000 1.66667e-06
112050 1.66667e-06
112100 1.66667e-06
112150 1.66667e-06
112200 1.66667e-06
112250 1.66667e-06
112300 1.66667e-06
112350 1.66667e-06
112400 1.66667e-06
112450 1.66667e-06
112500 1.66667e-06
112550 1.66667e-06
112600 1.66667e-06
112650 1.66667e-06
112700 1.66667e-06
112750 1.66667e-06
112800 2.77556e-17
112850 2.77556e-17
112900 2.77556e-17
112950 2.77556e-17
113000 2.77556e-17
113050 2.77556e-17
113100 2.77556e-17
113150 2.77556e-17
113200 2.77556e-17
113250 2.77556e-17
113300 2.77556e-17
113350 2.77556e-17
113400 2.77556e-17
113450 2.77556e-17
113500 2.77556e-17
113550 2.77556e-17
113600 2.77556e-17
113650 2.77556e-17
113700 2.77556e-17
113750 2.77556e-17
113800 2.77556e-17
113850 2.77556e-17
113900 2.77556e-17
113950 2.77556e-17
114000 2.77556e-17
114050 2.77556e-17
114100 2.77556e-17
114150 2.77556e-17
114200 2.77556e-17
114250 2.77556e-17
114300 2.77556e-17
114350 2.77556e-17
114400 2.77556e-17
114450 2.77556e-17
114500 2.77556e-17
114550 2.77556e-17
114600 2.77556e-17
114650 2.77556e-17
114700 2.77556e-17
114750 2.77556e-17
114800 2.77556e-17
114850 2.77556e-17
114900 2.77556e-17
114950 2.77556e-17
115000 2.77556e-17
115050 2.77556e-17
115100 2.77556e-17
115150 2.77556e-17
115200 2.77556e-17
115250 2.77556e-17
115300 2.77556e-17
115350 2.77556e-17
115400 2.77556e-17
115450 2.77556e-17
115500 2.77556e-17
115550 2.77556e-17
115600 2.77556e-17
115650 2.77556e-17
115700 2.77556e-17
115750 2.77556e-17
115800 2.77556e-17
115850 2.77556e-17
115900 2.77556e-17
115950 2.77556e-17
116000 2.77556e-17
116050 2.77556e-17
116100 2.77556e-17
116150 2.77556e-17
116200 2.77556e-17
116250 2.77556e-17
116300 2.77556e-17
116350 2.77556e-17
116400 2.77556e-17
116450 2.77556e-17
116500 2.77556e-17
116550 2.77556e-17
116600 2.77556e-17
116650 2.77556e-17
116700 2.77556e-17
116750 2.77556e-17
116800 2.77556e-17
116850 2.77556e-17
116900 2.77556e-17
116950 2.77556e-17
117000 2.77556e-17
117050 2.77556e-17
117100 2.77556e-17
117150 2.77556e-17
117200 2.77556e-17
117250 2.77556e-17
117300 2.77556e-17
117350 2.77556e-17
117400 2.77556e-17
117450 2.77556e-17
117500 2.77556e-17
117550 2.77556e-17
117600 2.77556e-17
117650 2.77556e-17
117700 2.77556e-17
117750 2.77556e-17
117800 2.77556e-17
117850 2.77556e-17
117900 2.77556e-17
117950 2.77556e-17
118000 2.77556e-17
118050 2.77556e-17
118100 2.77556e-17
118150 2.77556e-17
118200 2.77556e-17
118250 2.77556e-17
118300 2.77556e-17
118350 2.77556e-17
118400 2.77556e-17
118450 2.77556e-17
118500 2.77556e-17
118550 2.77556e-17
118600 2.77556e-17
118650 2.77556e-17
118700 2.77556e-17
118750 2.77556e-17
118800 2.77556e-17
118850 2.77556e-17
118900 2.77556e-17
118950 2.77556e-17
119000 2.77556e-17
119050 2.77556e-17
119100 2.77556e-17
119150 2.77556e-17
119200 2.77556e-17
119250 2.77556e-17
119300 2.77556e-17
119350 2.77556e-17
119400 2.77556e-17
119450 2.77556e-17
119500 2.77556e-17
119550 2.77556e-17
119600 2.77556e-17
119650 2.77556e-17
119700 2.77556e-17
119750 2.77556e-17
119800 2.77556e-17
119850 2.77556e-17
119900 2.77556e-17
119950 2.77556e-17
120000 2.77556e-17
120050 2.77556e-17
120100 2.77556e-17
120150 2.77556e-17
120200 2.77556e-17
120250 2.77556e-17
120300 2.77556e-17
120350 2.77556e-17
120400 2.77556e-17
120450 2.77556e-17
120500 2.77556e-17
120550 2.77556e-17
120600 2.77556e-17
120650 2.77556e-17
120700 2.77556e-17
120750 2.77556e-17
120800 2.77556e-17
120850 2.77556e-17
120900 2.77556e-17
120950 2.77556e-17
121000 2.77556e-17
121050 2.77556e-17
121100 2.77556e-17
121150 2.77556e-17
121200 2.77556e-17
121250 2.77556e-17
121300 2.77556e-17
121350 2.77556e-17
121400 2.77556e-17
121450 2.77556e-17
121500 2.77556e-17
121550 2.77556e-17
121600 2.77556e-17
121650 2.77556e-17
121700 2.77556e-17
121750 2.77556e-17
121800 2.77556e-17
121850 2.77556e-17
121900 2.77556e-17
121950 2.77556e-17
122000 2.77556e-17
122050 2.77556e-17
122100 2.77556e-17
122150 2.77556e-17
122200 2.77556e-17
122250 2.77556e-17
122300 2.77556e-17
122350 2.77556e-17
122400 2.77556e-17
122450 2.77556e-17
122500 2.77556e-17
122550 2.77556e-17
122600 2.77556e-17
122650 2.77556e-17
122700 2.77556e-17
122750 2.77556e-17
122800 2.77556e-17
122850 2.77556e-17
122900 2.77556e-17
122950 2.77556e-17
123000 2.77556e-17
123050 2.77556e-17
123100 2.77556e-17
123150 2.77556e-17
123200 2.77556e-17
123250 2.77556e-17
123300 2.77556e-17
123350 2.77556e-17
123400 2.77556e-17
123450 2.77556e-17
123500 2.77556e-17
123550 2.77556e-17
123600 2.77556e-17
123650 2.77556e-17
123700 2.77556e-17
123750 2.77556e-17
123800 2.77556e-17
123850 2.77556e-17
123900 2.77556e-17
123950 2.77556e-17
124000 2.77556e-17
124050 2.77556e-17
124100 2.77556e-17
124150 2.77556e-17
124200 2.77556e-17
124250 2.77556e-17
124300 2.77556e-17
124350 2.77556e-17
124400 2.77556e-17
124450 2.77556e-17
124500 2.77556e-17
124550 2.77556e-17
124600 2.77556e-17
124650 2.77556e-17
124700 2.77556e-17
124750 2.77556e-17
124800 2.77556e-17
124850 2.77556e-17
124900 2.77556e-17
124950 2.77556e-17
125000 2.77556e-17
125050 2.77556e-17
125100 2.77556e-17
125150 2.77556e-17
125200 2.77556e-17
125250 2.77556e-17
125300 2.77556e-17
125350 2.77556e-17
125400 2.77556e-17
125450 2.77556e-17
125500 2.77556e-17
125550 2.77556e-17
125600 2.77556e-17
125650 2.77556e-17
125700 2.77556e-17
125750 2.77556e-17
125800 2.77556e-17
125850 2.77556e-17
125900 2.77556e-17
125950 2.77556e-17
126000 2.77556e-17
126050 2.77556e-17
126100 2.77556e-17
126150 2.77556e-17
126200 2.77556e-17
126250 2.77556e-17
126300 2.77556e-17
126350 2.77556e-17
126400 2.77556e-17
126450 2.77556e-17
126500 2.77556e-17
126550 2.77556e-17
126600 2.77556e-17
126650 2.77556e-17
126700 2.77556e-17
126750 2.77556e-17
126800 2.77556e-17
126850 2.77556e-17
126900 2.77556e-17
126950 2.77556e-17
127000 2.77556e-17
127050 2.77556e-17
127100 2.77556e-17
127150 2.77556e-17
127200 2.77556e-17
127250 2.77556e-17
127300 2.77556e-17
127350 2.77556e-17
127400 2.77556e-17
127450 2.77556e-17
127500 2.77556e-17
127550 2.77556e-17
127600 2.77556e-17
127650 2.77556e-17
127700 2.77556e-17
127750 2.77556e-17
127800 2.77556e-17
127850 2.77556e-17
127900 2.77556e-17
127950 2.77556e-17
128000 2.77556e-17
128050 2.77556e-17
128100 2.77556e-17
128150 2.77556e-17
128200 2.77556e-17
128250 2.77556e-17
128300 2.77556e-17
128350 2.77556e-17
128400 2.77556e-17
128450 2.77556e-17
128500 2.77556e-17
128550 2.77556e-17
128600 2.77556e-17
128650 2.77556e-17
128700 2.77556e-17
128750 2.77556e-17
128800 2.77556e-17
128850 2.77556e-17
128900 2.77556e-17
128950 2.77556e-17
129000 2.77556e-17
129050 2.77556e-17
129100 2.77556e-17
129150 2.77556e-17
129200 2.77556e-17
129250 2.77556e-17
129300 2.77556e-17
129350 2.77556e-17
129400 2.77556e-17
129450 2.77556e-17
129500 2.77556e-17
129550 2.77556e-17
129600 2.77556e-17
129650 2.77556e-17
129700 2.77556e-17
129750 2.77556e-17
129800 2.77556e-17
129850 2.77556e-17
129900 2.77556e-17
129950 2.77556e-17
130000 2.77556e-17
130050 2.77556e-17
130100 2.77556e-17
130150 2.77556e-17
130200 2.77556e-17
130250 2.77556e-17
130300 2.77556e-17
130350 2.77556e-17
130400 2.77556e-17
130450 2.77556e-17
130500 2.77556e-17
130550 2.77556e-17
130600 2.77556e-17
130650 2.77556e-17
130700 2.77556e-17
130750 2.77556e-17
130800 2.77556e-17
130850 2.77556e-17
130900 2.77556e-17
130950 2.77556e-17
131000 2.77556e-17
131050 2.77556e-17
131100 2.77556e-17
131150 2.77556e-17
131200 2.77556e-17
131250 2.77556e-17
131300 2.77556e-17
131350 2.77556e-17
131400 2.77556e-17
131450 2.77556e-17
131500 2.77556e-17
131550 2.77556e-17
131600 2.77556e-17
131650 2.77556e-17
131700 2.77556e-17
131750 2.77556e-17
131800 2.77556e-17
131850 2.77556e-17
131900 2.77556e-17
131950 2.77556e-17
132000 2.77556e-17
132050 2.77556e-17
132100 2.77556e-17
132150 2.77556e-17
132200 2.77556e-17
132250 2.77556e-17
132300 2.77556e-17
132350 2.77556e-17
132400 2.77556e-17
132450 2.77556e-17
132500 2.77556e-17
132550 2.77556e-17
132600 2.77556e-17
132650 2.77556e-17
132700 2.77556e-17
132750 2.77556e-17
132800 2.77556e-17
132850 2.77556e-17
132900 2.77556e-17
132950 2.77556e-17
133000 2.77556e-17
133050 2.77556e-17
133100 2.77556e-17
133150 2.77556e-17
133200 2.77556e-17
133250 2.77556e-17
133300 2.77556e-17
133350 2.77556e-17
133400 2.77556e-17
133450 2.77556e-17
133500 2.77556e-17
133550 2.77556e-17
133600 2.77556e-17
133650 2.77556e-17
133700 2.77556e-17
133750 2.77556e-17
133800 2.77556e-17
133850 2.77556e-17
133900 2.77556e-17
133950 2.77556e-17
134000 2.77556e-17
134050 2.77556e-17
134100 2.77556e-17
134150 2.77556e-17
134200 2.77556e-17
134250 2.77556e-17
134300 2.77556e-17
134350 2.77556e-17
134400 2.77556e-17
134450 2.77556e-17
134500 2.77556e-17
134550 2.77556e-17
134600 2.77556e-17
134650 2.77556e-17
134700 2.77556e-17
134750 2.77556e-17
134800 2.77556e-17
134850 2.77556e-17
134900 2.77556e-17
134950 2.77556e-17
135000 2.77556e-17
135050 2.77556e-17
135100 2.77556e-17
135150 2.77556e-17
135200 2.77556e-17
135250 2.77556e-17
135300 2.77556e-17
135350 2.77556e-17
135400 2.77556e-17
135450 2.77556e-17
135500 2.77556e-17
135550 2.77556e-17
135600 2.77556e-17
135650 1.66667e-06
135700 2.77556e-17
135750 2.77556e-17
135800 1.66667e-06
135850 2.77556e-17
135900 2.77556e-17
135950 2.77556e-17
136000 2.77556e-17
136050 2.77556e-17
136100 2.77556e-17
136150 2.77556e-17
136200 2.77556e-17
136250 2.77556e-17
136300 2.77556e-17
136350 2.77556e-17
136400 2.77556e-17
136450 2.77556e-17
136500 2.77556e-17
136550 2.77556e-17
136600 2.77556e-17
136650 2.77556e-17
136700 2.77556e-17
136750 2.77556e-17
136800 2.77556e-17
136850 2.77556e-17
136900 2.77556e-17
136950 2.77556e-17
137000 2.77556e-17
137050 2.77556e-17
137100 2.77556e-17
137150 2.77556e-17
137200 2.77556e-17
137250 2.77556e-17
137300 2.77556e-17
137350 2.77556e-17
137400 2.77556e-17
137450 2.77556e-17
137500 2.77556e-17
137550 2.77556e-17
137600 2.77556e-17
137650 2.77556e-17
137700 2.77556e-17
137750 2.77556e-17
137800 2.77556e-17
137850 2.77556e-17
137900 2.77556e-17
137950 2.77556e-17
138000 2.77556e-17
138050 2.77556e-17
138100 2.77556e-17
138150 2.77556e-17
138200 2.77556e-17
138250 2.77556e-17
138300 2.77556e-17
138350 2.77556e-17
138400 2.77556e-17
138450 2.77556e-17
138500 2.77556e-17
138550 2.77556e-17
138600 2.77556e-17
138650 2.77556e-17
138700 2.77556e-17
138750 2.77556e-17
138800 2.77556e-17
138850 2.77556e-17
138900 2.77556e-17
138950 2.77556e-17
139000 2.77556e-17
139050 2.77556e-17
139100 2.77556e-17
139150 2.77556e-17
139200 2.77556e-17
139250 2.77556e-17
139300 2.77556e-17
139350 2.77556e-17
139400 2.77556e-17
139450 2.77556e-17
139500 2.77556e-17
139550 2.77556e-17
139600 2.77556e-17
139650 2.77556e-17
139700 2.77556e-17
139750 2.77556e-17
139800 2.77556e-17
139850 2.77556e-17
139900 2.77556e-17
139950 2.77556e-17
140000 2.77556e-17
140050 2.77556e-17
140100 2.77556e-17
140150 2.77556e-17
140200 2.77556e-17
140250 2.77556e-17
140300 2.77556e-17
140350 2.77556e-17
140400 2.77556e-17
140450 2.77556e-17
140500 2.77556e-17
140550 2.77556e-17
140600 2.77556e-17
140650 2.77556e-17
140700 2.77556e-17
140750 2.77556e-17
140800 2.77556e-17
140850 2.77556e-17
140900 2.77556e-17
140950 2.77556e-17
141000 2.77556e-17
141050 2.77556e-17
141100 2.77556e-17
141150 2.77556e-17
141200 2.77556e-17
141250 2.77556e-17
141300 2.77556e-17
141350 2.77556e-17
141400 2.77556e-17
141450 2.77556e-17
141500 2.77556e-17
141550 2.77556e-17
141600 2.77556e-17
141650 2.77556e-17
141700 2.77556e-17
141750 2.77556e-17
141800 2.77556e-17
141850 2.77556e-17
141900 2.77556e-17
141950 2.77556e-17
142000 2.77556e-17
142050 2.77556e-17
142100 2.77556e-17
142150 2.77556e-17
142200 2.77556e-17
142250 2.77556e-17
142300 2.77556e-17
142350 2.77556e-17
142400 2.77556e-17
142450 2.77556e-17
142500 2.77556e-17
142550 2.77556e-17
142600 2.77556e-17
142650 2.77556e-17
142700 2.77556e-17
142750 2.77556e-17
142800 2.77556e-17
142850 2.77556e-17
142900 2.77556e-17
142950 2.77556e-17
143000 2.77556e-17
143050 2.77556e-17
143100 2.77556e-17
143150 2.77556e-17
143200 2.77556e-17
143250 2.77556e-17
143300 2.77556e-17
143350 2.77556e-17
143400 2.77556e-17
143450 2.77556e-17
143500 2.77556e-17
143550 2.77556e-17
143600 2.77556e-17
143650 2.77556e-17
143700 2.77556e-17
143750 2.77556e-17
143800 2.77556e-17
143850 2.77556e-17
143900 2.77556e-17
143950 2.77556e-17
144000 2.77556e-17
144050 2.77556e-17
144100 2.77556e-17
144150 2.77556e-17
144200 2.77556e-17
144250 2.77556e-17
144300 2.77556e-17
144350 2.77556e-17
144400 2.77556e-17
144450 2.77556e-17
144500 2.77556e-17
144550 2.77556e-17
144600 2.77556e-17
144650 2.77556e-17
144700 2.77556e-17
144750 2.77556e-17
144800 2.77556e-17
144850 2.77556e-17
144900 2.77556e-17
144950 2.77556e-17
145000 2.77556e-17
145050 2.77556e-17
145100 2.77556e-17
145150 2.77556e-17
145200 2.77556e-17
145250 2.77556e-17
145300 2.77556e-17
145350 2.77556e-17
145400 2.77556e-17
145450 2.77556e-17
145500 2.77556e-17
145550 2.77556e-17
145600 2.77556e-17
145650 2.77556e-17
145700 2.77556e-17
145750 2.77556e-17
145800 2.77556e-17
145850 2.77556e-17
145900 2.77556e-17
145950 2.77556e-17
146000 2.77556e-17
146050 2.77556e-17
146100 2.77556e-17
146150 2.77556e-17
146200 2.77556e-17
146250 2.77556e-17
146300 2.77556e-17
146350 2.77556e-17
146400 2.77556e-17
146450 2.77556e-17
146500 2.77556e-17
146550 2.77556e-17
146600 2.77556e-17
146650 2.77556e-17
146700 2.77556e-17
146750 2.77556e-17
146800 2.77556e-17
146850 2.77556e-17
146900 2.77556e-17
146950 2.77556e-17
147000 2.77556e-17
147050 2.77556e-17
147100 2.77556e-17
147150 2.77556e-17
147200 2.77556e-17
147250 2.77556e-17
147300 2.77556e-17
147350 2.77556e-17
147400 2.77556e-17
147450 2.77556e-17
147500 2.77556e-17
147550 2.77556e-17
147600 2.77556e-17
147650 2.77556e-17
147700 2.77556e-17
147750 2.77556e-17
147800 2.77556e-17
147850 2.77556e-17
147900 2.77556e-17
147950 2.77556e-17
148000 2.77556e-17
148050 2.77556e-17
148100 2.77556e-17
148150 2.77556e-17
148200 2.77556e-17
148250 2.77556e-17
148300 2.77556e-17
148350 2.77556e-17
148400 2.77556e-17
148450 2.77556e-17
148500 2.77556e-17
148550 2.77556e-17
148600 2.77556e-17
148650 2.77556e-17
148700 2.77556e-17
148750 2.77556e-17
148800 2.77556e-17
148850 2.77556e-17
148900 2.77556e-17
148950 2.77556e-17
149000 2.77556e-17
149050 2.77556e-17
149100 2.77556e-17
149150 2.77556e-17
149200 2.77556e-17
149250 2.77556e-17
149300 2.77556e-17
149350 2.77556e-17
149400 2.77556e-17
149450 2.77556e-17
149500 2.77556e-17
149550 2.77556e-17
149600 2.77556e-17
149650 2.77556e-17
149700 2.77556e-17
149750 2.77556e-17
149800 2.77556e-17
149850 2.77556e-17
149900 2.77556e-17
149950 2.77556e-17
150000 2.77556e-17
150050 2.77556e-17
150100 2.77556e-17
150150 2.77556e-17
150200 2.77556e-17
150250 2.77556e-17
150300 2.77556e-17
150350 2.77556e-17
150400 2.77556e-17
150450 2.77556e-17
150500 2.77556e-17
150550 2.77556e-17
150600 2.77556e-17
150650 2.77556e-17
150700 2.77556e-17
150750 2.77556e-17
150800 2.77556e-17
150850 2.77556e-17
150900 2.77556e-17
150950 2.77556e-17
151000 2.77556e-17
151050 2.77556e-17
151100 2.77556e-17
151150 2.77556e-17
151200 2.77556e-17
151250 2.77556e-17
151300 2.77556e-17
151350 2.77556e-17
151400 2.77556e-17
151450 2.77556e-17
151500 2.77556e-17
151550 2.77556e-17
151600 2.77556e-17
151650 2.77556e-17
151700 2.77556e-17
151750 2.77556e-17
151800 2.77556e-17
151850 2.77556e-17
151900 2.77556e-17
151950 2.77556e-17
152000 2.77556e-17
152050 2.77556e-17
152100 2.77556e-17
152150 2.77556e-17
152200 2.77556e-17
152250 2.77556e-17
152300 2.77556e-17
152350 2.77556e-17
152400 2.77556e-17
152450 2.77556e-17
152500 2.77556e-17
152550 2.77556e-17
152600 2.77556e-17
152650 2.77556e-17
152700 2.77556e-17
152750 2.77556e-17
152800 2.77556e-17
152850 2.77556e-17
152900 2.77556e-17
152950 2.77556e-17
153000 2.77556e-17
153050 2.77556e-17
153100 2.77556e-17
153150 2.77556e-17
153200 2.77556e-17
153250 2.77556e-17
153300 2.77556e-17
153350 2.77556e-17
153400 2.77556e-17
153450 2.77556e-17
153500 2.77556e-17
153550 2.77556e-17
153600 2.77556e-17
153650 2.77556e-17
153700 2.77556e-17
153750 2.77556e-17
153800 2.77556e-17
153850 2.77556e-17
153900 2.77556e-17
153950 2.77556e-17
154000 2.77556e-17
154050 2.77556e-17
154100 2.77556e-17
154150 2.77556e-17
154200 2.77556e-17
154250 2.77556e-17
154300 2.77556e-17
154350 2.77556e-17
154400 2.77556e-17
154450 2.77556e-17
154500 2.77556e-17
154550 2.77556e-17
154600 2.77556e-17
154650 2.77556e-17
154700 2.77556e-17
154750 2.77556e-17
154800 2.77556e-17
154850 2.77556e-17
154900 2.77556e-17
154950 2.77556e-17
155000 2.77556e-17
155050 2.77556e-17
155100 2.77556e-17
155150 2.77556e-17
155200 2.77556e-17
155250 2.77556e-17
155300 2.77556e-17
155350 2.77556e-17
155400 2.77556e-17
155450 2.77556e-17
155500 2.77556e-17
155550 2.77556e-17
155600 2.77556e-17
155650 2.77556e-17
155700 2.77556e-17
155750 2.77556e-17
155800 2.77556e-17
155850 2.77556e-17
155900 2.77556e-17
155950 2.77556e-17
156000 2.77556e-17
156050 2.77556e-17
156100 2.77556e-17
156150 2.77556e-17
156200 2.77556e-17
156250 2.77556e-17
156300 2.77556e-17
156350 2.77556e-17
156400 2.77556e-17
156450 2.77556e-17
156500 2.77556e-17
156550 2.77556e-17
156600 2.77556e-17
156650 2.77556e-17
156700 2.77556e-17
156750 2.77556e-17
156800 2.77556e-17
156850 2.77556e-17
156900 2.77556e-17
156950 2.77556e-17
157000 2.77556e-17
157050 2.77556e-17
157100 2.77556e-17
157150 2.77556e-17
157200 2.77556e-17
157250 2.77556e-17
157300 2.77556e-17
157350 2.77556e-17
157400 2.77556e-17
157450 2.77556e-17
157500 2.77556e-17
157550 2.77556e-17
157600 2.77556e-17
157650 2.77556e-17
157700 2.77556e-17
157750 2.77556e-17
157800 2.77556e-17
157850 2.77556e-17
157900 2.77556e-17
157950 2.77556e-17
158000 2.77556e-17
158050 2.77556e-17
158100 2.77556e-17
158150 2.77556e-17
158200 2.77556e-17
158250 2.77556e-17
158300 2.77556e-17
158350 2.77556e-17
158400 2.77556e-17
158450 2.77556e-17
158500 2.77556e-17
158550 2.77556e-17
158600 2.77556e-17
158650 2.77556e-17
158700 2.77556e-17
158750 2.77556e-17
158800 2.77556e-17
158850 2.77556e-17
158900 2.77556e-17
158950 2.77556e-17
159000 2.77556e-17
159050 2.77556e-17
159100 2.77556e-17
159150 2.77556e-17
159200 2.77556e-17
159250 2.77556e-17
159300 2.77556e-17
159350 2.77556e-17
159400 2.77556e-17
159450 2.77556e-17
159500 2.77556e-17
159550 2.77556e-17
159600 2.77556e-17
159650 2.77556e-17
159700 2.77556e-17
159750 2.77556e-17
159800 2.77556e-17
159850 2.77556e-17
159900 2.77556e-17
159950 2.77556e-17
160000 2.77556e-17
160050 2.77556e-17
160100 2.77556e-17
160150 2.77556e-17
160200 2.77556e-17
160250 2.77556e-17
160300 2.77556e-17
160350 2.77556e-17
160400 2.77556e-17
160450 2.77556e-17
160500 2.77556e-17
160550 2.77556e-17
160600 2.77556e-17
160650 2.77556e-17
160700 2.77556e-17
160750 2.77556e-17
160800 2.77556e-17
160850 2.77556e-17
160900 2.77556e-17
160950 2.77556e-17
161000 2.77556e-17
161050 2.77556e-17
161100 2.77556e-17
161150 2.77556e-17
161200 2.77556e-17
161250 2.77556e-17
161300 2.77556e-17
161350 2.77556e-17
161400 2.77556e-17
161450 2.77556e-17
161500 2.77556e-17
161550 2.77556e-17
161600 2.77556e-17
161650 2.77556e-17
161700 2.77556e-17
161750 2.77556e-17
161800 2.77556e-17
161850 2.77556e-17
161900 2.77556e-17
161950 2.77556e-17
162000 2.77556e-17
162050 2.77556e-17
162100 2.77556e-17
162150 2.77556e-17
162200 2.77556e-17
162250 2.77556e-17
162300 2.77556e-17
162350 2.77556e-17
162400 1.66667e-06
162450 2.77556e-17
162500 2.77556e-17
162550 2.77556e-17
162600 2.77556e-17
162650 2.77556e-17
162700 2.77556e-17
162750 2.77556e-17
162800 2.77556e-17
162850 2.77556e-17
162900 2.77556e-17
162950 2.77556e-17
163000 2.77556e-17
163050 2.77556e-17
163100 2.77556e-17
163150 2.77556e-17
163200 2.77556e-17
163250 1.66667e-06
163300 2.77556e-17
163350 2.77556e-17
163400 2.77556e-17
163450 2.77556e-17
163500 2.77556e-17
163550 2.77556e-17
163600 2.77556e-17
163650 2.77556e-17
163700 2.77556e-17
163750 2.77556e-17
163800 2.77556e-17
163850 2.77556e-17
163900 2.77556e-17
163950 2.77556e-17
164000 2.77556e-17
164050 2.77556e-17
164100 2.77556e-17
164150 2.77556e-17
164200 2.77556e-17
164250 2.77556e-17
164300 2.77556e-17
164350 2.77556e-17
164400 2.77556e-17
164450 2.77556e-17
164500 2.77556e-17
164550 2.77556e-17
164600 2.77556e-17
164650 2.77556e-17
164700 2.77556e-17
164750 2.77556e-17
164800 2.77556e-17
164850 2.77556e-17
164900 2.77556e-17
164950 2.77556e-17
165000 2.77556e-17
165050 2.77556e-17
165100 2.77556e-17
165150 2.77556e-17
165200 2.77556e-17
165250 2.77556e-17
165300 2.77556e-17
165350 2.77556e-17
165400 2.77556e-17
165450 2.77556e-17
165500 2.77556e-17
165550 2.77556e-17
165600 2.77556e-17
165650 2.77556e-17
165700 2.77556e-17
165750 2.77556e-17
165800 2.77556e-17
165850 2.77556e-17
165900 2.77556e-17
165950 2.77556e-17
166000 2.77556e-17
166050 2.77556e-17
166100 2.77556e-17
166150 2.77556e-17
166200 2.77556e-17
166250 2.77556e-17
166300 2.77556e-17
166350 2.77556e-17
166400 2.77556e-17
166450 2.77556e-17
166500 2.77556e-17
166550 2.77556e-17
166600 2.77556e-17
166650 2.77556e-17
166700 2.77556e-17
166750 2.77556e-17
166800 2.77556e-17
166850 2.77556e-17
166900 2.77556e-17
166950 2.77556e-17
167000 2.77556e-17
167050 2.77556e-17
167100 2.77556e-17
167150 2.77556e-17
167200 2.77556e-17
167250 2.77556e-17
167300 2.77556e-17
167350 2.77556e-17
167400 2.77556e-17
167450 2.77556e-17
167500 2.77556e-17
167550 2.77556e-17
167600 2.77556e-17
167650 2.77556e-17
167700 2.77556e-17
167750 2.77556e-17
167800 2.77556e-17
167850 2.77556e-17
167900 2.77556e-17
167950 2.77556e-17
168000 2.77556e-17
168050 2.77556e-17
168100 2.77556e-17
168150 2.77556e-17
168200 2.77556e-17
168250 2.77556e-17
168300 2.77556e-17
168350 2.77556e-17
168400 2.77556e-17
168450 2.77556e-17
168500 2.77556e-17
168550 2.77556e-17
168600 2.77556e-17
168650 2.77556e-17
168700 2.77556e-17
168750 2.77556e-17
168800 2.77556e-17
168850 2.77556e-17
168900 2.77556e-17
168950 2.77556e-17
169000 2.77556e-17
169050 2.77556e-17
169100 2.77556e-17
169150 2.77556e-17
169200 2.77556e-17
169250 2.77556e-17
169300 2.77556e-17
169350 2.77556e-17
169400 2.77556e-17
169450 2.77556e-17
169500 2.77556e-17
169550 2.77556e-17
169600 2.77556e-17
169650 2.77556e-17
169700 2.77556e-17
169750 2.77556e-17
169800 2.77556e-17
169850 2.77556e-17
169900 2.77556e-17
169950 2.77556e-17
170000 2.77556e-17
170050 2.77556e-17
170100 2.77556e-17
170150 2.77556e-17
170200 1.66667e-06
170250 2.77556e-17
170300 1.66667e-06
170350 1.66667e-06
170400 1.66667e-06
170450 2.77556e-17
170500 2.77556e-17
170550 2.77556e-17
170600 2.77556e-17
170650 2.77556e-17
170700 2.77556e-17
170750 2.77556e-17
170800 2.77556e-17
170850 2.77556e-17
170900 2.77556e-17
170950 2.77556e-17
171000 2.77556e-17
171050 2.77556e-17
171100 2.77556e-17
171150 2.77556e-17
171200 2.77556e-17
171250 2.77556e-17
171300 2.77556e-17
171350 2.77556e-17
171400 2.77556e-17
171450 2.77556e-17
171500 2.77556e-17
171550 2.77556e-17
171600 2.77556e-17
171650 2.77556e-17
171700 2.77556e-17
171750 2.77556e-17
171800 2.77556e-17
171850 2.77556e-17
171900 2.77556e-17
171950 2.77556e-17
172000 2.77556e-17
172050 2.77556e-17
172100 2.77556e-17
172150 2.77556e-17
172200 2.77556e-17
172250 2.77556e-17
172300 2.77556e-17
172350 2.77556e-17
172400 2.77556e-17
172450 2.77556e-17
172500 2.77556e-17
172550 2.77556e-17
172600 2.77556e-17
172650 2.77556e-17
172700 2.77556e-17
172750 2.77556e-17
172800 2.77556e-17
172850 2.77556e-17
172900 2.77556e-17
172950 2.77556e-17
173000 2.77556e-17
173050 2.77556e-17
173100 2.77556e-17
173150 2.77556e-17
173200 2.77556e-17
173250 2.77556e-17
173300 2.77556e-17
173350 2.77556e-17
173400 2.77556e-17
173450 2.77556e-17
173500 2.77556e-17
173550 2.77556e-17
173600 2.77556e-17
173650 2.77556e-17
173700 2.77556e-17
173750 2.77556e-17
173800 2.77556e-17
173850 2.77556e-17
173900 2.77556e-17
173950 2.77556e-17
174000 2.77556e-17
174050 2.77556e-17
174100 2.77556e-17
174150 2.77556e-17
174200 2.77556e-17
174250 2.77556e-17
174300 2.77556e-17
174350 2.77556e-17
174400 2.77556e-17
174450 2.77556e-17
174500 2.77556e-17
174550 2.77556e-17
174600 2.77556e-17
174650 2.77556e-17
174700 2.77556e-17
174750 2.77556e-17
174800 2.77556e-17
174850 2.77556e-17
174900 2.77556e-17
174950 2.77556e-17
175000 2.77556e-17
175050 2.77556e-17
175100 2.77556e-17
175150 2.77556e-17
175200 2.77556e-17
175250 2.77556e-17
175300 2.77556e-17
175350 2.77556e-17
175400 2.77556e-17
175450 2.77556e-17
175500 2.77556e-17
175550 2.77556e-17
175600 2.77556e-17
175650 2.77556e-17
175700 2.77556e-17
175750 2.77556e-17
175800 2.77556e-17
175850 2.77556e-17
175900 2.77556e-17
175950 2.77556e-17
176000 2.77556e-17
176050 2.77556e-17
176100 2.77556e-17
176150 2.77556e-17
176200 2.77556e-17
176250 2.77556e-17
176300 2.77556e-17
176350 2.77556e-17
176400 2.77556e-17
176450 2.77556e-17
176500 2.77556e-17
176550 2.77556e-17
176600 2.77556e-17
176650 2.77556e-17
176700 2.77556e-17
176750 2.77556e-17
176800 2.77556e-17
176850 2.77556e-17
176900 2.77556e-17
176950 2.77556e-17
177000 2.77556e-17
177050 2.77556e-17
177100 2.77556e-17
177150 2.77556e-17
177200 2.77556e-17
177250 2.77556e-17
177300 2.77556e-17
177350 2.77556e-17
177400 2.77556e-17
177450 2.77556e-17
177500 2.77556e-17
177550 2.77556e-17
177600 2.77556e-17
177650 2.77556e-17
177700 2.77556e-17
177750 2.77556e-17
177800 2.77556e-17
177850 2.77556e-17
177900 2.77556e-17
177950 2.77556e-17
178000 2.77556e-17
178050 2.77556e-17
178100 2.77556e-17
178150 2.77556e-17
178200 2.77556e-17
178250 2.77556e-17
178300 2.77556e-17
178350 2.77556e-17
178400 2.77556e-17
178450 2.77556e-17
178500 2.77556e-17
178550 2.77556e-17
178600 2.77556e-17
178650 2.77556e-17
178700 2.77556e-17
178750 2.77556e-17
178800 2.77556e-17
178850 2.77556e-17
178900 2.77556e-17
178950 2.77556e-17
179000 2.77556e-17
179050 2.77556e-17
179100 2.77556e-17
179150 2.77556e-17
179200 2.77556e-17
179250 2.77556e-17
179300 2.77556e-17
179350 2.77556e-17
179400 2.77556e-17
179450 2.77556e-17
179500 2.77556e-17
179550 2.77556e-17
179600 2.77556e-17
179650 2.77556e-17
179700 2.77556e-17
179750 2.77556e-17
179800 2.77556e-17
179850 2.77556e-17
179900 2.77556e-17
179950 2.77556e-17
180000 2.77556e-17
180050 2.77556e-17
180100 2.77556e-17
180150 2.77556e-17
180200 2.77556e-17
180250 2.77556e-17
180300 2.77556e-17
180350 2.77556e-17
180400 2.77556e-17
180450 2.77556e-17
180500 2.77556e-17
180550 2.77556e-17
180600 2.77556e-17
180650 2.77556e-17
180700 2.77556e-17
180750 2.77556e-17
180800 2.77556e-17
180850 2.77556e-17
180900 2.77556e-17
180950 2.77556e-17
181000 2.77556e-17
181050 2.77556e-17
181100 2.77556e-17
181150 2.77556e-17
181200 2.77556e-17
181250 2.77556e-17
181300 2.77556e-17
181350 2.77556e-17
181400 2.77556e-17
181450 2.77556e-17
181500 2.77556e-17
181550 2.77556e-17
181600 2.77556e-17
181650 2.77556e-17
181700 2.77556e-17
181750 2.77556e-17
181800 2.77556e-17
181850 2.77556e-17
181900 2.77556e-17
181950 2.77556e-17
182000 2.77556e-17
182050 2.77556e-17
182100 2.77556e-17
182150 2.77556e-17
182200 2.77556e-17
182250 2.77556e-17
182300 2.77556e-17
182350 2.77556e-17
182400 2.77556e-17
182450 2.77556e-17
182500 2.77556e-17
182550 2.77556e-17
182600 2.77556e-17
182650 2.77556e-17
182700 2.77556e-17
182750 2.77556e-17
182800 2.77556e-17
182850 2.77556e-17
182900 2.77556e-17
182950 2.77556e-17
183000 2.77556e-17
183050 2.77556e-17
183100 2.77556e-17
183150 2.77556e-17
183200 2.77556e-17
183250 2.77556e-17
183300 2.77556e-17
183350 2.77556e-17
183400 2.77556e-17
183450 2.77556e-17
183500 2.77556e-17
183550 2.77556e-17
183600 2.77556e-17
183650 2.77556e-17
183700 2.77556e-17
183750 2.77556e-17
183800 2.77556e-17
183850 2.77556e-17
183900 2.77556e-17
183950 2.77556e-17
184000 2.77556e-17
184050 2.77556e-17
184100 2.77556e-17
184150 2.77556e-17
184200 2.77556e-17
184250 2.77556e-17
184300 2.77556e-17
184350 2.77556e-17
184400 2.77556e-17
184450 2.77556e-17
184500 2.77556e-17
184550 2.77556e-17
184600 2.77556e-17
184650 2.77556e-17
184700 2.77556e-17
184750 2.77556e-17
184800 2.77556e-17
184850 2.77556e-17
184900 2.77556e-17
184950 2.77556e-17
185000 2.77556e-17
185050 2.77556e-17
185100 2.77556e-17
185150 2.77556e-17
185200 2.77556e-17
185250 2.77556e-17
185300 2.77556e-17
185350 2.77556e-17
185400 2.77556e-17
185450 2.77556e-17
185500 2.77556e-17
185550 2.77556e-17
185600 2.77556e-17
185650 2.77556e-17
185700 2.77556e-17
185750 2.77556e-17
185800 2.77556e-17
185850 2.77556e-17
185900 2.77556e-17
185950 2.77556e-17
186000 2.77556e-17
186050 2.77556e-17
186100 2.77556e-17
186150 2.77556e-17
186200 2.77556e-17
186250 2.77556e-17
186300 2.77556e-17
186350 2.77556e-17
186400 2.77556e-17
186450 2.77556e-17
186500 2.77556e-17
186550 2.77556e-17
186600 2.77556e-17
186650 2.77556e-17
186700 2.77556e-17
186750 2.77556e-17
186800 2.77556e-17
186850 2.77556e-17
186900 2.77556e-17
186950 2.77556e-17
187000 2.77556e-17
187050 2.77556e-17
187100 2.77556e-17
187150 2.77556e-17
187200 2.77556e-17
187250 2.77556e-17
187300 2.77556e-17
187350 2.77556e-17
187400 2.77556e-17
187450 2.77556e-17
187500 2.77556e-17
187550 2.77556e-17
187600 2.77556e-17
187650 2.77556e-17
187700 2.77556e-17
187750 2.77556e-17
187800 2.77556e-17
187850 2.77556e-17
187900 2.77556e-17
187950 2.77556e-17
188000 2.77556e-17
188050 2.77556e-17
