10 0.222225
20 0.0555583
30 1.66667e-06
40 1.66667e-06
50 1.66667e-06
60 1.66667e-06
70 1.66667e-06
80 0.166668
90 0
100 1.66667e-06
110 1.66667e-06
120 0
130 0
140 0.166668
150 3.33333e-06
160 1.66667e-06
170 1.66667e-06
180 1.66667e-06
190 0
200 1.66667e-06
210 1.66667e-06
220 1.66667e-06
230 3.33333e-06
240 0
250 3.33333e-06
260 3.33333e-06
270 3.33333e-06
280 1.66667e-06
290 1.66667e-06
300 1.66667e-06
310 3.33333e-06
320 0
330 0
340 1.66667e-06
350 0
360 1.66667e-06
370 0
380 1.66667e-06
390 1.66667e-06
400 3.33333e-06
410 1.66667e-06
420 3.33333e-06
430 1.66667e-06
440 0.166668
450 1.66667e-06
460 3.33333e-06
470 0.16667
480 1.66667e-06
490 0.16667
500 1.66667e-06
510 0
520 0
530 1.66667e-06
540 3.33333e-06
550 1.66667e-06
560 1.66667e-06
570 0
580 1.66667e-06
590 1.66667e-06
600 1.66667e-06
610 3.33333e-06
620 3.33333e-06
630 1.66667e-06
640 1.66667e-06
650 0
660 0
670 1.66667e-06
680 1.66667e-06
690 3.33333e-06
700 3.33333e-06
710 3.33333e-06
720 3.33333e-06
730 1.66667e-06
740 0
750 0.166668
760 0
770 1.66667e-06
780 1.66667e-06
790 1.66667e-06
800 1.66667e-06
810 0
820 0
830 1.66667e-06
840 0
850 1.66667e-06
860 0.166668
870 1.66667e-06
880 0
890 0
900 3.33333e-06
910 1.66667e-06
920 1.66667e-06
930 3.33333e-06
940 1.66667e-06
950 0
960 0
970 1.66667e-06
980 0
990 1.66667e-06
1000 0
1010 1.66667e-06
1020 0
1030 0
1040 0
1050 3.33333e-06
1060 3.33333e-06
1070 1.66667e-06
1080 0
1090 1.66667e-06
1100 1.66667e-06
1110 3.33333e-06
1120 0
1130 1.66667e-06
1140 1.66667e-06
1150 1.66667e-06
1160 1.66667e-06
1170 0.166668
1180 0.166668
1190 1.66667e-06
1200 0
1210 1.66667e-06
1220 0
1230 0
1240 3.33333e-06
1250 0
1260 0
1270 1.66667e-06
1280 1.66667e-06
1290 1.66667e-06
1300 1.66667e-06
1310 3.33333e-06
1320 1.66667e-06
1330 3.33333e-06
1340 0
1350 0
1360 1.66667e-06
1370 1.66667e-06
1380 3.33333e-06
1390 1.66667e-06
1400 1.66667e-06
1410 3.33333e-06
1420 1.66667e-06
1430 3.33333e-06
1440 1.66667e-06
1450 3.33333e-06
1460 1.66667e-06
1470 3.33333e-06
1480 1.66667e-06
1490 3.33333e-06
1500 0
1510 0
1520 1.66667e-06
1530 0
1540 0
1550 0
1560 1.66667e-06
1570 0
1580 1.66667e-06
1590 1.66667e-06
1600 1.66667e-06
1610 1.66667e-06
1620 1.66667e-06
1630 3.33333e-06
1640 0.16667
1650 3.33333e-06
1660 1.66667e-06
1670 3.33333e-06
1680 3.33333e-06
1690 3.33333e-06
1700 3.33333e-06
1710 1.66667e-06
1720 1.66667e-06
1730 1.66667e-06
1740 3.33333e-06
1750 0
1760 1.66667e-06
1770 0
1780 3.33333e-06
1790 3.33333e-06
1800 1.66667e-06
1810 1.66667e-06
1820 1.66667e-06
1830 3.33333e-06
1840 3.33333e-06
1850 0
1860 3.33333e-06
1870 1.66667e-06
1880 3.33333e-06
1890 0
1900 3.33333e-06
1910 1.66667e-06
1920 1.66667e-06
1930 1.66667e-06
1940 0
1950 1.66667e-06
1960 1.66667e-06
1970 0
1980 1.66667e-06
1990 1.66667e-06
2000 1.66667e-06
2010 0
2020 1.66667e-06
2030 0
2040 0
2050 0
2060 1.66667e-06
2070 0
2080 1.66667e-06
2090 3.33333e-06
2100 3.33333e-06
2110 3.33333e-06
2120 0
2130 0
2140 0
2150 1.66667e-06
2160 1.66667e-06
2170 3.33333e-06
2180 3.33333e-06
2190 1.66667e-06
2200 1.66667e-06
2210 3.33333e-06
2220 1.66667e-06
2230 0
2240 3.33333e-06
2250 1.66667e-06
2260 1.66667e-06
2270 1.66667e-06
2280 0
2290 1.66667e-06
2300 0
2310 1.66667e-06
2320 3.33333e-06
2330 0
2340 0
2350 1.66667e-06
2360 0
2370 0
2380 1.66667e-06
2390 0
2400 3.33333e-06
2410 1.66667e-06
2420 0
2430 1.66667e-06
2440 1.66667e-06
2450 3.33333e-06
2460 3.33333e-06
2470 1.66667e-06
2480 1.66667e-06
2490 1.66667e-06
2500 1.66667e-06
2510 1.66667e-06
2520 1.66667e-06
2530 1.66667e-06
2540 3.33333e-06
2550 0
2560 0
2570 1.66667e-06
2580 0
2590 3.33333e-06
2600 1.66667e-06
2610 0
2620 3.33333e-06
2630 0
2640 1.66667e-06
2650 0
2660 1.66667e-06
2670 3.33333e-06
2680 1.66667e-06
2690 3.33333e-06
2700 0
2710 0
2720 0
2730 0
2740 0
2750 1.66667e-06
2760 1.66667e-06
2770 1.66667e-06
2780 3.33333e-06
2790 0
2800 3.33333e-06
2810 1.66667e-06
2820 1.66667e-06
2830 1.66667e-06
2840 0
2850 1.66667e-06
2860 1.66667e-06
2870 1.66667e-06
2880 0
2890 1.66667e-06
2900 1.66667e-06
2910 1.66667e-06
2920 0
2930 0
2940 1.66667e-06
2950 1.66667e-06
2960 3.33333e-06
2970 1.66667e-06
2980 1.66667e-06
2990 3.33333e-06
3000 1.66667e-06
3010 1.66667e-06
3020 1.66667e-06
3030 1.66667e-06
3040 0
3050 0
3060 3.33333e-06
3070 0
3080 3.33333e-06
3090 3.33333e-06
3100 1.66667e-06
3110 3.33333e-06
3120 1.66667e-06
3130 1.66667e-06
3140 3.33333e-06
3150 3.33333e-06
3160 3.33333e-06
3170 1.66667e-06
3180 1.66667e-06
3190 3.33333e-06
3200 1.66667e-06
3210 3.33333e-06
3220 1.66667e-06
3230 1.66667e-06
3240 1.66667e-06
3250 0
3260 1.66667e-06
3270 0
3280 1.66667e-06
3290 1.66667e-06
3300 3.33333e-06
3310 1.66667e-06
3320 1.66667e-06
3330 3.33333e-06
3340 0
3350 1.66667e-06
3360 1.66667e-06
3370 0
3380 0
3390 0
3400 3.33333e-06
3410 1.66667e-06
3420 0
3430 0
3440 1.66667e-06
3450 1.66667e-06
3460 1.66667e-06
3470 0
3480 1.66667e-06
3490 0
3500 0
3510 1.66667e-06
3520 0
3530 0
3540 1.66667e-06
3550 0
3560 1.66667e-06
3570 1.66667e-06
3580 0
3590 0
3600 1.66667e-06
3610 0
3620 0
3630 0
3640 0
3650 1.66667e-06
3660 1.66667e-06
3670 1.66667e-06
3680 0
3690 0
3700 0
3710 3.33333e-06
3720 1.66667e-06
3730 1.66667e-06
3740 0
3750 0
3760 3.33333e-06
3770 1.66667e-06
3780 1.66667e-06
3790 1.66667e-06
3800 3.33333e-06
3810 1.66667e-06
3820 1.66667e-06
3830 1.66667e-06
3840 3.33333e-06
3850 1.66667e-06
3860 0
3870 0
3880 1.66667e-06
3890 3.33333e-06
3900 1.66667e-06
3910 0
3920 1.66667e-06
3930 0
3940 1.66667e-06
3950 0
3960 0
3970 1.66667e-06
3980 1.66667e-06
3990 1.66667e-06
4000 3.33333e-06
4010 3.33333e-06
4020 0
4030 1.66667e-06
4040 0
4050 3.33333e-06
4060 1.66667e-06
4070 0
4080 0
4090 0
4100 1.66667e-06
4110 0
4120 3.33333e-06
4130 1.66667e-06
4140 1.66667e-06
4150 3.33333e-06
4160 1.66667e-06
4170 1.66667e-06
4180 1.66667e-06
4190 0
4200 0
4210 0
4220 1.66667e-06
4230 1.66667e-06
4240 1.66667e-06
4250 3.33333e-06
4260 1.66667e-06
4270 0
4280 0
4290 0
4300 3.33333e-06
4310 1.66667e-06
4320 0
4330 0
4340 0
4350 1.66667e-06
4360 1.66667e-06
4370 3.33333e-06
4380 1.66667e-06
4390 0
4400 3.33333e-06
4410 1.66667e-06
4420 1.66667e-06
4430 1.66667e-06
4440 1.66667e-06
4450 3.33333e-06
4460 1.66667e-06
4470 3.33333e-06
4480 1.66667e-06
4490 3.33333e-06
4500 1.66667e-06
4510 1.66667e-06
4520 1.66667e-06
4530 1.66667e-06
4540 0
4550 0
4560 1.66667e-06
4570 0
4580 1.66667e-06
4590 3.33333e-06
4600 1.66667e-06
4610 1.66667e-06
4620 1.66667e-06
4630 1.66667e-06
4640 1.66667e-06
4650 3.33333e-06
4660 1.66667e-06
4670 3.33333e-06
4680 0
4690 0
4700 0
4710 1.66667e-06
4720 3.33333e-06
4730 3.33333e-06
4740 3.33333e-06
4750 1.66667e-06
4760 1.66667e-06
4770 0
4780 3.33333e-06
4790 1.66667e-06
4800 1.66667e-06
4810 0
4820 0
4830 0
4840 3.33333e-06
4850 1.66667e-06
4860 3.33333e-06
4870 0
4880 3.33333e-06
4890 3.33333e-06
4900 1.66667e-06
4910 0
4920 3.33333e-06
4930 1.66667e-06
4940 0
4950 3.33333e-06
4960 1.66667e-06
4970 0
4980 1.66667e-06
4990 1.66667e-06
5000 1.66667e-06
5010 1.66667e-06
5020 0
5030 1.66667e-06
5040 1.66667e-06
5050 0
5060 3.33333e-06
5070 0
5080 1.66667e-06
5090 3.33333e-06
5100 0
5110 3.33333e-06
5120 1.66667e-06
5130 1.66667e-06
5140 0
5150 0
5160 1.66667e-06
5170 1.66667e-06
5180 0
5190 1.66667e-06
5200 3.33333e-06
5210 3.33333e-06
5220 3.33333e-06
5230 1.66667e-06
5240 0
5250 1.66667e-06
5260 1.66667e-06
5270 0
5280 1.66667e-06
5290 1.66667e-06
5300 1.66667e-06
5310 1.66667e-06
5320 3.33333e-06
5330 0
5340 3.33333e-06
5350 3.33333e-06
5360 1.66667e-06
5370 0
5380 0
5390 1.66667e-06
5400 1.66667e-06
5410 0
5420 1.66667e-06
5430 0
5440 0
5450 3.33333e-06
5460 0
5470 1.66667e-06
5480 1.66667e-06
5490 0
5500 1.66667e-06
5510 0
5520 1.66667e-06
5530 3.33333e-06
5540 3.33333e-06
5550 3.33333e-06
5560 1.66667e-06
5570 3.33333e-06
5580 1.66667e-06
5590 1.66667e-06
5600 3.33333e-06
5610 1.66667e-06
5620 1.66667e-06
5630 0
5640 0
5650 0
5660 1.66667e-06
5670 1.66667e-06
5680 0
5690 1.66667e-06
5700 0
5710 0
5720 1.66667e-06
5730 3.33333e-06
5740 1.66667e-06
5750 1.66667e-06
5760 1.66667e-06
5770 1.66667e-06
5780 1.66667e-06
5790 1.66667e-06
5800 1.66667e-06
5810 1.66667e-06
5820 3.33333e-06
5830 1.66667e-06
5840 1.66667e-06
5850 0
5860 0
5870 3.33333e-06
5880 3.33333e-06
5890 0
5900 1.66667e-06
5910 0
5920 1.66667e-06
5930 0
5940 0
5950 0
5960 1.66667e-06
5970 3.33333e-06
5980 1.66667e-06
5990 1.66667e-06
6000 1.66667e-06
6010 0
6020 3.33333e-06
6030 3.33333e-06
6040 3.33333e-06
6050 3.33333e-06
6060 3.33333e-06
6070 1.66667e-06
6080 0
6090 3.33333e-06
6100 1.66667e-06
6110 1.66667e-06
6120 1.66667e-06
6130 1.66667e-06
6140 3.33333e-06
6150 1.66667e-06
6160 3.33333e-06
6170 1.66667e-06
6180 1.66667e-06
6190 0
6200 3.33333e-06
6210 1.66667e-06
6220 3.33333e-06
6230 0
6240 3.33333e-06
6250 3.33333e-06
6260 3.33333e-06
6270 1.66667e-06
6280 0
6290 0
6300 0
6310 0
6320 1.66667e-06
6330 1.66667e-06
6340 0
6350 1.66667e-06
6360 0
6370 1.66667e-06
6380 1.66667e-06
6390 1.66667e-06
6400 3.33333e-06
6410 3.33333e-06
6420 0
6430 1.66667e-06
6440 1.66667e-06
6450 3.33333e-06
6460 1.66667e-06
6470 3.33333e-06
6480 3.33333e-06
6490 0
6500 0
6510 1.66667e-06
6520 1.66667e-06
6530 0
6540 3.33333e-06
6550 3.33333e-06
6560 1.66667e-06
6570 0
6580 0
6590 1.66667e-06
6600 1.66667e-06
6610 1.66667e-06
6620 1.66667e-06
6630 3.33333e-06
6640 1.66667e-06
6650 1.66667e-06
6660 1.66667e-06
6670 1.66667e-06
6680 3.33333e-06
6690 3.33333e-06
6700 1.66667e-06
6710 1.66667e-06
6720 3.33333e-06
6730 3.33333e-06
6740 1.66667e-06
6750 1.66667e-06
6760 1.66667e-06
6770 0
6780 1.66667e-06
6790 1.66667e-06
6800 0
6810 3.33333e-06
6820 1.66667e-06
6830 1.66667e-06
6840 1.66667e-06
6850 1.66667e-06
6860 1.66667e-06
6870 1.66667e-06
6880 1.66667e-06
6890 0
6900 1.66667e-06
6910 0
6920 0
6930 1.66667e-06
6940 0
6950 3.33333e-06
6960 1.66667e-06
6970 0
6980 0
6990 3.33333e-06
7000 3.33333e-06
7010 1.66667e-06
7020 1.66667e-06
7030 3.33333e-06
7040 1.66667e-06
7050 0
7060 0
7070 0
7080 3.33333e-06
7090 1.66667e-06
7100 1.66667e-06
7110 3.33333e-06
7120 3.33333e-06
7130 1.66667e-06
7140 0
7150 1.66667e-06
7160 0
7170 1.66667e-06
7180 1.66667e-06
7190 3.33333e-06
7200 3.33333e-06
7210 0
7220 0
7230 1.66667e-06
7240 1.66667e-06
7250 3.33333e-06
7260 3.33333e-06
7270 1.66667e-06
7280 1.66667e-06
7290 1.66667e-06
7300 3.33333e-06
7310 0
7320 0
7330 3.33333e-06
7340 1.66667e-06
7350 3.33333e-06
7360 1.66667e-06
7370 3.33333e-06
7380 3.33333e-06
7390 0
7400 1.66667e-06
7410 1.66667e-06
7420 1.66667e-06
7430 3.33333e-06
7440 1.66667e-06
7450 1.66667e-06
7460 1.66667e-06
7470 3.33333e-06
7480 3.33333e-06
7490 1.66667e-06
7500 0
7510 0
7520 3.33333e-06
7530 1.66667e-06
7540 1.66667e-06
7550 0
7560 0
7570 3.33333e-06
7580 1.66667e-06
7590 3.33333e-06
7600 1.66667e-06
7610 0
7620 3.33333e-06
7630 1.66667e-06
7640 0
7650 1.66667e-06
7660 3.33333e-06
7670 0
7680 3.33333e-06
7690 1.66667e-06
7700 0
7710 1.66667e-06
7720 1.66667e-06
7730 1.66667e-06
7740 1.66667e-06
7750 3.33333e-06
7760 1.66667e-06
7770 1.66667e-06
7780 3.33333e-06
7790 3.33333e-06
7800 1.66667e-06
7810 3.33333e-06
7820 0
7830 3.33333e-06
7840 1.66667e-06
7850 3.33333e-06
7860 1.66667e-06
7870 0
7880 1.66667e-06
7890 1.66667e-06
7900 1.66667e-06
7910 0
7920 1.66667e-06
7930 1.66667e-06
7940 3.33333e-06
7950 1.66667e-06
7960 3.33333e-06
7970 1.66667e-06
7980 3.33333e-06
7990 1.66667e-06
8000 1.66667e-06
8010 1.66667e-06
8020 3.33333e-06
8030 0
8040 1.66667e-06
8050 3.33333e-06
8060 1.66667e-06
8070 0
8080 3.33333e-06
8090 0
8100 3.33333e-06
8110 0
8120 1.66667e-06
8130 1.66667e-06
8140 0
8150 1.66667e-06
8160 1.66667e-06
8170 1.66667e-06
8180 1.66667e-06
8190 3.33333e-06
8200 1.66667e-06
8210 1.66667e-06
8220 0
8230 0
8240 1.66667e-06
8250 0
8260 1.66667e-06
8270 3.33333e-06
8280 1.66667e-06
8290 3.33333e-06
8300 1.66667e-06
8310 0
8320 0
8330 1.66667e-06
8340 0
8350 1.66667e-06
8360 1.66667e-06
8370 3.33333e-06
8380 1.66667e-06
8390 3.33333e-06
8400 1.66667e-06
8410 1.66667e-06
8420 0
8430 3.33333e-06
8440 3.33333e-06
8450 1.66667e-06
8460 1.66667e-06
8470 3.33333e-06
8480 1.66667e-06
8490 1.66667e-06
8500 1.66667e-06
8510 1.66667e-06
8520 1.66667e-06
8530 1.66667e-06
8540 0
8550 0
8560 1.66667e-06
8570 3.33333e-06
8580 3.33333e-06
8590 3.33333e-06
8600 0
8610 0
8620 3.33333e-06
8630 3.33333e-06
8640 3.33333e-06
8650 0
8660 3.33333e-06
8670 0
8680 0
8690 0
8700 0
8710 1.66667e-06
8720 3.33333e-06
8730 1.66667e-06
8740 3.33333e-06
8750 0
8760 1.66667e-06
8770 0
8780 0
8790 3.33333e-06
8800 1.66667e-06
8810 1.66667e-06
8820 1.66667e-06
8830 1.66667e-06
8840 1.66667e-06
8850 0
8860 3.33333e-06
8870 3.33333e-06
8880 1.66667e-06
8890 1.66667e-06
8900 3.33333e-06
8910 1.66667e-06
8920 1.66667e-06
8930 1.66667e-06
8940 3.33333e-06
8950 3.33333e-06
8960 1.66667e-06
8970 1.66667e-06
8980 1.66667e-06
8990 3.33333e-06
9000 3.33333e-06
9010 0
9020 0
9030 1.66667e-06
9040 3.33333e-06
9050 0
9060 1.66667e-06
9070 0
9080 3.33333e-06
9090 3.33333e-06
9100 3.33333e-06
9110 1.66667e-06
9120 1.66667e-06
9130 1.66667e-06
9140 1.66667e-06
9150 3.33333e-06
9160 0
9170 3.33333e-06
9180 0
9190 3.33333e-06
9200 1.66667e-06
9210 1.66667e-06
9220 1.66667e-06
9230 1.66667e-06
9240 3.33333e-06
9250 1.66667e-06
9260 1.66667e-06
9270 1.66667e-06
9280 3.33333e-06
9290 1.66667e-06
9300 1.66667e-06
9310 3.33333e-06
9320 3.33333e-06
9330 3.33333e-06
9340 1.66667e-06
9350 0
9360 1.66667e-06
9370 0
9380 3.33333e-06
9390 3.33333e-06
9400 0
9410 3.33333e-06
9420 1.66667e-06
9430 0
9440 0
9450 3.33333e-06
9460 1.66667e-06
9470 1.66667e-06
9480 3.33333e-06
9490 0
9500 1.66667e-06
9510 3.33333e-06
9520 1.66667e-06
9530 1.66667e-06
9540 3.33333e-06
9550 1.66667e-06
9560 3.33333e-06
9570 1.66667e-06
9580 0
9590 3.33333e-06
9600 3.33333e-06
9610 3.33333e-06
9620 3.33333e-06
9630 1.66667e-06
9640 1.66667e-06
9650 0
9660 0
9670 0
9680 1.66667e-06
9690 3.33333e-06
9700 0
9710 1.66667e-06
9720 1.66667e-06
9730 0
9740 0
9750 0
9760 1.66667e-06
9770 0
9780 3.33333e-06
9790 0
9800 1.66667e-06
9810 1.66667e-06
9820 3.33333e-06
9830 3.33333e-06
9840 1.66667e-06
9850 1.66667e-06
9860 3.33333e-06
9870 0
9880 1.66667e-06
9890 1.66667e-06
9900 3.33333e-06
9910 0
9920 1.66667e-06
9930 0
9940 0
9950 3.33333e-06
9960 1.66667e-06
9970 0
9980 3.33333e-06
9990 3.33333e-06
10000 1.66667e-06
10010 3.33333e-06
10020 1.66667e-06
10030 1.66667e-06
10040 1.66667e-06
10050 1.66667e-06
10060 3.33333e-06
10070 1.66667e-06
10080 1.66667e-06
10090 1.66667e-06
10100 3.33333e-06
10110 1.66667e-06
10120 0
10130 1.66667e-06
10140 1.66667e-06
10150 1.66667e-06
10160 1.66667e-06
10170 3.33333e-06
10180 0
10190 1.66667e-06
10200 1.66667e-06
10210 1.66667e-06
10220 0
10230 0
10240 1.66667e-06
10250 3.33333e-06
10260 1.66667e-06
10270 3.33333e-06
10280 3.33333e-06
10290 1.66667e-06
10300 0
10310 0
10320 1.66667e-06
10330 3.33333e-06
10340 0
10350 1.66667e-06
10360 3.33333e-06
10370 0
10380 1.66667e-06
10390 3.33333e-06
10400 0
10410 1.66667e-06
10420 1.66667e-06
10430 3.33333e-06
10440 0
10450 1.66667e-06
10460 3.33333e-06
10470 1.66667e-06
10480 0
10490 1.66667e-06
10500 0
10510 1.66667e-06
10520 3.33333e-06
10530 1.66667e-06
10540 1.66667e-06
10550 3.33333e-06
10560 1.66667e-06
10570 3.33333e-06
10580 1.66667e-06
10590 1.66667e-06
10600 0
10610 1.66667e-06
10620 3.33333e-06
10630 3.33333e-06
10640 3.33333e-06
10650 0
10660 0
10670 1.66667e-06
10680 1.66667e-06
10690 1.66667e-06
10700 0
10710 1.66667e-06
10720 0
10730 1.66667e-06
10740 1.66667e-06
10750 3.33333e-06
10760 3.33333e-06
10770 0
10780 0
10790 1.66667e-06
10800 3.33333e-06
10810 3.33333e-06
10820 0
10830 1.66667e-06
10840 3.33333e-06
10850 1.66667e-06
10860 0
10870 1.66667e-06
10880 1.66667e-06
10890 0
10900 0
10910 1.66667e-06
10920 1.66667e-06
10930 1.66667e-06
10940 1.66667e-06
10950 1.66667e-06
10960 0
10970 0
10980 1.66667e-06
10990 3.33333e-06
11000 1.66667e-06
11010 1.66667e-06
11020 1.66667e-06
11030 1.66667e-06
11040 1.66667e-06
11050 1.66667e-06
11060 1.66667e-06
11070 1.66667e-06
11080 1.66667e-06
11090 1.66667e-06
11100 0
11110 0
11120 1.66667e-06
11130 1.66667e-06
11140 3.33333e-06
11150 3.33333e-06
11160 1.66667e-06
11170 0
11180 3.33333e-06
11190 1.66667e-06
11200 1.66667e-06
11210 1.66667e-06
11220 1.66667e-06
11230 0
11240 1.66667e-06
11250 1.66667e-06
11260 3.33333e-06
11270 3.33333e-06
11280 3.33333e-06
11290 0
11300 0
11310 1.66667e-06
11320 0
11330 3.33333e-06
11340 3.33333e-06
11350 1.66667e-06
11360 1.66667e-06
11370 0
11380 1.66667e-06
11390 1.66667e-06
11400 1.66667e-06
11410 1.66667e-06
11420 1.66667e-06
11430 3.33333e-06
11440 3.33333e-06
11450 0
11460 0
11470 0
11480 0
11490 1.66667e-06
11500 0
11510 1.66667e-06
11520 0
11530 1.66667e-06
11540 1.66667e-06
11550 1.66667e-06
11560 1.66667e-06
11570 1.66667e-06
11580 0
11590 3.33333e-06
11600 0
11610 1.66667e-06
11620 1.66667e-06
11630 0
11640 0
11650 1.66667e-06
11660 0
11670 1.66667e-06
11680 1.66667e-06
11690 3.33333e-06
11700 3.33333e-06
11710 0
11720 1.66667e-06
11730 0
11740 1.66667e-06
11750 1.66667e-06
11760 1.66667e-06
11770 0
11780 3.33333e-06
11790 3.33333e-06
11800 3.33333e-06
11810 0
11820 1.66667e-06
11830 3.33333e-06
11840 0
11850 1.66667e-06
11860 3.33333e-06
11870 3.33333e-06
11880 0
11890 1.66667e-06
11900 1.66667e-06
11910 1.66667e-06
11920 3.33333e-06
11930 3.33333e-06
11940 1.66667e-06
11950 0
11960 1.66667e-06
11970 3.33333e-06
11980 0
11990 0
12000 1.66667e-06
12010 1.66667e-06
12020 1.66667e-06
12030 0
12040 1.66667e-06
12050 1.66667e-06
12060 3.33333e-06
12070 0
12080 3.33333e-06
12090 1.66667e-06
12100 0
12110 0
12120 1.66667e-06
12130 1.66667e-06
12140 0
12150 1.66667e-06
12160 1.66667e-06
12170 1.66667e-06
12180 1.66667e-06
12190 0
12200 0
12210 1.66667e-06
12220 0
12230 1.66667e-06
12240 3.33333e-06
12250 1.66667e-06
12260 0
12270 1.66667e-06
12280 3.33333e-06
12290 0
12300 3.33333e-06
12310 0
12320 3.33333e-06
12330 1.66667e-06
12340 1.66667e-06
12350 1.66667e-06
12360 1.66667e-06
12370 1.66667e-06
12380 0
12390 0
12400 0
12410 0
12420 3.33333e-06
12430 0
12440 0
12450 3.33333e-06
12460 1.66667e-06
12470 1.66667e-06
12480 3.33333e-06
12490 1.66667e-06
12500 0
12510 0
12520 3.33333e-06
12530 0
12540 1.66667e-06
12550 1.66667e-06
12560 1.66667e-06
12570 1.66667e-06
12580 3.33333e-06
12590 1.66667e-06
12600 1.66667e-06
12610 0
12620 1.66667e-06
12630 0
12640 1.66667e-06
12650 1.66667e-06
12660 0
12670 1.66667e-06
12680 3.33333e-06
12690 0
12700 1.66667e-06
12710 0
12720 1.66667e-06
12730 3.33333e-06
12740 0
12750 0
12760 1.66667e-06
12770 3.33333e-06
12780 0
12790 1.66667e-06
12800 3.33333e-06
12810 1.66667e-06
12820 1.66667e-06
12830 1.66667e-06
12840 1.66667e-06
12850 3.33333e-06
12860 0
12870 0
12880 0
12890 1.66667e-06
12900 1.66667e-06
12910 1.66667e-06
12920 1.66667e-06
12930 0
12940 1.66667e-06
12950 1.66667e-06
12960 1.66667e-06
12970 3.33333e-06
12980 3.33333e-06
12990 3.33333e-06
13000 3.33333e-06
13010 1.66667e-06
13020 0
13030 0
13040 0
13050 0
13060 1.66667e-06
13070 1.66667e-06
13080 0
13090 1.66667e-06
13100 3.33333e-06
13110 1.66667e-06
13120 3.33333e-06
13130 0
13140 1.66667e-06
13150 3.33333e-06
13160 1.66667e-06
13170 1.66667e-06
13180 3.33333e-06
13190 1.66667e-06
13200 0
13210 0
13220 1.66667e-06
13230 0
13240 1.66667e-06
13250 0
13260 3.33333e-06
13270 1.66667e-06
13280 1.66667e-06
13290 1.66667e-06
13300 3.33333e-06
13310 1.66667e-06
13320 1.66667e-06
13330 1.66667e-06
13340 0
13350 1.66667e-06
13360 3.33333e-06
13370 1.66667e-06
13380 3.33333e-06
13390 1.66667e-06
13400 1.66667e-06
13410 1.66667e-06
13420 1.66667e-06
13430 1.66667e-06
13440 3.33333e-06
13450 1.66667e-06
13460 1.66667e-06
13470 0
13480 1.66667e-06
13490 1.66667e-06
13500 1.66667e-06
13510 3.33333e-06
13520 1.66667e-06
13530 1.66667e-06
13540 1.66667e-06
13550 3.33333e-06
13560 3.33333e-06
13570 3.33333e-06
13580 3.33333e-06
13590 1.66667e-06
13600 0
13610 1.66667e-06
13620 3.33333e-06
13630 1.66667e-06
13640 0
13650 3.33333e-06
13660 1.66667e-06
13670 1.66667e-06
13680 1.66667e-06
13690 1.66667e-06
13700 1.66667e-06
13710 1.66667e-06
13720 1.66667e-06
13730 0
13740 3.33333e-06
13750 3.33333e-06
13760 3.33333e-06
13770 0
13780 1.66667e-06
13790 1.66667e-06
13800 1.66667e-06
13810 1.66667e-06
13820 3.33333e-06
13830 3.33333e-06
13840 1.66667e-06
13850 1.66667e-06
13860 1.66667e-06
13870 0
13880 0
13890 1.66667e-06
13900 1.66667e-06
13910 0
13920 3.33333e-06
13930 1.66667e-06
13940 0
13950 1.66667e-06
13960 1.66667e-06
13970 0
13980 1.66667e-06
13990 1.66667e-06
14000 0
14010 0
14020 1.66667e-06
14030 1.66667e-06
14040 1.66667e-06
14050 1.66667e-06
14060 3.33333e-06
14070 3.33333e-06
14080 0
14090 0
14100 0
14110 3.33333e-06
14120 3.33333e-06
14130 1.66667e-06
14140 0
14150 1.66667e-06
14160 3.33333e-06
14170 1.66667e-06
14180 1.66667e-06
14190 0
14200 1.66667e-06
14210 1.66667e-06
14220 0
14230 0
14240 1.66667e-06
14250 1.66667e-06
14260 1.66667e-06
14270 3.33333e-06
14280 3.33333e-06
14290 0
14300 1.66667e-06
14310 0
14320 1.66667e-06
14330 1.66667e-06
14340 0
14350 0
14360 1.66667e-06
14370 1.66667e-06
14380 3.33333e-06
14390 1.66667e-06
14400 1.66667e-06
14410 0
14420 1.66667e-06
14430 0
14440 0
14450 0
14460 0
14470 3.33333e-06
14480 3.33333e-06
14490 1.66667e-06
14500 3.33333e-06
14510 3.33333e-06
14520 1.66667e-06
14530 0
14540 3.33333e-06
14550 1.66667e-06
14560 0
14570 1.66667e-06
14580 1.66667e-06
14590 0
14600 1.66667e-06
14610 1.66667e-06
14620 0
14630 1.66667e-06
14640 0
14650 0
14660 1.66667e-06
14670 1.66667e-06
14680 1.66667e-06
14690 3.33333e-06
14700 0
14710 3.33333e-06
14720 1.66667e-06
14730 0
14740 0
14750 1.66667e-06
14760 1.66667e-06
14770 0
14780 3.33333e-06
14790 1.66667e-06
14800 1.66667e-06
14810 1.66667e-06
14820 0
14830 3.33333e-06
14840 1.66667e-06
14850 3.33333e-06
14860 1.66667e-06
14870 1.66667e-06
14880 0
14890 1.66667e-06
14900 1.66667e-06
14910 1.66667e-06
14920 3.33333e-06
14930 0
14940 1.66667e-06
14950 1.66667e-06
14960 1.66667e-06
14970 1.66667e-06
14980 3.33333e-06
14990 3.33333e-06
15000 1.66667e-06
15010 1.66667e-06
15020 3.33333e-06
15030 0
15040 0
15050 3.33333e-06
15060 0
15070 3.33333e-06
15080 1.66667e-06
15090 0
15100 0
15110 1.66667e-06
15120 0
15130 1.66667e-06
15140 3.33333e-06
15150 0
15160 1.66667e-06
15170 0
15180 1.66667e-06
15190 3.33333e-06
15200 3.33333e-06
15210 1.66667e-06
15220 3.33333e-06
15230 1.66667e-06
15240 0
15250 1.66667e-06
15260 0
15270 0
15280 1.66667e-06
15290 1.66667e-06
15300 1.66667e-06
15310 1.66667e-06
15320 1.66667e-06
15330 1.66667e-06
15340 1.66667e-06
15350 1.66667e-06
15360 1.66667e-06
15370 0
15380 1.66667e-06
15390 0
15400 3.33333e-06
15410 3.33333e-06
15420 3.33333e-06
15430 3.33333e-06
15440 3.33333e-06
15450 0
15460 1.66667e-06
15470 3.33333e-06
15480 3.33333e-06
15490 1.66667e-06
15500 0
15510 1.66667e-06
15520 1.66667e-06
15530 1.66667e-06
15540 0
15550 1.66667e-06
15560 1.66667e-06
15570 0
15580 1.66667e-06
15590 0
15600 1.66667e-06
15610 1.66667e-06
15620 0
15630 1.66667e-06
15640 1.66667e-06
15650 1.66667e-06
15660 0
15670 1.66667e-06
15680 0
15690 1.66667e-06
15700 0
15710 3.33333e-06
15720 1.66667e-06
15730 0
15740 1.66667e-06
15750 0
15760 1.66667e-06
15770 0
15780 3.33333e-06
15790 1.66667e-06
15800 3.33333e-06
15810 1.66667e-06
15820 3.33333e-06
15830 1.66667e-06
15840 1.66667e-06
15850 3.33333e-06
15860 1.66667e-06
15870 1.66667e-06
15880 0
15890 0
15900 0
15910 3.33333e-06
15920 0
15930 3.33333e-06
15940 3.33333e-06
15950 1.66667e-06
15960 1.66667e-06
15970 1.66667e-06
15980 0
15990 0
16000 0
16010 3.33333e-06
16020 0
16030 1.66667e-06
16040 1.66667e-06
16050 3.33333e-06
16060 1.66667e-06
16070 0
16080 1.66667e-06
16090 3.33333e-06
16100 0
16110 0
16120 1.66667e-06
16130 3.33333e-06
16140 1.66667e-06
16150 0
16160 1.66667e-06
16170 3.33333e-06
16180 1.66667e-06
16190 3.33333e-06
16200 1.66667e-06
16210 1.66667e-06
16220 0
16230 0
16240 0
16250 0
16260 1.66667e-06
16270 1.66667e-06
16280 1.66667e-06
16290 0
16300 1.66667e-06
16310 1.66667e-06
16320 1.66667e-06
16330 1.66667e-06
16340 1.66667e-06
16350 1.66667e-06
16360 1.66667e-06
16370 1.66667e-06
16380 1.66667e-06
16390 1.66667e-06
16400 1.66667e-06
16410 1.66667e-06
16420 0
16430 1.66667e-06
16440 1.66667e-06
16450 1.66667e-06
16460 3.33333e-06
16470 3.33333e-06
16480 1.66667e-06
16490 0
16500 0
16510 0
16520 0
16530 1.66667e-06
16540 0
16550 1.66667e-06
16560 1.66667e-06
16570 1.66667e-06
16580 1.66667e-06
16590 1.66667e-06
16600 1.66667e-06
16610 1.66667e-06
16620 1.66667e-06
16630 1.66667e-06
16640 1.66667e-06
16650 3.33333e-06
16660 0
16670 0
16680 0
16690 0
16700 1.66667e-06
16710 1.66667e-06
16720 0
16730 1.66667e-06
16740 1.66667e-06
16750 3.33333e-06
16760 3.33333e-06
16770 1.66667e-06
16780 1.66667e-06
16790 1.66667e-06
16800 1.66667e-06
16810 1.66667e-06
16820 0
16830 3.33333e-06
16840 0
16850 0
16860 1.66667e-06
16870 0
16880 3.33333e-06
16890 0
16900 3.33333e-06
16910 1.66667e-06
16920 3.33333e-06
16930 3.33333e-06
16940 1.66667e-06
16950 1.66667e-06
16960 1.66667e-06
16970 0
16980 1.66667e-06
16990 3.33333e-06
17000 1.66667e-06
17010 1.66667e-06
17020 1.66667e-06
17030 3.33333e-06
17040 1.66667e-06
17050 0
17060 1.66667e-06
17070 1.66667e-06
17080 3.33333e-06
17090 1.66667e-06
17100 1.66667e-06
17110 0
17120 1.66667e-06
17130 0
17140 0
17150 0
17160 1.66667e-06
17170 1.66667e-06
17180 0
17190 1.66667e-06
17200 0
17210 3.33333e-06
17220 1.66667e-06
17230 1.66667e-06
17240 1.66667e-06
17250 1.66667e-06
17260 1.66667e-06
17270 3.33333e-06
17280 3.33333e-06
17290 0
17300 3.33333e-06
17310 1.66667e-06
17320 1.66667e-06
17330 1.66667e-06
17340 1.66667e-06
17350 3.33333e-06
17360 0
17370 3.33333e-06
17380 1.66667e-06
17390 0
17400 3.33333e-06
17410 1.66667e-06
17420 1.66667e-06
17430 1.66667e-06
17440 1.66667e-06
17450 3.33333e-06
17460 3.33333e-06
17470 3.33333e-06
17480 3.33333e-06
17490 1.66667e-06
17500 3.33333e-06
17510 1.66667e-06
17520 1.66667e-06
17530 1.66667e-06
17540 3.33333e-06
17550 0
17560 3.33333e-06
17570 3.33333e-06
17580 0
17590 0
17600 1.66667e-06
17610 0
17620 3.33333e-06
17630 1.66667e-06
17640 1.66667e-06
17650 3.33333e-06
17660 3.33333e-06
17670 0
17680 3.33333e-06
17690 1.66667e-06
17700 0
17710 0
17720 1.66667e-06
17730 3.33333e-06
17740 3.33333e-06
17750 0
17760 1.66667e-06
17770 3.33333e-06
17780 1.66667e-06
17790 1.66667e-06
17800 1.66667e-06
17810 3.33333e-06
17820 1.66667e-06
17830 1.66667e-06
17840 3.33333e-06
17850 3.33333e-06
17860 0
17870 0
17880 0
17890 1.66667e-06
17900 1.66667e-06
17910 3.33333e-06
17920 0
17930 0
17940 3.33333e-06
17950 1.66667e-06
17960 1.66667e-06
17970 1.66667e-06
17980 1.66667e-06
17990 0
18000 1.66667e-06
18010 1.66667e-06
18020 3.33333e-06
18030 1.66667e-06
18040 3.33333e-06
18050 1.66667e-06
18060 1.66667e-06
18070 1.66667e-06
18080 1.66667e-06
18090 3.33333e-06
18100 1.66667e-06
18110 3.33333e-06
18120 3.33333e-06
18130 0
18140 0
18150 0
18160 1.66667e-06
18170 3.33333e-06
18180 1.66667e-06
18190 3.33333e-06
18200 0
18210 3.33333e-06
18220 3.33333e-06
18230 0
18240 1.66667e-06
18250 1.66667e-06
18260 3.33333e-06
18270 1.66667e-06
18280 1.66667e-06
18290 1.66667e-06
18300 0
18310 1.66667e-06
18320 1.66667e-06
18330 0
18340 1.66667e-06
18350 1.66667e-06
18360 0
18370 1.66667e-06
18380 0
18390 0
18400 1.66667e-06
18410 1.66667e-06
18420 3.33333e-06
18430 0
18440 0
18450 1.66667e-06
18460 0
18470 1.66667e-06
18480 3.33333e-06
18490 3.33333e-06
18500 0
18510 1.66667e-06
18520 1.66667e-06
18530 1.66667e-06
18540 3.33333e-06
18550 3.33333e-06
18560 1.66667e-06
18570 1.66667e-06
18580 1.66667e-06
18590 1.66667e-06
18600 1.66667e-06
18610 3.33333e-06
18620 3.33333e-06
18630 0
18640 0
18650 1.66667e-06
18660 0
18670 0
18680 0
18690 1.66667e-06
18700 1.66667e-06
18710 1.66667e-06
18720 0
18730 0
18740 0
18750 1.66667e-06
18760 1.66667e-06
18770 3.33333e-06
18780 0
18790 1.66667e-06
18800 0
18810 3.33333e-06
18820 1.66667e-06
18830 3.33333e-06
18840 1.66667e-06
18850 1.66667e-06
18860 1.66667e-06
18870 1.66667e-06
18880 1.66667e-06
18890 0
18900 1.66667e-06
18910 1.66667e-06
18920 0
18930 1.66667e-06
18940 1.66667e-06
18950 0
18960 1.66667e-06
18970 1.66667e-06
18980 1.66667e-06
18990 3.33333e-06
19000 1.66667e-06
19010 1.66667e-06
19020 3.33333e-06
19030 3.33333e-06
19040 1.66667e-06
19050 0
19060 3.33333e-06
19070 3.33333e-06
19080 1.66667e-06
19090 0
19100 0
19110 1.66667e-06
19120 0
19130 1.66667e-06
19140 1.66667e-06
19150 3.33333e-06
19160 3.33333e-06
19170 0
19180 1.66667e-06
19190 3.33333e-06
19200 0
19210 0
19220 0
19230 0
19240 3.33333e-06
19250 3.33333e-06
19260 3.33333e-06
19270 0
19280 3.33333e-06
19290 0
19300 3.33333e-06
19310 1.66667e-06
19320 3.33333e-06
19330 3.33333e-06
19340 1.66667e-06
19350 1.66667e-06
19360 0
19370 3.33333e-06
19380 0
19390 3.33333e-06
19400 0
19410 1.66667e-06
19420 0
19430 0
19440 0
19450 1.66667e-06
19460 0
19470 1.66667e-06
19480 0
19490 0
19500 1.66667e-06
19510 1.66667e-06
19520 1.66667e-06
19530 0
19540 3.33333e-06
19550 3.33333e-06
19560 0
19570 1.66667e-06
19580 1.66667e-06
19590 3.33333e-06
19600 1.66667e-06
19610 1.66667e-06
19620 1.66667e-06
19630 3.33333e-06
19640 3.33333e-06
19650 1.66667e-06
19660 3.33333e-06
19670 1.66667e-06
19680 1.66667e-06
19690 3.33333e-06
19700 0
19710 3.33333e-06
19720 1.66667e-06
19730 3.33333e-06
19740 1.66667e-06
19750 1.66667e-06
19760 1.66667e-06
19770 1.66667e-06
19780 1.66667e-06
19790 0
19800 1.66667e-06
19810 3.33333e-06
19820 1.66667e-06
19830 1.66667e-06
19840 3.33333e-06
19850 0
19860 1.66667e-06
19870 3.33333e-06
19880 0
19890 0
19900 0
19910 0
19920 3.33333e-06
19930 1.66667e-06
19940 0
19950 0
19960 0
19970 1.66667e-06
19980 1.66667e-06
19990 1.66667e-06
20000 1.66667e-06
20010 3.33333e-06
20020 3.33333e-06
20030 3.33333e-06
20040 0
20050 1.66667e-06
20060 0
20070 1.66667e-06
20080 0
20090 1.66667e-06
20100 1.66667e-06
20110 1.66667e-06
20120 0
20130 0
20140 3.33333e-06
20150 3.33333e-06
20160 0
20170 1.66667e-06
20180 0
20190 0
20200 1.66667e-06
20210 1.66667e-06
20220 3.33333e-06
20230 3.33333e-06
20240 3.33333e-06
20250 3.33333e-06
20260 1.66667e-06
20270 3.33333e-06
20280 1.66667e-06
20290 1.66667e-06
20300 1.66667e-06
20310 3.33333e-06
20320 1.66667e-06
20330 1.66667e-06
20340 0
20350 1.66667e-06
20360 3.33333e-06
20370 3.33333e-06
20380 1.66667e-06
20390 1.66667e-06
20400 0
20410 0
20420 1.66667e-06
20430 1.66667e-06
20440 3.33333e-06
20450 1.66667e-06
20460 1.66667e-06
20470 3.33333e-06
20480 3.33333e-06
20490 1.66667e-06
20500 0
20510 1.66667e-06
20520 0
20530 1.66667e-06
20540 1.66667e-06
20550 1.66667e-06
20560 1.66667e-06
20570 3.33333e-06
20580 0
20590 0
20600 1.66667e-06
20610 3.33333e-06
20620 1.66667e-06
20630 3.33333e-06
20640 1.66667e-06
20650 0
20660 3.33333e-06
20670 1.66667e-06
20680 1.66667e-06
20690 3.33333e-06
20700 3.33333e-06
20710 1.66667e-06
20720 0
20730 0
20740 1.66667e-06
20750 1.66667e-06
20760 1.66667e-06
20770 1.66667e-06
20780 1.66667e-06
20790 1.66667e-06
20800 1.66667e-06
20810 3.33333e-06
20820 0
20830 0
20840 0
20850 0
20860 1.66667e-06
20870 0
20880 1.66667e-06
20890 1.66667e-06
20900 0
20910 1.66667e-06
20920 1.66667e-06
20930 1.66667e-06
20940 1.66667e-06
20950 1.66667e-06
20960 3.33333e-06
20970 1.66667e-06
20980 1.66667e-06
20990 0
21000 1.66667e-06
21010 1.66667e-06
21020 1.66667e-06
21030 1.66667e-06
21040 1.66667e-06
21050 1.66667e-06
21060 1.66667e-06
21070 1.66667e-06
21080 3.33333e-06
21090 1.66667e-06
21100 3.33333e-06
21110 0
21120 3.33333e-06
21130 1.66667e-06
21140 0
21150 0
21160 1.66667e-06
21170 1.66667e-06
21180 1.66667e-06
21190 1.66667e-06
21200 1.66667e-06
21210 1.66667e-06
21220 1.66667e-06
21230 1.66667e-06
21240 1.66667e-06
21250 3.33333e-06
21260 3.33333e-06
21270 1.66667e-06
21280 3.33333e-06
21290 1.66667e-06
21300 3.33333e-06
21310 0
21320 1.66667e-06
21330 3.33333e-06
21340 1.66667e-06
21350 1.66667e-06
21360 1.66667e-06
21370 0
21380 3.33333e-06
21390 1.66667e-06
21400 0
21410 1.66667e-06
21420 3.33333e-06
21430 0
21440 0
21450 0
21460 1.66667e-06
21470 0
21480 1.66667e-06
21490 3.33333e-06
21500 1.66667e-06
21510 1.66667e-06
21520 1.66667e-06
21530 0
21540 0
21550 3.33333e-06
21560 3.33333e-06
21570 1.66667e-06
21580 1.66667e-06
21590 0
21600 1.66667e-06
21610 3.33333e-06
21620 1.66667e-06
21630 3.33333e-06
21640 1.66667e-06
21650 3.33333e-06
21660 1.66667e-06
21670 1.66667e-06
21680 1.66667e-06
21690 1.66667e-06
21700 1.66667e-06
21710 3.33333e-06
21720 0
21730 0
21740 0
21750 0
21760 0
21770 0
21780 1.66667e-06
21790 3.33333e-06
21800 0
21810 3.33333e-06
21820 1.66667e-06
21830 1.66667e-06
21840 3.33333e-06
21850 3.33333e-06
21860 1.66667e-06
21870 1.66667e-06
21880 0
21890 1.66667e-06
21900 0
21910 0
21920 1.66667e-06
21930 0
21940 3.33333e-06
21950 1.66667e-06
21960 3.33333e-06
21970 0
21980 3.33333e-06
21990 1.66667e-06
22000 1.66667e-06
22010 1.66667e-06
22020 1.66667e-06
22030 0
22040 0
22050 0
22060 3.33333e-06
22070 0
22080 1.66667e-06
22090 1.66667e-06
22100 3.33333e-06
22110 0
22120 1.66667e-06
22130 3.33333e-06
22140 1.66667e-06
22150 3.33333e-06
22160 0
22170 1.66667e-06
22180 1.66667e-06
22190 3.33333e-06
22200 1.66667e-06
22210 3.33333e-06
22220 1.66667e-06
22230 0
22240 1.66667e-06
22250 0
22260 3.33333e-06
22270 1.66667e-06
22280 1.66667e-06
22290 3.33333e-06
22300 1.66667e-06
22310 0
22320 3.33333e-06
22330 1.66667e-06
22340 0
22350 0
22360 0
22370 1.66667e-06
22380 1.66667e-06
22390 1.66667e-06
22400 0
22410 3.33333e-06
22420 1.66667e-06
22430 1.66667e-06
22440 1.66667e-06
22450 1.66667e-06
22460 3.33333e-06
22470 1.66667e-06
22480 3.33333e-06
22490 1.66667e-06
22500 3.33333e-06
22510 1.66667e-06
22520 0
22530 0
22540 1.66667e-06
22550 3.33333e-06
22560 1.66667e-06
22570 1.66667e-06
22580 3.33333e-06
22590 1.66667e-06
22600 1.66667e-06
22610 1.66667e-06
22620 3.33333e-06
22630 3.33333e-06
22640 1.66667e-06
22650 3.33333e-06
22660 0
22670 1.66667e-06
22680 0
22690 1.66667e-06
22700 1.66667e-06
22710 3.33333e-06
22720 1.66667e-06
22730 0
22740 1.66667e-06
22750 1.66667e-06
22760 1.66667e-06
22770 1.66667e-06
22780 1.66667e-06
22790 1.66667e-06
22800 1.66667e-06
22810 1.66667e-06
22820 1.66667e-06
22830 1.66667e-06
22840 1.66667e-06
22850 3.33333e-06
22860 1.66667e-06
22870 0
22880 1.66667e-06
22890 1.66667e-06
22900 1.66667e-06
22910 3.33333e-06
22920 3.33333e-06
22930 3.33333e-06
22940 3.33333e-06
22950 3.33333e-06
22960 1.66667e-06
22970 1.66667e-06
22980 1.66667e-06
22990 3.33333e-06
23000 1.66667e-06
23010 1.66667e-06
23020 0
23030 1.66667e-06
23040 1.66667e-06
23050 1.66667e-06
23060 0
23070 1.66667e-06
23080 1.66667e-06
23090 1.66667e-06
23100 0
23110 0
23120 1.66667e-06
23130 1.66667e-06
23140 1.66667e-06
23150 1.66667e-06
23160 1.66667e-06
23170 0
23180 1.66667e-06
23190 3.33333e-06
23200 1.66667e-06
23210 3.33333e-06
23220 0
23230 1.66667e-06
23240 1.66667e-06
23250 1.66667e-06
23260 3.33333e-06
23270 1.66667e-06
23280 1.66667e-06
23290 1.66667e-06
23300 3.33333e-06
23310 1.66667e-06
23320 1.66667e-06
23330 3.33333e-06
23340 1.66667e-06
23350 1.66667e-06
23360 1.66667e-06
23370 3.33333e-06
23380 3.33333e-06
23390 1.66667e-06
23400 1.66667e-06
23410 1.66667e-06
23420 1.66667e-06
23430 1.66667e-06
23440 1.66667e-06
23450 1.66667e-06
23460 3.33333e-06
23470 1.66667e-06
23480 1.66667e-06
23490 1.66667e-06
23500 3.33333e-06
23510 1.66667e-06
23520 1.66667e-06
23530 1.66667e-06
23540 1.66667e-06
23550 3.33333e-06
23560 3.33333e-06
23570 0
23580 1.66667e-06
23590 1.66667e-06
23600 0
23610 0
23620 0
23630 3.33333e-06
23640 1.66667e-06
23650 1.66667e-06
23660 1.66667e-06
23670 3.33333e-06
23680 1.66667e-06
23690 3.33333e-06
23700 1.66667e-06
23710 0
23720 3.33333e-06
23730 0
23740 0
23750 1.66667e-06
23760 1.66667e-06
23770 3.33333e-06
23780 0
23790 1.66667e-06
23800 1.66667e-06
23810 1.66667e-06
23820 1.66667e-06
23830 1.66667e-06
23840 1.66667e-06
23850 1.66667e-06
23860 3.33333e-06
23870 1.66667e-06
23880 0
23890 0
23900 1.66667e-06
23910 1.66667e-06
23920 1.66667e-06
23930 3.33333e-06
23940 1.66667e-06
23950 1.66667e-06
23960 3.33333e-06
23970 1.66667e-06
23980 1.66667e-06
23990 3.33333e-06
24000 3.33333e-06
24010 1.66667e-06
24020 1.66667e-06
24030 1.66667e-06
24040 3.33333e-06
24050 0
24060 1.66667e-06
24070 1.66667e-06
24080 0
24090 0
24100 1.66667e-06
24110 0
24120 0
24130 1.66667e-06
24140 1.66667e-06
24150 1.66667e-06
24160 0
24170 0
24180 1.66667e-06
24190 3.33333e-06
24200 3.33333e-06
24210 1.66667e-06
24220 1.66667e-06
24230 3.33333e-06
24240 1.66667e-06
24250 1.66667e-06
24260 1.66667e-06
24270 3.33333e-06
24280 0
24290 0
24300 0
24310 0
24320 1.66667e-06
24330 1.66667e-06
24340 1.66667e-06
24350 1.66667e-06
24360 1.66667e-06
24370 3.33333e-06
24380 1.66667e-06
24390 0
24400 1.66667e-06
24410 0
24420 0
24430 3.33333e-06
24440 3.33333e-06
24450 3.33333e-06
24460 1.66667e-06
24470 0
24480 1.66667e-06
24490 3.33333e-06
24500 1.66667e-06
24510 1.66667e-06
24520 0
24530 0
24540 0
24550 0
24560 0
24570 3.33333e-06
24580 0
24590 1.66667e-06
24600 0
24610 1.66667e-06
24620 0
24630 1.66667e-06
24640 0
24650 1.66667e-06
24660 1.66667e-06
24670 1.66667e-06
24680 0
24690 3.33333e-06
24700 1.66667e-06
24710 0
24720 3.33333e-06
24730 1.66667e-06
24740 0
24750 0
24760 0
24770 0
24780 1.66667e-06
24790 1.66667e-06
24800 1.66667e-06
24810 0
24820 1.66667e-06
24830 0
24840 3.33333e-06
24850 3.33333e-06
24860 1.66667e-06
24870 1.66667e-06
24880 1.66667e-06
24890 1.66667e-06
24900 1.66667e-06
24910 3.33333e-06
24920 3.33333e-06
24930 1.66667e-06
24940 1.66667e-06
24950 1.66667e-06
24960 3.33333e-06
24970 0
24980 0
24990 1.66667e-06
25000 0
25010 1.66667e-06
25020 0
25030 1.66667e-06
25040 0
25050 0
25060 1.66667e-06
25070 0
25080 0
25090 0
25100 1.66667e-06
25110 1.66667e-06
25120 0
25130 3.33333e-06
25140 3.33333e-06
25150 3.33333e-06
25160 3.33333e-06
25170 1.66667e-06
25180 1.66667e-06
25190 0
25200 1.66667e-06
25210 0
25220 1.66667e-06
25230 0
25240 0
25250 0
25260 3.33333e-06
25270 1.66667e-06
25280 3.33333e-06
25290 1.66667e-06
25300 1.66667e-06
25310 1.66667e-06
25320 1.66667e-06
25330 1.66667e-06
25340 0
25350 0
25360 0
25370 0
25380 0
25390 1.66667e-06
25400 1.66667e-06
25410 1.66667e-06
25420 1.66667e-06
25430 1.66667e-06
25440 1.66667e-06
25450 3.33333e-06
25460 3.33333e-06
25470 1.66667e-06
25480 1.66667e-06
25490 3.33333e-06
25500 1.66667e-06
25510 1.66667e-06
25520 1.66667e-06
25530 0
25540 1.66667e-06
25550 1.66667e-06
25560 1.66667e-06
25570 1.66667e-06
25580 3.33333e-06
25590 1.66667e-06
25600 3.33333e-06
25610 3.33333e-06
25620 1.66667e-06
25630 1.66667e-06
25640 1.66667e-06
25650 3.33333e-06
25660 3.33333e-06
25670 0
25680 1.66667e-06
25690 0
25700 1.66667e-06
25710 0
25720 1.66667e-06
25730 3.33333e-06
25740 1.66667e-06
25750 3.33333e-06
25760 3.33333e-06
25770 1.66667e-06
25780 3.33333e-06
25790 1.66667e-06
25800 1.66667e-06
25810 1.66667e-06
25820 1.66667e-06
25830 1.66667e-06
25840 3.33333e-06
25850 0
25860 0
25870 0
25880 1.66667e-06
25890 0
25900 1.66667e-06
25910 0
25920 0
25930 0
25940 0
25950 0
25960 3.33333e-06
25970 1.66667e-06
25980 1.66667e-06
25990 3.33333e-06
26000 1.66667e-06
26010 1.66667e-06
26020 1.66667e-06
26030 1.66667e-06
26040 1.66667e-06
26050 1.66667e-06
26060 3.33333e-06
26070 1.66667e-06
26080 3.33333e-06
26090 1.66667e-06
26100 1.66667e-06
26110 3.33333e-06
26120 1.66667e-06
26130 1.66667e-06
26140 1.66667e-06
26150 1.66667e-06
26160 1.66667e-06
26170 1.66667e-06
26180 0
26190 1.66667e-06
26200 1.66667e-06
26210 0
26220 1.66667e-06
26230 0
26240 1.66667e-06
26250 3.33333e-06
26260 3.33333e-06
26270 0
26280 1.66667e-06
26290 1.66667e-06
26300 1.66667e-06
26310 3.33333e-06
26320 1.66667e-06
26330 1.66667e-06
26340 0
26350 1.66667e-06
26360 1.66667e-06
26370 0
26380 1.66667e-06
26390 1.66667e-06
26400 1.66667e-06
26410 0
26420 0
26430 0
26440 1.66667e-06
26450 0
26460 3.33333e-06
26470 0
26480 1.66667e-06
26490 0
26500 1.66667e-06
26510 0
26520 1.66667e-06
26530 1.66667e-06
26540 3.33333e-06
26550 3.33333e-06
26560 0
26570 1.66667e-06
26580 3.33333e-06
26590 3.33333e-06
26600 0
26610 1.66667e-06
26620 1.66667e-06
26630 1.66667e-06
26640 3.33333e-06
26650 1.66667e-06
26660 0
26670 1.66667e-06
26680 1.66667e-06
26690 1.66667e-06
26700 1.66667e-06
26710 1.66667e-06
26720 1.66667e-06
26730 3.33333e-06
26740 3.33333e-06
26750 1.66667e-06
26760 1.66667e-06
26770 0
26780 3.33333e-06
26790 1.66667e-06
26800 3.33333e-06
26810 0
26820 0
26830 1.66667e-06
26840 1.66667e-06
26850 1.66667e-06
26860 1.66667e-06
26870 1.66667e-06
26880 3.33333e-06
26890 3.33333e-06
26900 1.66667e-06
26910 1.66667e-06
26920 0
26930 1.66667e-06
26940 0
26950 0
26960 3.33333e-06
26970 1.66667e-06
26980 0
26990 3.33333e-06
27000 0
27010 1.66667e-06
27020 3.33333e-06
27030 0
27040 3.33333e-06
27050 1.66667e-06
27060 1.66667e-06
27070 1.66667e-06
27080 1.66667e-06
27090 1.66667e-06
27100 1.66667e-06
27110 1.66667e-06
27120 1.66667e-06
27130 1.66667e-06
27140 3.33333e-06
27150 1.66667e-06
27160 1.66667e-06
27170 0
27180 1.66667e-06
27190 0
27200 0
27210 0
27220 1.66667e-06
27230 0
27240 1.66667e-06
27250 1.66667e-06
27260 1.66667e-06
27270 1.66667e-06
27280 0
27290 0
27300 1.66667e-06
27310 1.66667e-06
27320 1.66667e-06
27330 3.33333e-06
27340 0
27350 3.33333e-06
27360 1.66667e-06
27370 1.66667e-06
27380 1.66667e-06
27390 1.66667e-06
27400 1.66667e-06
27410 0
27420 1.66667e-06
27430 0
27440 3.33333e-06
27450 0
27460 0
27470 0
27480 0
27490 0
27500 1.66667e-06
27510 1.66667e-06
27520 0
27530 1.66667e-06
27540 0
27550 1.66667e-06
27560 1.66667e-06
27570 3.33333e-06
27580 1.66667e-06
27590 0
27600 3.33333e-06
27610 0
27620 1.66667e-06
27630 3.33333e-06
27640 0
27650 0
27660 1.66667e-06
27670 1.66667e-06
27680 3.33333e-06
27690 1.66667e-06
27700 0
27710 0
27720 0
27730 0
27740 0
27750 1.66667e-06
27760 1.66667e-06
27770 1.66667e-06
27780 1.66667e-06
27790 0
27800 0
27810 0
27820 1.66667e-06
27830 0
27840 3.33333e-06
27850 1.66667e-06
27860 1.66667e-06
27870 1.66667e-06
27880 3.33333e-06
27890 0
27900 1.66667e-06
27910 0
27920 0
27930 0
27940 0
27950 1.66667e-06
27960 3.33333e-06
27970 3.33333e-06
27980 1.66667e-06
27990 3.33333e-06
28000 1.66667e-06
28010 0
28020 1.66667e-06
28030 1.66667e-06
28040 0
28050 3.33333e-06
28060 1.66667e-06
28070 0
28080 3.33333e-06
28090 1.66667e-06
28100 0
28110 3.33333e-06
28120 3.33333e-06
28130 1.66667e-06
28140 1.66667e-06
28150 1.66667e-06
28160 0
28170 3.33333e-06
28180 3.33333e-06
28190 1.66667e-06
28200 1.66667e-06
28210 1.66667e-06
28220 0
28230 1.66667e-06
28240 1.66667e-06
28250 3.33333e-06
28260 3.33333e-06
28270 3.33333e-06
28280 3.33333e-06
28290 1.66667e-06
28300 3.33333e-06
28310 1.66667e-06
28320 0
28330 1.66667e-06
28340 1.66667e-06
28350 3.33333e-06
28360 3.33333e-06
28370 1.66667e-06
28380 1.66667e-06
28390 0
28400 0
28410 0
28420 0
28430 1.66667e-06
28440 3.33333e-06
28450 1.66667e-06
28460 1.66667e-06
28470 1.66667e-06
28480 0
28490 0
28500 1.66667e-06
28510 0
28520 1.66667e-06
28530 1.66667e-06
28540 1.66667e-06
28550 0
28560 1.66667e-06
28570 0
28580 3.33333e-06
28590 1.66667e-06
28600 0
28610 3.33333e-06
28620 0
28630 0
28640 1.66667e-06
28650 3.33333e-06
28660 0
28670 1.66667e-06
28680 1.66667e-06
28690 0
28700 0
28710 1.66667e-06
28720 1.66667e-06
28730 1.66667e-06
28740 1.66667e-06
28750 1.66667e-06
28760 3.33333e-06
28770 1.66667e-06
28780 3.33333e-06
28790 1.66667e-06
28800 1.66667e-06
28810 0
28820 1.66667e-06
28830 3.33333e-06
28840 1.66667e-06
28850 0
28860 3.33333e-06
28870 3.33333e-06
28880 1.66667e-06
28890 1.66667e-06
28900 0
28910 1.66667e-06
28920 3.33333e-06
28930 3.33333e-06
28940 0
28950 0
28960 0
28970 3.33333e-06
28980 1.66667e-06
28990 1.66667e-06
29000 0
29010 1.66667e-06
29020 1.66667e-06
29030 1.66667e-06
29040 3.33333e-06
29050 0
29060 1.66667e-06
29070 1.66667e-06
29080 1.66667e-06
29090 1.66667e-06
29100 1.66667e-06
29110 1.66667e-06
29120 0
29130 0
29140 1.66667e-06
29150 1.66667e-06
29160 0
29170 3.33333e-06
29180 1.66667e-06
29190 1.66667e-06
29200 3.33333e-06
29210 3.33333e-06
29220 0
29230 1.66667e-06
29240 0
29250 0
29260 1.66667e-06
29270 3.33333e-06
29280 3.33333e-06
29290 1.66667e-06
29300 0
29310 1.66667e-06
29320 0
29330 0
29340 0
29350 0
29360 0
29370 3.33333e-06
29380 0
29390 0
29400 0
29410 0
29420 1.66667e-06
29430 1.66667e-06
29440 3.33333e-06
29450 1.66667e-06
29460 1.66667e-06
29470 0
29480 1.66667e-06
29490 1.66667e-06
29500 1.66667e-06
29510 1.66667e-06
29520 3.33333e-06
29530 1.66667e-06
29540 1.66667e-06
29550 0
29560 0
29570 1.66667e-06
29580 1.66667e-06
29590 1.66667e-06
29600 1.66667e-06
29610 0
29620 0
29630 0
29640 3.33333e-06
29650 3.33333e-06
29660 1.66667e-06
29670 1.66667e-06
29680 0
29690 1.66667e-06
29700 1.66667e-06
29710 1.66667e-06
29720 1.66667e-06
29730 1.66667e-06
29740 3.33333e-06
29750 0
29760 1.66667e-06
29770 1.66667e-06
29780 3.33333e-06
29790 1.66667e-06
29800 1.66667e-06
29810 3.33333e-06
29820 3.33333e-06
29830 1.66667e-06
29840 0
29850 1.66667e-06
29860 3.33333e-06
29870 1.66667e-06
29880 3.33333e-06
29890 1.66667e-06
29900 1.66667e-06
29910 1.66667e-06
29920 0
29930 1.66667e-06
29940 0
29950 3.33333e-06
29960 1.66667e-06
29970 0
29980 0
29990 3.33333e-06
30000 1.66667e-06
30010 1.66667e-06
30020 1.66667e-06
30030 3.33333e-06
30040 3.33333e-06
30050 3.33333e-06
30060 1.66667e-06
30070 1.66667e-06
30080 3.33333e-06
30090 0
30100 1.66667e-06
30110 1.66667e-06
30120 3.33333e-06
30130 1.66667e-06
30140 0
30150 1.66667e-06
30160 0
30170 0
30180 0
30190 1.66667e-06
30200 0
30210 1.66667e-06
30220 1.66667e-06
30230 0
30240 0
30250 1.66667e-06
30260 0
30270 0
30280 0
30290 3.33333e-06
30300 1.66667e-06
30310 1.66667e-06
30320 1.66667e-06
30330 1.66667e-06
30340 0
30350 3.33333e-06
30360 1.66667e-06
30370 3.33333e-06
30380 0
30390 1.66667e-06
30400 1.66667e-06
30410 0
30420 1.66667e-06
30430 3.33333e-06
30440 1.66667e-06
30450 0
30460 1.66667e-06
30470 0
30480 3.33333e-06
30490 1.66667e-06
30500 1.66667e-06
30510 1.66667e-06
30520 1.66667e-06
30530 1.66667e-06
30540 1.66667e-06
30550 3.33333e-06
30560 0
30570 1.66667e-06
30580 1.66667e-06
30590 0
30600 3.33333e-06
30610 0
30620 1.66667e-06
30630 3.33333e-06
30640 0
30650 1.66667e-06
30660 0
30670 1.66667e-06
30680 1.66667e-06
30690 1.66667e-06
30700 3.33333e-06
30710 1.66667e-06
30720 1.66667e-06
30730 1.66667e-06
30740 1.66667e-06
30750 1.66667e-06
30760 0
30770 3.33333e-06
30780 1.66667e-06
30790 0
30800 1.66667e-06
30810 0
30820 0
30830 1.66667e-06
30840 0
30850 3.33333e-06
30860 1.66667e-06
30870 1.66667e-06
30880 1.66667e-06
30890 0
30900 1.66667e-06
30910 3.33333e-06
30920 1.66667e-06
30930 0
30940 1.66667e-06
30950 1.66667e-06
30960 0
30970 1.66667e-06
30980 0
30990 0
31000 3.33333e-06
31010 1.66667e-06
31020 0
31030 1.66667e-06
31040 1.66667e-06
31050 1.66667e-06
31060 1.66667e-06
31070 1.66667e-06
31080 0
31090 0
31100 3.33333e-06
31110 1.66667e-06
31120 3.33333e-06
31130 1.66667e-06
31140 0
31150 1.66667e-06
31160 0
31170 1.66667e-06
31180 3.33333e-06
31190 1.66667e-06
31200 1.66667e-06
31210 1.66667e-06
31220 0
31230 3.33333e-06
31240 3.33333e-06
31250 3.33333e-06
31260 1.66667e-06
31270 0
31280 3.33333e-06
31290 1.66667e-06
31300 1.66667e-06
31310 0
31320 1.66667e-06
31330 0
31340 1.66667e-06
31350 0
31360 1.66667e-06
31370 0
31380 1.66667e-06
31390 0
31400 1.66667e-06
31410 0
31420 0
31430 1.66667e-06
31440 1.66667e-06
31450 0
31460 3.33333e-06
31470 0
31480 1.66667e-06
31490 1.66667e-06
31500 1.66667e-06
31510 3.33333e-06
31520 0
31530 0
31540 0
31550 1.66667e-06
31560 1.66667e-06
31570 1.66667e-06
31580 0
31590 1.66667e-06
31600 3.33333e-06
31610 1.66667e-06
31620 3.33333e-06
31630 3.33333e-06
31640 0
31650 3.33333e-06
31660 1.66667e-06
31670 0
31680 3.33333e-06
31690 3.33333e-06
31700 1.66667e-06
31710 3.33333e-06
31720 1.66667e-06
31730 1.66667e-06
31740 3.33333e-06
31750 1.66667e-06
31760 0
31770 0
31780 3.33333e-06
31790 0
31800 3.33333e-06
31810 1.66667e-06
31820 3.33333e-06
31830 1.66667e-06
31840 0
31850 1.66667e-06
31860 3.33333e-06
31870 1.66667e-06
31880 3.33333e-06
31890 3.33333e-06
31900 1.66667e-06
31910 3.33333e-06
31920 1.66667e-06
31930 1.66667e-06
31940 0
31950 0
31960 1.66667e-06
31970 0
31980 1.66667e-06
31990 1.66667e-06
32000 1.66667e-06
32010 1.66667e-06
32020 1.66667e-06
32030 1.66667e-06
32040 3.33333e-06
32050 3.33333e-06
32060 3.33333e-06
32070 1.66667e-06
32080 1.66667e-06
32090 1.66667e-06
32100 0
32110 1.66667e-06
32120 0
32130 1.66667e-06
32140 0
32150 0
32160 3.33333e-06
32170 3.33333e-06
32180 3.33333e-06
32190 3.33333e-06
32200 1.66667e-06
32210 3.33333e-06
32220 1.66667e-06
32230 0
32240 1.66667e-06
32250 1.66667e-06
32260 0
32270 3.33333e-06
32280 0
32290 0
32300 1.66667e-06
32310 3.33333e-06
32320 3.33333e-06
32330 1.66667e-06
32340 1.66667e-06
32350 0
32360 1.66667e-06
32370 1.66667e-06
32380 1.66667e-06
32390 0
32400 1.66667e-06
32410 1.66667e-06
32420 1.66667e-06
32430 1.66667e-06
32440 1.66667e-06
32450 1.66667e-06
32460 0
32470 1.66667e-06
32480 1.66667e-06
32490 0
32500 1.66667e-06
32510 0
32520 1.66667e-06
32530 1.66667e-06
32540 1.66667e-06
32550 3.33333e-06
32560 1.66667e-06
32570 1.66667e-06
32580 0
32590 0
32600 0
32610 1.66667e-06
32620 1.66667e-06
32630 3.33333e-06
32640 0
32650 1.66667e-06
32660 0
32670 0
32680 0
32690 3.33333e-06
32700 1.66667e-06
32710 0
32720 1.66667e-06
32730 3.33333e-06
32740 1.66667e-06
32750 3.33333e-06
32760 1.66667e-06
32770 1.66667e-06
32780 0
32790 0
32800 0
32810 1.66667e-06
32820 0
32830 3.33333e-06
32840 0
32850 0
32860 1.66667e-06
32870 3.33333e-06
32880 1.66667e-06
32890 1.66667e-06
32900 1.66667e-06
32910 0
32920 1.66667e-06
32930 1.66667e-06
32940 1.66667e-06
32950 0
32960 1.66667e-06
32970 1.66667e-06
32980 3.33333e-06
32990 1.66667e-06
33000 1.66667e-06
33010 3.33333e-06
33020 3.33333e-06
33030 1.66667e-06
33040 1.66667e-06
33050 0
33060 1.66667e-06
33070 3.33333e-06
33080 3.33333e-06
33090 3.33333e-06
33100 3.33333e-06
33110 1.66667e-06
33120 1.66667e-06
33130 1.66667e-06
33140 0
33150 1.66667e-06
33160 0
33170 3.33333e-06
33180 1.66667e-06
33190 1.66667e-06
33200 0
33210 1.66667e-06
33220 1.66667e-06
33230 0
33240 1.66667e-06
33250 3.33333e-06
33260 3.33333e-06
33270 3.33333e-06
33280 0
33290 1.66667e-06
33300 3.33333e-06
33310 0
33320 3.33333e-06
33330 1.66667e-06
33340 1.66667e-06
33350 1.66667e-06
33360 1.66667e-06
33370 3.33333e-06
33380 3.33333e-06
33390 1.66667e-06
33400 0
33410 1.66667e-06
33420 1.66667e-06
33430 1.66667e-06
33440 0
33450 1.66667e-06
33460 1.66667e-06
33470 1.66667e-06
33480 3.33333e-06
33490 3.33333e-06
33500 3.33333e-06
33510 1.66667e-06
33520 1.66667e-06
33530 3.33333e-06
33540 0
33550 3.33333e-06
33560 1.66667e-06
33570 0
33580 1.66667e-06
33590 0
33600 1.66667e-06
33610 1.66667e-06
33620 1.66667e-06
33630 0
33640 0
33650 1.66667e-06
33660 1.66667e-06
33670 0
33680 0
33690 0
33700 0
33710 1.66667e-06
33720 0
33730 1.66667e-06
33740 3.33333e-06
33750 3.33333e-06
33760 0
33770 3.33333e-06
33780 1.66667e-06
33790 0
33800 0
33810 0
33820 1.66667e-06
33830 1.66667e-06
33840 1.66667e-06
33850 3.33333e-06
33860 0
33870 1.66667e-06
33880 0
33890 1.66667e-06
33900 0
33910 3.33333e-06
33920 1.66667e-06
33930 1.66667e-06
33940 0
33950 1.66667e-06
33960 1.66667e-06
33970 1.66667e-06
33980 3.33333e-06
33990 3.33333e-06
34000 1.66667e-06
34010 1.66667e-06
34020 1.66667e-06
34030 1.66667e-06
34040 1.66667e-06
34050 1.66667e-06
34060 1.66667e-06
34070 3.33333e-06
34080 3.33333e-06
34090 1.66667e-06
34100 1.66667e-06
34110 1.66667e-06
34120 3.33333e-06
34130 0
34140 1.66667e-06
34150 1.66667e-06
34160 0
34170 1.66667e-06
34180 1.66667e-06
34190 0
34200 0
34210 1.66667e-06
34220 1.66667e-06
34230 1.66667e-06
34240 0
34250 1.66667e-06
34260 0
34270 0
34280 0
34290 0
34300 0
34310 0
34320 1.66667e-06
34330 1.66667e-06
34340 0
34350 3.33333e-06
34360 1.66667e-06
34370 0
34380 1.66667e-06
34390 1.66667e-06
34400 0
34410 0
34420 0
34430 1.66667e-06
34440 1.66667e-06
34450 1.66667e-06
34460 1.66667e-06
34470 1.66667e-06
34480 3.33333e-06
34490 3.33333e-06
34500 3.33333e-06
34510 0
34520 1.66667e-06
34530 0
34540 1.66667e-06
34550 1.66667e-06
34560 0
34570 1.66667e-06
34580 1.66667e-06
34590 1.66667e-06
34600 1.66667e-06
34610 0
34620 0
34630 3.33333e-06
34640 1.66667e-06
34650 3.33333e-06
34660 0
34670 0
34680 0
34690 3.33333e-06
34700 1.66667e-06
34710 0
34720 1.66667e-06
34730 0
34740 1.66667e-06
34750 1.66667e-06
34760 1.66667e-06
34770 0
34780 1.66667e-06
34790 1.66667e-06
34800 1.66667e-06
34810 1.66667e-06
34820 0
34830 3.33333e-06
34840 1.66667e-06
34850 1.66667e-06
34860 0
34870 1.66667e-06
34880 1.66667e-06
34890 1.66667e-06
34900 3.33333e-06
34910 1.66667e-06
34920 1.66667e-06
34930 0
34940 0
34950 1.66667e-06
34960 1.66667e-06
34970 1.66667e-06
34980 3.33333e-06
34990 1.66667e-06
35000 0
35010 0
35020 0
35030 0
35040 1.66667e-06
35050 1.66667e-06
35060 0
35070 0
35080 1.66667e-06
35090 1.66667e-06
35100 0
35110 0
35120 1.66667e-06
35130 3.33333e-06
35140 1.66667e-06
35150 1.66667e-06
35160 3.33333e-06
35170 0
35180 1.66667e-06
35190 0
35200 1.66667e-06
35210 3.33333e-06
35220 1.66667e-06
35230 1.66667e-06
35240 3.33333e-06
35250 1.66667e-06
35260 3.33333e-06
35270 1.66667e-06
35280 0
35290 1.66667e-06
35300 1.66667e-06
35310 1.66667e-06
35320 1.66667e-06
35330 1.66667e-06
35340 1.66667e-06
35350 3.33333e-06
35360 0
35370 0
35380 3.33333e-06
35390 0
35400 1.66667e-06
35410 1.66667e-06
35420 3.33333e-06
35430 0
35440 1.66667e-06
35450 3.33333e-06
35460 1.66667e-06
35470 0
35480 1.66667e-06
35490 1.66667e-06
35500 1.66667e-06
35510 1.66667e-06
35520 1.66667e-06
35530 1.66667e-06
35540 0
35550 1.66667e-06
35560 1.66667e-06
35570 0
35580 1.66667e-06
35590 1.66667e-06
35600 1.66667e-06
35610 3.33333e-06
35620 1.66667e-06
35630 0
35640 1.66667e-06
35650 0
35660 0
35670 1.66667e-06
35680 0
35690 0
35700 0
35710 0
35720 1.66667e-06
35730 3.33333e-06
35740 3.33333e-06
35750 1.66667e-06
35760 0
35770 0
35780 0
35790 1.66667e-06
35800 1.66667e-06
35810 1.66667e-06
35820 3.33333e-06
35830 1.66667e-06
35840 0
35850 0
35860 1.66667e-06
35870 1.66667e-06
35880 0
35890 1.66667e-06
35900 1.66667e-06
35910 1.66667e-06
35920 1.66667e-06
35930 1.66667e-06
35940 1.66667e-06
35950 1.66667e-06
35960 3.33333e-06
35970 1.66667e-06
35980 0
35990 1.66667e-06
36000 0
36010 0
36020 1.66667e-06
36030 3.33333e-06
36040 1.66667e-06
36050 0
36060 1.66667e-06
36070 1.66667e-06
36080 1.66667e-06
36090 1.66667e-06
36100 0
36110 1.66667e-06
36120 1.66667e-06
36130 0
36140 0
36150 0
36160 1.66667e-06
36170 1.66667e-06
36180 3.33333e-06
36190 0
36200 0
36210 3.33333e-06
36220 3.33333e-06
36230 1.66667e-06
36240 1.66667e-06
36250 3.33333e-06
36260 1.66667e-06
36270 1.66667e-06
36280 1.66667e-06
36290 0
36300 3.33333e-06
36310 1.66667e-06
36320 1.66667e-06
36330 1.66667e-06
36340 1.66667e-06
36350 1.66667e-06
36360 1.66667e-06
36370 0
36380 1.66667e-06
36390 1.66667e-06
36400 1.66667e-06
36410 1.66667e-06
36420 3.33333e-06
36430 1.66667e-06
36440 0
36450 0
36460 1.66667e-06
36470 1.66667e-06
36480 1.66667e-06
36490 0
36500 0
36510 0
36520 1.66667e-06
36530 1.66667e-06
36540 0
36550 1.66667e-06
36560 1.66667e-06
36570 1.66667e-06
36580 0
36590 0
36600 1.66667e-06
36610 0
36620 0
36630 3.33333e-06
36640 3.33333e-06
36650 3.33333e-06
36660 1.66667e-06
36670 0
36680 0
36690 0
36700 1.66667e-06
36710 1.66667e-06
36720 1.66667e-06
36730 1.66667e-06
36740 1.66667e-06
36750 3.33333e-06
36760 1.66667e-06
36770 3.33333e-06
36780 1.66667e-06
36790 3.33333e-06
36800 1.66667e-06
36810 1.66667e-06
36820 1.66667e-06
36830 0
36840 1.66667e-06
36850 1.66667e-06
36860 0
36870 1.66667e-06
36880 1.66667e-06
36890 1.66667e-06
36900 3.33333e-06
36910 1.66667e-06
36920 0
36930 0
36940 1.66667e-06
36950 1.66667e-06
36960 1.66667e-06
36970 1.66667e-06
36980 3.33333e-06
36990 1.66667e-06
37000 0
37010 3.33333e-06
37020 1.66667e-06
37030 1.66667e-06
37040 3.33333e-06
37050 0
37060 1.66667e-06
37070 1.66667e-06
37080 1.66667e-06
37090 1.66667e-06
37100 1.66667e-06
37110 1.66667e-06
37120 1.66667e-06
37130 0
37140 3.33333e-06
37150 3.33333e-06
37160 1.66667e-06
37170 0
37180 1.66667e-06
37190 0
37200 3.33333e-06
37210 1.66667e-06
37220 1.66667e-06
37230 1.66667e-06
37240 3.33333e-06
37250 1.66667e-06
37260 1.66667e-06
37270 1.66667e-06
37280 0
37290 1.66667e-06
37300 1.66667e-06
37310 3.33333e-06
37320 3.33333e-06
37330 1.66667e-06
37340 1.66667e-06
37350 1.66667e-06
37360 3.33333e-06
37370 1.66667e-06
37380 3.33333e-06
37390 1.66667e-06
37400 3.33333e-06
37410 0
37420 1.66667e-06
37430 1.66667e-06
37440 0
37450 3.33333e-06
37460 3.33333e-06
37470 1.66667e-06
37480 0
37490 3.33333e-06
37500 0
37510 0
37520 1.66667e-06
37530 3.33333e-06
37540 3.33333e-06
37550 1.66667e-06
37560 1.66667e-06
37570 1.66667e-06
37580 3.33333e-06
37590 1.66667e-06
37600 1.66667e-06
37610 1.66667e-06
37620 0
37630 1.66667e-06
37640 1.66667e-06
37650 1.66667e-06
37660 0
37670 3.33333e-06
37680 1.66667e-06
37690 3.33333e-06
37700 3.33333e-06
37710 3.33333e-06
37720 0
37730 3.33333e-06
37740 0
37750 3.33333e-06
37760 1.66667e-06
37770 3.33333e-06
37780 1.66667e-06
37790 3.33333e-06
37800 3.33333e-06
37810 1.66667e-06
37820 0
37830 1.66667e-06
37840 0
37850 1.66667e-06
37860 1.66667e-06
37870 3.33333e-06
37880 1.66667e-06
37890 0
37900 1.66667e-06
37910 1.66667e-06
37920 3.33333e-06
37930 3.33333e-06
37940 3.33333e-06
37950 0
37960 1.66667e-06
37970 1.66667e-06
37980 0
37990 0
38000 1.66667e-06
38010 1.66667e-06
38020 1.66667e-06
38030 3.33333e-06
38040 0
38050 0
38060 1.66667e-06
38070 1.66667e-06
38080 1.66667e-06
38090 0
38100 3.33333e-06
38110 1.66667e-06
38120 1.66667e-06
38130 0
38140 3.33333e-06
38150 0
38160 1.66667e-06
38170 0
38180 3.33333e-06
38190 1.66667e-06
38200 1.66667e-06
38210 3.33333e-06
38220 3.33333e-06
38230 3.33333e-06
38240 1.66667e-06
38250 1.66667e-06
38260 1.66667e-06
38270 3.33333e-06
38280 0
38290 1.66667e-06
38300 1.66667e-06
38310 1.66667e-06
38320 0
38330 0
38340 0
38350 1.66667e-06
38360 1.66667e-06
38370 1.66667e-06
38380 1.66667e-06
38390 3.33333e-06
38400 3.33333e-06
38410 3.33333e-06
38420 1.66667e-06
38430 0
38440 1.66667e-06
38450 1.66667e-06
38460 0
38470 3.33333e-06
38480 3.33333e-06
38490 3.33333e-06
38500 0
38510 0
38520 1.66667e-06
38530 1.66667e-06
38540 1.66667e-06
38550 1.66667e-06
38560 1.66667e-06
38570 1.66667e-06
38580 1.66667e-06
38590 3.33333e-06
38600 0
38610 1.66667e-06
38620 3.33333e-06
38630 3.33333e-06
38640 1.66667e-06
38650 1.66667e-06
38660 1.66667e-06
38670 1.66667e-06
38680 1.66667e-06
38690 0
38700 1.66667e-06
38710 1.66667e-06
38720 0
38730 1.66667e-06
38740 1.66667e-06
38750 1.66667e-06
38760 3.33333e-06
38770 3.33333e-06
38780 1.66667e-06
38790 1.66667e-06
38800 3.33333e-06
38810 0
38820 0
38830 1.66667e-06
38840 1.66667e-06
38850 1.66667e-06
38860 1.66667e-06
38870 0
38880 1.66667e-06
38890 1.66667e-06
38900 3.33333e-06
38910 0
38920 0
38930 1.66667e-06
38940 1.66667e-06
38950 0
38960 1.66667e-06
38970 0
38980 1.66667e-06
38990 1.66667e-06
39000 0
39010 0
39020 0
39030 1.66667e-06
39040 1.66667e-06
39050 1.66667e-06
39060 0
39070 0
39080 0
39090 1.66667e-06
39100 3.33333e-06
39110 3.33333e-06
39120 1.66667e-06
39130 1.66667e-06
39140 0
39150 0
39160 0
39170 1.66667e-06
39180 1.66667e-06
39190 1.66667e-06
39200 1.66667e-06
39210 0
39220 0
39230 1.66667e-06
39240 1.66667e-06
39250 3.33333e-06
39260 3.33333e-06
39270 1.66667e-06
39280 1.66667e-06
39290 0
39300 1.66667e-06
39310 1.66667e-06
39320 1.66667e-06
39330 3.33333e-06
39340 3.33333e-06
39350 1.66667e-06
39360 1.66667e-06
39370 1.66667e-06
39380 1.66667e-06
39390 1.66667e-06
39400 1.66667e-06
39410 3.33333e-06
39420 0
39430 1.66667e-06
39440 1.66667e-06
39450 1.66667e-06
39460 0
39470 1.66667e-06
39480 1.66667e-06
39490 1.66667e-06
39500 3.33333e-06
39510 1.66667e-06
39520 3.33333e-06
39530 1.66667e-06
39540 1.66667e-06
39550 1.66667e-06
39560 1.66667e-06
39570 1.66667e-06
39580 0
39590 1.66667e-06
39600 3.33333e-06
39610 1.66667e-06
39620 0
39630 1.66667e-06
39640 1.66667e-06
39650 1.66667e-06
39660 0
39670 1.66667e-06
39680 0
39690 1.66667e-06
39700 0
39710 0
39720 1.66667e-06
39730 1.66667e-06
39740 1.66667e-06
39750 0
39760 3.33333e-06
39770 3.33333e-06
39780 0
39790 3.33333e-06
39800 1.66667e-06
39810 3.33333e-06
39820 1.66667e-06
39830 1.66667e-06
39840 0
39850 1.66667e-06
39860 1.66667e-06
39870 1.66667e-06
39880 3.33333e-06
39890 0
39900 1.66667e-06
39910 1.66667e-06
39920 1.66667e-06
39930 0
39940 0
39950 3.33333e-06
39960 3.33333e-06
39970 0
39980 3.33333e-06
39990 0
40000 0
40010 0
40020 0
40030 0
40040 1.66667e-06
40050 0
40060 0
40070 0
40080 0
40090 0
40100 0
40110 0
40120 0
40130 3.33333e-06
40140 1.66667e-06
40150 1.66667e-06
40160 0
40170 0
40180 0
40190 1.66667e-06
40200 1.66667e-06
40210 1.66667e-06
40220 1.66667e-06
40230 1.66667e-06
40240 0
40250 1.66667e-06
40260 1.66667e-06
40270 1.66667e-06
40280 0
40290 0
40300 1.66667e-06
40310 3.33333e-06
40320 0
40330 1.66667e-06
40340 1.66667e-06
40350 1.66667e-06
40360 1.66667e-06
40370 1.66667e-06
40380 3.33333e-06
40390 1.66667e-06
40400 0
40410 3.33333e-06
40420 1.66667e-06
40430 1.66667e-06
40440 1.66667e-06
40450 1.66667e-06
40460 0
40470 0
40480 0
40490 0
40500 3.33333e-06
40510 0
40520 1.66667e-06
40530 1.66667e-06
40540 0
40550 1.66667e-06
40560 0
40570 3.33333e-06
40580 3.33333e-06
40590 0
40600 0
40610 0
40620 1.66667e-06
40630 0
40640 1.66667e-06
40650 1.66667e-06
40660 1.66667e-06
40670 1.66667e-06
40680 1.66667e-06
40690 0
40700 1.66667e-06
40710 0
40720 1.66667e-06
40730 1.66667e-06
40740 0
40750 1.66667e-06
40760 1.66667e-06
40770 1.66667e-06
40780 1.66667e-06
40790 0
40800 1.66667e-06
40810 0
40820 3.33333e-06
40830 1.66667e-06
40840 3.33333e-06
40850 1.66667e-06
40860 0
40870 1.66667e-06
40880 3.33333e-06
40890 0
40900 1.66667e-06
40910 1.66667e-06
40920 0
40930 1.66667e-06
40940 0
40950 1.66667e-06
40960 0
40970 0
40980 1.66667e-06
40990 1.66667e-06
41000 1.66667e-06
41010 1.66667e-06
41020 1.66667e-06
41030 3.33333e-06
41040 3.33333e-06
41050 1.66667e-06
41060 0
41070 3.33333e-06
41080 3.33333e-06
41090 0
41100 0
41110 0
41120 0
41130 0
41140 3.33333e-06
41150 0
41160 1.66667e-06
41170 3.33333e-06
41180 1.66667e-06
41190 1.66667e-06
41200 3.33333e-06
41210 1.66667e-06
41220 1.66667e-06
41230 0
41240 1.66667e-06
41250 1.66667e-06
41260 1.66667e-06
41270 0
41280 1.66667e-06
41290 3.33333e-06
41300 3.33333e-06
41310 3.33333e-06
41320 1.66667e-06
41330 0
41340 0
41350 1.66667e-06
41360 1.66667e-06
41370 0
41380 1.66667e-06
41390 1.66667e-06
41400 0
41410 0
41420 3.33333e-06
41430 0
41440 3.33333e-06
41450 0
41460 1.66667e-06
41470 1.66667e-06
41480 0
41490 0
41500 1.66667e-06
41510 3.33333e-06
41520 1.66667e-06
41530 1.66667e-06
41540 3.33333e-06
41550 3.33333e-06
41560 1.66667e-06
41570 3.33333e-06
41580 1.66667e-06
41590 0
41600 0
41610 1.66667e-06
41620 1.66667e-06
41630 1.66667e-06
41640 1.66667e-06
41650 0
41660 1.66667e-06
41670 1.66667e-06
41680 1.66667e-06
41690 1.66667e-06
41700 0
41710 1.66667e-06
41720 3.33333e-06
41730 1.66667e-06
41740 1.66667e-06
41750 3.33333e-06
41760 1.66667e-06
41770 0
41780 1.66667e-06
41790 0
41800 0
41810 0
41820 0
41830 1.66667e-06
41840 1.66667e-06
41850 1.66667e-06
41860 3.33333e-06
41870 3.33333e-06
41880 1.66667e-06
41890 1.66667e-06
41900 0
41910 0
41920 3.33333e-06
41930 0
41940 3.33333e-06
41950 0
41960 1.66667e-06
41970 1.66667e-06
41980 1.66667e-06
41990 1.66667e-06
42000 1.66667e-06
42010 3.33333e-06
42020 3.33333e-06
42030 3.33333e-06
42040 0
42050 0
42060 3.33333e-06
42070 1.66667e-06
42080 0
42090 1.66667e-06
42100 0
42110 3.33333e-06
42120 1.66667e-06
42130 1.66667e-06
42140 0
42150 1.66667e-06
42160 1.66667e-06
42170 1.66667e-06
42180 1.66667e-06
42190 0
42200 1.66667e-06
42210 3.33333e-06
42220 1.66667e-06
42230 1.66667e-06
42240 1.66667e-06
42250 1.66667e-06
42260 1.66667e-06
42270 1.66667e-06
42280 1.66667e-06
42290 1.66667e-06
42300 1.66667e-06
42310 1.66667e-06
42320 1.66667e-06
42330 1.66667e-06
42340 0
42350 3.33333e-06
42360 1.66667e-06
42370 1.66667e-06
42380 1.66667e-06
42390 3.33333e-06
42400 1.66667e-06
42410 0
42420 3.33333e-06
42430 1.66667e-06
42440 3.33333e-06
42450 3.33333e-06
42460 1.66667e-06
42470 1.66667e-06
42480 3.33333e-06
42490 1.66667e-06
42500 0
42510 0
42520 1.66667e-06
42530 0
42540 1.66667e-06
42550 0
42560 3.33333e-06
42570 0
42580 0
42590 1.66667e-06
42600 1.66667e-06
42610 1.66667e-06
42620 1.66667e-06
42630 1.66667e-06
42640 0
42650 1.66667e-06
42660 3.33333e-06
42670 1.66667e-06
42680 0
42690 0
42700 0
42710 1.66667e-06
42720 0
42730 0
42740 1.66667e-06
42750 3.33333e-06
42760 0
42770 1.66667e-06
42780 1.66667e-06
42790 0
42800 3.33333e-06
42810 1.66667e-06
42820 0
42830 1.66667e-06
42840 0
42850 0
42860 1.66667e-06
42870 1.66667e-06
42880 1.66667e-06
42890 1.66667e-06
42900 1.66667e-06
42910 1.66667e-06
42920 0
42930 1.66667e-06
42940 1.66667e-06
42950 1.66667e-06
42960 0
42970 0
42980 1.66667e-06
42990 1.66667e-06
43000 0
43010 0
43020 1.66667e-06
43030 3.33333e-06
43040 1.66667e-06
43050 3.33333e-06
43060 3.33333e-06
43070 1.66667e-06
43080 1.66667e-06
43090 3.33333e-06
43100 1.66667e-06
43110 0
43120 1.66667e-06
43130 0
43140 0
43150 0
43160 0
43170 1.66667e-06
43180 1.66667e-06
43190 1.66667e-06
43200 1.66667e-06
43210 1.66667e-06
43220 0
43230 1.66667e-06
43240 1.66667e-06
43250 0
43260 1.66667e-06
43270 3.33333e-06
43280 0
43290 0
43300 3.33333e-06
43310 0
43320 0
43330 1.66667e-06
43340 1.66667e-06
43350 3.33333e-06
43360 3.33333e-06
43370 3.33333e-06
43380 1.66667e-06
43390 3.33333e-06
43400 1.66667e-06
43410 3.33333e-06
43420 1.66667e-06
43430 3.33333e-06
43440 1.66667e-06
43450 0
43460 1.66667e-06
43470 1.66667e-06
43480 1.66667e-06
43490 0
43500 1.66667e-06
43510 1.66667e-06
43520 3.33333e-06
43530 1.66667e-06
43540 1.66667e-06
43550 1.66667e-06
43560 0
43570 1.66667e-06
43580 0
43590 0
43600 0
43610 1.66667e-06
43620 0
43630 0
43640 1.66667e-06
43650 0
43660 0
43670 3.33333e-06
43680 1.66667e-06
43690 1.66667e-06
43700 1.66667e-06
43710 0
43720 0
43730 1.66667e-06
43740 1.66667e-06
43750 0
43760 3.33333e-06
43770 0
43780 1.66667e-06
43790 0
43800 3.33333e-06
43810 1.66667e-06
43820 1.66667e-06
43830 3.33333e-06
43840 1.66667e-06
43850 1.66667e-06
43860 0
43870 0
43880 3.33333e-06
43890 1.66667e-06
43900 0
43910 1.66667e-06
43920 1.66667e-06
43930 3.33333e-06
43940 3.33333e-06
43950 1.66667e-06
43960 3.33333e-06
43970 1.66667e-06
43980 1.66667e-06
43990 0
44000 1.66667e-06
44010 1.66667e-06
44020 1.66667e-06
44030 1.66667e-06
44040 1.66667e-06
44050 0
44060 3.33333e-06
44070 0
44080 1.66667e-06
44090 0
44100 0
44110 0
44120 3.33333e-06
44130 1.66667e-06
44140 1.66667e-06
44150 0
44160 1.66667e-06
44170 3.33333e-06
44180 0
44190 1.66667e-06
44200 1.66667e-06
44210 0
44220 0
44230 0
44240 1.66667e-06
44250 1.66667e-06
44260 3.33333e-06
44270 3.33333e-06
44280 3.33333e-06
44290 1.66667e-06
44300 1.66667e-06
44310 3.33333e-06
44320 1.66667e-06
44330 0
44340 1.66667e-06
44350 3.33333e-06
44360 0
44370 1.66667e-06
44380 3.33333e-06
44390 1.66667e-06
44400 0
44410 0
44420 3.33333e-06
44430 3.33333e-06
44440 1.66667e-06
44450 0
44460 3.33333e-06
44470 1.66667e-06
44480 1.66667e-06
44490 1.66667e-06
44500 0
44510 3.33333e-06
44520 1.66667e-06
44530 1.66667e-06
44540 1.66667e-06
44550 1.66667e-06
44560 1.66667e-06
44570 1.66667e-06
44580 1.66667e-06
44590 0
44600 0
44610 1.66667e-06
44620 0
44630 1.66667e-06
44640 1.66667e-06
44650 3.33333e-06
44660 3.33333e-06
44670 1.66667e-06
44680 1.66667e-06
44690 1.66667e-06
44700 0
44710 1.66667e-06
44720 3.33333e-06
44730 0
44740 1.66667e-06
44750 0
44760 0
44770 0
44780 1.66667e-06
44790 1.66667e-06
44800 1.66667e-06
44810 1.66667e-06
44820 1.66667e-06
44830 3.33333e-06
44840 0
44850 1.66667e-06
44860 0
44870 0
44880 3.33333e-06
44890 1.66667e-06
44900 1.66667e-06
44910 0
44920 3.33333e-06
44930 0
44940 1.66667e-06
44950 1.66667e-06
44960 0
44970 1.66667e-06
44980 3.33333e-06
44990 1.66667e-06
45000 1.66667e-06
45010 0
45020 1.66667e-06
45030 0
45040 1.66667e-06
45050 3.33333e-06
45060 0
45070 0
45080 1.66667e-06
45090 3.33333e-06
45100 0
45110 0
45120 0
45130 0
45140 1.66667e-06
45150 3.33333e-06
45160 0
45170 0
45180 0
45190 0
45200 1.66667e-06
45210 1.66667e-06
45220 1.66667e-06
45230 1.66667e-06
45240 0
45250 1.66667e-06
45260 0
45270 0
45280 0
45290 1.66667e-06
45300 0
45310 1.66667e-06
45320 1.66667e-06
45330 1.66667e-06
45340 1.66667e-06
45350 1.66667e-06
45360 1.66667e-06
45370 0
45380 0
45390 1.66667e-06
45400 1.66667e-06
45410 1.66667e-06
45420 1.66667e-06
45430 1.66667e-06
45440 0
45450 0
45460 1.66667e-06
45470 0
45480 1.66667e-06
45490 3.33333e-06
45500 1.66667e-06
45510 3.33333e-06
45520 0
45530 0
45540 1.66667e-06
45550 1.66667e-06
45560 3.33333e-06
45570 1.66667e-06
45580 1.66667e-06
45590 1.66667e-06
45600 3.33333e-06
45610 1.66667e-06
45620 0
45630 3.33333e-06
45640 3.33333e-06
45650 1.66667e-06
45660 1.66667e-06
45670 1.66667e-06
45680 0
45690 1.66667e-06
45700 0
45710 0
45720 0
45730 0
45740 1.66667e-06
45750 1.66667e-06
45760 1.66667e-06
45770 3.33333e-06
45780 1.66667e-06
45790 1.66667e-06
45800 3.33333e-06
45810 0
45820 1.66667e-06
45830 1.66667e-06
45840 1.66667e-06
45850 0
45860 1.66667e-06
45870 0
45880 1.66667e-06
45890 0
45900 0
45910 1.66667e-06
45920 0
45930 0
45940 1.66667e-06
45950 1.66667e-06
45960 1.66667e-06
45970 1.66667e-06
45980 1.66667e-06
45990 0
46000 1.66667e-06
46010 0
46020 0
46030 1.66667e-06
46040 0
46050 0
46060 3.33333e-06
46070 3.33333e-06
46080 0
46090 1.66667e-06
46100 3.33333e-06
46110 1.66667e-06
46120 1.66667e-06
46130 1.66667e-06
46140 3.33333e-06
46150 1.66667e-06
46160 1.66667e-06
46170 0
46180 0
46190 1.66667e-06
46200 0
46210 0
46220 1.66667e-06
46230 0
46240 1.66667e-06
46250 1.66667e-06
46260 0
46270 3.33333e-06
46280 3.33333e-06
46290 1.66667e-06
46300 0
46310 1.66667e-06
46320 0
46330 1.66667e-06
46340 1.66667e-06
46350 0
46360 0
46370 0
46380 0
46390 1.66667e-06
46400 0
46410 3.33333e-06
46420 3.33333e-06
46430 1.66667e-06
46440 0
46450 1.66667e-06
46460 1.66667e-06
46470 0
46480 0
46490 1.66667e-06
46500 1.66667e-06
46510 1.66667e-06
46520 3.33333e-06
46530 3.33333e-06
46540 3.33333e-06
46550 1.66667e-06
46560 1.66667e-06
46570 3.33333e-06
46580 3.33333e-06
46590 3.33333e-06
46600 1.66667e-06
46610 1.66667e-06
46620 0
46630 1.66667e-06
46640 1.66667e-06
46650 1.66667e-06
46660 3.33333e-06
46670 0
46680 3.33333e-06
46690 1.66667e-06
46700 0
46710 0
46720 1.66667e-06
46730 1.66667e-06
46740 1.66667e-06
46750 0
46760 0
46770 1.66667e-06
46780 0
46790 3.33333e-06
46800 0
46810 0
46820 1.66667e-06
46830 1.66667e-06
46840 1.66667e-06
46850 0
46860 0
46870 0
46880 1.66667e-06
46890 0
46900 1.66667e-06
46910 0
46920 0
46930 1.66667e-06
46940 1.66667e-06
46950 1.66667e-06
46960 0
46970 0
46980 1.66667e-06
46990 0
47000 0
47010 0
47020 3.33333e-06
47030 1.66667e-06
47040 3.33333e-06
47050 1.66667e-06
47060 1.66667e-06
47070 1.66667e-06
47080 0
47090 3.33333e-06
47100 1.66667e-06
47110 3.33333e-06
47120 0
47130 0
47140 1.66667e-06
47150 1.66667e-06
47160 0
47170 1.66667e-06
47180 1.66667e-06
47190 1.66667e-06
47200 1.66667e-06
47210 0
47220 1.66667e-06
47230 3.33333e-06
47240 1.66667e-06
47250 0
47260 1.66667e-06
47270 3.33333e-06
47280 1.66667e-06
47290 1.66667e-06
47300 1.66667e-06
47310 0
47320 0
47330 1.66667e-06
47340 1.66667e-06
47350 1.66667e-06
47360 3.33333e-06
47370 1.66667e-06
47380 3.33333e-06
47390 1.66667e-06
47400 1.66667e-06
47410 0
47420 3.33333e-06
47430 0
47440 3.33333e-06
47450 1.66667e-06
47460 0
47470 1.66667e-06
47480 1.66667e-06
47490 1.66667e-06
47500 1.66667e-06
47510 1.66667e-06
47520 0
47530 0
47540 0
47550 0
47560 1.66667e-06
47570 1.66667e-06
47580 1.66667e-06
47590 3.33333e-06
47600 1.66667e-06
47610 0
47620 0
47630 1.66667e-06
47640 0
47650 1.66667e-06
47660 1.66667e-06
47670 1.66667e-06
47680 1.66667e-06
47690 1.66667e-06
47700 3.33333e-06
47710 1.66667e-06
47720 3.33333e-06
47730 0
47740 0
47750 3.33333e-06
47760 3.33333e-06
47770 1.66667e-06
47780 0
47790 0
47800 1.66667e-06
47810 3.33333e-06
47820 0
47830 1.66667e-06
47840 1.66667e-06
47850 1.66667e-06
47860 0
47870 1.66667e-06
47880 0
47890 0
47900 1.66667e-06
47910 1.66667e-06
47920 1.66667e-06
47930 1.66667e-06
47940 0
47950 0
47960 1.66667e-06
47970 1.66667e-06
47980 0
47990 0
48000 0
48010 0
48020 1.66667e-06
48030 1.66667e-06
48040 0
48050 3.33333e-06
48060 0
48070 1.66667e-06
48080 1.66667e-06
48090 0
48100 3.33333e-06
48110 1.66667e-06
48120 1.66667e-06
48130 1.66667e-06
48140 0
48150 3.33333e-06
48160 1.66667e-06
48170 1.66667e-06
48180 0
48190 3.33333e-06
48200 0
48210 0
48220 1.66667e-06
48230 3.33333e-06
48240 1.66667e-06
48250 3.33333e-06
48260 3.33333e-06
48270 0
48280 3.33333e-06
48290 1.66667e-06
48300 1.66667e-06
48310 0
48320 0
48330 0
48340 1.66667e-06
48350 1.66667e-06
48360 1.66667e-06
48370 1.66667e-06
48380 0
48390 0
48400 1.66667e-06
48410 1.66667e-06
48420 1.66667e-06
48430 0
48440 0
48450 0
48460 1.66667e-06
48470 1.66667e-06
48480 1.66667e-06
48490 1.66667e-06
48500 1.66667e-06
48510 3.33333e-06
48520 1.66667e-06
48530 0
48540 0
48550 3.33333e-06
48560 0
48570 0
48580 0
48590 0
48600 0
48610 0
48620 1.66667e-06
48630 0
48640 0
48650 0
48660 0
48670 0
48680 0
48690 3.33333e-06
48700 1.66667e-06
48710 0
48720 0
48730 1.66667e-06
48740 1.66667e-06
48750 0
48760 0
48770 1.66667e-06
48780 0
48790 0
48800 0
48810 1.66667e-06
48820 0
48830 3.33333e-06
48840 3.33333e-06
48850 1.66667e-06
48860 1.66667e-06
48870 0
48880 0
48890 3.33333e-06
48900 3.33333e-06
48910 1.66667e-06
48920 0
48930 1.66667e-06
48940 0
48950 1.66667e-06
48960 1.66667e-06
48970 0
48980 1.66667e-06
48990 1.66667e-06
49000 0
49010 0
49020 1.66667e-06
49030 0
49040 1.66667e-06
49050 0
49060 0
49070 1.66667e-06
49080 0
49090 0
49100 0
49110 0
49120 0
49130 1.66667e-06
49140 1.66667e-06
49150 1.66667e-06
49160 0
49170 0
49180 0
49190 1.66667e-06
49200 1.66667e-06
49210 1.66667e-06
49220 1.66667e-06
49230 1.66667e-06
49240 3.33333e-06
49250 0
49260 1.66667e-06
49270 3.33333e-06
49280 1.66667e-06
49290 3.33333e-06
49300 0
49310 1.66667e-06
49320 1.66667e-06
49330 0
49340 1.66667e-06
49350 1.66667e-06
49360 0
49370 1.66667e-06
49380 1.66667e-06
49390 0
49400 3.33333e-06
49410 3.33333e-06
49420 0
49430 1.66667e-06
49440 0
49450 1.66667e-06
49460 3.33333e-06
49470 3.33333e-06
49480 1.66667e-06
49490 0
49500 3.33333e-06
49510 0
49520 1.66667e-06
49530 0
49540 0
49550 1.66667e-06
49560 0
49570 0
49580 0
49590 1.66667e-06
49600 3.33333e-06
49610 1.66667e-06
49620 1.66667e-06
49630 0
49640 1.66667e-06
49650 0
49660 0
49670 1.66667e-06
49680 1.66667e-06
49690 3.33333e-06
49700 1.66667e-06
49710 1.66667e-06
49720 0
49730 1.66667e-06
49740 3.33333e-06
49750 3.33333e-06
49760 1.66667e-06
49770 1.66667e-06
49780 1.66667e-06
49790 0
49800 1.66667e-06
49810 0
49820 1.66667e-06
49830 0
49840 1.66667e-06
49850 0
49860 0
49870 1.66667e-06
49880 1.66667e-06
49890 3.33333e-06
49900 3.33333e-06
49910 1.66667e-06
49920 1.66667e-06
49930 0
49940 0
49950 1.66667e-06
49960 1.66667e-06
49970 1.66667e-06
49980 1.66667e-06
49990 3.33333e-06
50000 1.66667e-06
50010 3.33333e-06
50020 1.66667e-06
50030 0
50040 1.66667e-06
50050 3.33333e-06
50060 1.66667e-06
50070 3.33333e-06
50080 3.33333e-06
50090 0
50100 1.66667e-06
50110 1.66667e-06
50120 1.66667e-06
50130 1.66667e-06
50140 0
50150 1.66667e-06
50160 1.66667e-06
50170 0
50180 0
50190 3.33333e-06
50200 1.66667e-06
50210 1.66667e-06
50220 0
50230 0
50240 0
50250 3.33333e-06
50260 0
50270 0
50280 1.66667e-06
50290 3.33333e-06
50300 3.33333e-06
50310 1.66667e-06
50320 1.66667e-06
50330 3.33333e-06
50340 1.66667e-06
50350 1.66667e-06
50360 3.33333e-06
50370 1.66667e-06
50380 0
50390 1.66667e-06
50400 1.66667e-06
50410 3.33333e-06
50420 3.33333e-06
50430 1.66667e-06
50440 3.33333e-06
50450 1.66667e-06
50460 3.33333e-06
50470 1.66667e-06
50480 0
50490 0
50500 1.66667e-06
50510 1.66667e-06
50520 0
50530 1.66667e-06
50540 1.66667e-06
50550 3.33333e-06
50560 3.33333e-06
50570 1.66667e-06
50580 1.66667e-06
50590 1.66667e-06
50600 0
50610 1.66667e-06
50620 1.66667e-06
50630 3.33333e-06
50640 3.33333e-06
50650 1.66667e-06
50660 0
50670 0
50680 3.33333e-06
50690 1.66667e-06
50700 0
50710 0
50720 0
50730 3.33333e-06
50740 3.33333e-06
50750 1.66667e-06
50760 3.33333e-06
50770 3.33333e-06
50780 1.66667e-06
50790 1.66667e-06
50800 1.66667e-06
50810 1.66667e-06
50820 0
50830 3.33333e-06
50840 3.33333e-06
50850 1.66667e-06
50860 0
50870 1.66667e-06
50880 0
50890 1.66667e-06
50900 1.66667e-06
50910 1.66667e-06
50920 0
50930 0
50940 0
50950 0
50960 1.66667e-06
50970 1.66667e-06
50980 1.66667e-06
50990 1.66667e-06
51000 1.66667e-06
51010 1.66667e-06
51020 1.66667e-06
51030 1.66667e-06
51040 1.66667e-06
51050 1.66667e-06
51060 0
51070 1.66667e-06
51080 3.33333e-06
51090 1.66667e-06
51100 0
51110 3.33333e-06
51120 1.66667e-06
51130 1.66667e-06
51140 3.33333e-06
51150 0
51160 1.66667e-06
51170 0
51180 0
51190 0
51200 0
51210 0
51220 1.66667e-06
51230 1.66667e-06
51240 3.33333e-06
51250 0
51260 1.66667e-06
51270 1.66667e-06
51280 0
51290 0
51300 3.33333e-06
51310 0
51320 0
51330 1.66667e-06
51340 0
51350 0
51360 0
51370 0
51380 1.66667e-06
51390 0
51400 0
51410 1.66667e-06
51420 0
51430 3.33333e-06
51440 1.66667e-06
51450 3.33333e-06
51460 1.66667e-06
51470 1.66667e-06
51480 1.66667e-06
51490 0
51500 0
51510 3.33333e-06
51520 1.66667e-06
51530 1.66667e-06
51540 1.66667e-06
51550 0
51560 3.33333e-06
51570 3.33333e-06
51580 0
51590 3.33333e-06
51600 3.33333e-06
51610 3.33333e-06
51620 0
51630 3.33333e-06
51640 0
51650 0
51660 3.33333e-06
51670 1.66667e-06
51680 3.33333e-06
51690 1.66667e-06
51700 1.66667e-06
51710 0
51720 1.66667e-06
51730 0
51740 1.66667e-06
51750 3.33333e-06
51760 0
51770 0
51780 0
51790 0
51800 0
51810 1.66667e-06
51820 0
51830 0
51840 1.66667e-06
51850 3.33333e-06
51860 1.66667e-06
51870 1.66667e-06
51880 1.66667e-06
51890 0
51900 0
51910 0
51920 0
51930 3.33333e-06
51940 3.33333e-06
51950 1.66667e-06
51960 1.66667e-06
51970 3.33333e-06
51980 1.66667e-06
51990 1.66667e-06
52000 0
52010 0
52020 1.66667e-06
52030 1.66667e-06
52040 1.66667e-06
52050 0
52060 1.66667e-06
52070 1.66667e-06
52080 1.66667e-06
52090 0
52100 1.66667e-06
52110 3.33333e-06
52120 1.66667e-06
52130 3.33333e-06
52140 1.66667e-06
52150 0
52160 3.33333e-06
52170 0
52180 1.66667e-06
52190 1.66667e-06
52200 0
52210 1.66667e-06
52220 1.66667e-06
52230 3.33333e-06
52240 1.66667e-06
52250 1.66667e-06
52260 1.66667e-06
52270 1.66667e-06
52280 0
52290 1.66667e-06
52300 1.66667e-06
52310 1.66667e-06
52320 3.33333e-06
52330 0
52340 0
52350 1.66667e-06
52360 0
52370 1.66667e-06
52380 0
52390 1.66667e-06
52400 0
52410 0
52420 0
52430 3.33333e-06
52440 1.66667e-06
52450 3.33333e-06
52460 0
52470 0
52480 3.33333e-06
52490 1.66667e-06
52500 1.66667e-06
52510 0
52520 3.33333e-06
52530 0
52540 3.33333e-06
52550 0
52560 3.33333e-06
52570 3.33333e-06
52580 1.66667e-06
52590 1.66667e-06
52600 1.66667e-06
52610 1.66667e-06
52620 3.33333e-06
52630 0
52640 0
52650 1.66667e-06
52660 1.66667e-06
52670 3.33333e-06
52680 3.33333e-06
52690 1.66667e-06
52700 0
52710 1.66667e-06
52720 0
52730 3.33333e-06
52740 3.33333e-06
52750 0
52760 1.66667e-06
52770 1.66667e-06
52780 0
52790 1.66667e-06
52800 1.66667e-06
52810 0
52820 1.66667e-06
52830 1.66667e-06
52840 1.66667e-06
52850 3.33333e-06
52860 3.33333e-06
52870 1.66667e-06
52880 3.33333e-06
52890 1.66667e-06
52900 1.66667e-06
52910 1.66667e-06
52920 0
52930 3.33333e-06
52940 1.66667e-06
52950 0
52960 1.66667e-06
52970 1.66667e-06
52980 1.66667e-06
52990 0
53000 1.66667e-06
53010 0
53020 0
53030 1.66667e-06
53040 1.66667e-06
53050 0
53060 0
53070 1.66667e-06
53080 1.66667e-06
53090 0
53100 0
53110 1.66667e-06
53120 1.66667e-06
53130 1.66667e-06
53140 1.66667e-06
53150 0
53160 1.66667e-06
53170 3.33333e-06
53180 0
53190 1.66667e-06
53200 0
53210 1.66667e-06
53220 1.66667e-06
53230 1.66667e-06
53240 0
53250 1.66667e-06
53260 1.66667e-06
53270 1.66667e-06
53280 1.66667e-06
53290 0
53300 1.66667e-06
53310 0
53320 0
53330 1.66667e-06
53340 0
53350 1.66667e-06
53360 1.66667e-06
53370 1.66667e-06
53380 0
53390 0
53400 1.66667e-06
53410 0
53420 3.33333e-06
53430 1.66667e-06
53440 1.66667e-06
53450 3.33333e-06
53460 1.66667e-06
53470 1.66667e-06
53480 1.66667e-06
53490 0
53500 0
53510 1.66667e-06
53520 3.33333e-06
53530 3.33333e-06
53540 1.66667e-06
53550 0
53560 1.66667e-06
53570 1.66667e-06
53580 0
53590 1.66667e-06
53600 0
53610 1.66667e-06
53620 1.66667e-06
53630 1.66667e-06
53640 0
53650 0
53660 0
53670 0
53680 0
53690 3.33333e-06
53700 1.66667e-06
53710 3.33333e-06
53720 1.66667e-06
53730 0
53740 1.66667e-06
53750 1.66667e-06
53760 0
53770 0
53780 1.66667e-06
53790 1.66667e-06
53800 3.33333e-06
53810 1.66667e-06
53820 1.66667e-06
53830 0
53840 3.33333e-06
53850 0
53860 1.66667e-06
53870 0
53880 1.66667e-06
53890 1.66667e-06
53900 0
53910 0
53920 0
53930 1.66667e-06
53940 1.66667e-06
53950 0
53960 1.66667e-06
53970 0
53980 3.33333e-06
53990 3.33333e-06
54000 1.66667e-06
54010 1.66667e-06
54020 3.33333e-06
54030 1.66667e-06
54040 1.66667e-06
54050 1.66667e-06
54060 3.33333e-06
54070 0
54080 0
54090 1.66667e-06
54100 1.66667e-06
54110 1.66667e-06
54120 1.66667e-06
54130 0
54140 1.66667e-06
54150 0
54160 0
54170 1.66667e-06
54180 1.66667e-06
54190 0
54200 0
54210 3.33333e-06
54220 0
54230 1.66667e-06
54240 3.33333e-06
54250 1.66667e-06
54260 1.66667e-06
54270 1.66667e-06
54280 3.33333e-06
54290 1.66667e-06
54300 0
54310 0
54320 3.33333e-06
54330 1.66667e-06
54340 1.66667e-06
54350 1.66667e-06
54360 0
54370 1.66667e-06
54380 1.66667e-06
54390 1.66667e-06
54400 0
54410 0
54420 1.66667e-06
54430 1.66667e-06
54440 0
54450 1.66667e-06
54460 1.66667e-06
54470 3.33333e-06
54480 1.66667e-06
54490 1.66667e-06
54500 0
54510 0
54520 1.66667e-06
54530 0
54540 3.33333e-06
54550 0
54560 3.33333e-06
54570 3.33333e-06
54580 1.66667e-06
54590 1.66667e-06
54600 0
54610 1.66667e-06
54620 1.66667e-06
54630 1.66667e-06
54640 0
54650 1.66667e-06
54660 0
54670 1.66667e-06
54680 0
54690 1.66667e-06
54700 1.66667e-06
54710 0
54720 1.66667e-06
54730 1.66667e-06
54740 1.66667e-06
54750 1.66667e-06
54760 1.66667e-06
54770 3.33333e-06
54780 1.66667e-06
54790 0
54800 1.66667e-06
54810 1.66667e-06
54820 1.66667e-06
54830 0
54840 1.66667e-06
54850 1.66667e-06
54860 1.66667e-06
54870 1.66667e-06
54880 1.66667e-06
54890 1.66667e-06
54900 0
54910 0
54920 3.33333e-06
54930 3.33333e-06
54940 1.66667e-06
54950 0
54960 1.66667e-06
54970 1.66667e-06
54980 0
54990 3.33333e-06
55000 1.66667e-06
55010 1.66667e-06
55020 0
55030 1.66667e-06
55040 3.33333e-06
55050 1.66667e-06
55060 1.66667e-06
55070 0
55080 0
55090 1.66667e-06
55100 3.33333e-06
55110 1.66667e-06
55120 1.66667e-06
55130 1.66667e-06
55140 3.33333e-06
55150 0
55160 1.66667e-06
55170 1.66667e-06
55180 0
55190 1.66667e-06
55200 1.66667e-06
55210 1.66667e-06
55220 1.66667e-06
55230 1.66667e-06
55240 0
55250 1.66667e-06
55260 1.66667e-06
55270 1.66667e-06
55280 1.66667e-06
55290 1.66667e-06
55300 0
55310 1.66667e-06
55320 0
55330 0
55340 0
55350 0
55360 1.66667e-06
55370 3.33333e-06
55380 1.66667e-06
55390 1.66667e-06
55400 3.33333e-06
55410 1.66667e-06
55420 0
55430 3.33333e-06
55440 1.66667e-06
55450 3.33333e-06
55460 0
55470 1.66667e-06
55480 1.66667e-06
55490 1.66667e-06
55500 3.33333e-06
55510 1.66667e-06
55520 0
55530 1.66667e-06
55540 1.66667e-06
55550 0
55560 3.33333e-06
55570 0
55580 1.66667e-06
55590 1.66667e-06
55600 0
55610 3.33333e-06
55620 0
55630 1.66667e-06
55640 0
55650 0
55660 1.66667e-06
55670 0
55680 1.66667e-06
55690 0
55700 1.66667e-06
55710 1.66667e-06
55720 3.33333e-06
55730 0
55740 3.33333e-06
55750 1.66667e-06
55760 1.66667e-06
55770 1.66667e-06
55780 0
55790 0
55800 1.66667e-06
55810 0
55820 1.66667e-06
55830 0
55840 1.66667e-06
55850 0
55860 0
55870 3.33333e-06
55880 0
55890 0
55900 3.33333e-06
55910 0
55920 0
55930 3.33333e-06
55940 0
55950 0
55960 1.66667e-06
55970 0
55980 1.66667e-06
55990 1.66667e-06
56000 0
56010 0
56020 3.33333e-06
56030 3.33333e-06
56040 0
56050 1.66667e-06
56060 0
56070 0
56080 3.33333e-06
56090 1.66667e-06
56100 0
56110 1.66667e-06
56120 1.66667e-06
56130 1.66667e-06
56140 0
56150 1.66667e-06
56160 3.33333e-06
56170 1.66667e-06
56180 0
56190 1.66667e-06
56200 3.33333e-06
56210 1.66667e-06
56220 0
56230 0
56240 0
56250 1.66667e-06
56260 1.66667e-06
56270 0
56280 1.66667e-06
56290 1.66667e-06
56300 0
56310 3.33333e-06
56320 3.33333e-06
56330 0
56340 0
56350 1.66667e-06
56360 0
56370 1.66667e-06
56380 1.66667e-06
56390 1.66667e-06
56400 1.66667e-06
56410 1.66667e-06
56420 1.66667e-06
56430 0
56440 0
56450 3.33333e-06
56460 1.66667e-06
56470 1.66667e-06
56480 3.33333e-06
56490 1.66667e-06
56500 0
56510 0
56520 1.66667e-06
56530 0
56540 1.66667e-06
56550 1.66667e-06
56560 1.66667e-06
56570 1.66667e-06
56580 0
56590 3.33333e-06
56600 1.66667e-06
56610 1.66667e-06
56620 0
56630 1.66667e-06
56640 3.33333e-06
56650 1.66667e-06
56660 3.33333e-06
56670 1.66667e-06
56680 0
56690 1.66667e-06
56700 3.33333e-06
56710 3.33333e-06
56720 1.66667e-06
56730 0
56740 3.33333e-06
56750 3.33333e-06
56760 0
56770 0
56780 3.33333e-06
56790 1.66667e-06
56800 1.66667e-06
56810 3.33333e-06
56820 1.66667e-06
56830 0
56840 1.66667e-06
56850 0
56860 1.66667e-06
56870 1.66667e-06
56880 0
56890 3.33333e-06
56900 3.33333e-06
56910 0
56920 1.66667e-06
56930 1.66667e-06
56940 1.66667e-06
56950 0
56960 1.66667e-06
56970 1.66667e-06
56980 0
56990 1.66667e-06
57000 0
57010 1.66667e-06
57020 0
57030 1.66667e-06
57040 1.66667e-06
57050 1.66667e-06
57060 0
57070 0
57080 0
57090 0
57100 3.33333e-06
57110 1.66667e-06
57120 0
57130 3.33333e-06
57140 3.33333e-06
57150 0
57160 1.66667e-06
57170 1.66667e-06
57180 1.66667e-06
57190 0
57200 1.66667e-06
57210 1.66667e-06
57220 3.33333e-06
57230 3.33333e-06
57240 0
57250 0
57260 0
57270 3.33333e-06
57280 1.66667e-06
57290 1.66667e-06
57300 0
57310 1.66667e-06
57320 1.66667e-06
57330 0
57340 0
57350 3.33333e-06
57360 3.33333e-06
57370 0
57380 0
57390 1.66667e-06
57400 3.33333e-06
57410 1.66667e-06
57420 0
57430 3.33333e-06
57440 1.66667e-06
57450 1.66667e-06
57460 1.66667e-06
57470 1.66667e-06
57480 1.66667e-06
57490 0
57500 0
57510 1.66667e-06
57520 1.66667e-06
57530 0
57540 1.66667e-06
57550 1.66667e-06
57560 1.66667e-06
57570 3.33333e-06
57580 3.33333e-06
57590 1.66667e-06
57600 1.66667e-06
57610 1.66667e-06
57620 3.33333e-06
57630 3.33333e-06
57640 0
57650 1.66667e-06
57660 1.66667e-06
57670 3.33333e-06
57680 3.33333e-06
57690 3.33333e-06
57700 0
57710 1.66667e-06
57720 3.33333e-06
57730 0
57740 0
57750 0
57760 0
57770 0
57780 1.66667e-06
57790 1.66667e-06
57800 1.66667e-06
57810 0
57820 1.66667e-06
57830 0
57840 1.66667e-06
57850 0
57860 3.33333e-06
57870 3.33333e-06
57880 1.66667e-06
57890 0
57900 1.66667e-06
57910 1.66667e-06
57920 0
57930 0
57940 0
57950 3.33333e-06
57960 3.33333e-06
57970 1.66667e-06
57980 1.66667e-06
57990 0
58000 1.66667e-06
58010 1.66667e-06
58020 1.66667e-06
58030 1.66667e-06
58040 3.33333e-06
58050 1.66667e-06
58060 1.66667e-06
58070 3.33333e-06
58080 3.33333e-06
58090 1.66667e-06
58100 1.66667e-06
58110 3.33333e-06
58120 0
58130 0
58140 0
58150 1.66667e-06
58160 1.66667e-06
58170 1.66667e-06
58180 0
58190 3.33333e-06
58200 0
58210 1.66667e-06
58220 0
58230 3.33333e-06
58240 1.66667e-06
58250 0
58260 3.33333e-06
58270 1.66667e-06
58280 0
58290 0
58300 3.33333e-06
58310 1.66667e-06
58320 3.33333e-06
58330 0
58340 1.66667e-06
58350 1.66667e-06
58360 1.66667e-06
58370 1.66667e-06
58380 3.33333e-06
58390 3.33333e-06
58400 1.66667e-06
58410 0
58420 1.66667e-06
58430 1.66667e-06
58440 3.33333e-06
58450 3.33333e-06
58460 1.66667e-06
58470 1.66667e-06
58480 3.33333e-06
58490 3.33333e-06
58500 1.66667e-06
58510 3.33333e-06
58520 1.66667e-06
58530 0
58540 0
58550 1.66667e-06
58560 1.66667e-06
58570 0
58580 3.33333e-06
58590 1.66667e-06
58600 1.66667e-06
58610 1.66667e-06
58620 3.33333e-06
58630 1.66667e-06
58640 3.33333e-06
58650 1.66667e-06
58660 1.66667e-06
58670 1.66667e-06
58680 1.66667e-06
58690 1.66667e-06
58700 1.66667e-06
58710 1.66667e-06
58720 1.66667e-06
58730 1.66667e-06
58740 3.33333e-06
58750 1.66667e-06
58760 0
58770 1.66667e-06
58780 3.33333e-06
58790 1.66667e-06
58800 0
58810 1.66667e-06
58820 0
58830 1.66667e-06
58840 3.33333e-06
58850 1.66667e-06
58860 1.66667e-06
58870 1.66667e-06
58880 3.33333e-06
58890 1.66667e-06
58900 0
58910 0
58920 0
58930 0
58940 0
58950 3.33333e-06
58960 1.66667e-06
58970 0
58980 0
58990 1.66667e-06
59000 1.66667e-06
59010 1.66667e-06
59020 1.66667e-06
59030 3.33333e-06
59040 1.66667e-06
59050 1.66667e-06
59060 1.66667e-06
59070 0
59080 1.66667e-06
59090 1.66667e-06
59100 1.66667e-06
59110 3.33333e-06
59120 0
59130 1.66667e-06
59140 1.66667e-06
59150 1.66667e-06
59160 3.33333e-06
59170 1.66667e-06
59180 0
59190 0
59200 0
59210 0
59220 0
59230 0
59240 3.33333e-06
59250 0
59260 0
59270 1.66667e-06
59280 0
59290 0
59300 1.66667e-06
59310 0
59320 1.66667e-06
59330 1.66667e-06
59340 3.33333e-06
59350 3.33333e-06
59360 3.33333e-06
59370 1.66667e-06
59380 0
59390 3.33333e-06
59400 0
59410 1.66667e-06
59420 1.66667e-06
59430 1.66667e-06
59440 0
59450 1.66667e-06
59460 3.33333e-06
59470 3.33333e-06
59480 3.33333e-06
59490 3.33333e-06
59500 3.33333e-06
59510 0
59520 0
59530 1.66667e-06
59540 0
59550 1.66667e-06
59560 1.66667e-06
59570 1.66667e-06
59580 0
59590 3.33333e-06
59600 0
59610 3.33333e-06
59620 1.66667e-06
59630 0
59640 1.66667e-06
59650 3.33333e-06
59660 1.66667e-06
59670 3.33333e-06
59680 3.33333e-06
59690 1.66667e-06
59700 1.66667e-06
59710 1.66667e-06
59720 0
59730 1.66667e-06
59740 3.33333e-06
59750 3.33333e-06
59760 1.66667e-06
59770 3.33333e-06
59780 0
59790 1.66667e-06
59800 1.66667e-06
59810 0
59820 3.33333e-06
59830 0
59840 1.66667e-06
59850 3.33333e-06
59860 1.66667e-06
59870 1.66667e-06
59880 3.33333e-06
59890 1.66667e-06
59900 0
59910 1.66667e-06
59920 0
59930 3.33333e-06
59940 1.66667e-06
59950 3.33333e-06
59960 1.66667e-06
59970 0
59980 0
59990 1.66667e-06
60000 0
60010 0
60020 1.66667e-06
60030 0
60040 3.33333e-06
60050 3.33333e-06
60060 3.33333e-06
60070 1.66667e-06
60080 0
60090 1.66667e-06
60100 1.66667e-06
60110 3.33333e-06
60120 1.66667e-06
60130 1.66667e-06
60140 1.66667e-06
60150 1.66667e-06
60160 3.33333e-06
60170 1.66667e-06
60180 0
60190 3.33333e-06
60200 0
60210 1.66667e-06
60220 1.66667e-06
60230 0
60240 1.66667e-06
60250 0
60260 1.66667e-06
60270 1.66667e-06
60280 3.33333e-06
60290 1.66667e-06
60300 0
60310 0
60320 1.66667e-06
60330 1.66667e-06
60340 1.66667e-06
60350 0
60360 1.66667e-06
60370 0
60380 1.66667e-06
60390 1.66667e-06
60400 0
60410 3.33333e-06
60420 3.33333e-06
60430 0
60440 1.66667e-06
