10 -0.166668
20 -0.08889
30 -0.08889
40 -0.08889
50 -0.08889
60 -0.08889
70 -0.08889
80 -0.08889
90 -0.08889
100 -0.0888883
110 -0.08889
120 -0.0888883
130 -0.08889
140 -0.0888883
150 -0.18889
160 -0.0888883
170 -0.08889
180 -0.08889
190 -0.08889
200 -0.18889
210 -0.08889
220 -0.08889
230 -0.08889
240 -0.18889
250 -0.0888883
260 -0.0888883
270 -0.08889
280 -0.188888
290 -0.08889
300 -0.08889
310 -0.08889
320 -0.188888
330 -0.188888
340 -0.18889
350 -0.08889
360 -0.18889
370 -0.0888883
380 -0.08889
390 -0.0888883
400 -0.0888883
410 -0.0888883
420 -0.08889
430 -0.08889
440 -0.0888883
450 -0.0888883
460 -0.08889
470 -0.08889
480 -0.08889
490 -0.08889
500 -0.0888883
510 -0.08889
520 -0.188888
530 -0.18889
540 -0.08889
550 -0.0888883
560 -0.0888883
570 -0.0888883
580 -0.18889
590 -0.08889
600 -0.0888883
610 -0.08889
620 -0.08889
630 -0.0888883
640 -0.08889
650 -0.08889
660 -0.0888883
670 -0.08889
680 -0.18889
690 -0.08889
700 -0.08889
710 -0.08889
720 -0.18889
730 -0.0888883
740 -0.08889
750 -0.0888883
760 -0.08889
770 -0.08889
780 -0.0888883
790 -0.0888883
800 -0.08889
810 -0.08889
820 -0.0888883
830 -0.08889
840 -0.0888883
850 -0.0888883
860 -0.0888883
870 -0.0888883
880 -0.0888883
890 -0.0888883
900 -0.08889
910 -0.188888
920 -0.0888883
930 -0.08889
940 -0.0888883
950 -0.18889
960 -0.0888883
970 -0.08889
980 -0.08889
990 -0.0888883
1000 -0.08889
1010 -0.08889
1020 -0.08889
1030 -0.08889
1040 -0.0888883
1050 -0.0888883
1060 -0.0888883
1070 -0.08889
1080 -0.08889
1090 -0.0888883
1100 -0.08889
1110 -0.0888883
1120 -0.18889
1130 -0.18889
1140 -0.0888883
1150 -0.0888883
1160 -0.0888883
1170 -0.0888883
1180 -0.0888883
1190 -0.08889
1200 -0.0888883
1210 -0.0888883
1220 -0.08889
1230 -0.08889
1240 -0.08889
1250 -0.0888883
1260 -0.08889
1270 -0.08889
1280 -0.08889
1290 -0.08889
1300 -0.08889
1310 -0.0888883
1320 -0.0888883
1330 -0.08889
1340 -0.0888883
1350 -0.0888883
1360 -0.0888883
1370 -0.0888883
1380 -0.0888883
1390 -0.0888883
1400 -0.0888883
1410 -0.0888883
1420 -0.08889
1430 -0.0888883
1440 -0.0888883
1450 -0.0888883
1460 -0.18889
1470 -0.08889
1480 -0.0888883
1490 -0.0888883
1500 -0.0888883
1510 -0.08889
1520 -0.08889
1530 -0.08889
1540 -0.08889
1550 -0.08889
1560 -0.0888883
1570 -0.0888883
1580 -0.0888883
1590 -0.08889
1600 -0.0888883
1610 -0.0888883
1620 -0.08889
1630 -0.0888883
1640 -0.0888883
1650 -0.0888883
1660 -0.08889
1670 -0.08889
1680 -0.08889
1690 -0.08889
1700 -0.08889
1710 -0.0888883
1720 -0.0888883
1730 -0.18889
1740 -0.08889
1750 -0.0888883
1760 -0.08889
1770 -0.0888883
1780 -0.08889
1790 -0.08889
1800 -0.0888883
1810 -0.08889
1820 -0.0888883
1830 -0.08889
1840 -0.08889
1850 -0.0888883
1860 -0.0888883
1870 -0.0888883
1880 -0.08889
1890 -0.0888883
1900 -0.0888883
1910 -0.08889
1920 -0.0888883
1930 -0.0888883
1940 -0.08889
1950 -0.0888883
1960 -0.08889
1970 -0.08889
1980 -0.08889
1990 -0.0888883
2000 -0.0888883
2010 -0.0888883
2020 -0.0888883
2030 -0.0888883
2040 -0.0888883
2050 -0.0888883
2060 -0.08889
2070 -0.08889
2080 -0.0888883
2090 -0.08889
2100 -0.08889
2110 -0.08889
2120 -0.0888883
2130 -0.0888883
2140 -0.0888883
2150 -0.08889
2160 -0.08889
2170 -0.08889
2180 -0.0888883
2190 -0.08889
2200 -0.0888883
2210 -0.08889
2220 -0.0888883
2230 -0.0888883
2240 -0.0888883
2250 -0.08889
2260 -0.0888883
2270 -0.08889
2280 -0.0888883
2290 -0.0888883
2300 -0.08889
2310 -0.08889
2320 -0.0888883
2330 -0.08889
2340 -0.0888883
2350 -0.08889
2360 -0.08889
2370 -0.08889
2380 -0.08889
2390 -0.0888883
2400 -0.0888883
2410 -0.08889
2420 -0.08889
2430 -0.08889
2440 -0.08889
2450 -0.08889
2460 -0.0888883
2470 -0.0888883
2480 -0.0888883
2490 -0.0888883
2500 -0.0888883
2510 -0.08889
2520 -0.08889
2530 -0.08889
2540 -0.0888883
2550 -0.08889
2560 -0.08889
2570 -0.08889
2580 -0.08889
2590 -0.0888883
2600 -0.0888883
2610 -0.08889
2620 -0.08889
2630 -0.08889
2640 -0.0888883
2650 -0.0888883
2660 -0.08889
2670 -0.08889
2680 -0.08889
2690 -0.08889
2700 -0.0888883
2710 -0.08889
2720 -0.0888883
2730 -0.0888883
2740 -0.0888883
2750 -0.08889
2760 -0.08889
2770 -0.08889
2780 -0.0888883
2790 -0.08889
2800 -0.08889
2810 -0.08889
2820 -0.0888883
2830 -0.0888883
2840 -0.0888883
2850 -0.0888883
2860 -0.08889
2870 -0.0888883
2880 -0.08889
2890 -0.08889
2900 -0.08889
2910 -0.08889
2920 -0.0888883
2930 -0.08889
2940 -0.08889
2950 -0.08889
2960 -0.0888883
2970 -0.08889
2980 -0.08889
2990 -0.08889
3000 -0.08889
3010 -0.0888883
3020 -0.08889
3030 -0.08889
3040 -0.08889
3050 -0.0888883
3060 -0.08889
3070 -0.08889
3080 -0.0888883
3090 -0.08889
3100 -0.0888883
3110 -0.08889
3120 -0.08889
3130 -0.0888883
3140 -0.08889
3150 -0.08889
3160 -0.0888883
3170 -0.08889
3180 -0.08889
3190 -0.08889
3200 -0.08889
3210 -0.08889
3220 -0.08889
3230 -0.08889
3240 -0.0888883
3250 -0.08889
3260 -0.0888883
3270 -0.08889
3280 -0.0888883
3290 -0.18889
3300 -0.08889
3310 -0.188888
3320 -0.188888
3330 -0.18889
3340 -0.188888
3350 -0.0888883
3360 -0.08889
3370 -0.08889
3380 -0.08889
3390 -0.08889
3400 -0.0888883
3410 -0.08889
3420 -0.08889
3430 -0.08889
3440 -0.0888883
3450 -0.0888883
3460 -0.08889
3470 -0.08889
3480 -0.08889
3490 -0.08889
3500 -0.08889
3510 -0.08889
3520 -0.08889
3530 -0.08889
3540 -0.08889
3550 -0.08889
3560 -0.08889
3570 -0.08889
3580 -0.0888883
3590 -0.08889
3600 -0.0888883
3610 -0.0888883
3620 -0.08889
3630 -0.0888883
3640 -0.0888883
3650 -0.0888883
3660 -0.08889
3670 -0.08889
3680 -0.0888883
3690 -0.0888883
3700 -0.0888883
3710 -0.0888883
3720 -0.08889
3730 -0.08889
3740 -0.08889
3750 -0.08889
3760 -0.08889
3770 -0.08889
3780 -0.08889
3790 -0.0888883
3800 -0.08889
3810 -0.08889
3820 -0.18889
3830 -0.08889
3840 -0.0888883
3850 -0.188888
3860 -0.188888
3870 -0.08889
3880 -0.0888883
3890 -0.08889
3900 -0.18889
3910 -0.08889
3920 -0.0888883
3930 -0.08889
3940 -0.0888883
3950 -0.08889
3960 -0.08889
3970 -0.0888883
3980 -0.08889
3990 -0.08889
4000 -0.08889
4010 -0.08889
4020 -0.08889
4030 -0.08889
4040 -0.08889
4050 -0.0888883
4060 -0.08889
4070 -0.08889
4080 -0.0888883
4090 -0.08889
4100 -0.0888883
4110 -0.08889
4120 -0.08889
4130 -0.08889
4140 -0.08889
4150 -0.08889
4160 -0.08889
4170 -0.0888883
4180 -0.0888883
4190 -0.0888883
4200 -0.0888883
4210 -0.08889
4220 -0.08889
4230 -0.08889
4240 -0.08889
4250 -0.0888883
4260 -0.08889
4270 -0.0888883
4280 -0.08889
4290 -0.0888883
4300 -0.0888883
4310 -0.188888
4320 -0.08889
4330 -0.0888883
4340 -0.0888883
4350 -0.0888883
4360 -0.0888883
4370 -0.18889
4380 -0.188888
4390 -0.0888883
4400 -0.0888883
4410 -0.08889
4420 -0.08889
4430 -0.08889
4440 -0.0888883
4450 -0.0888883
4460 -0.08889
4470 -0.0888883
4480 -0.0888883
4490 -0.08889
4500 -0.08889
4510 -0.08889
4520 -0.08889
4530 -0.0888883
4540 -0.08889
4550 -0.08889
4560 -0.08889
4570 -0.08889
4580 -0.08889
4590 -0.0888883
4600 -0.08889
4610 -0.08889
4620 -0.0888883
4630 -0.08889
4640 -0.08889
4650 -0.0888883
4660 -0.08889
4670 -0.0888883
4680 -0.08889
4690 -0.0888883
4700 -0.08889
4710 -0.08889
4720 -0.08889
4730 -0.08889
4740 -0.0888883
4750 -0.0888883
4760 -0.0888883
4770 -0.08889
4780 -0.08889
4790 -0.08889
4800 -0.0888883
4810 -0.0888883
4820 -0.08889
4830 -0.08889
4840 -0.08889
4850 -0.08889
4860 -0.0888883
4870 -0.08889
4880 -0.08889
4890 -0.08889
4900 -0.08889
4910 -0.08889
4920 -0.08889
4930 -0.0888883
4940 -0.08889
4950 -0.08889
4960 -0.0888883
4970 -0.08889
4980 -0.0888883
4990 -0.08889
5000 -0.0888883
5010 -0.0888883
5020 -0.08889
5030 -0.0888883
5040 -0.0888883
5050 -0.08889
5060 -0.08889
5070 -0.0888883
5080 -0.08889
5090 -0.08889
5100 -0.0888883
5110 -0.08889
5120 -0.08889
5130 -0.08889
5140 -0.08889
5150 -0.08889
5160 -0.08889
5170 -0.08889
5180 -0.0888883
5190 -0.08889
5200 -0.0888883
5210 -0.0888883
5220 -0.0888883
5230 -0.0888883
5240 -0.08889
5250 -0.08889
5260 -0.0888883
5270 -0.0888883
5280 -0.08889
5290 -0.08889
5300 -0.0888883
5310 -0.0888883
5320 -0.08889
5330 -0.08889
5340 -0.08889
5350 -0.08889
5360 -0.0888883
5370 -0.08889
5380 -0.0888883
5390 -0.0888883
5400 -0.0888883
5410 -0.0888883
5420 -0.0888883
5430 -0.08889
5440 -0.0888883
5450 -0.0888883
5460 -0.08889
5470 -0.08889
5480 -0.08889
5490 -0.0888883
5500 -0.0888883
5510 -0.08889
5520 -0.08889
5530 -0.0888883
5540 -0.08889
5550 -0.08889
5560 -0.0888883
5570 -0.08889
5580 -0.0888883
5590 -0.0888883
5600 -0.0888883
5610 -0.0888883
5620 -0.08889
5630 -0.0888883
5640 -0.0888883
5650 -0.0888883
5660 -0.0888883
5670 -0.0888883
5680 -0.0888883
5690 -0.08889
5700 -0.0888883
5710 -0.0888883
5720 -0.0888883
5730 -0.08889
5740 -0.08889
5750 -0.08889
5760 -0.08889
5770 -0.0888883
5780 -0.0888883
5790 -0.0888883
5800 -0.0888883
5810 -0.0888883
5820 -0.0888883
5830 -0.0888883
5840 -0.08889
5850 -0.0888883
5860 -0.08889
5870 -0.08889
5880 -0.08889
5890 -0.0888883
5900 -0.08889
5910 -0.0888883
5920 -0.0888883
5930 -0.18889
5940 -0.08889
5950 -0.188888
5960 -0.0888883
5970 -0.18889
5980 -0.18889
5990 -0.188888
6000 -0.0888883
6010 -0.08889
6020 -0.08889
6030 -0.0888883
6040 -0.08889
6050 -0.0888883
6060 -0.0888883
6070 -0.0888883
6080 -0.0888883
6090 -0.0888883
6100 -0.08889
6110 -0.0888883
6120 -0.0888883
6130 -0.08889
6140 -0.08889
6150 -0.08889
6160 -0.08889
6170 -0.08889
6180 -0.0888883
6190 -0.0888883
6200 -0.08889
6210 -0.0888883
6220 -0.08889
6230 -0.08889
6240 -0.08889
6250 -0.0888883
6260 -0.08889
6270 -0.0888883
6280 -0.0888883
6290 -0.08889
6300 -0.08889
6310 -0.0888883
6320 -0.0888883
6330 -0.0888883
6340 -0.08889
6350 -0.0888883
6360 -0.0888883
6370 -0.08889
6380 -0.08889
6390 -0.0888883
6400 -0.0888883
6410 -0.08889
6420 -0.08889
6430 -0.08889
6440 -0.08889
6450 -0.08889
6460 -0.0888883
6470 -0.0888883
6480 -0.08889
6490 -0.08889
6500 -0.0888883
6510 -0.0888883
6520 -0.08889
6530 -0.08889
6540 -0.0888883
6550 -0.08889
6560 -0.0888883
6570 -0.08889
6580 -0.0888883
6590 -0.0888883
6600 -0.0888883
6610 -0.08889
6620 -0.08889
6630 -0.08889
6640 -0.0888883
6650 -0.0888883
6660 -0.0888883
6670 -0.08889
6680 -0.08889
6690 -0.0888883
6700 -0.08889
6710 -0.0888883
6720 -0.0888883
6730 -0.0888883
6740 -0.0888883
6750 -0.0888883
6760 -0.08889
6770 -0.08889
6780 -0.08889
6790 -0.08889
6800 -0.08889
6810 -0.08889
6820 -0.08889
6830 -0.0888883
6840 -0.08889
6850 -0.08889
6860 -0.0888883
6870 -0.08889
6880 -0.0888883
6890 -0.0888883
6900 -0.08889
6910 -0.0888883
6920 -0.08889
6930 -0.0888883
6940 -0.08889
6950 -0.08889
6960 -0.0888883
6970 -0.08889
6980 -0.08889
6990 -0.0888883
7000 -0.08889
7010 -0.08889
7020 -0.08889
7030 -0.08889
7040 -0.0888883
7050 -0.08889
7060 -0.08889
7070 -0.0888883
7080 -0.0888883
7090 -0.0888883
7100 -0.0888883
7110 -0.0888883
7120 -0.08889
7130 -0.0888883
7140 -0.08889
7150 -0.0888883
7160 -0.0888883
7170 -0.0888883
7180 -0.0888883
7190 -0.0888883
7200 -0.0888883
7210 -0.0888883
7220 -0.0888883
7230 -0.0888883
7240 -0.0888883
7250 -0.08889
7260 -0.08889
7270 -0.08889
7280 -0.08889
7290 -0.0888883
7300 -0.08889
7310 -0.0888883
7320 -0.08889
7330 -0.0888883
7340 -0.08889
7350 -0.08889
7360 -0.08889
7370 -0.08889
7380 -0.08889
7390 -0.08889
7400 -0.0888883
7410 -0.0888883
7420 -0.0888883
7430 -0.08889
7440 -0.0888883
7450 -0.08889
7460 -0.0888883
7470 -0.0888883
7480 -0.0888883
7490 -0.08889
7500 -0.0888883
7510 -0.08889
7520 -0.08889
7530 -0.08889
7540 -0.0888883
7550 -0.0888883
7560 -0.0888883
7570 -0.08889
7580 -0.0888883
7590 -0.0888883
7600 -0.0888883
7610 -0.08889
7620 -0.0888883
7630 -0.08889
7640 -0.08889
7650 -0.08889
7660 -0.08889
7670 -0.08889
7680 -0.08889
7690 -0.08889
7700 -0.0888883
7710 -0.0888883
7720 -0.0888883
7730 -0.08889
7740 -0.0888883
7750 -0.08889
7760 -0.08889
7770 -0.08889
7780 -0.08889
7790 -0.08889
7800 -0.08889
7810 -0.0888883
7820 -0.0888883
7830 -0.0888883
7840 -0.0888883
7850 -0.0888883
7860 -0.0888883
7870 -0.0888883
7880 -0.08889
7890 -0.0888883
7900 -0.0888883
7910 -0.0888883
7920 -0.0888883
7930 -0.0888883
7940 -0.0888883
7950 -0.0888883
7960 -0.08889
7970 -0.0888883
7980 -0.0888883
7990 -0.0888883
8000 -0.0888883
8010 -0.08889
8020 -0.08889
8030 -0.0888883
8040 -0.0888883
8050 -0.0888883
8060 -0.0888883
8070 -0.08889
8080 -0.08889
8090 -0.0888883
8100 -0.08889
8110 -0.0888883
8120 -0.0888883
8130 -0.08889
8140 -0.0888883
8150 -0.0888883
8160 -0.0888883
8170 -0.0888883
8180 -0.0888883
8190 -0.0888883
8200 -0.08889
8210 -0.08889
8220 -0.08889
8230 -0.08889
8240 -0.08889
8250 -0.0888883
8260 -0.0888883
8270 -0.0888883
8280 -0.0888883
8290 -0.08889
8300 -0.08889
8310 -0.08889
8320 -0.08889
8330 -0.08889
8340 -0.0888883
8350 -0.08889
8360 -0.0888883
8370 -0.0888883
8380 -0.0888883
8390 -0.08889
8400 -0.0888883
8410 -0.08889
8420 -0.0888883
8430 -0.08889
8440 -0.0888883
8450 -0.0888883
8460 -0.08889
8470 -0.0888883
8480 -0.08889
8490 -0.08889
8500 -0.0888883
8510 -0.08889
8520 -0.08889
8530 -0.0888883
8540 -0.08889
8550 -0.08889
8560 -0.08889
8570 -0.08889
8580 -0.08889
8590 -0.08889
8600 -0.08889
8610 -0.08889
8620 -0.0888883
8630 -0.0888883
8640 -0.08889
8650 -0.0888883
8660 -0.18889
8670 -0.0888883
8680 -0.18889
8690 -0.08889
8700 -0.08889
8710 -0.08889
8720 -0.08889
8730 -0.08889
8740 -0.0888883
8750 -0.08889
8760 -0.08889
8770 -0.0888883
8780 -0.0888883
8790 -0.08889
8800 -0.08889
8810 -0.08889
8820 -0.08889
8830 -0.0888883
8840 -0.0888883
8850 -0.08889
8860 -0.0888883
8870 -0.08889
8880 -0.08889
8890 -0.08889
8900 -0.0888883
8910 -0.08889
8920 -0.08889
8930 -0.0888883
8940 -0.0888883
8950 -0.0888883
8960 -0.0888883
8970 -0.08889
8980 -0.0888883
8990 -0.08889
9000 -0.0888883
9010 -0.08889
9020 -0.08889
9030 -0.0888883
9040 -0.0888883
9050 -0.08889
9060 -0.08889
9070 -0.08889
9080 -0.0888883
9090 -0.0888883
9100 -0.08889
9110 -0.08889
9120 -0.0888883
9130 -0.08889
9140 -0.08889
9150 -0.0888883
9160 -0.0888883
9170 -0.0888883
9180 -0.0888883
9190 -0.08889
9200 -0.0888883
9210 -0.08889
9220 -0.08889
9230 -0.0888883
9240 -0.08889
9250 -0.08889
9260 -0.0888883
9270 -0.0888883
9280 -0.08889
9290 -0.08889
9300 -0.08889
9310 -0.0888883
9320 -0.0888883
9330 -0.08889
9340 -0.08889
9350 -0.08889
9360 -0.08889
9370 -0.08889
9380 -0.08889
9390 -0.08889
9400 -0.08889
9410 -0.08889
9420 -0.0888883
9430 -0.0888883
9440 -0.0888883
9450 -0.0888883
9460 -0.08889
9470 -0.08889
9480 -0.08889
9490 -0.08889
9500 -0.0888883
9510 -0.08889
9520 -0.08889
9530 -0.08889
9540 -0.0888883
9550 -0.08889
9560 -0.08889
9570 -0.08889
9580 -0.08889
9590 -0.08889
9600 -0.08889
9610 -0.08889
9620 -0.08889
9630 -0.08889
9640 -0.08889
9650 -0.0888883
9660 -0.08889
9670 -0.0888883
9680 -0.0888883
9690 -0.08889
9700 -0.0888883
9710 -0.0888883
9720 -0.0888883
9730 -0.0888883
9740 -0.08889
9750 -0.0888883
9760 -0.08889
9770 -0.08889
9780 -0.08889
9790 -0.0888883
9800 -0.0888883
9810 -0.08889
9820 -0.0888883
9830 -0.08889
9840 -0.08889
9850 -0.08889
9860 -0.0888883
9870 -0.0888883
9880 -0.0888883
9890 -0.0888883
9900 -0.08889
9910 -0.0888883
9920 -0.08889
9930 -0.0888883
9940 -0.08889
9950 -0.08889
9960 -0.08889
9970 -0.08889
9980 -0.0888883
9990 -0.08889
10000 -0.08889
10010 -0.08889
10020 -0.08889
10030 -0.18889
10040 -0.18889
10050 -0.08889
10060 -0.08889
10070 -0.18889
10080 -0.08889
10090 -0.08889
10100 -0.0888883
10110 -0.08889
10120 -0.0888883
10130 -0.0888883
10140 -0.08889
10150 -0.08889
10160 -0.08889
10170 -0.08889
10180 -0.0888883
10190 -0.08889
10200 -0.0888883
10210 -0.0888883
10220 -0.08889
10230 -0.08889
10240 -0.0888883
10250 -0.08889
10260 -0.0888883
10270 -0.0888883
10280 -0.08889
10290 -0.08889
10300 -0.0888883
10310 -0.08889
10320 -0.08889
10330 -0.08889
10340 -0.08889
10350 -0.0888883
10360 -0.08889
10370 -0.0888883
10380 -0.0888883
10390 -0.0888883
10400 -0.0888883
10410 -0.188888
10420 -0.08889
10430 -0.0888883
10440 -0.08889
10450 -0.0888883
10460 -0.08889
10470 -0.0888883
10480 -0.0888883
10490 -0.08889
10500 -0.08889
10510 -0.08889
10520 -0.08889
10530 -0.08889
10540 -0.08889
10550 -0.0888883
10560 -0.0888883
10570 -0.08889
10580 -0.08889
10590 -0.08889
10600 -0.08889
10610 -0.08889
10620 -0.08889
10630 -0.08889
10640 -0.08889
10650 -0.08889
10660 -0.08889
10670 -0.08889
10680 -0.0888883
10690 -0.0888883
10700 -0.0888883
10710 -0.0888883
10720 -0.08889
10730 -0.0888883
10740 -0.0888883
10750 -0.0888883
10760 -0.08889
10770 -0.08889
10780 -0.08889
10790 -0.08889
10800 -0.0888883
10810 -0.0888883
10820 -0.0888883
10830 -0.0888883
10840 -0.0888883
10850 -0.0888883
10860 -0.08889
10870 -0.08889
10880 -0.0888883
10890 -0.08889
10900 -0.0888883
10910 -0.08889
10920 -0.0888883
10930 -0.0888883
10940 -0.0888883
10950 -0.0888883
10960 -0.0888883
10970 -0.0888883
10980 -0.08889
10990 -0.0888883
11000 -0.08889
11010 -0.0888883
11020 -0.0888883
11030 -0.08889
11040 -0.08889
11050 -0.0888883
11060 -0.08889
11070 -0.0888883
11080 -0.0888883
11090 -0.08889
11100 -0.08889
11110 -0.08889
11120 -0.0888883
11130 -0.08889
11140 -0.08889
11150 -0.0888883
11160 -0.0888883
11170 -0.0888883
11180 -0.0888883
11190 -0.08889
11200 -0.0888883
11210 -0.0888883
11220 -0.0888883
11230 -0.08889
11240 -0.08889
11250 -0.0888883
11260 -0.0888883
11270 -0.0888883
11280 -0.08889
11290 -0.0888883
11300 -0.0888883
11310 -0.0888883
11320 -0.0888883
11330 -0.08889
11340 -0.0888883
11350 -0.08889
11360 -0.0888883
11370 -0.0888883
11380 -0.0888883
11390 -0.0888883
11400 -0.08889
11410 -0.08889
11420 -0.0888883
11430 -0.0888883
11440 -0.08889
11450 -0.08889
11460 -0.0888883
11470 -0.08889
11480 -0.08889
11490 -0.0888883
11500 -0.0888883
11510 -0.0888883
11520 -0.08889
11530 -0.08889
11540 -0.08889
11550 -0.08889
11560 -0.08889
11570 -0.08889
11580 -0.0888883
11590 -0.0888883
11600 -0.0888883
11610 -0.08889
11620 -0.0888883
11630 -0.08889
11640 -0.08889
11650 -0.08889
11660 -0.0888883
11670 -0.0888883
11680 -0.0888883
11690 -0.08889
11700 -0.0888883
11710 -0.08889
11720 -0.0888883
11730 -0.0888883
11740 -0.08889
11750 -0.0888883
11760 -0.0888883
11770 -0.0888883
11780 -0.08889
11790 -0.08889
11800 -0.08889
11810 -0.08889
11820 -0.08889
11830 -0.0888883
11840 -0.0888883
11850 -0.08889
11860 -0.0888883
11870 -0.08889
11880 -0.08889
11890 -0.08889
11900 -0.0888883
11910 -0.0888883
11920 -0.0888883
11930 -0.08889
11940 -0.0888883
11950 -0.0888883
11960 -0.0888883
11970 -0.0888883
11980 -0.0888883
11990 -0.08889
12000 -0.0888883
12010 -0.08889
12020 -0.0888883
12030 -0.0888883
12040 -0.08889
12050 -0.0888883
12060 -0.0888883
12070 -0.0888883
12080 -0.08889
12090 -0.0888883
12100 -0.08889
12110 -0.0888883
12120 -0.08889
12130 -0.08889
12140 -0.08889
12150 -0.08889
12160 -0.08889
12170 -0.0888883
12180 -0.0888883
12190 -0.08889
12200 -0.08889
12210 -0.08889
12220 -0.0888883
12230 -0.08889
12240 -0.0888883
12250 -0.0888883
12260 -0.08889
12270 -0.0888883
12280 -0.08889
12290 -0.08889
12300 -0.0888883
12310 -0.0888883
12320 -0.08889
12330 -0.08889
12340 -0.08889
12350 -0.0888883
12360 -0.08889
12370 -0.0888883
12380 -0.0888883
12390 -0.0888883
12400 -0.08889
12410 -0.0888883
12420 -0.08889
12430 -0.0888883
12440 -0.08889
12450 -0.08889
12460 -0.0888883
12470 -0.188888
12480 -0.08889
12490 -0.08889
12500 -0.18889
12510 -0.08889
12520 -0.0888883
12530 -0.08889
12540 -0.0888883
12550 -0.0888883
12560 -0.08889
12570 -0.188888
12580 -0.18889
12590 -0.18889
12600 -0.08889
12610 -0.08889
12620 -0.08889
12630 -0.08889
12640 -0.0888883
12650 -0.08889
12660 -0.0888883
12670 -0.08889
12680 -0.08889
12690 -0.08889
12700 -0.08889
12710 -0.0888883
12720 -0.08889
12730 -0.0888883
12740 -0.0888883
12750 -0.08889
12760 -0.08889
12770 -0.08889
12780 -0.0888883
12790 -0.0888883
12800 -0.08889
12810 -0.08889
12820 -0.0888883
12830 -0.0888883
12840 -0.08889
12850 -0.0888883
12860 -0.0888883
12870 -0.0888883
12880 -0.08889
12890 -0.08889
12900 -0.08889
12910 -0.0888883
12920 -0.0888883
12930 -0.0888883
12940 -0.08889
12950 -0.0888883
12960 -0.0888883
12970 -0.0888883
12980 -0.0888883
12990 -0.18889
13000 -0.18889
13010 -0.18889
13020 -0.08889
13030 -0.08889
13040 -0.0888883
13050 -0.0888883
13060 -0.0888883
13070 -0.08889
13080 -0.08889
13090 -0.08889
13100 -0.0888883
13110 -0.08889
13120 -0.08889
13130 -0.08889
13140 -0.08889
13150 -0.0888883
13160 -0.0888883
13170 -0.08889
13180 -0.0888883
13190 -0.08889
13200 -0.08889
13210 -0.0888883
13220 -0.0888883
13230 -0.0888883
13240 -0.0888883
13250 -0.08889
13260 -0.08889
13270 -0.08889
13280 -0.08889
13290 -0.08889
13300 -0.0888883
13310 -0.08889
13320 -0.08889
13330 -0.08889
13340 -0.0888883
13350 -0.0888883
13360 -0.08889
13370 -0.08889
13380 -0.08889
13390 -0.0888883
13400 -0.0888883
13410 -0.0888883
13420 -0.08889
13430 -0.0888883
13440 -0.0888883
13450 -0.0888883
13460 -0.08889
13470 -0.0888883
13480 -0.08889
13490 -0.0888883
13500 -0.08889
13510 -0.08889
13520 -0.08889
13530 -0.0888883
13540 -0.08889
13550 -0.08889
13560 -0.0888883
13570 -0.0888883
13580 -0.08889
13590 -0.08889
13600 -0.08889
13610 -0.0888883
13620 -0.0888883
13630 -0.08889
13640 -0.08889
13650 -0.08889
13660 -0.0888883
13670 -0.0888883
13680 -0.0888883
13690 -0.08889
13700 -0.08889
13710 -0.08889
13720 -0.08889
13730 -0.0888883
13740 -0.08889
13750 -0.0888883
13760 -0.08889
13770 -0.0888883
13780 -0.0888883
13790 -0.0888883
13800 -0.08889
13810 -0.08889
13820 -0.08889
13830 -0.08889
13840 -0.0888883
13850 -0.08889
13860 -0.08889
13870 -0.0888883
13880 -0.0888883
13890 -0.08889
13900 -0.08889
13910 -0.0888883
13920 -0.08889
13930 -0.08889
13940 -0.0888883
13950 -0.08889
13960 -0.08889
13970 -0.0888883
13980 -0.08889
13990 -0.0888883
14000 -0.08889
14010 -0.08889
14020 -0.0888883
14030 -0.0888883
14040 -0.0888883
14050 -0.0888883
14060 -0.0888883
14070 -0.08889
14080 -0.0888883
14090 -0.08889
14100 -0.0888883
14110 -0.08889
14120 -0.08889
14130 -0.08889
14140 -0.0888883
14150 -0.08889
14160 -0.0888883
14170 -0.08889
14180 -0.0888883
14190 -0.0888883
14200 -0.0888883
14210 -0.08889
14220 -0.0888883
14230 -0.0888883
14240 -0.08889
14250 -0.08889
14260 -0.08889
14270 -0.0888883
14280 -0.0888883
14290 -0.08889
14300 -0.0888883
14310 -0.0888883
14320 -0.08889
14330 -0.0888883
14340 -0.08889
14350 -0.0888883
14360 -0.08889
14370 -0.0888883
14380 -0.0888883
14390 -0.08889
14400 -0.08889
14410 -0.0888883
14420 -0.08889
14430 -0.08889
14440 -0.0888883
14450 -0.0888883
14460 -0.0888883
14470 -0.0888883
14480 -0.0888883
14490 -0.08889
14500 -0.0888883
14510 -0.08889
14520 -0.08889
14530 -0.08889
14540 -0.0888883
14550 -0.0888883
14560 -0.0888883
14570 -0.0888883
14580 -0.08889
14590 -0.08889
14600 -0.0888883
14610 -0.08889
14620 -0.08889
14630 -0.08889
14640 -0.08889
14650 -0.08889
14660 -0.08889
14670 -0.0888883
14680 -0.08889
14690 -0.08889
14700 -0.0888883
14710 -0.08889
14720 -0.08889
14730 -0.0888883
14740 -0.0888883
14750 -0.08889
14760 -0.08889
14770 -0.08889
14780 -0.0888883
14790 -0.0888883
14800 -0.08889
14810 -0.08889
14820 -0.0888883
14830 -0.0888883
14840 -0.0888883
14850 -0.0888883
14860 -0.0888883
14870 -0.0888883
14880 -0.08889
14890 -0.08889
14900 -0.0888883
14910 -0.0888883
14920 -0.08889
14930 -0.0888883
14940 -0.0888883
14950 -0.0888883
14960 -0.08889
14970 -0.0888883
14980 -0.08889
14990 -0.08889
15000 -0.08889
15010 -0.08889
15020 -0.08889
15030 -0.0888883
15040 -0.0888883
15050 -0.08889
15060 -0.08889
15070 -0.08889
15080 -0.0888883
15090 -0.08889
15100 -0.08889
15110 -0.08889
15120 -0.08889
15130 -0.0888883
15140 -0.08889
15150 -0.0888883
15160 -0.0888883
15170 -0.08889
15180 -0.08889
15190 -0.08889
15200 -0.08889
15210 -0.08889
15220 -0.0888883
15230 -0.08889
15240 -0.0888883
15250 -0.08889
15260 -0.0888883
15270 -0.08889
15280 -0.08889
15290 -0.08889
15300 -0.08889
15310 -0.0888883
15320 -0.08889
15330 -0.08889
15340 -0.08889
15350 -0.0888883
15360 -0.08889
15370 -0.08889
15380 -0.0888883
15390 -0.0888883
15400 -0.08889
15410 -0.08889
15420 -0.0888883
15430 -0.0888883
15440 -0.08889
15450 -0.0888883
15460 -0.08889
15470 -0.08889
15480 -0.0888883
15490 -0.0888883
15500 -0.0888883
15510 -0.0888883
15520 -0.0888883
15530 -0.08889
15540 -0.0888883
15550 -0.0888883
15560 -0.0888883
15570 -0.08889
15580 -0.08889
15590 -0.08889
15600 -0.08889
15610 -0.0888883
15620 -0.0888883
15630 -0.0888883
15640 -0.08889
15650 -0.08889
15660 -0.08889
15670 -0.08889
15680 -0.0888883
15690 -0.08889
15700 -0.0888883
15710 -0.0888883
15720 -0.08889
15730 -0.0888883
15740 -0.08889
15750 -0.08889
15760 -0.08889
15770 -0.0888883
15780 -0.08889
15790 -0.0888883
15800 -0.08889
15810 -0.08889
15820 -0.0888883
15830 -0.08889
15840 -0.0888883
15850 -0.08889
15860 -0.08889
15870 -0.0888883
15880 -0.08889
15890 -0.0888883
15900 -0.0888883
15910 -0.0888883
15920 -0.0888883
15930 -0.08889
15940 -0.08889
15950 -0.08889
15960 -0.08889
15970 -0.08889
15980 -0.08889
15990 -0.08889
16000 -0.0888883
16010 -0.08889
16020 -0.08889
16030 -0.08889
16040 -0.08889
16050 -0.08889
16060 -0.08889
16070 -0.0888883
16080 -0.0888883
16090 -0.0888883
16100 -0.08889
16110 -0.0888883
16120 -0.0888883
16130 -0.0888883
16140 -0.08889
16150 -0.08889
16160 -0.08889
16170 -0.08889
16180 -0.08889
16190 -0.0888883
16200 -0.0888883
16210 -0.0888883
16220 -0.0888883
16230 -0.0888883
16240 -0.0888883
16250 -0.0888883
16260 -0.08889
16270 -0.0888883
16280 -0.0888883
16290 -0.08889
16300 -0.0888883
16310 -0.08889
16320 -0.08889
16330 -0.08889
16340 -0.0888883
16350 -0.08889
16360 -0.08889
16370 -0.0888883
16380 -0.0888883
16390 -0.0888883
16400 -0.08889
16410 -0.0888883
16420 -0.0888883
16430 -0.08889
16440 -0.08889
16450 -0.08889
16460 -0.0888883
16470 -0.08889
16480 -0.0888883
16490 -0.0888883
16500 -0.08889
16510 -0.08889
16520 -0.0888883
16530 -0.0888883
16540 -0.08889
16550 -0.08889
16560 -0.08889
16570 -0.08889
16580 -0.0888883
16590 -0.08889
16600 -0.08889
16610 -0.0888883
16620 -0.0888883
16630 -0.0888883
16640 -0.0888883
16650 -0.0888883
16660 -0.08889
16670 -0.0888883
16680 -0.08889
16690 -0.08889
16700 -0.08889
16710 -0.08889
16720 -0.08889
16730 -0.08889
16740 -0.08889
16750 -0.08889
16760 -0.0888883
16770 -0.0888883
16780 -0.0888883
16790 -0.08889
16800 -0.0888883
16810 -0.0888883
16820 -0.08889
16830 -0.08889
16840 -0.08889
16850 -0.08889
16860 -0.08889
16870 -0.08889
16880 -0.08889
16890 -0.0888883
16900 -0.0888883
16910 -0.08889
16920 -0.08889
16930 -0.0888883
16940 -0.0888883
16950 -0.08889
16960 -0.0888883
16970 -0.0888883
16980 -0.0888883
16990 -0.08889
17000 -0.08889
17010 -0.08889
17020 -0.08889
17030 -0.08889
17040 -0.0888883
17050 -0.08889
17060 -0.0888883
17070 -0.0888883
17080 -0.0888883
17090 -0.08889
17100 -0.08889
17110 -0.0888883
17120 -0.0888883
17130 -0.0888883
17140 -0.0888883
17150 -0.0888883
17160 -0.08889
17170 -0.08889
17180 -0.0888883
17190 -0.0888883
17200 -0.08889
17210 -0.08889
17220 -0.08889
17230 -0.08889
17240 -0.08889
17250 -0.08889
17260 -0.08889
17270 -0.08889
17280 -0.0888883
17290 -0.0888883
17300 -0.08889
17310 -0.0888883
17320 -0.0888883
17330 -0.0888883
17340 -0.08889
17350 -0.0888883
17360 -0.0888883
17370 -0.08889
17380 -0.0888883
17390 -0.08889
17400 -0.08889
17410 -0.0888883
17420 -0.08889
17430 -0.0888883
17440 -0.0888883
17450 -0.08889
17460 -0.0888883
17470 -0.08889
17480 -0.08889
17490 -0.0888883
17500 -0.08889
17510 -0.0888883
17520 -0.08889
17530 -0.08889
17540 -0.0888883
17550 -0.0888883
17560 -0.0888883
17570 -0.0888883
17580 -0.0888883
17590 -0.08889
17600 -0.08889
17610 -0.08889
17620 -0.08889
17630 -0.08889
17640 -0.0888883
17650 -0.08889
17660 -0.0888883
17670 -0.0888883
17680 -0.08889
17690 -0.08889
17700 -0.0888883
17710 -0.0888883
17720 -0.0888883
17730 -0.0888883
17740 -0.08889
17750 -0.0888883
17760 -0.0888883
17770 -0.0888883
17780 -0.0888883
17790 -0.0888883
17800 -0.0888883
17810 -0.0888883
17820 -0.08889
17830 -0.08889
17840 -0.08889
17850 -0.0888883
17860 -0.08889
17870 -0.08889
17880 -0.08889
17890 -0.08889
17900 -0.0888883
17910 -0.08889
17920 -0.08889
17930 -0.0888883
17940 -0.08889
17950 -0.08889
17960 -0.0888883
17970 -0.08889
17980 -0.0888883
17990 -0.08889
18000 -0.0888883
18010 -0.08889
18020 -0.0888883
18030 -0.0888883
18040 -0.0888883
18050 -0.0888883
18060 -0.0888883
18070 -0.0888883
18080 -0.0888883
18090 -0.0888883
18100 -0.08889
18110 -0.08889
18120 -0.08889
18130 -0.08889
18140 -0.0888883
18150 -0.0888883
18160 -0.08889
18170 -0.08889
18180 -0.08889
18190 -0.0888883
18200 -0.08889
18210 -0.0888883
18220 -0.08889
18230 -0.08889
18240 -0.0888883
18250 -0.0888883
18260 -0.0888883
18270 -0.08889
18280 -0.08889
18290 -0.0888883
18300 -0.08889
18310 -0.08889
18320 -0.08889
18330 -0.08889
18340 -0.0888883
18350 -0.08889
18360 -0.0888883
18370 -0.0888883
18380 -0.08889
18390 -0.08889
18400 -0.08889
18410 -0.08889
18420 -0.0888883
18430 -0.0888883
18440 -0.0888883
18450 -0.08889
18460 -0.0888883
18470 -0.0888883
18480 -0.0888883
18490 -0.08889
18500 -0.0888883
18510 -0.0888883
18520 -0.08889
18530 -0.0888883
18540 -0.08889
18550 -0.08889
18560 -0.0888883
18570 -0.0888883
18580 -0.0888883
18590 -0.08889
18600 -0.0888883
18610 -0.08889
18620 -0.0888883
18630 -0.0888883
18640 -0.08889
18650 -0.0888883
18660 -0.08889
18670 -0.0888883
18680 -0.0888883
18690 -0.0888883
18700 -0.0888883
18710 -0.08889
18720 -0.08889
18730 -0.0888883
18740 -0.08889
18750 -0.0888883
18760 -0.08889
18770 -0.0888883
18780 -0.08889
18790 -0.08889
18800 -0.0888883
18810 -0.0888883
18820 -0.0888883
18830 -0.0888883
18840 -0.0888883
18850 -0.08889
18860 -0.0888883
18870 -0.08889
18880 -0.08889
18890 -0.0888883
18900 -0.08889
18910 -0.08889
18920 -0.08889
18930 -0.0888883
18940 -0.0888883
18950 -0.08889
18960 -0.08889
18970 -0.0888883
18980 -0.0888883
18990 -0.0888883
19000 -0.0888883
19010 -0.0888883
19020 -0.08889
19030 -0.0888883
19040 -0.08889
19050 -0.08889
19060 -0.08889
19070 -0.08889
19080 -0.0888883
19090 -0.0888883
19100 -0.0888883
19110 -0.08889
19120 -0.0888883
19130 -0.0888883
19140 -0.0888883
19150 -0.0888883
19160 -0.0888883
19170 -0.0888883
19180 -0.0888883
19190 -0.0888883
19200 -0.0888883
19210 -0.0888883
19220 -0.0888883
19230 -0.0888883
19240 -0.0888883
19250 -0.08889
19260 -0.08889
19270 -0.0888883
19280 -0.0888883
19290 -0.0888883
19300 -0.0888883
19310 -0.08889
19320 -0.0888883
19330 -0.08889
19340 -0.08889
19350 -0.0888883
19360 -0.08889
19370 -0.08889
19380 -0.08889
19390 -0.0888883
19400 -0.08889
19410 -0.08889
19420 -0.08889
19430 -0.08889
19440 -0.0888883
19450 -0.0888883
19460 -0.08889
19470 -0.0888883
19480 -0.08889
19490 -0.08889
19500 -0.0888883
19510 -0.0888883
19520 -0.0888883
19530 -0.08889
19540 -0.0888883
19550 -0.0888883
19560 -0.0888883
19570 -0.0888883
19580 -0.0888883
19590 -0.08889
19600 -0.08889
19610 -0.0888883
19620 -0.08889
19630 -0.0888883
19640 -0.0888883
19650 -0.0888883
19660 -0.08889
19670 -0.0888883
19680 -0.08889
19690 -0.08889
19700 -0.0888883
19710 -0.0888883
19720 -0.0888883
19730 -0.0888883
19740 -0.08889
19750 -0.08889
19760 -0.08889
19770 -0.08889
19780 -0.08889
19790 -0.08889
19800 -0.08889
19810 -0.0888883
19820 -0.08889
19830 -0.0888883
19840 -0.0888883
19850 -0.08889
19860 -0.0888883
19870 -0.08889
19880 -0.0888883
19890 -0.0888883
19900 -0.0888883
19910 -0.08889
19920 -0.0888883
19930 -0.0888883
19940 -0.0888883
19950 -0.08889
19960 -0.0888883
19970 -0.0888883
19980 -0.0888883
19990 -0.0888883
20000 -0.08889
20010 -0.0888883
20020 -0.08889
20030 -0.0888883
20040 -0.0888883
20050 -0.08889
20060 -0.08889
20070 -0.08889
20080 -0.0888883
20090 -0.08889
20100 -0.0888883
20110 -0.08889
20120 -0.0888883
20130 -0.08889
20140 -0.08889
20150 -0.08889
20160 -0.0888883
20170 -0.08889
20180 -0.0888883
20190 -0.08889
20200 -0.0888883
20210 -0.0888883
20220 -0.0888883
20230 -0.08889
20240 -0.08889
20250 -0.0888883
20260 -0.0888883
20270 -0.08889
20280 -0.0888883
20290 -0.08889
20300 -0.0888883
20310 -0.0888883
20320 -0.08889
20330 -0.08889
20340 -0.08889
20350 -0.0888883
20360 -0.08889
20370 -0.08889
20380 -0.0888883
20390 -0.08889
20400 -0.08889
20410 -0.0888883
20420 -0.0888883
20430 -0.0888883
20440 -0.0888883
20450 -0.0888883
20460 -0.0888883
20470 -0.08889
20480 -0.0888883
20490 -0.0888883
20500 -0.0888883
20510 -0.0888883
20520 -0.0888883
20530 -0.08889
20540 -0.08889
20550 -0.0888883
20560 -0.0888883
20570 -0.08889
20580 -0.0888883
20590 -0.08889
20600 -0.08889
20610 -0.08889
20620 -0.08889
20630 -0.08889
20640 -0.0888883
20650 -0.0888883
20660 -0.0888883
20670 -0.0888883
20680 -0.0888883
20690 -0.0888883
20700 -0.08889
20710 -0.08889
20720 -0.0888883
20730 -0.08889
20740 -0.08889
20750 -0.0888883
20760 -0.0888883
20770 -0.0888883
20780 -0.08889
20790 -0.0888883
20800 -0.0888883
20810 -0.08889
20820 -0.0888883
20830 -0.0888883
20840 -0.08889
20850 -0.0888883
20860 -0.0888883
20870 -0.0888883
20880 -0.08889
20890 -0.08889
20900 -0.08889
20910 -0.0888883
20920 -0.08889
20930 -0.0888883
20940 -0.08889
20950 -0.0888883
20960 -0.0888883
20970 -0.08889
20980 -0.08889
20990 -0.0888883
21000 -0.0888883
21010 -0.08889
21020 -0.08889
21030 -0.0888883
21040 -0.0888883
21050 -0.0888883
21060 -0.0888883
21070 -0.08889
21080 -0.0888883
21090 -0.0888883
21100 -0.0888883
21110 -0.0888883
21120 -0.0888883
21130 -0.08889
21140 -0.0888883
21150 -0.0888883
21160 -0.08889
21170 -0.0888883
21180 -0.0888883
21190 -0.0888883
21200 -0.0888883
21210 -0.08889
21220 -0.0888883
21230 -0.08889
21240 -0.0888883
21250 -0.08889
21260 -0.08889
21270 -0.0888883
21280 -0.0888883
21290 -0.08889
21300 -0.08889
21310 -0.0888883
21320 -0.0888883
21330 -0.08889
21340 -0.08889
21350 -0.0888883
21360 -0.0888883
21370 -0.0888883
21380 -0.08889
21390 -0.08889
21400 -0.08889
21410 -0.0888883
21420 -0.0888883
21430 -0.08889
21440 -0.08889
21450 -0.0888883
21460 -0.0888883
21470 -0.0888883
21480 -0.0888883
21490 -0.08889
21500 -0.0888883
21510 -0.0888883
21520 -0.0888883
21530 -0.08889
21540 -0.0888883
21550 -0.08889
21560 -0.0888883
21570 -0.08889
21580 -0.0888883
21590 -0.08889
21600 -0.0888883
21610 -0.0888883
21620 -0.08889
21630 -0.08889
21640 -0.0888883
21650 -0.08889
21660 -0.0888883
21670 -0.0888883
21680 -0.0888883
21690 -0.0888883
21700 -0.0888883
21710 -0.08889
21720 -0.0888883
21730 -0.08889
21740 -0.08889
21750 -0.0888883
21760 -0.08889
21770 -0.08889
21780 -0.08889
21790 -0.0888883
21800 -0.0888883
21810 -0.0888883
21820 -0.0888883
21830 -0.0888883
21840 -0.0888883
21850 -0.0888883
21860 -0.0888883
21870 -0.08889
21880 -0.0888883
21890 -0.0888883
21900 -0.0888883
21910 -0.08889
21920 -0.0888883
21930 -0.08889
21940 -0.0888883
21950 -0.0888883
21960 -0.08889
21970 -0.0888883
21980 -0.0888883
21990 -0.0888883
22000 -0.08889
22010 -0.0888883
22020 -0.08889
22030 -0.0888883
22040 -0.0888883
22050 -0.0888883
22060 -0.0888883
22070 -0.0888883
22080 -0.08889
22090 -0.0888883
22100 -0.08889
22110 -0.0888883
22120 -0.08889
22130 -0.0888883
22140 -0.08889
22150 -0.08889
22160 -0.08889
22170 -0.08889
22180 -0.08889
22190 -0.08889
22200 -0.08889
22210 -0.08889
22220 -0.0888883
22230 -0.08889
22240 -0.0888883
22250 -0.0888883
22260 -0.0888883
22270 -0.0888883
22280 -0.08889
22290 -0.0888883
22300 -0.08889
22310 -0.0888883
22320 -0.08889
22330 -0.0888883
22340 -0.08889
22350 -0.08889
22360 -0.0888883
22370 -0.0888883
22380 -0.08889
22390 -0.08889
22400 -0.08889
22410 -0.08889
22420 -0.0888883
22430 -0.0888883
22440 -0.0888883
22450 -0.0888883
22460 -0.0888883
22470 -0.0888883
22480 -0.0888883
22490 -0.0888883
22500 -0.08889
22510 -0.08889
22520 -0.08889
22530 -0.0888883
22540 -0.08889
22550 -0.08889
22560 -0.0888883
22570 -0.0888883
22580 -0.08889
22590 -0.0888883
22600 -0.0888883
22610 -0.0888883
22620 -0.0888883
22630 -0.0888883
22640 -0.0888883
22650 -0.0888883
22660 -0.0888883
22670 -0.0888883
22680 -0.0888883
22690 -0.08889
22700 -0.0888883
22710 -0.0888883
22720 -0.0888883
22730 -0.0888883
22740 -0.0888883
22750 -0.0888883
22760 -0.0888883
22770 -0.08889
22780 -0.08889
22790 -0.08889
22800 -0.08889
22810 -0.0888883
22820 -0.0888883
22830 -0.08889
22840 -0.0888883
22850 -0.08889
22860 -0.0888883
22870 -0.0888883
22880 -0.0888883
22890 -0.08889
22900 -0.0888883
22910 -0.0888883
22920 -0.08889
22930 -0.0888883
22940 -0.0888883
22950 -0.08889
22960 -0.08889
22970 -0.0888883
22980 -0.0888883
22990 -0.0888883
23000 -0.0888883
23010 -0.0888883
23020 -0.0888883
23030 -0.0888883
23040 -0.0888883
23050 -0.0888883
23060 -0.08889
23070 -0.08889
23080 -0.08889
23090 -0.08889
23100 -0.08889
23110 -0.0888883
23120 -0.0888883
23130 -0.0888883
23140 -0.08889
23150 -0.0888883
23160 -0.0888883
23170 -0.0888883
23180 -0.0888883
23190 -0.0888883
23200 -0.0888883
23210 -0.0888883
23220 -0.08889
23230 -0.08889
23240 -0.08889
23250 -0.0888883
23260 -0.0888883
23270 -0.0888883
23280 -0.0888883
23290 -0.08889
23300 -0.0888883
23310 -0.0888883
23320 -0.0888883
23330 -0.08889
23340 -0.0888883
23350 -0.0888883
23360 -0.08889
23370 -0.0888883
23380 -0.08889
23390 -0.0888883
23400 -0.08889
23410 -0.0888883
23420 -0.0888883
23430 -0.0888883
23440 -0.08889
23450 -0.0888883
23460 -0.08889
23470 -0.0888883
23480 -0.08889
23490 -0.08889
23500 -0.0888883
23510 -0.0888883
23520 -0.08889
23530 -0.08889
23540 -0.0888883
23550 -0.08889
23560 -0.08889
23570 -0.08889
23580 -0.0888883
23590 -0.08889
23600 -0.0888883
23610 -0.08889
23620 -0.08889
23630 -0.08889
23640 -0.08889
23650 -0.0888883
23660 -0.0888883
23670 -0.0888883
23680 -0.0888883
23690 -0.08889
23700 -0.0888883
23710 -0.0888883
23720 -0.0888883
23730 -0.0888883
23740 -0.08889
23750 -0.0888883
23760 -0.0888883
23770 -0.0888883
23780 -0.08889
23790 -0.0888883
23800 -0.08889
23810 -0.0888883
23820 -0.08889
23830 -0.0888883
23840 -0.0888883
23850 -0.08889
23860 -0.0888883
23870 -0.0888883
23880 -0.08889
23890 -0.08889
23900 -0.0888883
23910 -0.0888883
23920 -0.08889
23930 -0.08889
23940 -0.08889
23950 -0.0888883
23960 -0.08889
23970 -0.08889
23980 -0.08889
23990 -0.08889
24000 -0.0888883
24010 -0.08889
24020 -0.08889
24030 -0.0888883
24040 -0.0888883
24050 -0.08889
24060 -0.08889
24070 -0.08889
24080 -0.0888883
24090 -0.0888883
24100 -0.08889
24110 -0.0888883
24120 -0.08889
24130 -0.08889
24140 -0.08889
24150 -0.0888883
24160 -0.0888883
24170 -0.08889
24180 -0.0888883
24190 -0.08889
24200 -0.08889
24210 -0.08889
24220 -0.08889
24230 -0.08889
24240 -0.0888883
24250 -0.08889
24260 -0.08889
24270 -0.0888883
24280 -0.0888883
24290 -0.0888883
24300 -0.0888883
24310 -0.08889
24320 -0.0888883
24330 -0.0888883
24340 -0.0888883
24350 -0.0888883
24360 -0.0888883
24370 -0.08889
24380 -0.0888883
24390 -0.08889
24400 -0.08889
24410 -0.0888883
24420 -0.08889
24430 -0.0888883
24440 -0.0888883
24450 -0.0888883
24460 -0.0888883
24470 -0.0888883
24480 -0.0888883
24490 -0.0888883
24500 -0.0888883
24510 -0.0888883
24520 -0.08889
24530 -0.0888883
24540 -0.0888883
24550 -0.08889
24560 -0.0888883
24570 -0.0888883
24580 -0.08889
24590 -0.08889
24600 -0.0888883
24610 -0.0888883
24620 -0.0888883
24630 -0.0888883
24640 -0.0888883
24650 -0.08889
24660 -0.0888883
24670 -0.08889
24680 -0.0888883
24690 -0.08889
24700 -0.0888883
24710 -0.08889
24720 -0.0888883
24730 -0.0888883
24740 -0.0888883
24750 -0.0888883
24760 -0.08889
24770 -0.0888883
24780 -0.0888883
24790 -0.0888883
24800 -0.08889
24810 -0.08889
24820 -0.0888883
24830 -0.08889
24840 -0.08889
24850 -0.0888883
24860 -0.0888883
24870 -0.0888883
24880 -0.08889
24890 -0.0888883
24900 -0.08889
24910 -0.0888883
24920 -0.08889
24930 -0.08889
24940 -0.08889
24950 -0.08889
24960 -0.08889
24970 -0.0888883
24980 -0.08889
24990 -0.0888883
25000 -0.08889
25010 -0.0888883
25020 -0.08889
25030 -0.0888883
25040 -0.0888883
25050 -0.08889
25060 -0.08889
25070 -0.0888883
25080 -0.08889
25090 -0.0888883
25100 -0.08889
25110 -0.08889
25120 -0.0888883
25130 -0.08889
25140 -0.0888883
25150 -0.08889
25160 -0.0888883
25170 -0.0888883
25180 -0.0888883
25190 -0.0888883
25200 -0.08889
25210 -0.08889
25220 -0.08889
25230 -0.08889
25240 -0.0888883
25250 -0.08889
25260 -0.08889
25270 -0.0888883
25280 -0.0888883
25290 -0.08889
25300 -0.0888883
25310 -0.0888883
25320 -0.0888883
25330 -0.08889
25340 -0.08889
25350 -0.08889
25360 -0.0888883
25370 -0.08889
25380 -0.08889
25390 -0.08889
25400 -0.0888883
25410 -0.08889
25420 -0.0888883
25430 -0.0888883
25440 -0.0888883
25450 -0.0888883
25460 -0.08889
25470 -0.0888883
25480 -0.08889
25490 -0.08889
25500 -0.08889
25510 -0.08889
25520 -0.08889
25530 -0.0888883
25540 -0.08889
25550 -0.08889
25560 -0.0888883
25570 -0.0888883
25580 -0.08889
25590 -0.0888883
25600 -0.08889
25610 -0.08889
25620 -0.08889
25630 -0.0888883
25640 -0.08889
25650 -0.08889
25660 -0.08889
25670 -0.08889
25680 -0.08889
25690 -0.0888883
25700 -0.08889
25710 -0.0888883
25720 -0.0888883
25730 -0.08889
25740 -0.0888883
25750 -0.0888883
25760 -0.0888883
25770 -0.0888883
25780 -0.0888883
25790 -0.08889
25800 -0.0888883
25810 -0.0888883
25820 -0.0888883
25830 -0.0888883
25840 -0.08889
25850 -0.0888883
25860 -0.0888883
25870 -0.0888883
25880 -0.0888883
25890 -0.0888883
25900 -0.08889
25910 -0.0888883
25920 -0.0888883
25930 -0.0888883
25940 -0.0888883
25950 -0.0888883
25960 -0.0888883
25970 -0.0888883
25980 -0.08889
25990 -0.08889
26000 -0.0888883
26010 -0.0888883
26020 -0.08889
26030 -0.0888883
26040 -0.08889
26050 -0.08889
26060 -0.0888883
26070 -0.08889
26080 -0.08889
26090 -0.08889
26100 -0.08889
26110 -0.0888883
26120 -0.08889
26130 -0.0888883
26140 -0.0888883
26150 -0.08889
26160 -0.08889
26170 -0.08889
26180 -0.0888883
26190 -0.0888883
26200 -0.0888883
26210 -0.08889
26220 -0.0888883
26230 -0.08889
26240 -0.0888883
26250 -0.08889
26260 -0.08889
26270 -0.08889
26280 -0.08889
26290 -0.0888883
26300 -0.08889
26310 -0.0888883
26320 -0.08889
26330 -0.08889
26340 -0.0888883
26350 -0.08889
26360 -0.0888883
26370 -0.08889
26380 -0.0888883
26390 -0.0888883
26400 -0.08889
26410 -0.0888883
26420 -0.0888883
26430 -0.0888883
26440 -0.0888883
26450 -0.08889
26460 -0.08889
26470 -0.0888883
26480 -0.0888883
26490 -0.0888883
26500 -0.0888883
26510 -0.0888883
26520 -0.0888883
26530 -0.0888883
26540 -0.0888883
26550 -0.08889
26560 -0.08889
26570 -0.08889
26580 -0.08889
26590 -0.0888883
26600 -0.0888883
26610 -0.0888883
26620 -0.0888883
26630 -0.0888883
26640 -0.08889
26650 -0.0888883
26660 -0.08889
26670 -0.0888883
26680 -0.08889
26690 -0.0888883
26700 -0.08889
26710 -0.0888883
26720 -0.08889
26730 -0.08889
26740 -0.0888883
26750 -0.08889
26760 -0.0888883
26770 -0.0888883
26780 -0.08889
26790 -0.0888883
26800 -0.08889
26810 -0.08889
26820 -0.0888883
26830 -0.08889
26840 -0.08889
26850 -0.08889
26860 -0.0888883
26870 -0.08889
26880 -0.0888883
26890 -0.0888883
26900 -0.08889
26910 -0.0888883
26920 -0.0888883
26930 -0.0888883
26940 -0.0888883
26950 -0.0888883
26960 -0.0888883
26970 -0.0888883
26980 -0.08889
26990 -0.0888883
27000 -0.0888883
27010 -0.0888883
27020 -0.0888883
27030 -0.0888883
27040 -0.0888883
27050 -0.0888883
27060 -0.08889
27070 -0.08889
27080 -0.0888883
27090 -0.0888883
27100 -0.08889
27110 -0.0888883
27120 -0.0888883
27130 -0.0888883
27140 -0.0888883
27150 -0.08889
27160 -0.08889
27170 -0.0888883
27180 -0.0888883
27190 -0.08889
27200 -0.0888883
27210 -0.08889
27220 -0.0888883
27230 -0.08889
27240 -0.0888883
27250 -0.0888883
27260 -0.0888883
27270 -0.08889
27280 -0.08889
27290 -0.0888883
27300 -0.0888883
27310 -0.0888883
27320 -0.08889
27330 -0.08889
27340 -0.0888883
27350 -0.0888883
27360 -0.0888883
27370 -0.0888883
27380 -0.0888883
27390 -0.08889
27400 -0.0888883
27410 -0.08889
27420 -0.08889
27430 -0.0888883
27440 -0.08889
27450 -0.08889
27460 -0.08889
27470 -0.08889
27480 -0.0888883
27490 -0.0888883
27500 -0.08889
27510 -0.08889
27520 -0.08889
27530 -0.0888883
27540 -0.0888883
27550 -0.08889
27560 -0.0888883
27570 -0.08889
27580 -0.0888883
27590 -0.08889
27600 -0.08889
27610 -0.0888883
27620 -0.0888883
27630 -0.0888883
27640 -0.0888883
27650 -0.0888883
27660 -0.0888883
27670 -0.08889
27680 -0.0888883
27690 -0.0888883
27700 -0.0888883
27710 -0.0888883
27720 -0.0888883
27730 -0.08889
27740 -0.08889
27750 -0.08889
27760 -0.0888883
27770 -0.08889
27780 -0.08889
27790 -0.0888883
27800 -0.08889
27810 -0.08889
27820 -0.0888883
27830 -0.0888883
27840 -0.0888883
27850 -0.08889
27860 -0.0888883
27870 -0.0888883
27880 -0.0888883
27890 -0.0888883
27900 -0.0888883
27910 -0.0888883
27920 -0.08889
27930 -0.0888883
27940 -0.0888883
27950 -0.0888883
27960 -0.08889
27970 -0.0888883
27980 -0.08889
27990 -0.0888883
28000 -0.0888883
28010 -0.0888883
28020 -0.0888883
28030 -0.0888883
28040 -0.08889
28050 -0.08889
28060 -0.08889
28070 -0.0888883
28080 -0.08889
28090 -0.08889
28100 -0.0888883
28110 -0.08889
28120 -0.0888883
28130 -0.08889
28140 -0.0888883
28150 -0.0888883
28160 -0.0888883
28170 -0.08889
28180 -0.0888883
28190 -0.0888883
28200 -0.08889
28210 -0.0888883
28220 -0.08889
28230 -0.0888883
28240 -0.0888883
28250 -0.08889
28260 -0.08889
28270 -0.0888883
28280 -0.08889
28290 -0.08889
28300 -0.0888883
28310 -0.08889
28320 -0.0888883
28330 -0.0888883
28340 -0.08889
28350 -0.08889
28360 -0.0888883
28370 -0.08889
28380 -0.08889
28390 -0.0888883
28400 -0.0888883
28410 -0.08889
28420 -0.08889
28430 -0.0888883
28440 -0.0888883
28450 -0.0888883
28460 -0.0888883
28470 -0.0888883
28480 -0.0888883
28490 -0.0888883
28500 -0.08889
28510 -0.08889
28520 -0.0888883
28530 -0.0888883
28540 -0.08889
28550 -0.0888883
28560 -0.08889
28570 -0.0888883
28580 -0.08889
28590 -0.08889
28600 -0.08889
28610 -0.0888883
28620 -0.0888883
28630 -0.08889
28640 -0.0888883
28650 -0.0888883
28660 -0.08889
28670 -0.08889
28680 -0.08889
28690 -0.08889
28700 -0.08889
28710 -0.08889
28720 -0.0888883
28730 -0.08889
28740 -0.0888883
28750 -0.0888883
28760 -0.0888883
28770 -0.08889
28780 -0.0888883
28790 -0.0888883
28800 -0.0888883
28810 -0.08889
28820 -0.08889
28830 -0.08889
28840 -0.0888883
28850 -0.0888883
28860 -0.08889
28870 -0.08889
28880 -0.0888883
28890 -0.08889
28900 -0.0888883
28910 -0.0888883
28920 -0.0888883
28930 -0.08889
28940 -0.0888883
28950 -0.0888883
28960 -0.08889
28970 -0.0888883
28980 -0.08889
28990 -0.0888883
29000 -0.08889
29010 -0.0888883
29020 -0.0888883
29030 -0.0888883
29040 -0.0888883
29050 -0.0888883
29060 -0.0888883
29070 -0.08889
29080 -0.08889
29090 -0.0888883
29100 -0.08889
29110 -0.08889
29120 -0.0888883
29130 -0.0888883
29140 -0.0888883
29150 -0.08889
29160 -0.08889
29170 -0.08889
29180 -0.0888883
29190 -0.08889
29200 -0.0888883
29210 -0.0888883
29220 -0.08889
29230 -0.08889
29240 -0.0888883
29250 -0.08889
29260 -0.08889
29270 -0.08889
29280 -0.08889
29290 -0.0888883
29300 -0.0888883
29310 -0.08889
29320 -0.08889
29330 -0.0888883
29340 -0.0888883
29350 -0.0888883
29360 -0.0888883
29370 -0.0888883
29380 -0.0888883
29390 -0.0888883
29400 -0.0888883
29410 -0.0888883
29420 -0.08889
29430 -0.08889
29440 -0.0888883
29450 -0.08889
29460 -0.0888883
29470 -0.08889
29480 -0.08889
29490 -0.08889
29500 -0.08889
29510 -0.0888883
29520 -0.08889
29530 -0.0888883
29540 -0.08889
29550 -0.0888883
29560 -0.0888883
29570 -0.08889
29580 -0.0888883
29590 -0.08889
29600 -0.0888883
29610 -0.08889
29620 -0.08889
29630 -0.08889
29640 -0.0888883
29650 -0.08889
29660 -0.08889
29670 -0.08889
29680 -0.08889
29690 -0.08889
29700 -0.0888883
29710 -0.08889
29720 -0.0888883
29730 -0.0888883
29740 -0.0888883
29750 -0.08889
29760 -0.0888883
29770 -0.0888883
29780 -0.08889
29790 -0.08889
29800 -0.08889
29810 -0.0888883
29820 -0.08889
29830 -0.0888883
29840 -0.08889
29850 -0.08889
29860 -0.08889
29870 -0.0888883
29880 -0.0888883
29890 -0.0888883
29900 -0.08889
29910 -0.0888883
29920 -0.0888883
29930 -0.08889
29940 -0.0888883
29950 -0.0888883
29960 -0.0888883
29970 -0.0888883
29980 -0.0888883
29990 -0.08889
30000 -0.08889
30010 -0.08889
30020 -0.0888883
30030 -0.08889
30040 -0.08889
30050 -0.08889
30060 -0.08889
30070 -0.08889
30080 -0.08889
30090 -0.0888883
30100 -0.0888883
30110 -0.08889
30120 -0.08889
30130 -0.0888883
30140 -0.0888883
30150 -0.08889
30160 -0.08889
30170 -0.0888883
30180 -0.0888883
30190 -0.08889
30200 -0.0888883
30210 -0.08889
30220 -0.08889
30230 -0.08889
30240 -0.08889
30250 -0.0888883
30260 -0.0888883
30270 -0.0888883
30280 -0.08889
30290 -0.0888883
30300 -0.08889
30310 -0.08889
30320 -0.08889
30330 -0.0888883
30340 -0.0888883
30350 -0.08889
30360 -0.0888883
30370 -0.0888883
30380 -0.0888883
30390 -0.08889
30400 -0.0888883
30410 -0.08889
30420 -0.08889
30430 -0.08889
30440 -0.08889
30450 -0.0888883
30460 -0.08889
30470 -0.0888883
30480 -0.0888883
30490 -0.0888883
30500 -0.0888883
30510 -0.0888883
30520 -0.08889
30530 -0.0888883
30540 -0.0888883
30550 -0.0888883
30560 -0.0888883
30570 -0.0888883
30580 -0.08889
30590 -0.0888883
30600 -0.0888883
30610 -0.08889
30620 -0.0888883
30630 -0.0888883
30640 -0.0888883
30650 -0.08889
30660 -0.0888883
30670 -0.0888883
30680 -0.0888883
30690 -0.08889
30700 -0.08889
30710 -0.0888883
30720 -0.08889
30730 -0.0888883
30740 -0.0888883
30750 -0.08889
30760 -0.08889
30770 -0.0888883
30780 -0.08889
30790 -0.0888883
30800 -0.0888883
30810 -0.08889
30820 -0.0888883
30830 -0.08889
30840 -0.0888883
30850 -0.0888883
30860 -0.08889
30870 -0.0888883
30880 -0.08889
30890 -0.0888883
30900 -0.08889
30910 -0.08889
30920 -0.08889
30930 -0.08889
30940 -0.08889
30950 -0.0888883
30960 -0.08889
30970 -0.08889
30980 -0.0888883
30990 -0.08889
31000 -0.0888883
31010 -0.0888883
31020 -0.0888883
31030 -0.0888883
31040 -0.08889
31050 -0.08889
31060 -0.08889
31070 -0.08889
31080 -0.0888883
31090 -0.08889
31100 -0.0888883
31110 -0.08889
31120 -0.0888883
31130 -0.0888883
31140 -0.0888883
31150 -0.0888883
31160 -0.08889
31170 -0.08889
31180 -0.08889
31190 -0.08889
31200 -0.0888883
31210 -0.08889
31220 -0.08889
31230 -0.0888883
31240 -0.08889
31250 -0.0888883
31260 -0.08889
31270 -0.08889
31280 -0.0888883
31290 -0.0888883
31300 -0.08889
31310 -0.0888883
31320 -0.0888883
31330 -0.08889
31340 -0.0888883
31350 -0.08889
31360 -0.0888883
31370 -0.08889
31380 -0.0888883
31390 -0.08889
31400 -0.08889
31410 -0.08889
31420 -0.08889
31430 -0.0888883
31440 -0.0888883
31450 -0.0888883
31460 -0.08889
31470 -0.0888883
31480 -0.0888883
31490 -0.0888883
31500 -0.0888883
31510 -0.0888883
31520 -0.08889
31530 -0.0888883
31540 -0.0888883
31550 -0.08889
31560 -0.08889
31570 -0.0888883
31580 -0.08889
31590 -0.08889
31600 -0.0888883
31610 -0.08889
31620 -0.08889
31630 -0.0888883
31640 -0.0888883
31650 -0.08889
31660 -0.0888883
31670 -0.08889
31680 -0.0888883
31690 -0.0888883
31700 -0.08889
31710 -0.0888883
31720 -0.08889
31730 -0.08889
31740 -0.0888883
31750 -0.0888883
31760 -0.0888883
31770 -0.0888883
31780 -0.0888883
31790 -0.08889
31800 -0.0888883
31810 -0.08889
31820 -0.0888883
31830 -0.0888883
31840 -0.0888883
31850 -0.0888883
31860 -0.0888883
31870 -0.0888883
31880 -0.08889
31890 -0.0888883
31900 -0.0888883
31910 -0.0888883
31920 -0.08889
31930 -0.0888883
31940 -0.08889
31950 -0.08889
31960 -0.08889
31970 -0.08889
31980 -0.08889
31990 -0.08889
32000 -0.0888883
32010 -0.08889
32020 -0.08889
32030 -0.0888883
32040 -0.08889
32050 -0.0888883
32060 -0.08889
32070 -0.08889
32080 -0.0888883
32090 -0.08889
32100 -0.0888883
32110 -0.08889
32120 -0.08889
32130 -0.0888883
32140 -0.0888883
32150 -0.0888883
32160 -0.08889
32170 -0.08889
32180 -0.0888883
32190 -0.0888883
32200 -0.0888883
32210 -0.0888883
32220 -0.0888883
32230 -0.08889
32240 -0.0888883
32250 -0.08889
32260 -0.08889
32270 -0.08889
32280 -0.0888883
32290 -0.08889
32300 -0.08889
32310 -0.0888883
32320 -0.0888883
32330 -0.0888883
32340 -0.0888883
32350 -0.0888883
32360 -0.08889
32370 -0.08889
32380 -0.0888883
32390 -0.0888883
32400 -0.0888883
32410 -0.0888883
32420 -0.0888883
32430 -0.0888883
32440 -0.0888883
32450 -0.0888883
32460 -0.08889
32470 -0.0888883
32480 -0.0888883
32490 -0.0888883
32500 -0.0888883
32510 -0.0888883
32520 -0.0888883
32530 -0.0888883
32540 -0.0888883
32550 -0.08889
32560 -0.0888883
32570 -0.0888883
32580 -0.0888883
32590 -0.0888883
32600 -0.0888883
32610 -0.08889
32620 -0.08889
32630 -0.0888883
32640 -0.08889
32650 -0.08889
32660 -0.08889
32670 -0.08889
32680 -0.0888883
32690 -0.0888883
32700 -0.0888883
32710 -0.0888883
32720 -0.08889
32730 -0.08889
32740 -0.08889
32750 -0.0888883
32760 -0.08889
32770 -0.0888883
32780 -0.0888883
32790 -0.08889
32800 -0.08889
32810 -0.0888883
32820 -0.08889
32830 -0.08889
32840 -0.08889
32850 -0.0888883
32860 -0.08889
32870 -0.0888883
32880 -0.0888883
32890 -0.0888883
32900 -0.0888883
32910 -0.0888883
32920 -0.0888883
32930 -0.0888883
32940 -0.08889
32950 -0.0888883
32960 -0.0888883
32970 -0.08889
32980 -0.08889
32990 -0.08889
33000 -0.0888883
33010 -0.0888883
33020 -0.08889
33030 -0.08889
33040 -0.08889
33050 -0.08889
33060 -0.0888883
33070 -0.0888883
33080 -0.0888883
33090 -0.08889
33100 -0.0888883
33110 -0.0888883
33120 -0.08889
33130 -0.08889
33140 -0.0888883
33150 -0.08889
33160 -0.0888883
33170 -0.08889
33180 -0.08889
33190 -0.0888883
33200 -0.08889
33210 -0.0888883
33220 -0.0888883
33230 -0.0888883
33240 -0.08889
33250 -0.08889
33260 -0.08889
33270 -0.08889
33280 -0.0888883
33290 -0.0888883
33300 -0.0888883
33310 -0.08889
33320 -0.0888883
33330 -0.08889
33340 -0.08889
33350 -0.08889
33360 -0.08889
33370 -0.08889
33380 -0.08889
33390 -0.0888883
33400 -0.0888883
33410 -0.0888883
33420 -0.08889
33430 -0.08889
33440 -0.08889
33450 -0.0888883
33460 -0.08889
33470 -0.0888883
33480 -0.0888883
33490 -0.0888883
33500 -0.0888883
33510 -0.0888883
33520 -0.08889
33530 -0.08889
33540 -0.0888883
33550 -0.08889
33560 -0.08889
33570 -0.08889
33580 -0.0888883
33590 -0.0888883
33600 -0.0888883
33610 -0.0888883
33620 -0.0888883
33630 -0.0888883
33640 -0.08889
33650 -0.08889
33660 -0.08889
33670 -0.0888883
33680 -0.08889
33690 -0.08889
33700 -0.08889
33710 -0.08889
33720 -0.0888883
33730 -0.0888883
33740 -0.0888883
33750 -0.0888883
33760 -0.0888883
33770 -0.0888883
33780 -0.0888883
33790 -0.0888883
33800 -0.08889
33810 -0.0888883
33820 -0.08889
33830 -0.08889
33840 -0.08889
33850 -0.08889
33860 -0.0888883
33870 -0.0888883
33880 -0.08889
33890 -0.08889
33900 -0.08889
33910 -0.08889
33920 -0.08889
33930 -0.0888883
33940 -0.0888883
33950 -0.08889
33960 -0.0888883
33970 -0.0888883
33980 -0.0888883
33990 -0.0888883
34000 -0.08889
34010 -0.08889
34020 -0.08889
34030 -0.0888883
34040 -0.08889
34050 -0.0888883
34060 -0.0888883
34070 -0.08889
34080 -0.08889
34090 -0.08889
34100 -0.08889
34110 -0.0888883
34120 -0.0888883
34130 -0.08889
34140 -0.08889
34150 -0.08889
34160 -0.08889
34170 -0.0888883
34180 -0.0888883
34190 -0.0888883
34200 -0.0888883
34210 -0.0888883
34220 -0.08889
34230 -0.08889
34240 -0.08889
34250 -0.0888883
34260 -0.08889
34270 -0.08889
34280 -0.0888883
34290 -0.08889
34300 -0.0888883
34310 -0.0888883
34320 -0.0888883
34330 -0.0888883
34340 -0.08889
34350 -0.08889
34360 -0.0888883
34370 -0.0888883
34380 -0.0888883
34390 -0.08889
34400 -0.0888883
34410 -0.0888883
34420 -0.0888883
34430 -0.0888883
34440 -0.08889
34450 -0.0888883
34460 -0.08889
34470 -0.08889
34480 -0.08889
34490 -0.08889
34500 -0.08889
34510 -0.08889
34520 -0.08889
34530 -0.08889
34540 -0.08889
34550 -0.08889
34560 -0.0888883
34570 -0.08889
34580 -0.08889
34590 -0.0888883
34600 -0.08889
34610 -0.08889
34620 -0.0888883
34630 -0.08889
34640 -0.08889
34650 -0.0888883
34660 -0.0888883
34670 -0.08889
34680 -0.0888883
34690 -0.0888883
34700 -0.08889
34710 -0.0888883
34720 -0.0888883
34730 -0.08889
34740 -0.0888883
34750 -0.08889
34760 -0.0888883
34770 -0.08889
34780 -0.0888883
34790 -0.0888883
34800 -0.08889
34810 -0.0888883
34820 -0.08889
34830 -0.08889
34840 -0.0888883
34850 -0.0888883
34860 -0.08889
34870 -0.0888883
34880 -0.0888883
34890 -0.0888883
34900 -0.0888883
34910 -0.08889
34920 -0.0888883
34930 -0.0888883
34940 -0.08889
34950 -0.08889
34960 -0.08889
34970 -0.0888883
34980 -0.08889
34990 -0.0888883
35000 -0.0888883
35010 -0.0888883
35020 -0.0888883
35030 -0.08889
35040 -0.08889
35050 -0.0888883
35060 -0.08889
35070 -0.08889
35080 -0.0888883
35090 -0.08889
35100 -0.08889
35110 -0.0888883
35120 -0.0888883
35130 -0.0888883
35140 -0.0888883
35150 -0.0888883
35160 -0.08889
35170 -0.08889
35180 -0.08889
35190 -0.08889
35200 -0.08889
35210 -0.0888883
35220 -0.0888883
35230 -0.0888883
35240 -0.0888883
35250 -0.08889
35260 -0.0888883
35270 -0.0888883
35280 -0.0888883
35290 -0.08889
35300 -0.0888883
35310 -0.08889
35320 -0.08889
35330 -0.08889
35340 -0.0888883
35350 -0.08889
35360 -0.08889
35370 -0.0888883
35380 -0.0888883
35390 -0.0888883
35400 -0.08889
35410 -0.0888883
35420 -0.0888883
35430 -0.08889
35440 -0.08889
35450 -0.0888883
35460 -0.08889
35470 -0.0888883
35480 -0.0888883
35490 -0.08889
35500 -0.08889
35510 -0.0888883
35520 -0.0888883
35530 -0.0888883
35540 -0.08889
35550 -0.08889
35560 -0.0888883
35570 -0.08889
35580 -0.0888883
35590 -0.0888883
35600 -0.08889
35610 -0.08889
35620 -0.08889
35630 -0.0888883
35640 -0.0888883
35650 -0.08889
35660 -0.08889
35670 -0.08889
35680 -0.08889
35690 -0.08889
35700 -0.0888883
35710 -0.0888883
35720 -0.08889
35730 -0.0888883
35740 -0.08889
35750 -0.0888883
35760 -0.0888883
35770 -0.0888883
35780 -0.0888883
35790 -0.08889
35800 -0.08889
35810 -0.0888883
35820 -0.08889
35830 -0.0888883
35840 -0.08889
35850 -0.0888883
35860 -0.0888883
35870 -0.0888883
35880 -0.0888883
35890 -0.0888883
35900 -0.08889
35910 -0.08889
35920 -0.0888883
35930 -0.0888883
35940 -0.0888883
35950 -0.0888883
35960 -0.08889
35970 -0.08889
35980 -0.08889
35990 -0.0888883
36000 -0.08889
36010 -0.0888883
36020 -0.0888883
36030 -0.0888883
36040 -0.0888883
36050 -0.0888883
36060 -0.0888883
36070 -0.0888883
36080 -0.08889
36090 -0.08889
36100 -0.0888883
36110 -0.08889
36120 -0.0888883
36130 -0.08889
36140 -0.08889
36150 -0.0888883
36160 -0.08889
36170 -0.08889
36180 -0.08889
36190 -0.08889
36200 -0.0888883
36210 -0.0888883
36220 -0.0888883
36230 -0.0888883
36240 -0.08889
36250 -0.08889
36260 -0.0888883
36270 -0.0888883
36280 -0.08889
36290 -0.08889
36300 -0.08889
36310 -0.0888883
36320 -0.0888883
36330 -0.08889
36340 -0.0888883
36350 -0.0888883
36360 -0.08889
36370 -0.0888883
36380 -0.08889
36390 -0.08889
36400 -0.0888883
36410 -0.08889
36420 -0.0888883
36430 -0.08889
36440 -0.0888883
36450 -0.0888883
36460 -0.0888883
36470 -0.08889
36480 -0.08889
36490 -0.08889
36500 -0.0888883
36510 -0.0888883
36520 -0.08889
36530 -0.08889
36540 -0.08889
36550 -0.0888883
36560 -0.08889
36570 -0.0888883
36580 -0.0888883
36590 -0.08889
36600 -0.08889
36610 -0.08889
36620 -0.08889
36630 -0.0888883
36640 -0.0888883
36650 -0.08889
36660 -0.0888883
36670 -0.0888883
36680 -0.08889
36690 -0.0888883
36700 -0.0888883
36710 -0.0888883
36720 -0.08889
36730 -0.0888883
36740 -0.0888883
36750 -0.08889
36760 -0.08889
36770 -0.08889
36780 -0.0888883
36790 -0.08889
36800 -0.0888883
36810 -0.08889
36820 -0.08889
36830 -0.08889
36840 -0.0888883
36850 -0.08889
36860 -0.0888883
36870 -0.08889
36880 -0.08889
36890 -0.08889
36900 -0.0888883
36910 -0.0888883
36920 -0.0888883
36930 -0.08889
36940 -0.08889
36950 -0.0888883
36960 -0.08889
36970 -0.0888883
36980 -0.0888883
36990 -0.08889
37000 -0.0888883
37010 -0.08889
37020 -0.0888883
37030 -0.0888883
37040 -0.0888883
37050 -0.08889
37060 -0.0888883
37070 -0.0888883
37080 -0.0888883
37090 -0.08889
37100 -0.0888883
37110 -0.0888883
37120 -0.08889
37130 -0.0888883
37140 -0.08889
37150 -0.0888883
37160 -0.0888883
37170 -0.0888883
37180 -0.0888883
37190 -0.08889
37200 -0.0888883
37210 -0.0888883
37220 -0.08889
37230 -0.08889
37240 -0.08889
37250 -0.0888883
37260 -0.08889
37270 -0.08889
37280 -0.08889
37290 -0.0888883
37300 -0.0888883
37310 -0.08889
37320 -0.08889
37330 -0.08889
37340 -0.08889
37350 -0.08889
37360 -0.0888883
37370 -0.0888883
37380 -0.0888883
37390 -0.0888883
37400 -0.0888883
37410 -0.0888883
37420 -0.08889
37430 -0.0888883
37440 -0.08889
37450 -0.0888883
37460 -0.0888883
37470 -0.0888883
37480 -0.0888883
37490 -0.08889
37500 -0.0888883
37510 -0.0888883
37520 -0.08889
37530 -0.0888883
37540 -0.08889
37550 -0.08889
37560 -0.08889
37570 -0.08889
37580 -0.08889
37590 -0.08889
37600 -0.0888883
37610 -0.08889
37620 -0.08889
37630 -0.08889
37640 -0.08889
37650 -0.0888883
37660 -0.08889
37670 -0.0888883
37680 -0.0888883
37690 -0.08889
37700 -0.08889
37710 -0.08889
37720 -0.08889
37730 -0.0888883
37740 -0.0888883
37750 -0.0888883
37760 -0.08889
37770 -0.0888883
37780 -0.0888883
37790 -0.08889
37800 -0.0888883
37810 -0.08889
37820 -0.08889
37830 -0.08889
37840 -0.0888883
37850 -0.08889
37860 -0.0888883
37870 -0.08889
37880 -0.08889
37890 -0.0888883
37900 -0.0888883
37910 -0.08889
37920 -0.08889
37930 -0.0888883
37940 -0.08889
37950 -0.08889
37960 -0.08889
37970 -0.08889
37980 -0.0888883
37990 -0.08889
38000 -0.08889
38010 -0.08889
38020 -0.0888883
38030 -0.08889
38040 -0.0888883
38050 -0.08889
38060 -0.08889
38070 -0.0888883
38080 -0.0888883
38090 -0.0888883
38100 -0.08889
38110 -0.0888883
38120 -0.08889
38130 -0.08889
38140 -0.0888883
38150 -0.08889
38160 -0.08889
38170 -0.0888883
38180 -0.0888883
38190 -0.08889
38200 -0.0888883
38210 -0.0888883
38220 -0.08889
38230 -0.08889
38240 -0.08889
38250 -0.0888883
38260 -0.08889
38270 -0.08889
38280 -0.08889
38290 -0.08889
38300 -0.08889
38310 -0.08889
38320 -0.0888883
38330 -0.08889
38340 -0.08889
38350 -0.0888883
38360 -0.08889
38370 -0.0888883
38380 -0.08889
38390 -0.0888883
38400 -0.08889
38410 -0.0888883
38420 -0.08889
38430 -0.08889
38440 -0.0888883
38450 -0.08889
38460 -0.08889
38470 -0.0888883
38480 -0.08889
38490 -0.0888883
38500 -0.08889
38510 -0.0888883
38520 -0.0888883
38530 -0.08889
38540 -0.08889
38550 -0.08889
38560 -0.08889
38570 -0.0888883
38580 -0.08889
38590 -0.08889
38600 -0.0888883
38610 -0.0888883
38620 -0.08889
38630 -0.08889
38640 -0.0888883
38650 -0.0888883
38660 -0.08889
38670 -0.0888883
38680 -0.0888883
38690 -0.0888883
38700 -0.0888883
38710 -0.0888883
38720 -0.08889
38730 -0.08889
38740 -0.0888883
38750 -0.08889
38760 -0.0888883
38770 -0.0888883
38780 -0.08889
38790 -0.08889
38800 -0.08889
38810 -0.0888883
38820 -0.08889
38830 -0.08889
38840 -0.08889
38850 -0.0888883
38860 -0.0888883
38870 -0.08889
38880 -0.08889
38890 -0.08889
38900 -0.08889
38910 -0.0888883
38920 -0.0888883
38930 -0.0888883
38940 -0.08889
38950 -0.0888883
38960 -0.08889
38970 -0.08889
38980 -0.08889
38990 -0.08889
39000 -0.08889
39010 -0.0888883
39020 -0.0888883
39030 -0.0888883
39040 -0.0888883
39050 -0.0888883
39060 -0.0888883
39070 -0.0888883
39080 -0.0888883
39090 -0.0888883
39100 -0.08889
39110 -0.08889
39120 -0.08889
39130 -0.08889
39140 -0.08889
39150 -0.08889
39160 -0.0888883
39170 -0.0888883
39180 -0.0888883
39190 -0.08889
39200 -0.0888883
39210 -0.08889
39220 -0.0888883
39230 -0.0888883
39240 -0.08889
39250 -0.08889
39260 -0.0888883
39270 -0.08889
39280 -0.08889
39290 -0.0888883
39300 -0.08889
39310 -0.0888883
39320 -0.0888883
39330 -0.08889
39340 -0.0888883
39350 -0.0888883
39360 -0.0888883
39370 -0.0888883
39380 -0.08889
39390 -0.08889
39400 -0.0888883
39410 -0.08889
39420 -0.0888883
39430 -0.08889
39440 -0.0888883
39450 -0.08889
39460 -0.08889
39470 -0.08889
39480 -0.0888883
39490 -0.0888883
39500 -0.08889
39510 -0.08889
39520 -0.08889
39530 -0.08889
39540 -0.0888883
39550 -0.0888883
39560 -0.0888883
39570 -0.0888883
39580 -0.08889
39590 -0.0888883
39600 -0.0888883
39610 -0.08889
39620 -0.0888883
39630 -0.08889
39640 -0.0888883
39650 -0.0888883
39660 -0.0888883
39670 -0.0888883
39680 -0.08889
39690 -0.0888883
39700 -0.08889
39710 -0.0888883
39720 -0.0888883
39730 -0.0888883
39740 -0.08889
39750 -0.08889
39760 -0.0888883
39770 -0.0888883
39780 -0.0888883
39790 -0.0888883
39800 -0.0888883
39810 -0.0888883
39820 -0.08889
39830 -0.0888883
39840 -0.08889
39850 -0.0888883
39860 -0.0888883
39870 -0.08889
39880 -0.08889
39890 -0.0888883
39900 -0.08889
39910 -0.0888883
39920 -0.08889
39930 -0.08889
39940 -0.08889
39950 -0.0888883
39960 -0.08889
39970 -0.0888883
39980 -0.08889
39990 -0.08889
40000 -0.08889
40010 -0.0888883
40020 -0.08889
40030 -0.08889
40040 -0.0888883
40050 -0.08889
40060 -0.0888883
40070 -0.08889
40080 -0.08889
40090 -0.0888883
40100 -0.0888883
40110 -0.08889
40120 -0.08889
40130 -0.0888883
40140 -0.0888883
40150 -0.0888883
40160 -0.08889
40170 -0.0888883
40180 -0.0888883
40190 -0.0888883
40200 -0.08889
40210 -0.0888883
40220 -0.0888883
40230 -0.08889
40240 -0.0888883
40250 -0.08889
40260 -0.08889
40270 -0.08889
40280 -0.0888883
40290 -0.0888883
40300 -0.0888883
40310 -0.0888883
40320 -0.08889
40330 -0.08889
40340 -0.0888883
40350 -0.0888883
40360 -0.0888883
40370 -0.08889
40380 -0.0888883
40390 -0.08889
40400 -0.08889
40410 -0.0888883
40420 -0.0888883
40430 -0.08889
40440 -0.08889
40450 -0.08889
40460 -0.0888883
40470 -0.0888883
40480 -0.0888883
40490 -0.08889
40500 -0.08889
40510 -0.08889
40520 -0.08889
40530 -0.0888883
40540 -0.0888883
40550 -0.08889
40560 -0.0888883
40570 -0.0888883
40580 -0.0888883
40590 -0.0888883
40600 -0.0888883
40610 -0.0888883
40620 -0.0888883
40630 -0.08889
40640 -0.08889
40650 -0.08889
40660 -0.08889
40670 -0.0888883
40680 -0.08889
40690 -0.0888883
40700 -0.0888883
40710 -0.08889
40720 -0.08889
40730 -0.0888883
40740 -0.0888883
40750 -0.08889
40760 -0.0888883
40770 -0.0888883
40780 -0.08889
40790 -0.08889
40800 -0.0888883
40810 -0.0888883
40820 -0.0888883
40830 -0.0888883
40840 -0.08889
40850 -0.08889
40860 -0.08889
40870 -0.0888883
40880 -0.08889
40890 -0.08889
40900 -0.08889
40910 -0.08889
40920 -0.08889
40930 -0.08889
40940 -0.08889
40950 -0.08889
40960 -0.08889
40970 -0.0888883
40980 -0.08889
40990 -0.08889
41000 -0.08889
41010 -0.0888883
41020 -0.08889
41030 -0.0888883
41040 -0.0888883
41050 -0.0888883
41060 -0.0888883
41070 -0.0888883
41080 -0.0888883
41090 -0.0888883
41100 -0.08889
41110 -0.08889
41120 -0.0888883
41130 -0.08889
41140 -0.0888883
41150 -0.0888883
41160 -0.08889
41170 -0.0888883
41180 -0.0888883
41190 -0.08889
41200 -0.08889
41210 -0.08889
41220 -0.0888883
41230 -0.08889
41240 -0.0888883
41250 -0.08889
41260 -0.08889
41270 -0.0888883
41280 -0.0888883
41290 -0.0888883
41300 -0.0888883
41310 -0.08889
41320 -0.0888883
41330 -0.0888883
41340 -0.0888883
41350 -0.0888883
41360 -0.08889
41370 -0.08889
41380 -0.08889
41390 -0.08889
41400 -0.08889
41410 -0.08889
41420 -0.0888883
41430 -0.0888883
41440 -0.0888883
41450 -0.08889
41460 -0.0888883
41470 -0.0888883
41480 -0.0888883
41490 -0.08889
41500 -0.0888883
41510 -0.0888883
41520 -0.08889
41530 -0.0888883
41540 -0.0888883
41550 -0.08889
41560 -0.0888883
41570 -0.0888883
41580 -0.08889
41590 -0.0888883
41600 -0.0888883
41610 -0.0888883
41620 -0.08889
41630 -0.0888883
41640 -0.08889
41650 -0.0888883
41660 -0.08889
41670 -0.08889
41680 -0.0888883
41690 -0.0888883
41700 -0.08889
41710 -0.0888883
41720 -0.08889
41730 -0.08889
41740 -0.0888883
41750 -0.08889
41760 -0.0888883
41770 -0.0888883
41780 -0.08889
41790 -0.0888883
41800 -0.0888883
41810 -0.08889
41820 -0.0888883
41830 -0.0888883
41840 -0.0888883
41850 -0.08889
41860 -0.0888883
41870 -0.0888883
41880 -0.08889
41890 -0.0888883
41900 -0.08889
41910 -0.0888883
41920 -0.08889
41930 -0.08889
41940 -0.08889
41950 -0.0888883
41960 -0.0888883
41970 -0.08889
41980 -0.0888883
41990 -0.08889
42000 -0.0888883
42010 -0.08889
42020 -0.0888883
42030 -0.08889
42040 -0.08889
42050 -0.0888883
42060 -0.08889
42070 -0.08889
42080 -0.0888883
42090 -0.08889
42100 -0.0888883
42110 -0.0888883
42120 -0.08889
42130 -0.08889
42140 -0.08889
42150 -0.08889
42160 -0.08889
42170 -0.0888883
42180 -0.0888883
42190 -0.0888883
42200 -0.0888883
42210 -0.08889
42220 -0.0888883
42230 -0.0888883
42240 -0.08889
42250 -0.0888883
42260 -0.0888883
42270 -0.0888883
42280 -0.08889
42290 -0.0888883
42300 -0.08889
42310 -0.08889
42320 -0.08889
42330 -0.0888883
42340 -0.0888883
42350 -0.08889
42360 -0.08889
42370 -0.08889
42380 -0.08889
42390 -0.0888883
42400 -0.0888883
42410 -0.08889
42420 -0.0888883
42430 -0.08889
42440 -0.08889
42450 -0.0888883
42460 -0.08889
42470 -0.08889
42480 -0.0888883
42490 -0.0888883
42500 -0.0888883
42510 -0.0888883
42520 -0.0888883
42530 -0.0888883
42540 -0.0888883
42550 -0.08889
42560 -0.08889
42570 -0.08889
42580 -0.0888883
42590 -0.08889
42600 -0.08889
42610 -0.08889
42620 -0.0888883
42630 -0.08889
42640 -0.0888883
42650 -0.0888883
42660 -0.08889
42670 -0.0888883
42680 -0.0888883
42690 -0.08889
42700 -0.0888883
42710 -0.08889
42720 -0.08889
42730 -0.08889
42740 -0.08889
42750 -0.08889
42760 -0.0888883
42770 -0.0888883
42780 -0.08889
42790 -0.0888883
42800 -0.08889
42810 -0.08889
42820 -0.08889
42830 -0.08889
42840 -0.08889
42850 -0.0888883
42860 -0.08889
42870 -0.08889
42880 -0.0888883
42890 -0.08889
42900 -0.08889
42910 -0.08889
42920 -0.0888883
42930 -0.0888883
42940 -0.08889
42950 -0.0888883
42960 -0.0888883
42970 -0.0888883
42980 -0.08889
42990 -0.0888883
43000 -0.08889
43010 -0.0888883
43020 -0.0888883
43030 -0.08889
43040 -0.0888883
43050 -0.08889
43060 -0.08889
43070 -0.0888883
43080 -0.08889
43090 -0.08889
43100 -0.08889
43110 -0.0888883
43120 -0.08889
43130 -0.0888883
43140 -0.0888883
43150 -0.08889
43160 -0.0888883
43170 -0.08889
43180 -0.0888883
43190 -0.08889
43200 -0.08889
43210 -0.0888883
43220 -0.08889
43230 -0.08889
43240 -0.08889
43250 -0.08889
43260 -0.08889
43270 -0.0888883
43280 -0.08889
43290 -0.08889
43300 -0.08889
43310 -0.0888883
43320 -0.08889
43330 -0.0888883
43340 -0.08889
43350 -0.08889
43360 -0.0888883
43370 -0.08889
43380 -0.0888883
43390 -0.08889
43400 -0.08889
43410 -0.0888883
43420 -0.08889
43430 -0.08889
43440 -0.08889
43450 -0.0888883
43460 -0.0888883
43470 -0.08889
43480 -0.0888883
43490 -0.08889
43500 -0.08889
43510 -0.08889
43520 -0.08889
43530 -0.08889
43540 -0.0888883
43550 -0.0888883
43560 -0.08889
43570 -0.08889
43580 -0.08889
43590 -0.08889
43600 -0.0888883
43610 -0.0888883
43620 -0.0888883
43630 -0.08889
43640 -0.08889
43650 -0.08889
43660 -0.08889
43670 -0.0888883
43680 -0.08889
43690 -0.08889
43700 -0.08889
43710 -0.08889
43720 -0.08889
43730 -0.0888883
43740 -0.08889
43750 -0.08889
43760 -0.0888883
43770 -0.08889
43780 -0.0888883
43790 -0.0888883
43800 -0.08889
43810 -0.08889
43820 -0.08889
43830 -0.0888883
43840 -0.08889
43850 -0.08889
43860 -0.0888883
43870 -0.0888883
43880 -0.0888883
43890 -0.0888883
43900 -0.0888883
43910 -0.0888883
43920 -0.08889
43930 -0.0888883
43940 -0.08889
43950 -0.0888883
43960 -0.0888883
43970 -0.08889
43980 -0.0888883
43990 -0.0888883
44000 -0.08889
44010 -0.08889
44020 -0.0888883
44030 -0.0888883
44040 -0.08889
44050 -0.0888883
44060 -0.0888883
44070 -0.0888883
44080 -0.0888883
44090 -0.08889
44100 -0.08889
44110 -0.08889
44120 -0.0888883
44130 -0.0888883
44140 -0.0888883
44150 -0.08889
44160 -0.08889
44170 -0.08889
44180 -0.08889
44190 -0.0888883
44200 -0.0888883
44210 -0.08889
44220 -0.08889
44230 -0.0888883
44240 -0.08889
44250 -0.0888883
44260 -0.0888883
44270 -0.0888883
44280 -0.08889
44290 -0.08889
44300 -0.0888883
44310 -0.0888883
44320 -0.08889
44330 -0.08889
44340 -0.0888883
44350 -0.0888883
44360 -0.0888883
44370 -0.0888883
44380 -0.0888883
44390 -0.0888883
44400 -0.0888883
44410 -0.08889
44420 -0.0888883
44430 -0.08889
44440 -0.08889
44450 -0.08889
44460 -0.0888883
44470 -0.08889
44480 -0.08889
44490 -0.0888883
44500 -0.08889
44510 -0.0888883
44520 -0.08889
44530 -0.08889
44540 -0.0888883
44550 -0.08889
44560 -0.0888883
44570 -0.0888883
44580 -0.08889
44590 -0.08889
44600 -0.0888883
44610 -0.08889
44620 -0.08889
44630 -0.0888883
44640 -0.08889
44650 -0.0888883
44660 -0.0888883
44670 -0.0888883
44680 -0.08889
44690 -0.0888883
44700 -0.08889
44710 -0.08889
44720 -0.0888883
44730 -0.08889
44740 -0.0888883
44750 -0.0888883
44760 -0.0888883
44770 -0.0888883
44780 -0.0888883
44790 -0.0888883
44800 -0.0888883
44810 -0.0888883
44820 -0.0888883
44830 -0.0888883
44840 -0.0888883
44850 -0.08889
44860 -0.0888883
44870 -0.08889
44880 -0.08889
44890 -0.0888883
44900 -0.08889
44910 -0.08889
44920 -0.08889
44930 -0.0888883
44940 -0.0888883
44950 -0.08889
44960 -0.08889
44970 -0.08889
44980 -0.0888883
44990 -0.0888883
45000 -0.08889
45010 -0.0888883
45020 -0.08889
45030 -0.0888883
45040 -0.08889
45050 -0.08889
45060 -0.0888883
45070 -0.0888883
45080 -0.0888883
45090 -0.08889
45100 -0.08889
45110 -0.08889
45120 -0.08889
45130 -0.0888883
45140 -0.0888883
45150 -0.08889
45160 -0.0888883
45170 -0.0888883
45180 -0.0888883
45190 -0.0888883
45200 -0.0888883
45210 -0.08889
45220 -0.0888883
45230 -0.08889
45240 -0.08889
45250 -0.0888883
45260 -0.08889
45270 -0.08889
45280 -0.08889
45290 -0.0888883
45300 -0.0888883
45310 -0.08889
45320 -0.08889
45330 -0.08889
45340 -0.08889
45350 -0.08889
45360 -0.0888883
45370 -0.0888883
45380 -0.08889
45390 -0.0888883
45400 -0.0888883
45410 -0.08889
45420 -0.08889
45430 -0.08889
45440 -0.08889
45450 -0.0888883
45460 -0.08889
45470 -0.08889
45480 -0.08889
45490 -0.08889
45500 -0.0888883
45510 -0.08889
45520 -0.08889
45530 -0.0888883
45540 -0.0888883
45550 -0.0888883
45560 -0.08889
45570 -0.0888883
45580 -0.0888883
45590 -0.0888883
45600 -0.0888883
45610 -0.0888883
45620 -0.0888883
45630 -0.0888883
45640 -0.0888883
45650 -0.0888883
45660 -0.0888883
45670 -0.0888883
45680 -0.0888883
45690 -0.0888883
45700 -0.0888883
45710 -0.08889
45720 -0.0888883
45730 -0.08889
45740 -0.0888883
45750 -0.08889
45760 -0.08889
45770 -0.0888883
45780 -0.08889
45790 -0.08889
45800 -0.0888883
45810 -0.08889
45820 -0.0888883
45830 -0.0888883
45840 -0.0888883
45850 -0.08889
45860 -0.0888883
45870 -0.08889
45880 -0.0888883
45890 -0.08889
45900 -0.08889
45910 -0.0888883
45920 -0.08889
45930 -0.08889
45940 -0.0888883
45950 -0.0888883
45960 -0.0888883
45970 -0.08889
45980 -0.0888883
45990 -0.08889
46000 -0.0888883
46010 -0.08889
46020 -0.0888883
46030 -0.08889
46040 -0.0888883
46050 -0.0888883
46060 -0.08889
46070 -0.08889
46080 -0.0888883
46090 -0.0888883
46100 -0.0888883
46110 -0.0888883
46120 -0.0888883
46130 -0.0888883
46140 -0.08889
46150 -0.08889
46160 -0.0888883
46170 -0.0888883
46180 -0.08889
46190 -0.0888883
46200 -0.08889
46210 -0.0888883
46220 -0.0888883
46230 -0.08889
46240 -0.0888883
46250 -0.08889
46260 -0.08889
46270 -0.08889
46280 -0.0888883
46290 -0.0888883
46300 -0.08889
46310 -0.0888883
46320 -0.08889
46330 -0.0888883
46340 -0.08889
46350 -0.0888883
46360 -0.08889
46370 -0.0888883
46380 -0.08889
46390 -0.08889
46400 -0.08889
46410 -0.08889
46420 -0.08889
46430 -0.08889
46440 -0.08889
46450 -0.0888883
46460 -0.08889
46470 -0.08889
46480 -0.0888883
46490 -0.08889
46500 -0.08889
46510 -0.08889
46520 -0.0888883
46530 -0.0888883
46540 -0.08889
46550 -0.0888883
46560 -0.0888883
46570 -0.08889
46580 -0.08889
46590 -0.08889
46600 -0.08889
46610 -0.08889
46620 -0.0888883
46630 -0.08889
46640 -0.0888883
46650 -0.08889
46660 -0.08889
46670 -0.08889
46680 -0.08889
46690 -0.08889
46700 -0.0888883
46710 -0.0888883
46720 -0.08889
46730 -0.0888883
46740 -0.0888883
46750 -0.0888883
46760 -0.0888883
46770 -0.0888883
46780 -0.0888883
46790 -0.0888883
46800 -0.08889
46810 -0.08889
46820 -0.0888883
46830 -0.08889
46840 -0.0888883
46850 -0.0888883
46860 -0.0888883
46870 -0.0888883
46880 -0.0888883
46890 -0.08889
46900 -0.08889
46910 -0.08889
46920 -0.0888883
46930 -0.0888883
46940 -0.0888883
46950 -0.0888883
46960 -0.08889
46970 -0.0888883
46980 -0.0888883
46990 -0.08889
47000 -0.08889
47010 -0.08889
47020 -0.08889
47030 -0.0888883
47040 -0.08889
47050 -0.08889
47060 -0.08889
47070 -0.0888883
47080 -0.08889
47090 -0.0888883
47100 -0.08889
47110 -0.08889
47120 -0.0888883
47130 -0.08889
47140 -0.0888883
47150 -0.0888883
47160 -0.0888883
47170 -0.0888883
47180 -0.08889
47190 -0.08889
47200 -0.08889
47210 -0.08889
47220 -0.0888883
47230 -0.08889
47240 -0.08889
47250 -0.0888883
47260 -0.08889
47270 -0.08889
47280 -0.0888883
47290 -0.0888883
47300 -0.0888883
47310 -0.0888883
47320 -0.08889
47330 -0.08889
47340 -0.0888883
47350 -0.08889
47360 -0.08889
47370 -0.0888883
47380 -0.0888883
47390 -0.0888883
47400 -0.0888883
47410 -0.08889
47420 -0.08889
47430 -0.08889
47440 -0.08889
47450 -0.0888883
47460 -0.08889
47470 -0.08889
47480 -0.0888883
47490 -0.08889
47500 -0.0888883
47510 -0.0888883
47520 -0.0888883
47530 -0.08889
47540 -0.08889
47550 -0.08889
47560 -0.08889
47570 -0.0888883
47580 -0.0888883
47590 -0.08889
47600 -0.08889
47610 -0.0888883
47620 -0.0888883
47630 -0.08889
47640 -0.0888883
47650 -0.08889
47660 -0.08889
47670 -0.08889
47680 -0.0888883
47690 -0.08889
47700 -0.08889
47710 -0.0888883
47720 -0.0888883
47730 -0.08889
47740 -0.08889
47750 -0.08889
47760 -0.0888883
47770 -0.0888883
47780 -0.08889
47790 -0.08889
47800 -0.08889
47810 -0.08889
47820 -0.08889
47830 -0.0888883
47840 -0.08889
47850 -0.08889
47860 -0.0888883
47870 -0.08889
47880 -0.0888883
47890 -0.08889
47900 -0.08889
47910 -0.08889
47920 -0.0888883
47930 -0.08889
47940 -0.0888883
47950 -0.08889
47960 -0.0888883
47970 -0.08889
47980 -0.0888883
47990 -0.0888883
48000 -0.08889
48010 -0.0888883
48020 -0.0888883
48030 -0.08889
48040 -0.0888883
48050 -0.0888883
48060 -0.0888883
48070 -0.0888883
48080 -0.0888883
48090 -0.0888883
48100 -0.08889
48110 -0.08889
48120 -0.0888883
48130 -0.0888883
48140 -0.0888883
48150 -0.08889
48160 -0.0888883
48170 -0.08889
48180 -0.0888883
48190 -0.08889
48200 -0.08889
48210 -0.08889
48220 -0.0888883
48230 -0.08889
48240 -0.08889
48250 -0.08889
48260 -0.08889
48270 -0.0888883
48280 -0.0888883
48290 -0.0888883
48300 -0.08889
48310 -0.08889
48320 -0.0888883
48330 -0.08889
48340 -0.08889
48350 -0.0888883
48360 -0.08889
48370 -0.08889
48380 -0.08889
48390 -0.0888883
48400 -0.0888883
48410 -0.0888883
48420 -0.0888883
48430 -0.0888883
48440 -0.0888883
48450 -0.0888883
48460 -0.0888883
48470 -0.08889
48480 -0.0888883
48490 -0.0888883
48500 -0.08889
48510 -0.08889
48520 -0.0888883
48530 -0.0888883
48540 -0.08889
48550 -0.08889
48560 -0.08889
48570 -0.08889
48580 -0.08889
48590 -0.08889
48600 -0.0888883
48610 -0.08889
48620 -0.0888883
48630 -0.0888883
48640 -0.08889
48650 -0.0888883
48660 -0.0888883
48670 -0.08889
48680 -0.08889
48690 -0.0888883
48700 -0.0888883
48710 -0.0888883
48720 -0.0888883
48730 -0.08889
48740 -0.08889
48750 -0.0888883
48760 -0.0888883
48770 -0.0888883
48780 -0.0888883
48790 -0.0888883
48800 -0.0888883
48810 -0.08889
48820 -0.08889
48830 -0.08889
48840 -0.08889
48850 -0.0888883
48860 -0.0888883
48870 -0.08889
48880 -0.08889
48890 -0.0888883
48900 -0.08889
48910 -0.0888883
48920 -0.08889
48930 -0.0888883
48940 -0.0888883
48950 -0.0888883
48960 -0.08889
48970 -0.0888883
48980 -0.08889
48990 -0.08889
49000 -0.0888883
49010 -0.08889
49020 -0.08889
49030 -0.0888883
49040 -0.0888883
49050 -0.08889
49060 -0.0888883
49070 -0.08889
49080 -0.08889
49090 -0.08889
49100 -0.08889
49110 -0.08889
49120 -0.08889
49130 -0.08889
49140 -0.08889
49150 -0.08889
49160 -0.0888883
49170 -0.08889
49180 -0.08889
49190 -0.08889
49200 -0.0888883
49210 -0.08889
49220 -0.0888883
49230 -0.08889
49240 -0.08889
49250 -0.0888883
49260 -0.08889
49270 -0.08889
49280 -0.08889
49290 -0.08889
49300 -0.0888883
49310 -0.08889
49320 -0.0888883
49330 -0.08889
49340 -0.08889
49350 -0.0888883
49360 -0.0888883
49370 -0.0888883
49380 -0.08889
49390 -0.0888883
49400 -0.0888883
49410 -0.0888883
49420 -0.0888883
49430 -0.0888883
49440 -0.08889
49450 -0.0888883
49460 -0.08889
49470 -0.0888883
49480 -0.08889
49490 -0.08889
49500 -0.08889
49510 -0.0888883
49520 -0.0888883
49530 -0.08889
49540 -0.0888883
49550 -0.0888883
49560 -0.08889
49570 -0.08889
49580 -0.0888883
49590 -0.0888883
49600 -0.0888883
49610 -0.0888883
49620 -0.08889
49630 -0.0888883
49640 -0.0888883
49650 -0.0888883
49660 -0.0888883
49670 -0.0888883
49680 -0.0888883
49690 -0.0888883
49700 -0.08889
49710 -0.08889
49720 -0.0888883
49730 -0.0888883
49740 -0.0888883
49750 -0.08889
49760 -0.0888883
49770 -0.0888883
49780 -0.0888883
49790 -0.0888883
49800 -0.0888883
49810 -0.08889
49820 -0.0888883
49830 -0.08889
49840 -0.0888883
49850 -0.08889
49860 -0.0888883
49870 -0.08889
49880 -0.08889
49890 -0.0888883
49900 -0.0888883
49910 -0.08889
49920 -0.0888883
49930 -0.0888883
49940 -0.0888883
49950 -0.0888883
49960 -0.0888883
49970 -0.08889
49980 -0.0888883
49990 -0.08889
50000 -0.08889
50010 -0.08889
50020 -0.08889
50030 -0.08889
50040 -0.0888883
50050 -0.0888883
50060 -0.08889
50070 -0.08889
50080 -0.0888883
50090 -0.0888883
50100 -0.0888883
50110 -0.0888883
50120 -0.0888883
50130 -0.08889
50140 -0.08889
50150 -0.0888883
50160 -0.08889
50170 -0.08889
50180 -0.0888883
50190 -0.0888883
50200 -0.08889
50210 -0.0888883
50220 -0.0888883
50230 -0.0888883
50240 -0.08889
50250 -0.08889
50260 -0.08889
50270 -0.08889
50280 -0.08889
50290 -0.0888883
50300 -0.0888883
50310 -0.0888883
50320 -0.0888883
50330 -0.0888883
50340 -0.08889
50350 -0.08889
50360 -0.0888883
50370 -0.0888883
50380 -0.08889
50390 -0.08889
50400 -0.08889
50410 -0.08889
50420 -0.0888883
