10 0.0555567
20 0
30 2.77556e-17
40 0
50 0
60 0
70 0
80 0
90 1.66667e-06
100 3.33333e-06
110 1.66667e-06
120 0
130 3.33333e-06
140 0.16667
150 3.33333e-06
160 1.66667e-06
170 1.66667e-06
180 3.33333e-06
190 0.16667
200 3.33333e-06
210 3.33333e-06
220 3.33333e-06
230 1.66667e-06
240 1.66667e-06
250 0.166668
260 0.166668
270 0.16667
280 1.66667e-06
290 0.0555583
300 1.66667e-06
310 0
320 0.166668
330 0
340 1.66667e-06
350 1.66667e-06
360 1.66667e-06
370 1.66667e-06
380 1.66667e-06
390 1.66667e-06
400 1.66667e-06
410 1.66667e-06
420 3.33333e-06
430 3.33333e-06
440 3.33333e-06
450 3.33333e-06
460 1.66667e-06
470 1.66667e-06
480 3.33333e-06
490 3.33333e-06
500 1.66667e-06
510 3.33333e-06
520 1.66667e-06
530 0
540 1.66667e-06
550 1.66667e-06
560 3.33333e-06
570 3.33333e-06
580 0.166668
590 1.66667e-06
600 1.66667e-06
610 0
620 1.66667e-06
630 1.66667e-06
640 3.33333e-06
650 3.33333e-06
660 1.66667e-06
670 0
680 1.66667e-06
690 0
700 1.66667e-06
710 1.66667e-06
720 3.33333e-06
730 3.33333e-06
740 0
750 1.66667e-06
760 1.66667e-06
770 0
780 3.33333e-06
790 0.16667
800 0.16667
810 1.66667e-06
820 3.33333e-06
830 3.33333e-06
840 3.33333e-06
850 1.66667e-06
860 1.66667e-06
870 1.66667e-06
880 0
890 0.16667
900 0.166668
910 0.16667
920 1.66667e-06
930 1.66667e-06
940 0
950 0.166668
960 0
970 1.66667e-06
980 1.66667e-06
990 1.66667e-06
1000 1.66667e-06
1010 1.66667e-06
1020 0
1030 1.66667e-06
1040 0.0555583
1050 3.33333e-06
1060 1.66667e-06
1070 1.66667e-06
1080 1.66667e-06
1090 3.33333e-06
1100 3.33333e-06
1110 1.66667e-06
1120 1.66667e-06
1130 3.33333e-06
1140 1.66667e-06
1150 0
1160 1.66667e-06
1170 3.33333e-06
1180 1.66667e-06
1190 1.66667e-06
1200 1.66667e-06
1210 0
1220 1.66667e-06
1230 1.66667e-06
1240 1.66667e-06
1250 1.66667e-06
1260 0
1270 0
1280 1.66667e-06
1290 0.166668
1300 1.66667e-06
1310 0
1320 1.66667e-06
1330 1.66667e-06
1340 1.66667e-06
1350 3.33333e-06
1360 1.66667e-06
1370 1.66667e-06
1380 1.66667e-06
1390 1.66667e-06
1400 1.66667e-06
1410 1.66667e-06
1420 0
1430 1.66667e-06
1440 3.33333e-06
1450 1.66667e-06
1460 3.33333e-06
1470 1.66667e-06
1480 1.66667e-06
1490 0
1500 3.33333e-06
1510 3.33333e-06
1520 3.33333e-06
1530 1.66667e-06
1540 0
1550 0
1560 1.66667e-06
1570 3.33333e-06
1580 1.66667e-06
1590 3.33333e-06
1600 1.66667e-06
1610 0
1620 3.33333e-06
1630 0
1640 1.66667e-06
1650 3.33333e-06
1660 1.66667e-06
1670 3.33333e-06
1680 3.33333e-06
1690 0
1700 1.66667e-06
1710 1.66667e-06
1720 3.33333e-06
1730 3.33333e-06
1740 3.33333e-06
1750 0
1760 3.33333e-06
1770 0
1780 0
1790 1.66667e-06
1800 3.33333e-06
1810 1.66667e-06
1820 1.66667e-06
1830 1.66667e-06
1840 0
1850 0
1860 1.66667e-06
1870 0
1880 3.33333e-06
1890 1.66667e-06
1900 1.66667e-06
1910 0
1920 1.66667e-06
1930 1.66667e-06
1940 0
1950 1.66667e-06
1960 0
1970 0.0555583
1980 1.66667e-06
1990 1.66667e-06
2000 1.66667e-06
2010 1.66667e-06
2020 1.66667e-06
2030 1.66667e-06
2040 3.33333e-06
2050 1.66667e-06
2060 1.66667e-06
2070 0
2080 3.33333e-06
2090 1.66667e-06
2100 0
2110 1.66667e-06
2120 3.33333e-06
2130 0
2140 1.66667e-06
2150 1.66667e-06
2160 1.66667e-06
2170 3.33333e-06
2180 1.66667e-06
2190 0
2200 1.66667e-06
2210 1.66667e-06
2220 3.33333e-06
2230 1.66667e-06
2240 3.33333e-06
2250 0
2260 1.66667e-06
2270 0
2280 1.66667e-06
2290 3.33333e-06
2300 3.33333e-06
2310 3.33333e-06
2320 0
2330 1.66667e-06
2340 1.66667e-06
2350 1.66667e-06
2360 1.66667e-06
2370 3.33333e-06
2380 3.33333e-06
2390 0
2400 3.33333e-06
2410 1.66667e-06
2420 0
2430 3.33333e-06
2440 1.66667e-06
2450 1.66667e-06
2460 3.33333e-06
2470 3.33333e-06
2480 1.66667e-06
2490 3.33333e-06
2500 1.66667e-06
2510 0
2520 3.33333e-06
2530 1.66667e-06
2540 3.33333e-06
2550 0
2560 1.66667e-06
2570 1.66667e-06
2580 0
2590 1.66667e-06
2600 0
2610 3.33333e-06
2620 1.66667e-06
2630 0
2640 0
2650 0
2660 0
2670 0
2680 1.66667e-06
2690 1.66667e-06
2700 1.66667e-06
2710 3.33333e-06
2720 0
2730 3.33333e-06
2740 1.66667e-06
2750 3.33333e-06
2760 3.33333e-06
2770 1.66667e-06
2780 0
2790 3.33333e-06
2800 1.66667e-06
2810 3.33333e-06
2820 0
2830 0
2840 3.33333e-06
2850 1.66667e-06
2860 3.33333e-06
2870 3.33333e-06
2880 1.66667e-06
2890 1.66667e-06
2900 1.66667e-06
2910 1.66667e-06
2920 0
2930 1.66667e-06
2940 1.66667e-06
2950 0
2960 0
2970 1.66667e-06
2980 1.66667e-06
2990 3.33333e-06
3000 1.66667e-06
3010 3.33333e-06
3020 1.66667e-06
3030 1.66667e-06
3040 3.33333e-06
3050 0.166668
3060 0.16667
3070 3.33333e-06
3080 1.66667e-06
3090 1.66667e-06
3100 3.33333e-06
3110 3.33333e-06
3120 0
3130 0
3140 1.66667e-06
3150 1.66667e-06
3160 1.66667e-06
3170 0
3180 1.66667e-06
3190 0
3200 0
3210 1.66667e-06
3220 1.66667e-06
3230 3.33333e-06
3240 1.66667e-06
3250 3.33333e-06
3260 0
3270 0
3280 0
3290 1.66667e-06
3300 1.66667e-06
3310 1.66667e-06
3320 3.33333e-06
3330 1.66667e-06
3340 1.66667e-06
3350 1.66667e-06
3360 1.66667e-06
3370 3.33333e-06
3380 3.33333e-06
3390 3.33333e-06
3400 1.66667e-06
3410 1.66667e-06
3420 3.33333e-06
3430 3.33333e-06
3440 1.66667e-06
3450 1.66667e-06
3460 3.33333e-06
3470 1.66667e-06
3480 0
3490 3.33333e-06
3500 1.66667e-06
3510 3.33333e-06
3520 0
3530 1.66667e-06
3540 0
3550 3.33333e-06
3560 1.66667e-06
3570 1.66667e-06
3580 1.66667e-06
3590 3.33333e-06
3600 1.66667e-06
3610 1.66667e-06
3620 1.66667e-06
3630 1.66667e-06
3640 3.33333e-06
3650 1.66667e-06
3660 3.33333e-06
3670 1.66667e-06
3680 1.66667e-06
3690 1.66667e-06
3700 1.66667e-06
3710 0
3720 1.66667e-06
3730 1.66667e-06
3740 1.66667e-06
3750 3.33333e-06
3760 1.66667e-06
3770 3.33333e-06
3780 0
3790 1.66667e-06
3800 1.66667e-06
3810 1.66667e-06
3820 3.33333e-06
3830 1.66667e-06
3840 0
3850 1.66667e-06
3860 1.66667e-06
3870 1.66667e-06
3880 1.66667e-06
3890 1.66667e-06
3900 1.66667e-06
3910 1.66667e-06
3920 0
3930 1.66667e-06
3940 3.33333e-06
3950 1.66667e-06
3960 3.33333e-06
3970 1.66667e-06
3980 3.33333e-06
3990 1.66667e-06
4000 1.66667e-06
4010 1.66667e-06
4020 1.66667e-06
4030 0
4040 0
4050 3.33333e-06
4060 1.66667e-06
4070 1.66667e-06
4080 0
4090 1.66667e-06
4100 1.66667e-06
4110 3.33333e-06
4120 0
4130 1.66667e-06
4140 1.66667e-06
4150 1.66667e-06
4160 1.66667e-06
4170 1.66667e-06
4180 3.33333e-06
4190 1.66667e-06
4200 0
4210 0
4220 1.66667e-06
4230 1.66667e-06
4240 0
4250 0
4260 1.66667e-06
4270 0
4280 0
4290 3.33333e-06
4300 0
4310 1.66667e-06
4320 1.66667e-06
4330 3.33333e-06
4340 3.33333e-06
4350 0
4360 0
4370 0
4380 0
4390 3.33333e-06
4400 1.66667e-06
4410 3.33333e-06
4420 3.33333e-06
4430 1.66667e-06
4440 3.33333e-06
4450 0
4460 0
4470 3.33333e-06
4480 1.66667e-06
4490 1.66667e-06
4500 1.66667e-06
4510 0
4520 0
4530 0
4540 1.66667e-06
4550 1.66667e-06
4560 3.33333e-06
4570 0
4580 3.33333e-06
4590 0
4600 3.33333e-06
4610 1.66667e-06
4620 1.66667e-06
4630 1.66667e-06
4640 1.66667e-06
4650 0
4660 3.33333e-06
4670 1.66667e-06
4680 0
4690 0
4700 0
4710 3.33333e-06
4720 3.33333e-06
4730 1.66667e-06
4740 0
4750 0
4760 3.33333e-06
4770 3.33333e-06
4780 3.33333e-06
4790 0
4800 3.33333e-06
4810 3.33333e-06
4820 1.66667e-06
4830 3.33333e-06
4840 1.66667e-06
4850 1.66667e-06
4860 3.33333e-06
4870 0
4880 1.66667e-06
4890 1.66667e-06
4900 0
4910 1.66667e-06
4920 0
4930 1.66667e-06
4940 0
4950 0
4960 0
4970 0
4980 3.33333e-06
4990 1.66667e-06
5000 3.33333e-06
5010 3.33333e-06
5020 0
5030 1.66667e-06
5040 1.66667e-06
5050 0
5060 1.66667e-06
5070 3.33333e-06
5080 3.33333e-06
5090 3.33333e-06
5100 1.66667e-06
5110 1.66667e-06
5120 1.66667e-06
5130 1.66667e-06
5140 1.66667e-06
5150 3.33333e-06
5160 0
5170 1.66667e-06
5180 0
5190 0
5200 1.66667e-06
5210 3.33333e-06
5220 0
5230 3.33333e-06
5240 3.33333e-06
5250 1.66667e-06
5260 1.66667e-06
5270 1.66667e-06
5280 1.66667e-06
5290 3.33333e-06
5300 1.66667e-06
5310 0
5320 3.33333e-06
5330 1.66667e-06
5340 3.33333e-06
5350 0
5360 1.66667e-06
5370 1.66667e-06
5380 0
5390 1.66667e-06
5400 1.66667e-06
5410 1.66667e-06
5420 3.33333e-06
5430 3.33333e-06
5440 3.33333e-06
5450 1.66667e-06
5460 1.66667e-06
5470 1.66667e-06
5480 1.66667e-06
5490 1.66667e-06
5500 1.66667e-06
5510 1.66667e-06
5520 3.33333e-06
5530 1.66667e-06
5540 3.33333e-06
5550 1.66667e-06
5560 0
5570 1.66667e-06
5580 1.66667e-06
5590 1.66667e-06
5600 1.66667e-06
5610 1.66667e-06
5620 3.33333e-06
5630 1.66667e-06
5640 3.33333e-06
5650 0
5660 0
5670 1.66667e-06
5680 1.66667e-06
5690 1.66667e-06
5700 3.33333e-06
5710 0
5720 3.33333e-06
5730 0
5740 3.33333e-06
5750 1.66667e-06
5760 1.66667e-06
5770 1.66667e-06
5780 3.33333e-06
5790 3.33333e-06
5800 3.33333e-06
5810 0
5820 0
5830 0
5840 3.33333e-06
5850 3.33333e-06
5860 1.66667e-06
5870 3.33333e-06
5880 3.33333e-06
5890 1.66667e-06
5900 0
5910 1.66667e-06
5920 3.33333e-06
5930 0
5940 3.33333e-06
5950 1.66667e-06
5960 0
5970 1.66667e-06
5980 1.66667e-06
5990 1.66667e-06
6000 1.66667e-06
6010 1.66667e-06
6020 1.66667e-06
6030 0
6040 1.66667e-06
6050 1.66667e-06
6060 1.66667e-06
6070 1.66667e-06
6080 1.66667e-06
6090 1.66667e-06
6100 0.0555583
6110 1.66667e-06
6120 3.33333e-06
6130 3.33333e-06
6140 0.0555583
6150 0.0555583
6160 0.0555583
6170 1.66667e-06
6180 1.66667e-06
6190 1.66667e-06
6200 3.33333e-06
6210 1.66667e-06
6220 1.66667e-06
6230 3.33333e-06
6240 1.66667e-06
6250 0
6260 3.33333e-06
6270 1.66667e-06
6280 1.66667e-06
6290 1.66667e-06
6300 3.33333e-06
6310 1.66667e-06
6320 0
6330 0
6340 1.66667e-06
6350 1.66667e-06
6360 1.66667e-06
6370 1.66667e-06
6380 3.33333e-06
6390 1.66667e-06
6400 0
6410 1.66667e-06
6420 1.66667e-06
6430 1.66667e-06
6440 1.66667e-06
6450 0
6460 0
6470 0
6480 0
6490 1.66667e-06
6500 1.66667e-06
6510 3.33333e-06
6520 3.33333e-06
6530 0
6540 1.66667e-06
6550 1.66667e-06
6560 0
6570 1.66667e-06
6580 1.66667e-06
6590 0
6600 1.66667e-06
6610 1.66667e-06
6620 3.33333e-06
6630 0
6640 0
6650 0
6660 0
6670 1.66667e-06
6680 3.33333e-06
6690 3.33333e-06
6700 1.66667e-06
6710 3.33333e-06
6720 1.66667e-06
6730 3.33333e-06
6740 1.66667e-06
6750 0
6760 1.66667e-06
6770 1.66667e-06
6780 3.33333e-06
6790 0
6800 1.66667e-06
6810 1.66667e-06
6820 1.66667e-06
6830 1.66667e-06
6840 1.66667e-06
6850 1.66667e-06
6860 0
6870 1.66667e-06
6880 1.66667e-06
6890 1.66667e-06
6900 1.66667e-06
6910 0
6920 1.66667e-06
6930 1.66667e-06
6940 1.66667e-06
6950 1.66667e-06
6960 1.66667e-06
6970 1.66667e-06
6980 1.66667e-06
6990 1.66667e-06
7000 0
7010 1.66667e-06
7020 1.66667e-06
7030 1.66667e-06
7040 0
7050 0
7060 1.66667e-06
7070 1.66667e-06
7080 0
7090 1.66667e-06
7100 1.66667e-06
7110 1.66667e-06
7120 1.66667e-06
7130 0
7140 3.33333e-06
7150 1.66667e-06
7160 1.66667e-06
7170 1.66667e-06
7180 0
7190 3.33333e-06
7200 0
7210 0
7220 1.66667e-06
7230 1.66667e-06
7240 0
7250 0
7260 0
7270 1.66667e-06
7280 0
7290 0
7300 1.66667e-06
7310 0
7320 1.66667e-06
7330 1.66667e-06
7340 1.66667e-06
7350 1.66667e-06
7360 1.66667e-06
7370 0
7380 1.66667e-06
7390 0
7400 1.66667e-06
7410 0
7420 3.33333e-06
7430 1.66667e-06
7440 0
7450 0
7460 1.66667e-06
7470 0
7480 1.66667e-06
7490 3.33333e-06
7500 1.66667e-06
7510 0
7520 0
7530 1.66667e-06
7540 1.66667e-06
7550 1.66667e-06
7560 3.33333e-06
7570 1.66667e-06
7580 0
7590 0
7600 1.66667e-06
7610 3.33333e-06
7620 1.66667e-06
7630 3.33333e-06
7640 0
7650 1.66667e-06
7660 0
7670 0.16667
7680 1.66667e-06
7690 0
7700 0
7710 0
7720 1.66667e-06
7730 1.66667e-06
7740 0
7750 3.33333e-06
7760 0
7770 0
7780 0
7790 3.33333e-06
7800 0
7810 3.33333e-06
7820 3.33333e-06
7830 1.66667e-06
7840 1.66667e-06
7850 1.66667e-06
7860 1.66667e-06
7870 1.66667e-06
7880 0
7890 3.33333e-06
7900 0
7910 0
7920 1.66667e-06
7930 3.33333e-06
7940 1.66667e-06
7950 1.66667e-06
7960 0
7970 1.66667e-06
7980 3.33333e-06
7990 0
8000 3.33333e-06
8010 1.66667e-06
8020 1.66667e-06
8030 1.66667e-06
8040 0
8050 1.66667e-06
8060 1.66667e-06
8070 3.33333e-06
8080 1.66667e-06
8090 3.33333e-06
8100 1.66667e-06
8110 1.66667e-06
8120 1.66667e-06
8130 1.66667e-06
8140 0
8150 1.66667e-06
8160 1.66667e-06
8170 1.66667e-06
8180 0
8190 0
8200 0
8210 1.66667e-06
8220 1.66667e-06
8230 3.33333e-06
8240 1.66667e-06
8250 1.66667e-06
8260 1.66667e-06
8270 0
8280 0
8290 1.66667e-06
8300 0
8310 0
8320 0
8330 3.33333e-06
8340 0
8350 3.33333e-06
8360 1.66667e-06
8370 3.33333e-06
8380 1.66667e-06
8390 1.66667e-06
8400 0
8410 0
8420 1.66667e-06
8430 1.66667e-06
8440 1.66667e-06
8450 1.66667e-06
8460 0
8470 0
8480 1.66667e-06
8490 1.66667e-06
8500 0
8510 1.66667e-06
8520 3.33333e-06
8530 3.33333e-06
8540 0
8550 1.66667e-06
8560 1.66667e-06
8570 3.33333e-06
8580 3.33333e-06
8590 1.66667e-06
8600 1.66667e-06
8610 1.66667e-06
8620 1.66667e-06
8630 0
8640 1.66667e-06
8650 1.66667e-06
8660 1.66667e-06
8670 3.33333e-06
8680 1.66667e-06
8690 0
8700 3.33333e-06
8710 1.66667e-06
8720 1.66667e-06
8730 1.66667e-06
8740 0
8750 1.66667e-06
8760 3.33333e-06
8770 1.66667e-06
8780 0
8790 3.33333e-06
8800 0
8810 0
8820 3.33333e-06
8830 1.66667e-06
8840 3.33333e-06
8850 3.33333e-06
8860 0
8870 0
8880 1.66667e-06
8890 1.66667e-06
8900 0
8910 1.66667e-06
8920 0
8930 0
8940 3.33333e-06
8950 0
8960 1.66667e-06
8970 1.66667e-06
8980 0
8990 1.66667e-06
9000 1.66667e-06
9010 1.66667e-06
9020 1.66667e-06
9030 0
9040 1.66667e-06
9050 1.66667e-06
9060 0
9070 1.66667e-06
9080 1.66667e-06
9090 1.66667e-06
9100 0
9110 3.33333e-06
9120 1.66667e-06
9130 1.66667e-06
9140 0
9150 1.66667e-06
9160 1.66667e-06
9170 0
9180 0
9190 0
9200 0
9210 1.66667e-06
9220 1.66667e-06
9230 3.33333e-06
9240 0
9250 1.66667e-06
9260 1.66667e-06
9270 1.66667e-06
9280 1.66667e-06
9290 1.66667e-06
9300 3.33333e-06
9310 3.33333e-06
9320 1.66667e-06
9330 0
9340 1.66667e-06
9350 0
9360 3.33333e-06
9370 3.33333e-06
9380 3.33333e-06
9390 0
9400 3.33333e-06
9410 1.66667e-06
9420 0
9430 3.33333e-06
9440 1.66667e-06
9450 3.33333e-06
9460 1.66667e-06
9470 0
9480 1.66667e-06
9490 3.33333e-06
9500 0
9510 0
9520 0
9530 1.66667e-06
9540 3.33333e-06
9550 0
9560 0
9570 1.66667e-06
9580 1.66667e-06
9590 0
9600 0
9610 1.66667e-06
9620 1.66667e-06
9630 1.66667e-06
9640 1.66667e-06
9650 1.66667e-06
9660 1.66667e-06
9670 0
9680 1.66667e-06
9690 0
9700 1.66667e-06
9710 0
9720 0
9730 1.66667e-06
9740 3.33333e-06
9750 0
9760 1.66667e-06
9770 1.66667e-06
9780 1.66667e-06
9790 0
9800 0
9810 1.66667e-06
9820 0
9830 0
9840 1.66667e-06
9850 3.33333e-06
9860 1.66667e-06
9870 1.66667e-06
9880 1.66667e-06
9890 3.33333e-06
9900 1.66667e-06
9910 1.66667e-06
9920 3.33333e-06
9930 1.66667e-06
9940 1.66667e-06
9950 3.33333e-06
9960 0
9970 1.66667e-06
9980 0
9990 3.33333e-06
10000 0
10010 1.66667e-06
10020 0
10030 1.66667e-06
10040 1.66667e-06
10050 1.66667e-06
10060 0
10070 3.33333e-06
10080 0
10090 1.66667e-06
10100 1.66667e-06
10110 1.66667e-06
10120 1.66667e-06
10130 0
10140 3.33333e-06
10150 1.66667e-06
10160 0
10170 1.66667e-06
10180 0
10190 1.66667e-06
10200 0
10210 1.66667e-06
10220 1.66667e-06
10230 1.66667e-06
10240 1.66667e-06
10250 1.66667e-06
10260 1.66667e-06
10270 1.66667e-06
10280 1.66667e-06
10290 1.66667e-06
10300 1.66667e-06
10310 1.66667e-06
10320 3.33333e-06
10330 3.33333e-06
10340 1.66667e-06
10350 1.66667e-06
10360 1.66667e-06
10370 1.66667e-06
10380 3.33333e-06
10390 1.66667e-06
10400 1.66667e-06
10410 3.33333e-06
10420 3.33333e-06
10430 1.66667e-06
10440 1.66667e-06
10450 0
10460 1.66667e-06
10470 3.33333e-06
10480 3.33333e-06
10490 0
10500 1.66667e-06
10510 0
10520 1.66667e-06
10530 0
10540 1.66667e-06
10550 0
10560 0
10570 3.33333e-06
10580 1.66667e-06
10590 1.66667e-06
10600 1.66667e-06
10610 0
10620 0
10630 1.66667e-06
10640 0
10650 0
10660 0
10670 3.33333e-06
10680 0
10690 3.33333e-06
10700 1.66667e-06
10710 0
10720 1.66667e-06
10730 1.66667e-06
10740 1.66667e-06
10750 1.66667e-06
10760 1.66667e-06
10770 0
10780 1.66667e-06
10790 0
10800 3.33333e-06
10810 3.33333e-06
10820 1.66667e-06
10830 1.66667e-06
10840 0
10850 1.66667e-06
10860 3.33333e-06
10870 3.33333e-06
10880 1.66667e-06
10890 1.66667e-06
10900 1.66667e-06
10910 3.33333e-06
10920 0
10930 3.33333e-06
10940 0
10950 1.66667e-06
10960 1.66667e-06
10970 1.66667e-06
10980 0
10990 1.66667e-06
11000 1.66667e-06
11010 3.33333e-06
11020 0
11030 3.33333e-06
11040 0
11050 1.66667e-06
11060 1.66667e-06
11070 3.33333e-06
11080 1.66667e-06
11090 3.33333e-06
11100 1.66667e-06
11110 1.66667e-06
11120 3.33333e-06
11130 0
11140 0
11150 1.66667e-06
11160 1.66667e-06
11170 0
11180 3.33333e-06
11190 0
11200 0
11210 1.66667e-06
11220 0
11230 1.66667e-06
11240 1.66667e-06
11250 1.66667e-06
11260 1.66667e-06
11270 3.33333e-06
11280 1.66667e-06
11290 1.66667e-06
11300 3.33333e-06
11310 3.33333e-06
11320 1.66667e-06
11330 1.66667e-06
11340 0
11350 3.33333e-06
11360 1.66667e-06
11370 3.33333e-06
11380 1.66667e-06
11390 0
11400 3.33333e-06
11410 3.33333e-06
11420 3.33333e-06
11430 1.66667e-06
11440 1.66667e-06
11450 0
11460 1.66667e-06
11470 1.66667e-06
11480 0
11490 1.66667e-06
11500 3.33333e-06
11510 1.66667e-06
11520 0
11530 0
11540 0
11550 0
11560 1.66667e-06
11570 1.66667e-06
11580 1.66667e-06
11590 3.33333e-06
11600 1.66667e-06
11610 1.66667e-06
11620 1.66667e-06
11630 3.33333e-06
11640 3.33333e-06
11650 3.33333e-06
11660 1.66667e-06
11670 0
11680 0
11690 1.66667e-06
11700 3.33333e-06
11710 3.33333e-06
11720 3.33333e-06
11730 1.66667e-06
11740 1.66667e-06
11750 1.66667e-06
11760 1.66667e-06
11770 1.66667e-06
11780 1.66667e-06
11790 1.66667e-06
11800 3.33333e-06
11810 0
11820 0
11830 1.66667e-06
11840 1.66667e-06
11850 1.66667e-06
11860 0
11870 1.66667e-06
11880 3.33333e-06
11890 3.33333e-06
11900 1.66667e-06
11910 0
11920 0
11930 1.66667e-06
11940 1.66667e-06
11950 0
11960 0
11970 3.33333e-06
11980 0
11990 0
12000 0
12010 1.66667e-06
12020 3.33333e-06
12030 3.33333e-06
12040 1.66667e-06
12050 1.66667e-06
12060 0
12070 3.33333e-06
12080 1.66667e-06
12090 1.66667e-06
12100 3.33333e-06
12110 1.66667e-06
12120 1.66667e-06
12130 3.33333e-06
12140 0
12150 3.33333e-06
12160 1.66667e-06
12170 1.66667e-06
12180 1.66667e-06
12190 3.33333e-06
12200 0
12210 3.33333e-06
12220 1.66667e-06
12230 0
12240 3.33333e-06
12250 3.33333e-06
12260 1.66667e-06
12270 1.66667e-06
12280 0
12290 1.66667e-06
12300 3.33333e-06
12310 1.66667e-06
12320 1.66667e-06
12330 3.33333e-06
12340 0
12350 3.33333e-06
12360 0
12370 0
12380 1.66667e-06
12390 3.33333e-06
12400 1.66667e-06
12410 1.66667e-06
12420 1.66667e-06
12430 3.33333e-06
12440 1.66667e-06
12450 0
12460 3.33333e-06
12470 3.33333e-06
12480 1.66667e-06
12490 3.33333e-06
12500 1.66667e-06
12510 1.66667e-06
12520 1.66667e-06
12530 0
12540 0
12550 1.66667e-06
12560 1.66667e-06
12570 1.66667e-06
12580 1.66667e-06
12590 1.66667e-06
12600 1.66667e-06
12610 3.33333e-06
12620 0
12630 1.66667e-06
12640 3.33333e-06
12650 3.33333e-06
12660 0
12670 1.66667e-06
12680 3.33333e-06
12690 0
12700 1.66667e-06
12710 0
12720 1.66667e-06
12730 1.66667e-06
12740 3.33333e-06
12750 1.66667e-06
12760 3.33333e-06
12770 0
12780 1.66667e-06
12790 1.66667e-06
12800 3.33333e-06
12810 3.33333e-06
12820 3.33333e-06
12830 3.33333e-06
12840 1.66667e-06
12850 0
12860 1.66667e-06
12870 0
12880 3.33333e-06
12890 1.66667e-06
12900 3.33333e-06
12910 3.33333e-06
12920 1.66667e-06
12930 3.33333e-06
12940 1.66667e-06
12950 1.66667e-06
12960 3.33333e-06
12970 1.66667e-06
12980 1.66667e-06
12990 3.33333e-06
13000 1.66667e-06
13010 0
13020 3.33333e-06
13030 1.66667e-06
13040 1.66667e-06
13050 1.66667e-06
13060 0
13070 1.66667e-06
13080 1.66667e-06
13090 3.33333e-06
13100 0
13110 0
13120 0
13130 0
13140 1.66667e-06
13150 0
13160 1.66667e-06
13170 1.66667e-06
13180 0
13190 3.33333e-06
13200 0
13210 0
13220 1.66667e-06
13230 1.66667e-06
13240 3.33333e-06
13250 3.33333e-06
13260 0
13270 3.33333e-06
13280 1.66667e-06
13290 1.66667e-06
13300 0
13310 0
13320 1.66667e-06
13330 0
13340 1.66667e-06
13350 0
13360 0
13370 3.33333e-06
13380 0
13390 0
13400 0
13410 3.33333e-06
13420 1.66667e-06
13430 1.66667e-06
13440 1.66667e-06
13450 0
13460 3.33333e-06
13470 1.66667e-06
13480 3.33333e-06
13490 0
13500 3.33333e-06
13510 3.33333e-06
13520 1.66667e-06
13530 3.33333e-06
13540 3.33333e-06
13550 3.33333e-06
13560 3.33333e-06
13570 1.66667e-06
13580 3.33333e-06
13590 1.66667e-06
13600 3.33333e-06
13610 1.66667e-06
13620 1.66667e-06
13630 3.33333e-06
13640 1.66667e-06
13650 1.66667e-06
13660 1.66667e-06
13670 0
13680 0
13690 1.66667e-06
13700 3.33333e-06
13710 1.66667e-06
13720 1.66667e-06
13730 3.33333e-06
13740 1.66667e-06
13750 1.66667e-06
13760 3.33333e-06
13770 0
13780 0
13790 0
13800 3.33333e-06
13810 1.66667e-06
13820 3.33333e-06
13830 1.66667e-06
13840 1.66667e-06
13850 1.66667e-06
13860 3.33333e-06
13870 1.66667e-06
13880 0
13890 0
13900 0
13910 1.66667e-06
13920 1.66667e-06
13930 1.66667e-06
13940 3.33333e-06
13950 1.66667e-06
13960 3.33333e-06
13970 1.66667e-06
13980 0
13990 1.66667e-06
14000 1.66667e-06
14010 3.33333e-06
14020 1.66667e-06
14030 3.33333e-06
14040 3.33333e-06
14050 3.33333e-06
14060 1.66667e-06
14070 3.33333e-06
14080 3.33333e-06
14090 1.66667e-06
14100 0
14110 1.66667e-06
14120 1.66667e-06
14130 0
14140 1.66667e-06
14150 1.66667e-06
14160 0
14170 1.66667e-06
14180 1.66667e-06
14190 1.66667e-06
14200 1.66667e-06
14210 3.33333e-06
14220 1.66667e-06
14230 1.66667e-06
14240 3.33333e-06
14250 1.66667e-06
14260 1.66667e-06
14270 1.66667e-06
14280 1.66667e-06
14290 3.33333e-06
14300 1.66667e-06
14310 1.66667e-06
14320 1.66667e-06
14330 1.66667e-06
14340 0
14350 3.33333e-06
14360 3.33333e-06
14370 1.66667e-06
14380 1.66667e-06
14390 3.33333e-06
14400 1.66667e-06
14410 1.66667e-06
14420 1.66667e-06
14430 3.33333e-06
14440 1.66667e-06
14450 3.33333e-06
14460 1.66667e-06
14470 1.66667e-06
14480 3.33333e-06
14490 1.66667e-06
14500 3.33333e-06
14510 3.33333e-06
14520 1.66667e-06
14530 1.66667e-06
14540 1.66667e-06
14550 1.66667e-06
14560 1.66667e-06
14570 0
14580 1.66667e-06
14590 0
14600 1.66667e-06
14610 3.33333e-06
14620 3.33333e-06
14630 0
14640 1.66667e-06
14650 1.66667e-06
14660 1.66667e-06
14670 3.33333e-06
14680 3.33333e-06
14690 3.33333e-06
14700 1.66667e-06
14710 1.66667e-06
14720 1.66667e-06
14730 0
14740 1.66667e-06
14750 1.66667e-06
14760 3.33333e-06
14770 3.33333e-06
14780 3.33333e-06
14790 1.66667e-06
14800 3.33333e-06
14810 1.66667e-06
14820 1.66667e-06
14830 3.33333e-06
14840 0
14850 1.66667e-06
14860 0
14870 1.66667e-06
14880 0
14890 0
14900 3.33333e-06
14910 3.33333e-06
14920 3.33333e-06
14930 1.66667e-06
14940 3.33333e-06
14950 0
14960 1.66667e-06
14970 1.66667e-06
14980 3.33333e-06
14990 3.33333e-06
15000 0
15010 0
15020 1.66667e-06
15030 0
15040 0
15050 1.66667e-06
15060 0
15070 1.66667e-06
15080 3.33333e-06
15090 1.66667e-06
15100 3.33333e-06
15110 0
15120 1.66667e-06
15130 1.66667e-06
15140 0
15150 1.66667e-06
15160 0
15170 3.33333e-06
15180 0
15190 0
15200 1.66667e-06
15210 3.33333e-06
15220 3.33333e-06
15230 0
15240 1.66667e-06
15250 3.33333e-06
15260 3.33333e-06
15270 3.33333e-06
15280 3.33333e-06
15290 3.33333e-06
15300 3.33333e-06
15310 0
15320 0
15330 3.33333e-06
15340 1.66667e-06
15350 3.33333e-06
15360 1.66667e-06
15370 1.66667e-06
15380 3.33333e-06
15390 1.66667e-06
15400 1.66667e-06
15410 1.66667e-06
15420 0
15430 0
15440 1.66667e-06
15450 1.66667e-06
15460 3.33333e-06
15470 1.66667e-06
15480 0
15490 1.66667e-06
15500 1.66667e-06
15510 1.66667e-06
15520 3.33333e-06
15530 1.66667e-06
15540 3.33333e-06
15550 0
15560 1.66667e-06
15570 1.66667e-06
15580 0
15590 0
15600 0
15610 1.66667e-06
15620 0
15630 3.33333e-06
15640 1.66667e-06
15650 1.66667e-06
15660 3.33333e-06
15670 3.33333e-06
15680 3.33333e-06
15690 0
15700 3.33333e-06
15710 1.66667e-06
15720 1.66667e-06
15730 3.33333e-06
15740 0
15750 0
15760 0
15770 3.33333e-06
15780 3.33333e-06
15790 3.33333e-06
15800 3.33333e-06
15810 3.33333e-06
15820 1.66667e-06
15830 1.66667e-06
15840 1.66667e-06
15850 1.66667e-06
15860 0
15870 3.33333e-06
15880 3.33333e-06
15890 3.33333e-06
15900 3.33333e-06
15910 0
15920 0
15930 0
15940 1.66667e-06
15950 1.66667e-06
15960 1.66667e-06
15970 1.66667e-06
15980 3.33333e-06
15990 3.33333e-06
16000 0
16010 3.33333e-06
16020 1.66667e-06
16030 3.33333e-06
16040 0
16050 1.66667e-06
16060 1.66667e-06
16070 3.33333e-06
16080 1.66667e-06
16090 1.66667e-06
16100 3.33333e-06
16110 0
16120 1.66667e-06
16130 1.66667e-06
16140 1.66667e-06
16150 1.66667e-06
16160 1.66667e-06
16170 1.66667e-06
16180 3.33333e-06
16190 1.66667e-06
16200 1.66667e-06
16210 3.33333e-06
16220 1.66667e-06
16230 1.66667e-06
16240 1.66667e-06
16250 1.66667e-06
16260 1.66667e-06
16270 1.66667e-06
16280 0
16290 1.66667e-06
16300 0
16310 3.33333e-06
16320 1.66667e-06
16330 1.66667e-06
16340 3.33333e-06
16350 1.66667e-06
16360 1.66667e-06
16370 3.33333e-06
16380 1.66667e-06
16390 0
16400 1.66667e-06
16410 0
16420 1.66667e-06
16430 1.66667e-06
16440 1.66667e-06
16450 1.66667e-06
16460 1.66667e-06
16470 3.33333e-06
16480 3.33333e-06
16490 1.66667e-06
16500 3.33333e-06
16510 1.66667e-06
16520 3.33333e-06
16530 0
16540 1.66667e-06
16550 0
16560 0
16570 0
16580 3.33333e-06
16590 3.33333e-06
16600 0
16610 1.66667e-06
16620 3.33333e-06
16630 1.66667e-06
16640 1.66667e-06
16650 1.66667e-06
16660 3.33333e-06
16670 3.33333e-06
16680 1.66667e-06
16690 1.66667e-06
16700 1.66667e-06
16710 0
16720 1.66667e-06
16730 0
16740 3.33333e-06
16750 1.66667e-06
16760 3.33333e-06
16770 0
16780 1.66667e-06
16790 1.66667e-06
16800 1.66667e-06
16810 1.66667e-06
16820 1.66667e-06
16830 1.66667e-06
16840 1.66667e-06
16850 1.66667e-06
16860 0
16870 1.66667e-06
16880 1.66667e-06
16890 0
16900 0
16910 0
16920 0
16930 1.66667e-06
16940 0
16950 1.66667e-06
16960 1.66667e-06
16970 1.66667e-06
16980 0
16990 1.66667e-06
17000 1.66667e-06
17010 1.66667e-06
17020 3.33333e-06
17030 1.66667e-06
17040 3.33333e-06
17050 3.33333e-06
17060 3.33333e-06
17070 1.66667e-06
17080 1.66667e-06
17090 0
17100 1.66667e-06
17110 0
17120 0
17130 3.33333e-06
17140 1.66667e-06
17150 1.66667e-06
17160 1.66667e-06
17170 1.66667e-06
17180 1.66667e-06
17190 3.33333e-06
17200 3.33333e-06
17210 3.33333e-06
17220 1.66667e-06
17230 1.66667e-06
17240 1.66667e-06
17250 3.33333e-06
17260 1.66667e-06
17270 1.66667e-06
17280 1.66667e-06
17290 0
17300 1.66667e-06
17310 0
17320 1.66667e-06
17330 0
17340 1.66667e-06
17350 0
17360 0
17370 0
17380 1.66667e-06
17390 1.66667e-06
17400 0
17410 0
17420 1.66667e-06
17430 1.66667e-06
17440 1.66667e-06
17450 3.33333e-06
17460 0
17470 0
17480 3.33333e-06
17490 0
17500 0
17510 1.66667e-06
17520 3.33333e-06
17530 3.33333e-06
17540 1.66667e-06
17550 0
17560 1.66667e-06
17570 3.33333e-06
17580 3.33333e-06
17590 1.66667e-06
17600 1.66667e-06
17610 1.66667e-06
17620 1.66667e-06
17630 3.33333e-06
17640 3.33333e-06
17650 1.66667e-06
17660 3.33333e-06
17670 1.66667e-06
17680 1.66667e-06
17690 1.66667e-06
17700 1.66667e-06
17710 1.66667e-06
17720 1.66667e-06
17730 0
17740 1.66667e-06
17750 0
17760 1.66667e-06
17770 1.66667e-06
17780 3.33333e-06
17790 3.33333e-06
17800 1.66667e-06
17810 1.66667e-06
17820 1.66667e-06
17830 0
17840 1.66667e-06
17850 1.66667e-06
17860 1.66667e-06
17870 1.66667e-06
17880 0
17890 1.66667e-06
17900 3.33333e-06
17910 0
17920 1.66667e-06
17930 1.66667e-06
17940 0
17950 1.66667e-06
17960 1.66667e-06
17970 1.66667e-06
17980 1.66667e-06
17990 0
18000 1.66667e-06
18010 1.66667e-06
18020 1.66667e-06
18030 3.33333e-06
18040 1.66667e-06
18050 1.66667e-06
18060 0
18070 3.33333e-06
18080 3.33333e-06
18090 3.33333e-06
18100 1.66667e-06
18110 3.33333e-06
18120 1.66667e-06
18130 1.66667e-06
18140 1.66667e-06
18150 1.66667e-06
18160 3.33333e-06
18170 3.33333e-06
18180 3.33333e-06
18190 1.66667e-06
18200 3.33333e-06
18210 3.33333e-06
18220 0
18230 3.33333e-06
18240 3.33333e-06
18250 3.33333e-06
18260 3.33333e-06
18270 1.66667e-06
18280 1.66667e-06
18290 3.33333e-06
18300 1.66667e-06
18310 1.66667e-06
18320 3.33333e-06
18330 1.66667e-06
18340 1.66667e-06
18350 1.66667e-06
18360 3.33333e-06
18370 1.66667e-06
18380 3.33333e-06
18390 3.33333e-06
18400 1.66667e-06
18410 1.66667e-06
18420 1.66667e-06
18430 1.66667e-06
18440 1.66667e-06
18450 3.33333e-06
18460 1.66667e-06
18470 0
18480 3.33333e-06
18490 1.66667e-06
18500 1.66667e-06
18510 3.33333e-06
18520 1.66667e-06
18530 0
18540 3.33333e-06
18550 3.33333e-06
18560 3.33333e-06
18570 1.66667e-06
18580 3.33333e-06
18590 3.33333e-06
18600 1.66667e-06
18610 1.66667e-06
18620 1.66667e-06
18630 1.66667e-06
18640 1.66667e-06
18650 1.66667e-06
18660 3.33333e-06
18670 3.33333e-06
18680 3.33333e-06
18690 1.66667e-06
18700 1.66667e-06
18710 3.33333e-06
18720 3.33333e-06
18730 0
18740 3.33333e-06
18750 0
18760 1.66667e-06
18770 3.33333e-06
18780 1.66667e-06
18790 1.66667e-06
18800 3.33333e-06
18810 3.33333e-06
18820 3.33333e-06
18830 1.66667e-06
18840 0
18850 1.66667e-06
18860 3.33333e-06
18870 3.33333e-06
18880 1.66667e-06
18890 0
18900 3.33333e-06
18910 3.33333e-06
18920 3.33333e-06
18930 3.33333e-06
18940 1.66667e-06
18950 1.66667e-06
18960 3.33333e-06
18970 3.33333e-06
18980 1.66667e-06
18990 1.66667e-06
19000 1.66667e-06
19010 0
19020 1.66667e-06
19030 0
19040 0
19050 3.33333e-06
19060 3.33333e-06
19070 0
19080 1.66667e-06
19090 3.33333e-06
19100 0
19110 3.33333e-06
19120 1.66667e-06
19130 1.66667e-06
19140 0
19150 3.33333e-06
19160 3.33333e-06
19170 3.33333e-06
19180 1.66667e-06
19190 3.33333e-06
19200 0
19210 3.33333e-06
19220 1.66667e-06
19230 3.33333e-06
19240 3.33333e-06
19250 1.66667e-06
19260 1.66667e-06
19270 1.66667e-06
19280 1.66667e-06
19290 1.66667e-06
19300 1.66667e-06
19310 3.33333e-06
19320 0
19330 0
19340 1.66667e-06
19350 0
19360 3.33333e-06
19370 3.33333e-06
19380 3.33333e-06
19390 1.66667e-06
19400 3.33333e-06
19410 0
19420 1.66667e-06
19430 3.33333e-06
19440 1.66667e-06
19450 3.33333e-06
19460 0
19470 3.33333e-06
19480 3.33333e-06
19490 0
19500 1.66667e-06
19510 1.66667e-06
19520 1.66667e-06
19530 1.66667e-06
19540 0
19550 1.66667e-06
19560 0
19570 3.33333e-06
19580 1.66667e-06
19590 1.66667e-06
19600 1.66667e-06
19610 1.66667e-06
19620 1.66667e-06
19630 1.66667e-06
19640 0
19650 1.66667e-06
19660 3.33333e-06
19670 0
19680 1.66667e-06
19690 1.66667e-06
19700 1.66667e-06
19710 0
19720 3.33333e-06
19730 3.33333e-06
19740 1.66667e-06
19750 3.33333e-06
19760 1.66667e-06
19770 1.66667e-06
19780 1.66667e-06
19790 3.33333e-06
19800 1.66667e-06
19810 1.66667e-06
19820 1.66667e-06
19830 1.66667e-06
19840 0
19850 3.33333e-06
19860 1.66667e-06
19870 1.66667e-06
19880 3.33333e-06
19890 1.66667e-06
19900 0
19910 0
19920 1.66667e-06
19930 3.33333e-06
19940 0
19950 0
19960 1.66667e-06
19970 0
19980 3.33333e-06
19990 3.33333e-06
20000 1.66667e-06
20010 1.66667e-06
20020 0
20030 1.66667e-06
20040 3.33333e-06
20050 3.33333e-06
20060 1.66667e-06
20070 1.66667e-06
20080 1.66667e-06
20090 1.66667e-06
20100 3.33333e-06
20110 1.66667e-06
20120 0
20130 1.66667e-06
20140 0
20150 0
20160 1.66667e-06
20170 1.66667e-06
20180 0
20190 3.33333e-06
20200 0
20210 0
20220 0
20230 0
20240 3.33333e-06
20250 0
20260 0
20270 1.66667e-06
20280 1.66667e-06
20290 0
20300 1.66667e-06
20310 1.66667e-06
20320 3.33333e-06
20330 0
20340 1.66667e-06
20350 0
20360 1.66667e-06
20370 3.33333e-06
20380 3.33333e-06
20390 1.66667e-06
20400 3.33333e-06
20410 0
20420 1.66667e-06
20430 3.33333e-06
20440 1.66667e-06
20450 0
20460 1.66667e-06
20470 3.33333e-06
20480 1.66667e-06
20490 1.66667e-06
20500 1.66667e-06
20510 3.33333e-06
20520 0
20530 1.66667e-06
20540 1.66667e-06
20550 0
20560 1.66667e-06
20570 1.66667e-06
20580 1.66667e-06
20590 3.33333e-06
20600 1.66667e-06
20610 1.66667e-06
20620 1.66667e-06
20630 1.66667e-06
20640 3.33333e-06
20650 0
20660 1.66667e-06
20670 0
20680 1.66667e-06
20690 3.33333e-06
20700 1.66667e-06
20710 1.66667e-06
20720 0
20730 0
20740 1.66667e-06
20750 3.33333e-06
20760 0
20770 3.33333e-06
20780 3.33333e-06
20790 3.33333e-06
20800 3.33333e-06
20810 0
20820 1.66667e-06
20830 1.66667e-06
20840 1.66667e-06
20850 1.66667e-06
20860 3.33333e-06
20870 3.33333e-06
20880 1.66667e-06
20890 0
20900 3.33333e-06
20910 3.33333e-06
20920 0
20930 0
20940 3.33333e-06
20950 0
20960 1.66667e-06
20970 1.66667e-06
20980 0
20990 1.66667e-06
21000 1.66667e-06
21010 3.33333e-06
21020 0
21030 1.66667e-06
21040 0
21050 0
21060 1.66667e-06
21070 1.66667e-06
21080 3.33333e-06
21090 1.66667e-06
21100 3.33333e-06
21110 1.66667e-06
21120 1.66667e-06
21130 1.66667e-06
21140 0
21150 1.66667e-06
21160 1.66667e-06
21170 1.66667e-06
21180 3.33333e-06
21190 3.33333e-06
21200 1.66667e-06
21210 3.33333e-06
21220 1.66667e-06
21230 1.66667e-06
21240 1.66667e-06
21250 1.66667e-06
21260 1.66667e-06
21270 1.66667e-06
21280 3.33333e-06
21290 1.66667e-06
21300 1.66667e-06
21310 3.33333e-06
21320 3.33333e-06
21330 1.66667e-06
21340 0
21350 3.33333e-06
21360 3.33333e-06
21370 1.66667e-06
21380 0
21390 1.66667e-06
21400 0
21410 1.66667e-06
21420 1.66667e-06
21430 1.66667e-06
21440 0
21450 3.33333e-06
21460 1.66667e-06
21470 1.66667e-06
21480 1.66667e-06
21490 3.33333e-06
21500 0
21510 0
21520 0
21530 3.33333e-06
21540 0
21550 3.33333e-06
21560 0
21570 1.66667e-06
21580 0
21590 1.66667e-06
21600 0
21610 3.33333e-06
21620 1.66667e-06
21630 0
21640 1.66667e-06
21650 0
21660 3.33333e-06
21670 0
21680 1.66667e-06
21690 1.66667e-06
21700 1.66667e-06
21710 3.33333e-06
21720 0
21730 1.66667e-06
21740 1.66667e-06
21750 1.66667e-06
21760 3.33333e-06
21770 3.33333e-06
21780 1.66667e-06
21790 0
21800 1.66667e-06
21810 1.66667e-06
21820 0
21830 0
21840 1.66667e-06
21850 1.66667e-06
21860 1.66667e-06
21870 1.66667e-06
21880 3.33333e-06
21890 0
21900 1.66667e-06
21910 1.66667e-06
21920 3.33333e-06
21930 3.33333e-06
21940 0
21950 1.66667e-06
21960 0
21970 1.66667e-06
21980 0
21990 1.66667e-06
22000 1.66667e-06
22010 1.66667e-06
22020 3.33333e-06
22030 3.33333e-06
22040 0
22050 1.66667e-06
22060 3.33333e-06
22070 1.66667e-06
22080 0
22090 1.66667e-06
22100 1.66667e-06
22110 1.66667e-06
22120 1.66667e-06
22130 3.33333e-06
22140 1.66667e-06
22150 1.66667e-06
22160 0
22170 1.66667e-06
22180 0
22190 3.33333e-06
22200 1.66667e-06
22210 1.66667e-06
22220 3.33333e-06
22230 0
22240 3.33333e-06
22250 1.66667e-06
22260 3.33333e-06
22270 3.33333e-06
22280 1.66667e-06
22290 3.33333e-06
22300 1.66667e-06
22310 1.66667e-06
22320 0
22330 3.33333e-06
22340 1.66667e-06
22350 0
22360 0
22370 0
22380 3.33333e-06
22390 1.66667e-06
22400 1.66667e-06
22410 0
22420 0
22430 3.33333e-06
22440 3.33333e-06
22450 0
22460 3.33333e-06
22470 1.66667e-06
22480 1.66667e-06
22490 1.66667e-06
22500 3.33333e-06
22510 1.66667e-06
22520 3.33333e-06
22530 1.66667e-06
22540 3.33333e-06
22550 3.33333e-06
22560 0
22570 1.66667e-06
22580 1.66667e-06
22590 1.66667e-06
22600 1.66667e-06
22610 3.33333e-06
22620 0
22630 1.66667e-06
22640 1.66667e-06
22650 3.33333e-06
22660 3.33333e-06
22670 1.66667e-06
22680 0
22690 1.66667e-06
22700 3.33333e-06
22710 3.33333e-06
22720 1.66667e-06
22730 0
22740 3.33333e-06
22750 1.66667e-06
22760 3.33333e-06
22770 1.66667e-06
22780 1.66667e-06
22790 1.66667e-06
22800 1.66667e-06
22810 1.66667e-06
22820 1.66667e-06
22830 1.66667e-06
22840 0
22850 1.66667e-06
22860 3.33333e-06
22870 1.66667e-06
22880 1.66667e-06
22890 0
22900 0
22910 3.33333e-06
22920 1.66667e-06
22930 1.66667e-06
22940 1.66667e-06
22950 1.66667e-06
22960 1.66667e-06
22970 0
22980 3.33333e-06
22990 1.66667e-06
23000 1.66667e-06
23010 3.33333e-06
23020 0
23030 0
23040 3.33333e-06
23050 3.33333e-06
23060 1.66667e-06
23070 3.33333e-06
23080 3.33333e-06
23090 1.66667e-06
23100 1.66667e-06
23110 1.66667e-06
23120 1.66667e-06
23130 1.66667e-06
23140 1.66667e-06
23150 0
23160 1.66667e-06
23170 0
23180 0
23190 3.33333e-06
23200 1.66667e-06
23210 1.66667e-06
23220 3.33333e-06
23230 1.66667e-06
23240 1.66667e-06
23250 3.33333e-06
23260 1.66667e-06
23270 1.66667e-06
23280 1.66667e-06
23290 1.66667e-06
23300 1.66667e-06
23310 1.66667e-06
23320 0
23330 1.66667e-06
23340 3.33333e-06
23350 3.33333e-06
23360 3.33333e-06
23370 1.66667e-06
23380 1.66667e-06
23390 3.33333e-06
23400 3.33333e-06
23410 1.66667e-06
23420 0
23430 1.66667e-06
23440 0
23450 1.66667e-06
23460 3.33333e-06
23470 1.66667e-06
23480 3.33333e-06
23490 1.66667e-06
23500 3.33333e-06
23510 3.33333e-06
23520 0
23530 0
23540 3.33333e-06
23550 1.66667e-06
23560 1.66667e-06
23570 1.66667e-06
23580 0
23590 3.33333e-06
23600 1.66667e-06
23610 3.33333e-06
23620 1.66667e-06
23630 3.33333e-06
23640 0
23650 0
23660 1.66667e-06
23670 3.33333e-06
23680 3.33333e-06
23690 3.33333e-06
23700 1.66667e-06
23710 3.33333e-06
23720 3.33333e-06
23730 3.33333e-06
23740 1.66667e-06
23750 0
23760 1.66667e-06
23770 0
23780 3.33333e-06
23790 3.33333e-06
23800 0
23810 1.66667e-06
23820 1.66667e-06
23830 0
23840 1.66667e-06
23850 3.33333e-06
23860 3.33333e-06
23870 3.33333e-06
23880 3.33333e-06
23890 3.33333e-06
23900 1.66667e-06
23910 1.66667e-06
23920 1.66667e-06
23930 1.66667e-06
23940 1.66667e-06
23950 0
23960 3.33333e-06
23970 1.66667e-06
23980 1.66667e-06
23990 0
24000 1.66667e-06
24010 0
24020 1.66667e-06
24030 1.66667e-06
24040 1.66667e-06
24050 3.33333e-06
24060 0
24070 0
24080 1.66667e-06
24090 3.33333e-06
24100 1.66667e-06
24110 3.33333e-06
24120 0
24130 0
24140 0
24150 0
24160 1.66667e-06
24170 1.66667e-06
24180 0
24190 1.66667e-06
24200 1.66667e-06
24210 1.66667e-06
24220 1.66667e-06
24230 1.66667e-06
24240 3.33333e-06
24250 1.66667e-06
24260 3.33333e-06
24270 1.66667e-06
24280 1.66667e-06
24290 3.33333e-06
24300 0
24310 1.66667e-06
24320 1.66667e-06
24330 3.33333e-06
24340 1.66667e-06
24350 3.33333e-06
24360 3.33333e-06
24370 0
24380 0
24390 1.66667e-06
24400 0
24410 1.66667e-06
24420 0
24430 3.33333e-06
24440 0
24450 0
24460 0
24470 1.66667e-06
24480 1.66667e-06
24490 3.33333e-06
24500 1.66667e-06
24510 1.66667e-06
24520 3.33333e-06
24530 1.66667e-06
24540 0
24550 3.33333e-06
24560 3.33333e-06
24570 1.66667e-06
24580 0
24590 1.66667e-06
24600 3.33333e-06
24610 3.33333e-06
24620 3.33333e-06
24630 1.66667e-06
24640 1.66667e-06
24650 1.66667e-06
24660 0
24670 1.66667e-06
24680 1.66667e-06
24690 1.66667e-06
24700 3.33333e-06
24710 1.66667e-06
24720 3.33333e-06
24730 1.66667e-06
24740 1.66667e-06
24750 1.66667e-06
24760 0
24770 1.66667e-06
24780 1.66667e-06
24790 0
24800 3.33333e-06
24810 3.33333e-06
24820 3.33333e-06
24830 3.33333e-06
24840 3.33333e-06
24850 1.66667e-06
24860 3.33333e-06
24870 1.66667e-06
24880 3.33333e-06
24890 3.33333e-06
24900 1.66667e-06
24910 3.33333e-06
24920 3.33333e-06
24930 1.66667e-06
24940 1.66667e-06
24950 3.33333e-06
24960 1.66667e-06
24970 3.33333e-06
24980 3.33333e-06
24990 1.66667e-06
25000 0
25010 0
25020 1.66667e-06
25030 1.66667e-06
25040 3.33333e-06
25050 1.66667e-06
25060 3.33333e-06
25070 1.66667e-06
25080 1.66667e-06
25090 3.33333e-06
25100 0
25110 0
25120 1.66667e-06
25130 1.66667e-06
25140 3.33333e-06
25150 0
25160 1.66667e-06
25170 0
25180 0
25190 1.66667e-06
25200 3.33333e-06
25210 1.66667e-06
25220 1.66667e-06
25230 3.33333e-06
25240 3.33333e-06
25250 0
25260 1.66667e-06
25270 0
25280 1.66667e-06
25290 3.33333e-06
25300 1.66667e-06
25310 3.33333e-06
25320 1.66667e-06
25330 1.66667e-06
25340 1.66667e-06
25350 0
25360 1.66667e-06
25370 0
25380 1.66667e-06
25390 0
25400 1.66667e-06
25410 3.33333e-06
25420 3.33333e-06
25430 3.33333e-06
25440 1.66667e-06
25450 3.33333e-06
25460 1.66667e-06
25470 0
25480 3.33333e-06
25490 0
25500 1.66667e-06
25510 1.66667e-06
25520 3.33333e-06
25530 1.66667e-06
25540 1.66667e-06
25550 3.33333e-06
25560 1.66667e-06
25570 0
25580 0
25590 0
25600 0
25610 1.66667e-06
25620 1.66667e-06
25630 1.66667e-06
25640 0
25650 1.66667e-06
25660 1.66667e-06
25670 1.66667e-06
25680 1.66667e-06
25690 1.66667e-06
25700 3.33333e-06
25710 0
25720 0
25730 1.66667e-06
25740 3.33333e-06
25750 1.66667e-06
25760 0
25770 1.66667e-06
25780 3.33333e-06
25790 3.33333e-06
25800 1.66667e-06
25810 1.66667e-06
25820 1.66667e-06
25830 1.66667e-06
25840 1.66667e-06
25850 3.33333e-06
25860 3.33333e-06
25870 1.66667e-06
25880 0
25890 0
25900 0
25910 0
25920 0
25930 0
25940 0
25950 1.66667e-06
25960 0
25970 0
25980 1.66667e-06
25990 1.66667e-06
26000 0
26010 1.66667e-06
26020 1.66667e-06
26030 0
26040 3.33333e-06
26050 3.33333e-06
26060 3.33333e-06
26070 1.66667e-06
26080 1.66667e-06
26090 3.33333e-06
26100 3.33333e-06
26110 3.33333e-06
26120 3.33333e-06
26130 0
26140 0
26150 3.33333e-06
26160 0
26170 3.33333e-06
26180 3.33333e-06
26190 1.66667e-06
26200 1.66667e-06
26210 1.66667e-06
26220 1.66667e-06
26230 1.66667e-06
26240 3.33333e-06
26250 1.66667e-06
26260 3.33333e-06
26270 3.33333e-06
26280 3.33333e-06
26290 1.66667e-06
26300 1.66667e-06
26310 3.33333e-06
26320 1.66667e-06
26330 3.33333e-06
26340 3.33333e-06
26350 0
26360 3.33333e-06
26370 1.66667e-06
26380 1.66667e-06
26390 1.66667e-06
26400 0
26410 0
26420 1.66667e-06
26430 3.33333e-06
26440 1.66667e-06
26450 1.66667e-06
26460 3.33333e-06
26470 1.66667e-06
26480 1.66667e-06
26490 0
26500 1.66667e-06
26510 0
26520 3.33333e-06
26530 0
26540 3.33333e-06
26550 1.66667e-06
26560 1.66667e-06
26570 3.33333e-06
26580 3.33333e-06
26590 1.66667e-06
26600 1.66667e-06
26610 3.33333e-06
26620 1.66667e-06
26630 1.66667e-06
26640 3.33333e-06
26650 1.66667e-06
26660 1.66667e-06
26670 1.66667e-06
26680 3.33333e-06
26690 1.66667e-06
26700 0
26710 1.66667e-06
26720 3.33333e-06
26730 3.33333e-06
26740 1.66667e-06
26750 1.66667e-06
26760 0
26770 3.33333e-06
26780 3.33333e-06
26790 3.33333e-06
26800 3.33333e-06
26810 1.66667e-06
26820 1.66667e-06
26830 0
26840 1.66667e-06
26850 1.66667e-06
26860 1.66667e-06
26870 1.66667e-06
26880 0
26890 1.66667e-06
26900 1.66667e-06
26910 3.33333e-06
26920 1.66667e-06
26930 3.33333e-06
26940 0
26950 1.66667e-06
26960 3.33333e-06
26970 1.66667e-06
26980 3.33333e-06
26990 1.66667e-06
27000 1.66667e-06
27010 3.33333e-06
27020 1.66667e-06
27030 3.33333e-06
27040 3.33333e-06
27050 3.33333e-06
27060 3.33333e-06
27070 3.33333e-06
27080 3.33333e-06
27090 0
27100 0
27110 0
27120 1.66667e-06
27130 1.66667e-06
27140 3.33333e-06
27150 3.33333e-06
27160 1.66667e-06
27170 3.33333e-06
27180 1.66667e-06
27190 0
27200 1.66667e-06
27210 1.66667e-06
27220 1.66667e-06
27230 3.33333e-06
27240 3.33333e-06
27250 3.33333e-06
27260 3.33333e-06
27270 3.33333e-06
27280 3.33333e-06
27290 1.66667e-06
27300 3.33333e-06
27310 3.33333e-06
27320 0
27330 1.66667e-06
27340 3.33333e-06
27350 3.33333e-06
27360 3.33333e-06
27370 0
27380 1.66667e-06
27390 1.66667e-06
27400 3.33333e-06
27410 1.66667e-06
27420 0
27430 0
27440 3.33333e-06
27450 1.66667e-06
27460 1.66667e-06
27470 0
27480 0
27490 0
27500 1.66667e-06
27510 1.66667e-06
27520 3.33333e-06
27530 1.66667e-06
27540 1.66667e-06
27550 3.33333e-06
27560 1.66667e-06
27570 3.33333e-06
27580 1.66667e-06
27590 1.66667e-06
27600 3.33333e-06
27610 3.33333e-06
27620 1.66667e-06
27630 1.66667e-06
27640 3.33333e-06
27650 1.66667e-06
27660 1.66667e-06
27670 1.66667e-06
27680 3.33333e-06
27690 3.33333e-06
27700 3.33333e-06
27710 3.33333e-06
27720 3.33333e-06
27730 3.33333e-06
27740 3.33333e-06
27750 0
27760 1.66667e-06
27770 1.66667e-06
27780 1.66667e-06
27790 3.33333e-06
27800 3.33333e-06
27810 1.66667e-06
27820 1.66667e-06
27830 3.33333e-06
27840 3.33333e-06
27850 0
27860 0
27870 1.66667e-06
27880 1.66667e-06
27890 0
27900 3.33333e-06
27910 3.33333e-06
27920 3.33333e-06
27930 3.33333e-06
27940 1.66667e-06
27950 3.33333e-06
27960 1.66667e-06
27970 1.66667e-06
27980 1.66667e-06
27990 3.33333e-06
28000 0
28010 1.66667e-06
28020 3.33333e-06
28030 0
28040 1.66667e-06
28050 0
28060 0
28070 1.66667e-06
28080 0
28090 3.33333e-06
28100 1.66667e-06
28110 0
28120 3.33333e-06
28130 1.66667e-06
28140 3.33333e-06
28150 3.33333e-06
28160 3.33333e-06
28170 1.66667e-06
28180 1.66667e-06
28190 1.66667e-06
28200 3.33333e-06
28210 3.33333e-06
28220 0
28230 1.66667e-06
28240 0
28250 3.33333e-06
28260 1.66667e-06
28270 3.33333e-06
28280 1.66667e-06
28290 1.66667e-06
28300 3.33333e-06
28310 3.33333e-06
28320 3.33333e-06
28330 1.66667e-06
28340 1.66667e-06
28350 1.66667e-06
28360 0
28370 0
28380 0
28390 1.66667e-06
28400 1.66667e-06
28410 1.66667e-06
28420 1.66667e-06
28430 1.66667e-06
28440 3.33333e-06
28450 1.66667e-06
28460 3.33333e-06
28470 3.33333e-06
28480 1.66667e-06
28490 1.66667e-06
28500 0
28510 1.66667e-06
28520 1.66667e-06
28530 3.33333e-06
28540 1.66667e-06
28550 0
28560 1.66667e-06
28570 3.33333e-06
28580 3.33333e-06
28590 3.33333e-06
28600 0
28610 0
28620 1.66667e-06
28630 3.33333e-06
28640 1.66667e-06
28650 1.66667e-06
28660 0
28670 0
28680 3.33333e-06
28690 3.33333e-06
28700 3.33333e-06
28710 3.33333e-06
28720 1.66667e-06
28730 1.66667e-06
28740 0
28750 1.66667e-06
28760 1.66667e-06
28770 3.33333e-06
28780 3.33333e-06
28790 1.66667e-06
28800 1.66667e-06
28810 1.66667e-06
28820 1.66667e-06
28830 1.66667e-06
28840 3.33333e-06
28850 3.33333e-06
28860 1.66667e-06
28870 1.66667e-06
28880 3.33333e-06
28890 1.66667e-06
28900 1.66667e-06
28910 0
28920 3.33333e-06
28930 3.33333e-06
28940 0
28950 1.66667e-06
28960 1.66667e-06
28970 0
28980 3.33333e-06
28990 1.66667e-06
29000 0
29010 1.66667e-06
29020 3.33333e-06
29030 1.66667e-06
29040 0
29050 1.66667e-06
29060 3.33333e-06
29070 3.33333e-06
29080 3.33333e-06
29090 3.33333e-06
29100 3.33333e-06
29110 0
29120 1.66667e-06
29130 1.66667e-06
29140 1.66667e-06
29150 3.33333e-06
29160 1.66667e-06
29170 0
29180 3.33333e-06
29190 1.66667e-06
29200 0
29210 3.33333e-06
29220 3.33333e-06
29230 1.66667e-06
29240 1.66667e-06
29250 0
29260 3.33333e-06
29270 3.33333e-06
29280 1.66667e-06
29290 1.66667e-06
29300 0
29310 0
29320 0
29330 0
29340 1.66667e-06
29350 0
29360 1.66667e-06
29370 1.66667e-06
29380 3.33333e-06
29390 1.66667e-06
29400 1.66667e-06
29410 1.66667e-06
29420 0
29430 3.33333e-06
29440 3.33333e-06
29450 0
29460 1.66667e-06
29470 3.33333e-06
29480 0
29490 1.66667e-06
29500 1.66667e-06
29510 1.66667e-06
29520 3.33333e-06
29530 1.66667e-06
29540 1.66667e-06
29550 1.66667e-06
29560 1.66667e-06
29570 0
29580 1.66667e-06
29590 1.66667e-06
29600 0
29610 3.33333e-06
29620 0
29630 3.33333e-06
29640 1.66667e-06
29650 3.33333e-06
29660 3.33333e-06
29670 3.33333e-06
29680 0
29690 3.33333e-06
29700 1.66667e-06
29710 3.33333e-06
29720 3.33333e-06
29730 1.66667e-06
29740 3.33333e-06
29750 3.33333e-06
29760 3.33333e-06
29770 3.33333e-06
29780 1.66667e-06
29790 1.66667e-06
29800 1.66667e-06
29810 0
29820 1.66667e-06
29830 3.33333e-06
29840 1.66667e-06
29850 3.33333e-06
29860 1.66667e-06
29870 1.66667e-06
29880 0
29890 1.66667e-06
29900 1.66667e-06
29910 0
29920 3.33333e-06
29930 3.33333e-06
29940 0
29950 3.33333e-06
29960 3.33333e-06
29970 0
29980 3.33333e-06
29990 1.66667e-06
30000 1.66667e-06
30010 3.33333e-06
30020 3.33333e-06
30030 0
30040 0
30050 0
30060 0
30070 0
30080 1.66667e-06
30090 1.66667e-06
30100 3.33333e-06
30110 1.66667e-06
30120 0
30130 0
30140 3.33333e-06
30150 1.66667e-06
30160 1.66667e-06
30170 1.66667e-06
30180 1.66667e-06
30190 3.33333e-06
30200 1.66667e-06
30210 0
30220 3.33333e-06
30230 1.66667e-06
30240 1.66667e-06
30250 0
30260 1.66667e-06
30270 1.66667e-06
30280 3.33333e-06
30290 1.66667e-06
30300 0
30310 1.66667e-06
30320 3.33333e-06
30330 3.33333e-06
30340 1.66667e-06
30350 3.33333e-06
30360 1.66667e-06
30370 0
30380 3.33333e-06
30390 3.33333e-06
30400 1.66667e-06
30410 3.33333e-06
30420 1.66667e-06
30430 3.33333e-06
30440 3.33333e-06
30450 1.66667e-06
30460 0
30470 1.66667e-06
30480 3.33333e-06
30490 3.33333e-06
30500 3.33333e-06
30510 3.33333e-06
30520 1.66667e-06
30530 3.33333e-06
30540 1.66667e-06
30550 0
30560 1.66667e-06
30570 1.66667e-06
30580 1.66667e-06
30590 1.66667e-06
30600 0
30610 0
30620 1.66667e-06
30630 1.66667e-06
30640 1.66667e-06
30650 1.66667e-06
30660 3.33333e-06
30670 1.66667e-06
30680 3.33333e-06
30690 0
30700 0
30710 3.33333e-06
30720 3.33333e-06
30730 0
30740 1.66667e-06
30750 1.66667e-06
30760 3.33333e-06
30770 3.33333e-06
30780 3.33333e-06
30790 1.66667e-06
30800 1.66667e-06
30810 3.33333e-06
30820 3.33333e-06
30830 0
30840 1.66667e-06
30850 1.66667e-06
30860 1.66667e-06
30870 1.66667e-06
30880 1.66667e-06
30890 0
30900 1.66667e-06
30910 3.33333e-06
30920 0
30930 3.33333e-06
30940 0
30950 1.66667e-06
30960 3.33333e-06
30970 0
30980 0
30990 0
31000 1.66667e-06
31010 3.33333e-06
31020 3.33333e-06
31030 3.33333e-06
31040 3.33333e-06
31050 1.66667e-06
31060 3.33333e-06
31070 3.33333e-06
31080 1.66667e-06
31090 1.66667e-06
31100 1.66667e-06
31110 1.66667e-06
31120 0
31130 1.66667e-06
31140 3.33333e-06
31150 1.66667e-06
31160 1.66667e-06
31170 0
31180 1.66667e-06
31190 3.33333e-06
31200 3.33333e-06
31210 0
31220 0
31230 3.33333e-06
31240 0
31250 1.66667e-06
31260 1.66667e-06
31270 1.66667e-06
31280 1.66667e-06
31290 3.33333e-06
31300 1.66667e-06
31310 0
31320 0
31330 1.66667e-06
31340 1.66667e-06
31350 0
31360 1.66667e-06
31370 1.66667e-06
31380 3.33333e-06
31390 0
31400 3.33333e-06
31410 3.33333e-06
31420 3.33333e-06
31430 3.33333e-06
31440 3.33333e-06
31450 1.66667e-06
31460 3.33333e-06
31470 3.33333e-06
31480 1.66667e-06
31490 1.66667e-06
31500 1.66667e-06
31510 3.33333e-06
31520 0
31530 0
31540 3.33333e-06
31550 1.66667e-06
31560 3.33333e-06
31570 0
31580 1.66667e-06
31590 0
31600 0
31610 3.33333e-06
31620 0
31630 3.33333e-06
31640 3.33333e-06
31650 1.66667e-06
31660 3.33333e-06
31670 1.66667e-06
31680 1.66667e-06
31690 3.33333e-06
31700 1.66667e-06
31710 3.33333e-06
31720 3.33333e-06
31730 1.66667e-06
31740 3.33333e-06
31750 3.33333e-06
31760 3.33333e-06
31770 1.66667e-06
31780 1.66667e-06
31790 1.66667e-06
31800 1.66667e-06
31810 0
31820 3.33333e-06
31830 0
31840 3.33333e-06
31850 0
31860 1.66667e-06
31870 1.66667e-06
31880 0
31890 3.33333e-06
31900 3.33333e-06
31910 3.33333e-06
31920 3.33333e-06
31930 3.33333e-06
31940 3.33333e-06
31950 1.66667e-06
31960 3.33333e-06
31970 1.66667e-06
31980 3.33333e-06
31990 1.66667e-06
32000 1.66667e-06
32010 0
32020 3.33333e-06
32030 0
32040 1.66667e-06
32050 1.66667e-06
32060 1.66667e-06
32070 3.33333e-06
32080 1.66667e-06
32090 1.66667e-06
32100 3.33333e-06
32110 3.33333e-06
32120 3.33333e-06
32130 1.66667e-06
32140 3.33333e-06
32150 1.66667e-06
32160 1.66667e-06
32170 1.66667e-06
32180 1.66667e-06
32190 3.33333e-06
32200 1.66667e-06
32210 1.66667e-06
32220 1.66667e-06
32230 1.66667e-06
32240 1.66667e-06
32250 3.33333e-06
32260 0
32270 0
32280 3.33333e-06
32290 0
32300 1.66667e-06
32310 1.66667e-06
32320 3.33333e-06
32330 3.33333e-06
32340 1.66667e-06
32350 1.66667e-06
32360 1.66667e-06
32370 1.66667e-06
32380 3.33333e-06
32390 3.33333e-06
32400 0
32410 0
32420 3.33333e-06
32430 1.66667e-06
32440 1.66667e-06
32450 3.33333e-06
32460 1.66667e-06
32470 1.66667e-06
32480 1.66667e-06
32490 1.66667e-06
32500 3.33333e-06
32510 0
32520 1.66667e-06
32530 1.66667e-06
32540 0
32550 1.66667e-06
32560 3.33333e-06
32570 1.66667e-06
32580 3.33333e-06
32590 3.33333e-06
32600 1.66667e-06
32610 1.66667e-06
32620 1.66667e-06
32630 1.66667e-06
32640 1.66667e-06
32650 0
32660 0
32670 1.66667e-06
32680 1.66667e-06
32690 0
32700 0
32710 1.66667e-06
32720 1.66667e-06
32730 1.66667e-06
32740 0
32750 1.66667e-06
32760 3.33333e-06
32770 1.66667e-06
32780 1.66667e-06
32790 1.66667e-06
32800 0
32810 1.66667e-06
32820 3.33333e-06
32830 1.66667e-06
32840 1.66667e-06
32850 1.66667e-06
32860 1.66667e-06
32870 1.66667e-06
32880 1.66667e-06
32890 1.66667e-06
32900 1.66667e-06
32910 1.66667e-06
32920 3.33333e-06
32930 1.66667e-06
32940 1.66667e-06
32950 1.66667e-06
32960 1.66667e-06
32970 0
32980 3.33333e-06
32990 3.33333e-06
33000 1.66667e-06
33010 1.66667e-06
33020 1.66667e-06
33030 1.66667e-06
33040 1.66667e-06
33050 3.33333e-06
33060 3.33333e-06
33070 0
33080 1.66667e-06
33090 3.33333e-06
33100 1.66667e-06
33110 3.33333e-06
33120 1.66667e-06
33130 1.66667e-06
33140 3.33333e-06
33150 0
33160 1.66667e-06
33170 3.33333e-06
33180 3.33333e-06
33190 3.33333e-06
33200 1.66667e-06
33210 1.66667e-06
33220 0
33230 1.66667e-06
33240 0
33250 1.66667e-06
33260 1.66667e-06
33270 1.66667e-06
33280 3.33333e-06
33290 0
33300 1.66667e-06
33310 1.66667e-06
33320 0
33330 1.66667e-06
33340 1.66667e-06
33350 0
33360 3.33333e-06
33370 1.66667e-06
33380 0
33390 1.66667e-06
33400 0
33410 0
33420 0
33430 1.66667e-06
33440 1.66667e-06
33450 0
33460 0
33470 1.66667e-06
33480 3.33333e-06
33490 1.66667e-06
33500 0
33510 1.66667e-06
33520 1.66667e-06
33530 1.66667e-06
33540 0
33550 1.66667e-06
33560 0
33570 0
33580 1.66667e-06
33590 3.33333e-06
33600 3.33333e-06
33610 3.33333e-06
33620 1.66667e-06
33630 1.66667e-06
33640 3.33333e-06
33650 3.33333e-06
33660 1.66667e-06
33670 0
33680 0
33690 0
33700 0
33710 1.66667e-06
33720 1.66667e-06
33730 0
33740 1.66667e-06
33750 1.66667e-06
33760 1.66667e-06
33770 1.66667e-06
33780 1.66667e-06
33790 0
33800 1.66667e-06
33810 1.66667e-06
33820 3.33333e-06
33830 3.33333e-06
33840 3.33333e-06
33850 1.66667e-06
33860 1.66667e-06
33870 3.33333e-06
33880 3.33333e-06
33890 3.33333e-06
33900 1.66667e-06
33910 1.66667e-06
33920 1.66667e-06
33930 3.33333e-06
33940 1.66667e-06
33950 1.66667e-06
33960 1.66667e-06
33970 3.33333e-06
33980 0
33990 3.33333e-06
34000 3.33333e-06
34010 1.66667e-06
34020 0
34030 1.66667e-06
34040 1.66667e-06
34050 1.66667e-06
34060 0
34070 1.66667e-06
34080 0
34090 0
34100 1.66667e-06
34110 3.33333e-06
34120 1.66667e-06
34130 1.66667e-06
34140 0
34150 1.66667e-06
34160 1.66667e-06
34170 1.66667e-06
34180 0
34190 1.66667e-06
34200 0
34210 1.66667e-06
34220 0
34230 3.33333e-06
34240 1.66667e-06
34250 1.66667e-06
34260 1.66667e-06
34270 1.66667e-06
34280 1.66667e-06
34290 3.33333e-06
34300 1.66667e-06
34310 3.33333e-06
34320 3.33333e-06
34330 0
34340 1.66667e-06
34350 1.66667e-06
34360 1.66667e-06
34370 1.66667e-06
34380 1.66667e-06
34390 0
34400 1.66667e-06
34410 1.66667e-06
34420 0
34430 0
34440 1.66667e-06
34450 3.33333e-06
34460 3.33333e-06
34470 3.33333e-06
34480 1.66667e-06
34490 1.66667e-06
34500 0
34510 1.66667e-06
34520 1.66667e-06
34530 1.66667e-06
34540 1.66667e-06
34550 3.33333e-06
34560 3.33333e-06
34570 3.33333e-06
34580 1.66667e-06
34590 1.66667e-06
34600 1.66667e-06
34610 0
34620 1.66667e-06
34630 1.66667e-06
34640 1.66667e-06
34650 0
34660 1.66667e-06
34670 0
34680 0
34690 3.33333e-06
34700 1.66667e-06
34710 3.33333e-06
34720 0
34730 1.66667e-06
34740 1.66667e-06
34750 1.66667e-06
34760 1.66667e-06
34770 3.33333e-06
34780 1.66667e-06
34790 1.66667e-06
34800 0
34810 3.33333e-06
34820 3.33333e-06
34830 1.66667e-06
34840 1.66667e-06
34850 3.33333e-06
34860 1.66667e-06
34870 1.66667e-06
34880 0
34890 0
34900 3.33333e-06
34910 1.66667e-06
34920 3.33333e-06
34930 0
34940 3.33333e-06
34950 0
34960 1.66667e-06
34970 1.66667e-06
34980 1.66667e-06
34990 1.66667e-06
35000 1.66667e-06
35010 3.33333e-06
35020 1.66667e-06
35030 1.66667e-06
35040 1.66667e-06
35050 3.33333e-06
35060 1.66667e-06
35070 3.33333e-06
35080 1.66667e-06
35090 0
35100 1.66667e-06
35110 1.66667e-06
35120 0
35130 1.66667e-06
35140 0
35150 1.66667e-06
35160 0
35170 1.66667e-06
35180 3.33333e-06
35190 3.33333e-06
35200 1.66667e-06
35210 3.33333e-06
35220 0
35230 1.66667e-06
35240 1.66667e-06
35250 1.66667e-06
35260 1.66667e-06
35270 3.33333e-06
35280 1.66667e-06
35290 1.66667e-06
35300 0
35310 0
35320 0
35330 0
35340 1.66667e-06
35350 3.33333e-06
35360 1.66667e-06
35370 1.66667e-06
35380 0
35390 0
35400 3.33333e-06
35410 1.66667e-06
35420 1.66667e-06
35430 1.66667e-06
35440 1.66667e-06
35450 3.33333e-06
35460 0
35470 1.66667e-06
35480 1.66667e-06
35490 3.33333e-06
35500 1.66667e-06
35510 0
35520 3.33333e-06
35530 0
35540 3.33333e-06
35550 3.33333e-06
35560 1.66667e-06
35570 1.66667e-06
35580 1.66667e-06
35590 1.66667e-06
35600 1.66667e-06
35610 1.66667e-06
35620 0
35630 3.33333e-06
35640 1.66667e-06
35650 1.66667e-06
35660 3.33333e-06
35670 0
35680 0
35690 0
35700 1.66667e-06
35710 1.66667e-06
35720 1.66667e-06
35730 0
35740 1.66667e-06
35750 0
35760 1.66667e-06
35770 0
35780 3.33333e-06
35790 1.66667e-06
35800 0
35810 3.33333e-06
35820 0
35830 3.33333e-06
35840 1.66667e-06
35850 1.66667e-06
35860 3.33333e-06
35870 1.66667e-06
35880 1.66667e-06
35890 1.66667e-06
35900 1.66667e-06
35910 1.66667e-06
35920 1.66667e-06
35930 3.33333e-06
35940 1.66667e-06
35950 1.66667e-06
35960 0
35970 0
35980 1.66667e-06
35990 1.66667e-06
36000 1.66667e-06
36010 3.33333e-06
36020 1.66667e-06
36030 1.66667e-06
36040 1.66667e-06
36050 0
36060 1.66667e-06
36070 1.66667e-06
36080 1.66667e-06
36090 1.66667e-06
36100 3.33333e-06
36110 3.33333e-06
36120 3.33333e-06
36130 1.66667e-06
36140 1.66667e-06
36150 1.66667e-06
36160 0
36170 3.33333e-06
36180 1.66667e-06
36190 1.66667e-06
36200 3.33333e-06
36210 1.66667e-06
36220 1.66667e-06
36230 1.66667e-06
36240 1.66667e-06
36250 3.33333e-06
36260 1.66667e-06
36270 0
36280 3.33333e-06
36290 3.33333e-06
36300 3.33333e-06
36310 1.66667e-06
36320 3.33333e-06
36330 1.66667e-06
36340 0
36350 1.66667e-06
36360 3.33333e-06
36370 3.33333e-06
36380 1.66667e-06
36390 1.66667e-06
36400 1.66667e-06
36410 1.66667e-06
36420 0
36430 3.33333e-06
36440 3.33333e-06
36450 1.66667e-06
36460 0
36470 3.33333e-06
36480 1.66667e-06
36490 0
36500 1.66667e-06
36510 3.33333e-06
36520 3.33333e-06
36530 0
36540 1.66667e-06
36550 0
36560 1.66667e-06
36570 1.66667e-06
36580 3.33333e-06
36590 3.33333e-06
36600 0
36610 0
36620 0
36630 0
36640 0
36650 0
36660 1.66667e-06
36670 3.33333e-06
36680 1.66667e-06
36690 1.66667e-06
36700 0
36710 3.33333e-06
36720 1.66667e-06
36730 3.33333e-06
36740 3.33333e-06
36750 3.33333e-06
36760 1.66667e-06
36770 1.66667e-06
36780 3.33333e-06
36790 1.66667e-06
36800 1.66667e-06
36810 1.66667e-06
36820 3.33333e-06
36830 3.33333e-06
36840 3.33333e-06
36850 1.66667e-06
36860 1.66667e-06
36870 1.66667e-06
36880 0
36890 1.66667e-06
36900 1.66667e-06
36910 1.66667e-06
36920 3.33333e-06
36930 1.66667e-06
36940 1.66667e-06
36950 0
36960 3.33333e-06
36970 1.66667e-06
36980 1.66667e-06
36990 3.33333e-06
37000 1.66667e-06
37010 0
37020 0
37030 1.66667e-06
37040 1.66667e-06
37050 0
37060 1.66667e-06
37070 0
37080 1.66667e-06
37090 1.66667e-06
37100 1.66667e-06
37110 1.66667e-06
37120 1.66667e-06
37130 1.66667e-06
37140 1.66667e-06
37150 3.33333e-06
37160 1.66667e-06
37170 1.66667e-06
37180 0
37190 1.66667e-06
37200 3.33333e-06
37210 1.66667e-06
37220 1.66667e-06
37230 3.33333e-06
37240 0
37250 1.66667e-06
37260 1.66667e-06
37270 3.33333e-06
37280 1.66667e-06
37290 1.66667e-06
37300 1.66667e-06
37310 3.33333e-06
37320 1.66667e-06
37330 3.33333e-06
37340 1.66667e-06
37350 3.33333e-06
37360 0
37370 3.33333e-06
37380 1.66667e-06
37390 3.33333e-06
37400 1.66667e-06
37410 0
37420 3.33333e-06
37430 1.66667e-06
37440 3.33333e-06
37450 3.33333e-06
37460 1.66667e-06
37470 3.33333e-06
37480 0
37490 3.33333e-06
37500 3.33333e-06
37510 1.66667e-06
37520 1.66667e-06
37530 1.66667e-06
37540 1.66667e-06
37550 3.33333e-06
37560 1.66667e-06
37570 0
37580 1.66667e-06
37590 1.66667e-06
37600 1.66667e-06
37610 1.66667e-06
37620 0
37630 1.66667e-06
37640 0
37650 1.66667e-06
37660 1.66667e-06
37670 1.66667e-06
37680 1.66667e-06
37690 1.66667e-06
37700 0
37710 0
37720 3.33333e-06
37730 0
37740 0
37750 3.33333e-06
37760 1.66667e-06
37770 1.66667e-06
37780 3.33333e-06
37790 3.33333e-06
37800 3.33333e-06
37810 3.33333e-06
37820 1.66667e-06
37830 1.66667e-06
37840 1.66667e-06
37850 0
37860 0
37870 1.66667e-06
37880 1.66667e-06
37890 0
37900 1.66667e-06
37910 1.66667e-06
37920 0
37930 1.66667e-06
37940 0
37950 0
37960 1.66667e-06
37970 1.66667e-06
37980 1.66667e-06
37990 3.33333e-06
38000 1.66667e-06
38010 3.33333e-06
38020 1.66667e-06
38030 0
38040 0
38050 0
38060 3.33333e-06
38070 3.33333e-06
38080 1.66667e-06
38090 1.66667e-06
38100 1.66667e-06
38110 0
38120 1.66667e-06
38130 3.33333e-06
38140 1.66667e-06
38150 3.33333e-06
38160 1.66667e-06
38170 1.66667e-06
38180 3.33333e-06
38190 1.66667e-06
38200 3.33333e-06
38210 3.33333e-06
38220 1.66667e-06
38230 1.66667e-06
38240 1.66667e-06
38250 3.33333e-06
38260 1.66667e-06
38270 0
38280 3.33333e-06
38290 3.33333e-06
38300 1.66667e-06
38310 3.33333e-06
38320 1.66667e-06
38330 0
38340 1.66667e-06
38350 1.66667e-06
38360 0
38370 1.66667e-06
38380 3.33333e-06
38390 1.66667e-06
38400 3.33333e-06
38410 1.66667e-06
38420 3.33333e-06
38430 1.66667e-06
38440 0
38450 3.33333e-06
38460 1.66667e-06
38470 0
38480 0
38490 1.66667e-06
38500 1.66667e-06
38510 1.66667e-06
38520 1.66667e-06
38530 3.33333e-06
38540 1.66667e-06
38550 3.33333e-06
38560 1.66667e-06
38570 1.66667e-06
38580 0
38590 1.66667e-06
38600 0
38610 0
38620 1.66667e-06
38630 1.66667e-06
38640 3.33333e-06
38650 0
38660 1.66667e-06
38670 3.33333e-06
38680 3.33333e-06
38690 3.33333e-06
38700 3.33333e-06
38710 1.66667e-06
38720 3.33333e-06
38730 1.66667e-06
38740 1.66667e-06
38750 1.66667e-06
38760 1.66667e-06
38770 1.66667e-06
38780 3.33333e-06
38790 0
38800 1.66667e-06
38810 3.33333e-06
38820 0
38830 1.66667e-06
38840 3.33333e-06
38850 1.66667e-06
38860 0
38870 1.66667e-06
38880 0
38890 0
38900 1.66667e-06
38910 3.33333e-06
38920 1.66667e-06
38930 1.66667e-06
38940 3.33333e-06
38950 1.66667e-06
38960 1.66667e-06
38970 1.66667e-06
38980 1.66667e-06
38990 1.66667e-06
39000 3.33333e-06
39010 3.33333e-06
39020 1.66667e-06
39030 0
39040 3.33333e-06
39050 0
39060 3.33333e-06
39070 3.33333e-06
39080 3.33333e-06
39090 1.66667e-06
39100 1.66667e-06
39110 0
39120 3.33333e-06
39130 0
39140 3.33333e-06
39150 0
39160 1.66667e-06
39170 1.66667e-06
39180 0
39190 3.33333e-06
39200 1.66667e-06
39210 3.33333e-06
39220 0
39230 1.66667e-06
39240 0
39250 1.66667e-06
39260 3.33333e-06
39270 1.66667e-06
39280 1.66667e-06
39290 1.66667e-06
39300 0
39310 1.66667e-06
39320 0
39330 0
39340 3.33333e-06
39350 1.66667e-06
39360 0
39370 3.33333e-06
39380 1.66667e-06
39390 1.66667e-06
39400 1.66667e-06
39410 1.66667e-06
39420 1.66667e-06
39430 0
39440 3.33333e-06
39450 1.66667e-06
39460 3.33333e-06
39470 0
39480 0
39490 0
39500 0
39510 0
39520 0
39530 1.66667e-06
39540 1.66667e-06
39550 0
39560 1.66667e-06
39570 3.33333e-06
39580 0
39590 1.66667e-06
39600 1.66667e-06
39610 3.33333e-06
39620 3.33333e-06
39630 1.66667e-06
39640 1.66667e-06
39650 1.66667e-06
39660 1.66667e-06
39670 0
39680 3.33333e-06
39690 1.66667e-06
39700 3.33333e-06
39710 3.33333e-06
39720 1.66667e-06
39730 0
39740 0
39750 0
39760 0
39770 1.66667e-06
39780 1.66667e-06
39790 3.33333e-06
39800 1.66667e-06
39810 1.66667e-06
39820 3.33333e-06
39830 3.33333e-06
39840 1.66667e-06
39850 1.66667e-06
39860 1.66667e-06
39870 3.33333e-06
39880 1.66667e-06
39890 1.66667e-06
39900 1.66667e-06
39910 1.66667e-06
39920 0
39930 1.66667e-06
39940 1.66667e-06
39950 0
39960 0
39970 0
39980 0
39990 3.33333e-06
40000 1.66667e-06
40010 1.66667e-06
40020 0
40030 1.66667e-06
40040 1.66667e-06
40050 1.66667e-06
40060 1.66667e-06
40070 1.66667e-06
40080 3.33333e-06
40090 0
40100 1.66667e-06
40110 0
40120 1.66667e-06
40130 1.66667e-06
40140 3.33333e-06
40150 3.33333e-06
40160 1.66667e-06
40170 3.33333e-06
40180 0
40190 1.66667e-06
40200 0
40210 1.66667e-06
40220 3.33333e-06
40230 1.66667e-06
40240 0
40250 1.66667e-06
40260 3.33333e-06
40270 3.33333e-06
40280 3.33333e-06
40290 1.66667e-06
40300 0
40310 0
40320 1.66667e-06
40330 3.33333e-06
40340 3.33333e-06
40350 0
40360 1.66667e-06
40370 1.66667e-06
40380 1.66667e-06
40390 1.66667e-06
40400 0
40410 1.66667e-06
40420 0
40430 1.66667e-06
40440 3.33333e-06
40450 3.33333e-06
40460 1.66667e-06
40470 1.66667e-06
40480 1.66667e-06
40490 3.33333e-06
40500 1.66667e-06
40510 0
40520 3.33333e-06
40530 3.33333e-06
40540 1.66667e-06
40550 1.66667e-06
40560 3.33333e-06
40570 1.66667e-06
40580 1.66667e-06
40590 0
40600 1.66667e-06
40610 1.66667e-06
40620 3.33333e-06
40630 1.66667e-06
40640 1.66667e-06
40650 1.66667e-06
40660 1.66667e-06
40670 1.66667e-06
40680 0
40690 3.33333e-06
40700 1.66667e-06
40710 1.66667e-06
40720 0
40730 1.66667e-06
40740 0
40750 1.66667e-06
40760 1.66667e-06
40770 0
40780 1.66667e-06
40790 3.33333e-06
40800 3.33333e-06
40810 1.66667e-06
40820 1.66667e-06
40830 1.66667e-06
40840 1.66667e-06
40850 3.33333e-06
40860 1.66667e-06
40870 1.66667e-06
40880 0
40890 1.66667e-06
40900 1.66667e-06
40910 1.66667e-06
40920 1.66667e-06
40930 1.66667e-06
40940 1.66667e-06
40950 3.33333e-06
40960 3.33333e-06
40970 3.33333e-06
40980 1.66667e-06
40990 1.66667e-06
41000 1.66667e-06
41010 3.33333e-06
41020 3.33333e-06
41030 3.33333e-06
41040 1.66667e-06
41050 3.33333e-06
41060 1.66667e-06
41070 3.33333e-06
41080 1.66667e-06
41090 1.66667e-06
41100 0
41110 3.33333e-06
41120 0
41130 0
41140 0
41150 1.66667e-06
41160 1.66667e-06
41170 0
41180 1.66667e-06
41190 0
41200 1.66667e-06
41210 1.66667e-06
41220 1.66667e-06
41230 1.66667e-06
41240 0
41250 0
41260 0
41270 1.66667e-06
41280 1.66667e-06
41290 1.66667e-06
41300 1.66667e-06
41310 1.66667e-06
41320 3.33333e-06
41330 1.66667e-06
41340 0
41350 3.33333e-06
41360 1.66667e-06
41370 3.33333e-06
41380 3.33333e-06
41390 0
41400 1.66667e-06
41410 1.66667e-06
41420 1.66667e-06
41430 0
41440 1.66667e-06
41450 3.33333e-06
41460 3.33333e-06
41470 1.66667e-06
41480 3.33333e-06
41490 1.66667e-06
41500 1.66667e-06
41510 3.33333e-06
41520 3.33333e-06
41530 3.33333e-06
41540 0
41550 1.66667e-06
41560 1.66667e-06
41570 1.66667e-06
41580 3.33333e-06
41590 1.66667e-06
41600 0
41610 0
41620 0
41630 1.66667e-06
41640 3.33333e-06
41650 3.33333e-06
41660 1.66667e-06
41670 1.66667e-06
41680 3.33333e-06
41690 1.66667e-06
41700 1.66667e-06
41710 1.66667e-06
41720 1.66667e-06
41730 1.66667e-06
41740 1.66667e-06
41750 3.33333e-06
41760 1.66667e-06
41770 1.66667e-06
41780 0
41790 0
41800 0
41810 1.66667e-06
41820 1.66667e-06
41830 3.33333e-06
41840 1.66667e-06
41850 3.33333e-06
41860 1.66667e-06
41870 1.66667e-06
41880 3.33333e-06
41890 1.66667e-06
41900 0
41910 1.66667e-06
41920 1.66667e-06
41930 1.66667e-06
41940 1.66667e-06
41950 0
41960 0
41970 1.66667e-06
41980 1.66667e-06
41990 3.33333e-06
42000 0
42010 0
42020 3.33333e-06
42030 1.66667e-06
42040 3.33333e-06
42050 0
42060 0
42070 1.66667e-06
42080 3.33333e-06
42090 1.66667e-06
42100 3.33333e-06
42110 1.66667e-06
42120 1.66667e-06
42130 1.66667e-06
42140 0
42150 1.66667e-06
42160 1.66667e-06
42170 3.33333e-06
42180 0
42190 1.66667e-06
42200 1.66667e-06
42210 3.33333e-06
42220 1.66667e-06
42230 3.33333e-06
42240 1.66667e-06
42250 1.66667e-06
42260 1.66667e-06
42270 1.66667e-06
42280 1.66667e-06
42290 0
42300 0
42310 1.66667e-06
42320 1.66667e-06
42330 3.33333e-06
42340 3.33333e-06
42350 3.33333e-06
42360 1.66667e-06
42370 3.33333e-06
42380 1.66667e-06
42390 1.66667e-06
42400 3.33333e-06
42410 0
42420 1.66667e-06
42430 1.66667e-06
42440 3.33333e-06
42450 1.66667e-06
42460 1.66667e-06
42470 1.66667e-06
42480 1.66667e-06
42490 1.66667e-06
42500 1.66667e-06
42510 1.66667e-06
42520 3.33333e-06
42530 0
42540 1.66667e-06
42550 0
42560 0
42570 3.33333e-06
42580 1.66667e-06
42590 0
42600 3.33333e-06
42610 1.66667e-06
42620 1.66667e-06
42630 0
42640 0
42650 1.66667e-06
42660 1.66667e-06
42670 1.66667e-06
42680 3.33333e-06
42690 3.33333e-06
42700 1.66667e-06
42710 3.33333e-06
42720 1.66667e-06
42730 1.66667e-06
42740 0
42750 1.66667e-06
42760 1.66667e-06
42770 0
42780 0
42790 1.66667e-06
42800 1.66667e-06
42810 1.66667e-06
42820 3.33333e-06
42830 0
42840 3.33333e-06
42850 1.66667e-06
42860 1.66667e-06
42870 0
42880 1.66667e-06
42890 0
42900 1.66667e-06
42910 3.33333e-06
42920 1.66667e-06
42930 1.66667e-06
42940 1.66667e-06
42950 1.66667e-06
42960 0
42970 0
42980 3.33333e-06
42990 0
43000 1.66667e-06
43010 0
43020 1.66667e-06
43030 1.66667e-06
43040 0
43050 1.66667e-06
43060 1.66667e-06
43070 1.66667e-06
43080 3.33333e-06
43090 1.66667e-06
43100 1.66667e-06
43110 1.66667e-06
43120 3.33333e-06
43130 3.33333e-06
43140 0
43150 1.66667e-06
43160 1.66667e-06
43170 1.66667e-06
43180 0
43190 1.66667e-06
43200 1.66667e-06
43210 0
43220 1.66667e-06
43230 1.66667e-06
43240 1.66667e-06
43250 0
43260 1.66667e-06
43270 0
43280 0
43290 0
43300 1.66667e-06
43310 0
43320 1.66667e-06
43330 1.66667e-06
43340 3.33333e-06
43350 1.66667e-06
43360 1.66667e-06
43370 3.33333e-06
43380 1.66667e-06
43390 1.66667e-06
43400 3.33333e-06
43410 1.66667e-06
43420 0
43430 1.66667e-06
43440 0
43450 0
43460 0
43470 3.33333e-06
43480 0
43490 1.66667e-06
43500 1.66667e-06
43510 1.66667e-06
43520 3.33333e-06
43530 3.33333e-06
43540 3.33333e-06
43550 3.33333e-06
43560 1.66667e-06
43570 3.33333e-06
43580 1.66667e-06
43590 1.66667e-06
43600 1.66667e-06
43610 1.66667e-06
43620 3.33333e-06
43630 0
43640 1.66667e-06
43650 1.66667e-06
43660 3.33333e-06
43670 1.66667e-06
43680 3.33333e-06
43690 1.66667e-06
43700 1.66667e-06
43710 3.33333e-06
43720 3.33333e-06
43730 3.33333e-06
43740 3.33333e-06
43750 3.33333e-06
43760 3.33333e-06
43770 1.66667e-06
43780 0
43790 3.33333e-06
43800 1.66667e-06
43810 3.33333e-06
43820 0
43830 3.33333e-06
43840 3.33333e-06
43850 1.66667e-06
43860 1.66667e-06
43870 0
43880 1.66667e-06
43890 1.66667e-06
43900 1.66667e-06
43910 3.33333e-06
43920 1.66667e-06
43930 1.66667e-06
43940 1.66667e-06
43950 3.33333e-06
43960 1.66667e-06
43970 3.33333e-06
43980 1.66667e-06
43990 3.33333e-06
44000 0
44010 3.33333e-06
44020 3.33333e-06
44030 1.66667e-06
44040 0
44050 0
44060 1.66667e-06
44070 3.33333e-06
44080 1.66667e-06
44090 0
44100 3.33333e-06
44110 1.66667e-06
44120 0
44130 1.66667e-06
44140 1.66667e-06
44150 3.33333e-06
44160 1.66667e-06
44170 1.66667e-06
44180 1.66667e-06
44190 3.33333e-06
44200 3.33333e-06
44210 1.66667e-06
44220 3.33333e-06
44230 3.33333e-06
44240 3.33333e-06
44250 0
44260 3.33333e-06
44270 3.33333e-06
44280 3.33333e-06
44290 1.66667e-06
44300 3.33333e-06
44310 1.66667e-06
44320 1.66667e-06
44330 0
44340 3.33333e-06
44350 3.33333e-06
44360 3.33333e-06
44370 1.66667e-06
44380 1.66667e-06
44390 3.33333e-06
44400 0
44410 1.66667e-06
44420 0
44430 1.66667e-06
44440 1.66667e-06
44450 0
44460 1.66667e-06
44470 1.66667e-06
44480 0
44490 1.66667e-06
44500 1.66667e-06
44510 1.66667e-06
44520 1.66667e-06
44530 3.33333e-06
44540 1.66667e-06
44550 3.33333e-06
44560 3.33333e-06
44570 3.33333e-06
44580 3.33333e-06
44590 3.33333e-06
44600 3.33333e-06
44610 3.33333e-06
44620 1.66667e-06
44630 1.66667e-06
44640 1.66667e-06
44650 0
44660 3.33333e-06
44670 1.66667e-06
44680 0
44690 0
44700 1.66667e-06
44710 1.66667e-06
44720 3.33333e-06
44730 0
44740 1.66667e-06
44750 0
44760 1.66667e-06
44770 0
44780 0
44790 0
44800 0
44810 1.66667e-06
44820 3.33333e-06
44830 1.66667e-06
44840 1.66667e-06
44850 0
44860 3.33333e-06
44870 1.66667e-06
44880 1.66667e-06
44890 0
44900 1.66667e-06
44910 1.66667e-06
44920 3.33333e-06
44930 1.66667e-06
44940 1.66667e-06
44950 0
44960 0
44970 1.66667e-06
44980 1.66667e-06
44990 0
45000 0
45010 3.33333e-06
45020 1.66667e-06
45030 3.33333e-06
45040 1.66667e-06
45050 1.66667e-06
45060 1.66667e-06
45070 3.33333e-06
45080 0
45090 3.33333e-06
45100 0
45110 1.66667e-06
45120 1.66667e-06
45130 0
45140 3.33333e-06
45150 3.33333e-06
45160 1.66667e-06
45170 3.33333e-06
45180 1.66667e-06
45190 1.66667e-06
45200 1.66667e-06
45210 1.66667e-06
45220 1.66667e-06
45230 1.66667e-06
45240 1.66667e-06
45250 0
45260 3.33333e-06
45270 0
45280 1.66667e-06
45290 0
45300 0
45310 0
45320 1.66667e-06
45330 0
45340 3.33333e-06
45350 0
45360 3.33333e-06
45370 1.66667e-06
45380 1.66667e-06
45390 1.66667e-06
45400 3.33333e-06
45410 3.33333e-06
45420 3.33333e-06
45430 1.66667e-06
45440 0
45450 1.66667e-06
45460 1.66667e-06
45470 1.66667e-06
45480 3.33333e-06
45490 1.66667e-06
45500 0
45510 1.66667e-06
45520 1.66667e-06
45530 0
45540 3.33333e-06
45550 1.66667e-06
45560 3.33333e-06
45570 1.66667e-06
45580 1.66667e-06
45590 0
45600 0
45610 1.66667e-06
45620 1.66667e-06
45630 3.33333e-06
45640 0
45650 1.66667e-06
45660 1.66667e-06
45670 1.66667e-06
45680 1.66667e-06
45690 1.66667e-06
45700 3.33333e-06
45710 1.66667e-06
45720 3.33333e-06
45730 1.66667e-06
45740 3.33333e-06
45750 3.33333e-06
45760 0
45770 1.66667e-06
45780 3.33333e-06
45790 3.33333e-06
45800 0
45810 3.33333e-06
45820 3.33333e-06
45830 0
45840 1.66667e-06
45850 1.66667e-06
45860 1.66667e-06
45870 1.66667e-06
45880 1.66667e-06
45890 1.66667e-06
45900 3.33333e-06
45910 1.66667e-06
45920 1.66667e-06
45930 1.66667e-06
45940 0
45950 1.66667e-06
45960 1.66667e-06
45970 0
45980 3.33333e-06
45990 1.66667e-06
46000 1.66667e-06
46010 3.33333e-06
46020 1.66667e-06
46030 0
46040 1.66667e-06
46050 1.66667e-06
46060 1.66667e-06
46070 1.66667e-06
46080 1.66667e-06
46090 3.33333e-06
46100 1.66667e-06
46110 3.33333e-06
46120 3.33333e-06
46130 1.66667e-06
46140 1.66667e-06
46150 1.66667e-06
46160 3.33333e-06
46170 3.33333e-06
46180 1.66667e-06
46190 3.33333e-06
46200 1.66667e-06
46210 1.66667e-06
46220 1.66667e-06
46230 3.33333e-06
46240 1.66667e-06
46250 1.66667e-06
46260 3.33333e-06
46270 1.66667e-06
46280 1.66667e-06
46290 1.66667e-06
46300 1.66667e-06
46310 3.33333e-06
46320 1.66667e-06
46330 1.66667e-06
46340 1.66667e-06
46350 0
46360 1.66667e-06
46370 1.66667e-06
46380 0
46390 1.66667e-06
46400 3.33333e-06
46410 0
46420 3.33333e-06
46430 1.66667e-06
46440 3.33333e-06
46450 1.66667e-06
46460 3.33333e-06
46470 1.66667e-06
46480 3.33333e-06
46490 0
46500 0
46510 0
46520 1.66667e-06
46530 0
46540 0
46550 1.66667e-06
46560 3.33333e-06
46570 0
46580 1.66667e-06
46590 0
46600 0
46610 0
46620 0
46630 1.66667e-06
46640 1.66667e-06
46650 1.66667e-06
46660 1.66667e-06
46670 3.33333e-06
46680 3.33333e-06
46690 1.66667e-06
46700 0
46710 1.66667e-06
46720 1.66667e-06
46730 3.33333e-06
46740 3.33333e-06
46750 3.33333e-06
46760 1.66667e-06
46770 1.66667e-06
46780 3.33333e-06
46790 0
46800 1.66667e-06
46810 1.66667e-06
46820 1.66667e-06
46830 1.66667e-06
46840 1.66667e-06
46850 1.66667e-06
46860 3.33333e-06
46870 1.66667e-06
46880 0
46890 0
46900 0
46910 0
46920 1.66667e-06
46930 1.66667e-06
46940 1.66667e-06
46950 1.66667e-06
46960 1.66667e-06
46970 0
46980 0
46990 1.66667e-06
47000 1.66667e-06
47010 1.66667e-06
47020 1.66667e-06
47030 3.33333e-06
47040 1.66667e-06
47050 3.33333e-06
47060 1.66667e-06
47070 1.66667e-06
47080 0
47090 0
47100 0
47110 1.66667e-06
47120 3.33333e-06
47130 3.33333e-06
47140 1.66667e-06
47150 1.66667e-06
47160 3.33333e-06
47170 0
47180 1.66667e-06
47190 1.66667e-06
47200 1.66667e-06
47210 0
47220 1.66667e-06
47230 1.66667e-06
47240 1.66667e-06
47250 1.66667e-06
47260 1.66667e-06
47270 1.66667e-06
47280 3.33333e-06
47290 1.66667e-06
47300 3.33333e-06
47310 3.33333e-06
47320 3.33333e-06
47330 1.66667e-06
47340 0
47350 3.33333e-06
47360 0
47370 1.66667e-06
47380 1.66667e-06
47390 1.66667e-06
47400 1.66667e-06
47410 3.33333e-06
47420 1.66667e-06
47430 3.33333e-06
47440 3.33333e-06
47450 3.33333e-06
47460 0
47470 1.66667e-06
47480 3.33333e-06
47490 0
47500 1.66667e-06
47510 3.33333e-06
47520 1.66667e-06
47530 1.66667e-06
47540 3.33333e-06
47550 3.33333e-06
47560 1.66667e-06
47570 0
47580 0
47590 1.66667e-06
47600 3.33333e-06
47610 1.66667e-06
47620 1.66667e-06
47630 1.66667e-06
47640 3.33333e-06
47650 3.33333e-06
47660 1.66667e-06
47670 0
47680 0
47690 1.66667e-06
47700 1.66667e-06
47710 1.66667e-06
47720 0
47730 1.66667e-06
47740 1.66667e-06
47750 3.33333e-06
47760 1.66667e-06
47770 1.66667e-06
47780 3.33333e-06
47790 3.33333e-06
47800 1.66667e-06
47810 0
47820 0
47830 3.33333e-06
47840 3.33333e-06
47850 3.33333e-06
47860 1.66667e-06
47870 1.66667e-06
47880 1.66667e-06
47890 1.66667e-06
47900 3.33333e-06
47910 0
47920 1.66667e-06
47930 1.66667e-06
47940 1.66667e-06
47950 0
47960 1.66667e-06
47970 1.66667e-06
47980 3.33333e-06
47990 0
48000 1.66667e-06
48010 3.33333e-06
48020 3.33333e-06
48030 3.33333e-06
48040 3.33333e-06
48050 3.33333e-06
48060 3.33333e-06
48070 3.33333e-06
48080 1.66667e-06
48090 1.66667e-06
48100 3.33333e-06
48110 1.66667e-06
48120 1.66667e-06
48130 0
48140 1.66667e-06
48150 3.33333e-06
48160 3.33333e-06
48170 3.33333e-06
48180 3.33333e-06
48190 3.33333e-06
48200 0
48210 3.33333e-06
48220 1.66667e-06
48230 1.66667e-06
48240 1.66667e-06
48250 1.66667e-06
48260 1.66667e-06
48270 1.66667e-06
48280 3.33333e-06
48290 3.33333e-06
48300 3.33333e-06
48310 3.33333e-06
48320 3.33333e-06
48330 3.33333e-06
48340 0
48350 0
48360 1.66667e-06
48370 3.33333e-06
48380 3.33333e-06
48390 1.66667e-06
48400 1.66667e-06
48410 1.66667e-06
48420 1.66667e-06
48430 0
48440 1.66667e-06
48450 1.66667e-06
48460 1.66667e-06
48470 1.66667e-06
48480 1.66667e-06
48490 1.66667e-06
48500 0
48510 1.66667e-06
48520 3.33333e-06
48530 3.33333e-06
48540 1.66667e-06
48550 1.66667e-06
48560 1.66667e-06
48570 3.33333e-06
48580 1.66667e-06
48590 1.66667e-06
48600 1.66667e-06
48610 1.66667e-06
48620 1.66667e-06
48630 1.66667e-06
48640 3.33333e-06
48650 3.33333e-06
48660 1.66667e-06
48670 1.66667e-06
48680 3.33333e-06
48690 1.66667e-06
48700 1.66667e-06
48710 1.66667e-06
48720 1.66667e-06
48730 1.66667e-06
48740 1.66667e-06
48750 1.66667e-06
48760 1.66667e-06
48770 3.33333e-06
48780 1.66667e-06
48790 1.66667e-06
48800 0
48810 1.66667e-06
48820 3.33333e-06
48830 1.66667e-06
48840 1.66667e-06
48850 0
48860 1.66667e-06
48870 1.66667e-06
48880 1.66667e-06
48890 1.66667e-06
48900 1.66667e-06
48910 0
48920 3.33333e-06
48930 1.66667e-06
48940 0
48950 3.33333e-06
48960 1.66667e-06
48970 3.33333e-06
48980 3.33333e-06
48990 1.66667e-06
49000 0
49010 1.66667e-06
49020 0
49030 3.33333e-06
49040 1.66667e-06
49050 3.33333e-06
49060 3.33333e-06
49070 3.33333e-06
49080 1.66667e-06
49090 3.33333e-06
49100 0
49110 1.66667e-06
49120 0
49130 3.33333e-06
49140 0
49150 1.66667e-06
49160 3.33333e-06
49170 1.66667e-06
49180 3.33333e-06
49190 3.33333e-06
49200 3.33333e-06
49210 1.66667e-06
49220 3.33333e-06
49230 1.66667e-06
49240 1.66667e-06
49250 1.66667e-06
49260 1.66667e-06
49270 1.66667e-06
49280 1.66667e-06
49290 1.66667e-06
49300 1.66667e-06
49310 3.33333e-06
49320 1.66667e-06
49330 1.66667e-06
49340 3.33333e-06
49350 0
49360 1.66667e-06
49370 0
49380 1.66667e-06
49390 0
49400 3.33333e-06
49410 1.66667e-06
49420 1.66667e-06
49430 1.66667e-06
49440 3.33333e-06
49450 3.33333e-06
49460 3.33333e-06
49470 1.66667e-06
49480 1.66667e-06
49490 0
49500 0
49510 1.66667e-06
49520 3.33333e-06
49530 3.33333e-06
49540 3.33333e-06
49550 0
49560 1.66667e-06
49570 3.33333e-06
49580 0
49590 3.33333e-06
49600 3.33333e-06
49610 1.66667e-06
49620 1.66667e-06
49630 1.66667e-06
49640 3.33333e-06
49650 1.66667e-06
49660 1.66667e-06
49670 1.66667e-06
49680 1.66667e-06
49690 0
49700 1.66667e-06
49710 1.66667e-06
49720 0
49730 1.66667e-06
49740 3.33333e-06
49750 1.66667e-06
49760 3.33333e-06
49770 1.66667e-06
49780 3.33333e-06
49790 0
49800 3.33333e-06
49810 3.33333e-06
49820 0
49830 0
49840 3.33333e-06
49850 3.33333e-06
49860 1.66667e-06
49870 1.66667e-06
49880 1.66667e-06
49890 3.33333e-06
49900 3.33333e-06
49910 1.66667e-06
49920 3.33333e-06
49930 3.33333e-06
49940 1.66667e-06
49950 1.66667e-06
49960 3.33333e-06
49970 3.33333e-06
49980 1.66667e-06
49990 0
50000 1.66667e-06
50010 0
50020 1.66667e-06
50030 3.33333e-06
50040 3.33333e-06
50050 1.66667e-06
50060 1.66667e-06
50070 1.66667e-06
50080 1.66667e-06
50090 0
50100 1.66667e-06
50110 0
50120 1.66667e-06
50130 1.66667e-06
50140 3.33333e-06
50150 3.33333e-06
50160 3.33333e-06
50170 3.33333e-06
50180 1.66667e-06
50190 1.66667e-06
50200 1.66667e-06
50210 1.66667e-06
50220 3.33333e-06
50230 0
50240 1.66667e-06
50250 0
50260 1.66667e-06
50270 0
50280 3.33333e-06
50290 1.66667e-06
50300 0
50310 3.33333e-06
50320 3.33333e-06
50330 1.66667e-06
50340 1.66667e-06
50350 1.66667e-06
50360 1.66667e-06
50370 0
50380 0
50390 1.66667e-06
50400 0
50410 3.33333e-06
50420 3.33333e-06
50430 1.66667e-06
50440 1.66667e-06
50450 0
50460 1.66667e-06
50470 1.66667e-06
50480 1.66667e-06
50490 1.66667e-06
50500 3.33333e-06
50510 1.66667e-06
50520 0
50530 0
50540 0
50550 3.33333e-06
50560 1.66667e-06
50570 1.66667e-06
50580 1.66667e-06
50590 1.66667e-06
50600 1.66667e-06
50610 0
50620 0
50630 3.33333e-06
50640 3.33333e-06
50650 1.66667e-06
50660 3.33333e-06
50670 1.66667e-06
50680 1.66667e-06
50690 1.66667e-06
50700 3.33333e-06
50710 3.33333e-06
50720 1.66667e-06
50730 3.33333e-06
50740 1.66667e-06
50750 1.66667e-06
50760 3.33333e-06
50770 1.66667e-06
50780 1.66667e-06
50790 3.33333e-06
50800 1.66667e-06
50810 1.66667e-06
50820 1.66667e-06
50830 1.66667e-06
50840 3.33333e-06
50850 0
50860 1.66667e-06
50870 3.33333e-06
50880 3.33333e-06
50890 0
50900 1.66667e-06
50910 1.66667e-06
50920 3.33333e-06
50930 3.33333e-06
50940 1.66667e-06
50950 3.33333e-06
50960 1.66667e-06
50970 1.66667e-06
50980 1.66667e-06
50990 1.66667e-06
51000 1.66667e-06
51010 3.33333e-06
51020 3.33333e-06
51030 1.66667e-06
51040 3.33333e-06
51050 0
51060 0
51070 1.66667e-06
51080 3.33333e-06
51090 1.66667e-06
51100 1.66667e-06
51110 3.33333e-06
51120 1.66667e-06
51130 0
51140 3.33333e-06
51150 3.33333e-06
51160 3.33333e-06
51170 3.33333e-06
51180 1.66667e-06
51190 0
51200 1.66667e-06
51210 1.66667e-06
51220 1.66667e-06
51230 3.33333e-06
51240 1.66667e-06
51250 1.66667e-06
51260 1.66667e-06
51270 1.66667e-06
51280 0
51290 1.66667e-06
51300 1.66667e-06
51310 0
51320 0
51330 0
51340 1.66667e-06
51350 3.33333e-06
51360 3.33333e-06
51370 1.66667e-06
51380 3.33333e-06
51390 1.66667e-06
51400 3.33333e-06
51410 3.33333e-06
51420 1.66667e-06
51430 1.66667e-06
51440 3.33333e-06
51450 3.33333e-06
51460 3.33333e-06
51470 3.33333e-06
51480 3.33333e-06
51490 3.33333e-06
51500 3.33333e-06
51510 3.33333e-06
51520 1.66667e-06
51530 1.66667e-06
51540 1.66667e-06
51550 1.66667e-06
51560 0
51570 3.33333e-06
51580 1.66667e-06
51590 0
51600 1.66667e-06
51610 3.33333e-06
51620 0
51630 1.66667e-06
51640 1.66667e-06
51650 0
51660 1.66667e-06
51670 1.66667e-06
51680 3.33333e-06
51690 0
51700 3.33333e-06
51710 0
51720 1.66667e-06
51730 3.33333e-06
51740 1.66667e-06
51750 0
51760 1.66667e-06
51770 3.33333e-06
51780 0
51790 0
51800 3.33333e-06
51810 1.66667e-06
51820 1.66667e-06
51830 3.33333e-06
51840 1.66667e-06
51850 0
51860 1.66667e-06
51870 3.33333e-06
51880 1.66667e-06
51890 1.66667e-06
51900 3.33333e-06
51910 3.33333e-06
51920 1.66667e-06
51930 0
51940 1.66667e-06
51950 3.33333e-06
51960 3.33333e-06
51970 0
51980 0
51990 0
52000 1.66667e-06
52010 1.66667e-06
52020 1.66667e-06
52030 1.66667e-06
52040 3.33333e-06
52050 1.66667e-06
52060 3.33333e-06
52070 1.66667e-06
52080 3.33333e-06
52090 3.33333e-06
52100 3.33333e-06
52110 3.33333e-06
52120 1.66667e-06
52130 3.33333e-06
52140 3.33333e-06
52150 1.66667e-06
52160 3.33333e-06
52170 1.66667e-06
52180 1.66667e-06
52190 1.66667e-06
52200 1.66667e-06
52210 0
52220 1.66667e-06
52230 0
52240 1.66667e-06
52250 1.66667e-06
52260 1.66667e-06
52270 0
52280 0
52290 1.66667e-06
52300 1.66667e-06
52310 0
52320 0
52330 3.33333e-06
52340 3.33333e-06
52350 1.66667e-06
52360 1.66667e-06
52370 1.66667e-06
52380 3.33333e-06
52390 1.66667e-06
52400 1.66667e-06
52410 0
52420 0
52430 1.66667e-06
52440 1.66667e-06
52450 3.33333e-06
52460 0
52470 3.33333e-06
52480 1.66667e-06
52490 1.66667e-06
52500 3.33333e-06
52510 3.33333e-06
52520 1.66667e-06
52530 0
52540 1.66667e-06
52550 1.66667e-06
52560 0
52570 0
52580 1.66667e-06
52590 0
52600 1.66667e-06
52610 3.33333e-06
52620 1.66667e-06
52630 1.66667e-06
52640 1.66667e-06
52650 3.33333e-06
52660 1.66667e-06
52670 3.33333e-06
52680 1.66667e-06
52690 1.66667e-06
52700 1.66667e-06
52710 1.66667e-06
52720 1.66667e-06
52730 3.33333e-06
52740 1.66667e-06
52750 1.66667e-06
52760 1.66667e-06
52770 0
52780 3.33333e-06
52790 1.66667e-06
52800 0
52810 1.66667e-06
52820 3.33333e-06
52830 1.66667e-06
52840 1.66667e-06
52850 1.66667e-06
52860 0
52870 1.66667e-06
52880 1.66667e-06
52890 3.33333e-06
52900 1.66667e-06
52910 3.33333e-06
52920 0
52930 1.66667e-06
52940 1.66667e-06
52950 3.33333e-06
52960 3.33333e-06
52970 3.33333e-06
52980 3.33333e-06
52990 3.33333e-06
53000 1.66667e-06
53010 3.33333e-06
53020 0
53030 0
53040 3.33333e-06
53050 1.66667e-06
53060 1.66667e-06
53070 1.66667e-06
53080 1.66667e-06
53090 0
53100 0
53110 1.66667e-06
53120 0
53130 3.33333e-06
53140 1.66667e-06
53150 3.33333e-06
53160 1.66667e-06
53170 1.66667e-06
53180 3.33333e-06
53190 1.66667e-06
53200 1.66667e-06
53210 0
53220 0
53230 1.66667e-06
53240 3.33333e-06
53250 1.66667e-06
53260 1.66667e-06
53270 1.66667e-06
53280 1.66667e-06
53290 1.66667e-06
53300 3.33333e-06
53310 1.66667e-06
53320 3.33333e-06
53330 1.66667e-06
53340 1.66667e-06
53350 1.66667e-06
53360 3.33333e-06
53370 3.33333e-06
53380 1.66667e-06
53390 1.66667e-06
53400 1.66667e-06
53410 1.66667e-06
53420 3.33333e-06
53430 1.66667e-06
53440 1.66667e-06
53450 0
53460 1.66667e-06
53470 1.66667e-06
53480 1.66667e-06
53490 1.66667e-06
53500 1.66667e-06
53510 1.66667e-06
53520 3.33333e-06
53530 0
53540 3.33333e-06
53550 1.66667e-06
53560 1.66667e-06
53570 1.66667e-06
53580 1.66667e-06
53590 0
53600 3.33333e-06
53610 0
53620 1.66667e-06
53630 1.66667e-06
53640 3.33333e-06
53650 1.66667e-06
53660 1.66667e-06
53670 3.33333e-06
53680 1.66667e-06
53690 1.66667e-06
53700 1.66667e-06
53710 1.66667e-06
53720 1.66667e-06
53730 1.66667e-06
53740 1.66667e-06
53750 1.66667e-06
53760 1.66667e-06
53770 3.33333e-06
53780 3.33333e-06
53790 3.33333e-06
53800 3.33333e-06
53810 1.66667e-06
53820 1.66667e-06
53830 3.33333e-06
53840 3.33333e-06
53850 1.66667e-06
53860 3.33333e-06
53870 3.33333e-06
53880 0
53890 1.66667e-06
53900 1.66667e-06
53910 1.66667e-06
53920 3.33333e-06
53930 1.66667e-06
53940 0
53950 1.66667e-06
53960 1.66667e-06
53970 3.33333e-06
53980 1.66667e-06
53990 1.66667e-06
54000 1.66667e-06
54010 3.33333e-06
54020 1.66667e-06
54030 0
54040 1.66667e-06
54050 1.66667e-06
54060 1.66667e-06
54070 3.33333e-06
54080 0
54090 3.33333e-06
54100 0
54110 3.33333e-06
54120 3.33333e-06
54130 0
54140 1.66667e-06
54150 1.66667e-06
54160 1.66667e-06
54170 1.66667e-06
54180 3.33333e-06
54190 3.33333e-06
54200 1.66667e-06
54210 1.66667e-06
54220 0
54230 1.66667e-06
54240 3.33333e-06
54250 1.66667e-06
54260 1.66667e-06
54270 1.66667e-06
54280 1.66667e-06
54290 0
54300 1.66667e-06
54310 1.66667e-06
54320 1.66667e-06
54330 0
54340 3.33333e-06
54350 3.33333e-06
54360 1.66667e-06
54370 0
54380 0
54390 1.66667e-06
54400 0
54410 3.33333e-06
54420 1.66667e-06
54430 1.66667e-06
54440 0
54450 1.66667e-06
54460 1.66667e-06
54470 3.33333e-06
54480 3.33333e-06
54490 1.66667e-06
54500 1.66667e-06
54510 0
54520 3.33333e-06
54530 0
54540 0
54550 3.33333e-06
54560 0
54570 3.33333e-06
54580 3.33333e-06
54590 0
54600 3.33333e-06
54610 3.33333e-06
54620 3.33333e-06
54630 1.66667e-06
54640 1.66667e-06
54650 1.66667e-06
54660 0
54670 1.66667e-06
54680 1.66667e-06
54690 3.33333e-06
54700 3.33333e-06
54710 1.66667e-06
54720 3.33333e-06
54730 1.66667e-06
54740 3.33333e-06
54750 3.33333e-06
54760 3.33333e-06
54770 1.66667e-06
54780 3.33333e-06
54790 0
54800 1.66667e-06
54810 1.66667e-06
54820 0
54830 1.66667e-06
54840 1.66667e-06
54850 3.33333e-06
54860 1.66667e-06
54870 1.66667e-06
54880 3.33333e-06
54890 1.66667e-06
54900 1.66667e-06
54910 1.66667e-06
54920 0
54930 1.66667e-06
54940 3.33333e-06
54950 3.33333e-06
54960 1.66667e-06
54970 3.33333e-06
54980 0
54990 1.66667e-06
55000 1.66667e-06
55010 3.33333e-06
55020 3.33333e-06
55030 3.33333e-06
55040 1.66667e-06
55050 3.33333e-06
55060 1.66667e-06
55070 0
55080 1.66667e-06
55090 1.66667e-06
55100 1.66667e-06
55110 0
55120 0
55130 1.66667e-06
55140 3.33333e-06
55150 0
55160 3.33333e-06
55170 1.66667e-06
55180 1.66667e-06
55190 3.33333e-06
55200 1.66667e-06
55210 1.66667e-06
55220 3.33333e-06
55230 3.33333e-06
55240 3.33333e-06
55250 1.66667e-06
55260 0
55270 1.66667e-06
55280 3.33333e-06
55290 3.33333e-06
55300 3.33333e-06
55310 3.33333e-06
55320 1.66667e-06
55330 3.33333e-06
55340 3.33333e-06
55350 3.33333e-06
55360 1.66667e-06
55370 1.66667e-06
55380 1.66667e-06
55390 1.66667e-06
55400 3.33333e-06
55410 1.66667e-06
55420 1.66667e-06
55430 1.66667e-06
55440 3.33333e-06
55450 1.66667e-06
55460 0
55470 1.66667e-06
55480 1.66667e-06
55490 1.66667e-06
55500 3.33333e-06
55510 3.33333e-06
55520 1.66667e-06
55530 3.33333e-06
55540 1.66667e-06
55550 3.33333e-06
55560 1.66667e-06
55570 0
55580 0
55590 1.66667e-06
55600 1.66667e-06
55610 0
55620 1.66667e-06
55630 0
55640 1.66667e-06
55650 0
55660 1.66667e-06
55670 1.66667e-06
55680 1.66667e-06
55690 1.66667e-06
55700 0
55710 1.66667e-06
55720 3.33333e-06
55730 3.33333e-06
55740 3.33333e-06
55750 1.66667e-06
55760 1.66667e-06
55770 1.66667e-06
55780 1.66667e-06
55790 1.66667e-06
55800 3.33333e-06
55810 0
55820 1.66667e-06
55830 0
55840 1.66667e-06
55850 3.33333e-06
55860 1.66667e-06
55870 3.33333e-06
55880 1.66667e-06
55890 1.66667e-06
55900 3.33333e-06
55910 3.33333e-06
55920 3.33333e-06
55930 1.66667e-06
55940 3.33333e-06
55950 3.33333e-06
55960 1.66667e-06
55970 3.33333e-06
55980 0
55990 1.66667e-06
56000 3.33333e-06
56010 0
56020 1.66667e-06
56030 3.33333e-06
56040 0
56050 0
56060 0
56070 3.33333e-06
56080 1.66667e-06
56090 3.33333e-06
56100 1.66667e-06
56110 1.66667e-06
56120 1.66667e-06
56130 3.33333e-06
56140 3.33333e-06
56150 0
56160 1.66667e-06
56170 1.66667e-06
56180 1.66667e-06
56190 3.33333e-06
56200 1.66667e-06
56210 1.66667e-06
56220 3.33333e-06
56230 3.33333e-06
56240 0
56250 1.66667e-06
56260 3.33333e-06
56270 1.66667e-06
56280 0
56290 1.66667e-06
56300 1.66667e-06
56310 0
56320 0
56330 1.66667e-06
56340 3.33333e-06
56350 1.66667e-06
56360 1.66667e-06
56370 0
56380 1.66667e-06
56390 0
56400 1.66667e-06
56410 0
56420 1.66667e-06
56430 1.66667e-06
56440 0
56450 1.66667e-06
56460 1.66667e-06
56470 3.33333e-06
56480 3.33333e-06
56490 3.33333e-06
56500 3.33333e-06
56510 0
56520 3.33333e-06
56530 1.66667e-06
56540 1.66667e-06
56550 1.66667e-06
56560 1.66667e-06
56570 3.33333e-06
56580 1.66667e-06
56590 1.66667e-06
56600 1.66667e-06
56610 3.33333e-06
56620 1.66667e-06
56630 0
56640 1.66667e-06
56650 0
56660 1.66667e-06
56670 3.33333e-06
56680 3.33333e-06
56690 3.33333e-06
56700 3.33333e-06
56710 1.66667e-06
56720 0
56730 0
56740 3.33333e-06
56750 3.33333e-06
56760 1.66667e-06
56770 1.66667e-06
56780 1.66667e-06
56790 3.33333e-06
56800 3.33333e-06
56810 1.66667e-06
56820 3.33333e-06
56830 1.66667e-06
56840 1.66667e-06
56850 3.33333e-06
56860 1.66667e-06
56870 3.33333e-06
56880 3.33333e-06
56890 0
56900 1.66667e-06
56910 1.66667e-06
56920 0
56930 1.66667e-06
56940 1.66667e-06
56950 3.33333e-06
56960 0
56970 1.66667e-06
56980 0
56990 1.66667e-06
57000 0
57010 0
57020 0
57030 0
57040 1.66667e-06
57050 1.66667e-06
57060 1.66667e-06
57070 1.66667e-06
57080 1.66667e-06
57090 1.66667e-06
57100 1.66667e-06
57110 1.66667e-06
57120 1.66667e-06
57130 1.66667e-06
57140 1.66667e-06
57150 3.33333e-06
57160 1.66667e-06
57170 3.33333e-06
57180 3.33333e-06
57190 3.33333e-06
57200 3.33333e-06
57210 3.33333e-06
57220 1.66667e-06
57230 3.33333e-06
57240 3.33333e-06
57250 3.33333e-06
57260 1.66667e-06
57270 1.66667e-06
57280 0
57290 1.66667e-06
57300 0
57310 0
57320 1.66667e-06
57330 0
57340 1.66667e-06
57350 0
57360 1.66667e-06
57370 1.66667e-06
57380 1.66667e-06
57390 1.66667e-06
57400 0
57410 3.33333e-06
57420 3.33333e-06
57430 1.66667e-06
57440 3.33333e-06
57450 1.66667e-06
57460 1.66667e-06
57470 0
57480 1.66667e-06
57490 1.66667e-06
57500 1.66667e-06
57510 3.33333e-06
57520 1.66667e-06
57530 1.66667e-06
57540 1.66667e-06
57550 3.33333e-06
57560 3.33333e-06
57570 1.66667e-06
57580 1.66667e-06
57590 3.33333e-06
57600 1.66667e-06
57610 1.66667e-06
57620 0
57630 1.66667e-06
57640 1.66667e-06
57650 0
57660 0
57670 1.66667e-06
57680 1.66667e-06
57690 0
57700 1.66667e-06
57710 3.33333e-06
57720 3.33333e-06
57730 1.66667e-06
57740 0
57750 0
57760 1.66667e-06
57770 1.66667e-06
57780 1.66667e-06
57790 1.66667e-06
57800 3.33333e-06
57810 1.66667e-06
57820 3.33333e-06
57830 0
57840 1.66667e-06
57850 1.66667e-06
57860 1.66667e-06
57870 1.66667e-06
57880 1.66667e-06
57890 1.66667e-06
57900 0
57910 1.66667e-06
57920 1.66667e-06
57930 1.66667e-06
57940 0
57950 1.66667e-06
57960 1.66667e-06
57970 3.33333e-06
57980 3.33333e-06
57990 1.66667e-06
58000 0
58010 1.66667e-06
58020 1.66667e-06
58030 3.33333e-06
58040 1.66667e-06
58050 0
58060 0
58070 3.33333e-06
58080 1.66667e-06
58090 3.33333e-06
58100 1.66667e-06
58110 1.66667e-06
58120 1.66667e-06
58130 3.33333e-06
58140 3.33333e-06
58150 3.33333e-06
58160 3.33333e-06
58170 0
58180 1.66667e-06
58190 0
58200 3.33333e-06
58210 0
58220 1.66667e-06
58230 0
58240 1.66667e-06
58250 1.66667e-06
58260 1.66667e-06
58270 0
58280 1.66667e-06
58290 0
58300 3.33333e-06
58310 1.66667e-06
58320 1.66667e-06
58330 0
58340 1.66667e-06
58350 1.66667e-06
58360 1.66667e-06
58370 1.66667e-06
58380 3.33333e-06
58390 0
58400 0
58410 1.66667e-06
58420 1.66667e-06
58430 1.66667e-06
58440 0
58450 1.66667e-06
58460 3.33333e-06
58470 1.66667e-06
58480 1.66667e-06
58490 0
58500 3.33333e-06
58510 1.66667e-06
58520 0
58530 3.33333e-06
58540 1.66667e-06
58550 3.33333e-06
58560 3.33333e-06
58570 3.33333e-06
58580 3.33333e-06
58590 0
58600 0
58610 3.33333e-06
58620 1.66667e-06
58630 1.66667e-06
58640 3.33333e-06
58650 1.66667e-06
58660 1.66667e-06
58670 1.66667e-06
58680 1.66667e-06
58690 1.66667e-06
58700 3.33333e-06
58710 0
58720 1.66667e-06
58730 1.66667e-06
58740 0
58750 3.33333e-06
58760 3.33333e-06
58770 1.66667e-06
58780 3.33333e-06
58790 3.33333e-06
58800 0
58810 1.66667e-06
58820 1.66667e-06
58830 3.33333e-06
58840 1.66667e-06
58850 1.66667e-06
58860 1.66667e-06
58870 3.33333e-06
58880 1.66667e-06
58890 3.33333e-06
58900 3.33333e-06
58910 3.33333e-06
58920 0
58930 0
58940 1.66667e-06
58950 1.66667e-06
58960 1.66667e-06
58970 1.66667e-06
58980 3.33333e-06
58990 3.33333e-06
59000 1.66667e-06
59010 1.66667e-06
59020 1.66667e-06
59030 0
59040 0
59050 0
59060 1.66667e-06
59070 3.33333e-06
59080 1.66667e-06
59090 1.66667e-06
59100 3.33333e-06
59110 1.66667e-06
59120 3.33333e-06
59130 3.33333e-06
59140 1.66667e-06
59150 0
59160 1.66667e-06
59170 1.66667e-06
59180 1.66667e-06
59190 3.33333e-06
59200 1.66667e-06
59210 1.66667e-06
59220 3.33333e-06
59230 0
59240 1.66667e-06
59250 3.33333e-06
59260 1.66667e-06
59270 1.66667e-06
59280 1.66667e-06
59290 1.66667e-06
59300 3.33333e-06
59310 3.33333e-06
59320 1.66667e-06
59330 3.33333e-06
59340 1.66667e-06
59350 3.33333e-06
59360 1.66667e-06
59370 3.33333e-06
59380 3.33333e-06
59390 3.33333e-06
59400 1.66667e-06
59410 1.66667e-06
59420 1.66667e-06
59430 1.66667e-06
59440 1.66667e-06
59450 3.33333e-06
59460 1.66667e-06
59470 1.66667e-06
59480 1.66667e-06
59490 1.66667e-06
59500 1.66667e-06
59510 3.33333e-06
59520 1.66667e-06
59530 3.33333e-06
59540 1.66667e-06
59550 0
59560 3.33333e-06
59570 3.33333e-06
59580 3.33333e-06
59590 0
59600 3.33333e-06
59610 1.66667e-06
59620 1.66667e-06
59630 3.33333e-06
59640 3.33333e-06
59650 3.33333e-06
59660 1.66667e-06
59670 1.66667e-06
59680 3.33333e-06
59690 1.66667e-06
59700 3.33333e-06
59710 1.66667e-06
59720 1.66667e-06
59730 3.33333e-06
59740 1.66667e-06
59750 3.33333e-06
59760 1.66667e-06
59770 1.66667e-06
59780 1.66667e-06
59790 3.33333e-06
59800 1.66667e-06
59810 3.33333e-06
59820 3.33333e-06
59830 1.66667e-06
59840 1.66667e-06
59850 3.33333e-06
59860 3.33333e-06
59870 1.66667e-06
59880 1.66667e-06
59890 3.33333e-06
59900 3.33333e-06
59910 1.66667e-06
59920 1.66667e-06
59930 1.66667e-06
59940 3.33333e-06
59950 1.66667e-06
59960 0
59970 0
59980 1.66667e-06
59990 1.66667e-06
60000 3.33333e-06
60010 1.66667e-06
60020 1.66667e-06
60030 1.66667e-06
60040 0
60050 3.33333e-06
60060 1.66667e-06
60070 3.33333e-06
60080 3.33333e-06
60090 3.33333e-06
60100 3.33333e-06
60110 1.66667e-06
60120 3.33333e-06
60130 1.66667e-06
60140 1.66667e-06
60150 3.33333e-06
60160 0
60170 3.33333e-06
60180 3.33333e-06
60190 1.66667e-06
60200 1.66667e-06
60210 1.66667e-06
60220 3.33333e-06
60230 1.66667e-06
60240 3.33333e-06
60250 3.33333e-06
60260 1.66667e-06
60270 3.33333e-06
60280 0
60290 1.66667e-06
60300 3.33333e-06
60310 1.66667e-06
60320 3.33333e-06
60330 1.66667e-06
60340 1.66667e-06
60350 1.66667e-06
60360 1.66667e-06
60370 1.66667e-06
60380 1.66667e-06
60390 1.66667e-06
60400 3.33333e-06
60410 1.66667e-06
60420 1.66667e-06
60430 1.66667e-06
60440 3.33333e-06
60450 0
60460 0
60470 3.33333e-06
60480 1.66667e-06
60490 1.66667e-06
60500 3.33333e-06
60510 3.33333e-06
60520 1.66667e-06
60530 1.66667e-06
60540 3.33333e-06
60550 1.66667e-06
60560 3.33333e-06
60570 1.66667e-06
60580 1.66667e-06
