10 0.0555567
20 0.166668
30 0
40 0
50 0
60 1.66667e-06
70 1.66667e-06
80 1.66667e-06
90 3.33333e-06
100 0
110 0
120 1.66667e-06
130 0.16667
140 0.222225
150 0
160 0.0555583
170 0.0555567
180 0.0555583
190 1.66667e-06
200 0
210 0
220 0
230 3.33333e-06
240 0
250 1.66667e-06
260 1.66667e-06
270 1.66667e-06
280 1.66667e-06
290 3.33333e-06
300 1.66667e-06
310 0.16667
320 0
330 1.66667e-06
340 3.33333e-06
350 1.66667e-06
360 0
370 0
380 1.66667e-06
390 1.66667e-06
400 3.33333e-06
410 0
420 3.33333e-06
430 3.33333e-06
440 0
450 0
460 1.66667e-06
470 0
480 0
490 0
500 0
510 3.33333e-06
520 0
530 3.33333e-06
540 0
550 0.166668
560 1.66667e-06
570 1.66667e-06
580 1.66667e-06
590 1.66667e-06
600 1.66667e-06
610 0
620 1.66667e-06
630 1.66667e-06
640 1.66667e-06
650 3.33333e-06
660 1.66667e-06
670 1.66667e-06
680 0
690 0
700 0
710 0
720 1.66667e-06
730 0
740 1.66667e-06
750 0
760 0.166668
770 0.166668
780 1.66667e-06
790 3.33333e-06
800 0
810 1.66667e-06
820 1.66667e-06
830 1.66667e-06
840 1.66667e-06
850 0
860 0
870 1.66667e-06
880 1.66667e-06
890 3.33333e-06
900 3.33333e-06
910 1.66667e-06
920 0
930 0
940 3.33333e-06
950 0
960 0
970 0
980 0
990 1.66667e-06
1000 1.66667e-06
1010 1.66667e-06
1020 1.66667e-06
1030 0.166668
1040 3.33333e-06
1050 0
1060 0
1070 3.33333e-06
1080 0.16667
1090 0
1100 1.66667e-06
1110 0
1120 1.66667e-06
1130 3.33333e-06
1140 0
1150 1.66667e-06
1160 0
1170 1.66667e-06
1180 3.33333e-06
1190 0
1200 1.66667e-06
1210 1.66667e-06
1220 0
1230 0
1240 1.66667e-06
1250 3.33333e-06
1260 1.66667e-06
1270 1.66667e-06
1280 0
1290 0
1300 0
1310 0
1320 0
1330 1.66667e-06
1340 1.66667e-06
1350 3.33333e-06
1360 1.66667e-06
1370 0
1380 0
1390 0
1400 0
1410 0
1420 0
1430 0
1440 3.33333e-06
1450 0
1460 0
1470 0
1480 1.66667e-06
1490 1.66667e-06
1500 3.33333e-06
1510 0
1520 1.66667e-06
1530 0
1540 0
1550 0
1560 0
1570 1.66667e-06
1580 1.66667e-06
1590 3.33333e-06
1600 1.66667e-06
1610 3.33333e-06
1620 1.66667e-06
1630 0
1640 0
1650 3.33333e-06
1660 1.66667e-06
1670 1.66667e-06
1680 0
1690 1.66667e-06
1700 1.66667e-06
1710 3.33333e-06
1720 1.66667e-06
1730 0
1740 0
1750 0
1760 1.66667e-06
1770 1.66667e-06
1780 1.66667e-06
1790 1.66667e-06
1800 1.66667e-06
1810 1.66667e-06
1820 1.66667e-06
1830 1.66667e-06
1840 1.66667e-06
1850 3.33333e-06
1860 0
1870 0
1880 0
1890 0
1900 1.66667e-06
1910 0.166668
1920 0.16667
1930 3.33333e-06
1940 3.33333e-06
1950 1.66667e-06
1960 3.33333e-06
1970 3.33333e-06
1980 1.66667e-06
1990 1.66667e-06
2000 0
2010 3.33333e-06
2020 3.33333e-06
2030 1.66667e-06
2040 3.33333e-06
2050 3.33333e-06
2060 1.66667e-06
2070 1.66667e-06
2080 1.66667e-06
2090 3.33333e-06
2100 1.66667e-06
2110 1.66667e-06
2120 1.66667e-06
2130 1.66667e-06
2140 1.66667e-06
2150 0
2160 1.66667e-06
2170 1.66667e-06
2180 0
2190 1.66667e-06
2200 0
2210 1.66667e-06
2220 1.66667e-06
2230 1.66667e-06
2240 1.66667e-06
2250 3.33333e-06
2260 3.33333e-06
2270 1.66667e-06
2280 3.33333e-06
2290 3.33333e-06
2300 1.66667e-06
2310 1.66667e-06
2320 1.66667e-06
2330 1.66667e-06
2340 0.166668
2350 3.33333e-06
2360 3.33333e-06
2370 1.66667e-06
2380 0
2390 1.66667e-06
2400 1.66667e-06
2410 0
2420 3.33333e-06
2430 1.66667e-06
2440 3.33333e-06
2450 1.66667e-06
2460 1.66667e-06
2470 1.66667e-06
2480 3.33333e-06
2490 0
2500 1.66667e-06
2510 0
2520 0
2530 1.66667e-06
2540 1.66667e-06
2550 0
2560 0
2570 1.66667e-06
2580 1.66667e-06
2590 0
2600 0
2610 0
2620 0
2630 0
2640 1.66667e-06
2650 1.66667e-06
2660 0
2670 1.66667e-06
2680 1.66667e-06
2690 1.66667e-06
2700 1.66667e-06
2710 1.66667e-06
2720 0
2730 1.66667e-06
2740 1.66667e-06
2750 3.33333e-06
2760 1.66667e-06
2770 3.33333e-06
2780 1.66667e-06
2790 1.66667e-06
2800 0
2810 1.66667e-06
2820 1.66667e-06
2830 1.66667e-06
2840 1.66667e-06
2850 0
2860 1.66667e-06
2870 1.66667e-06
2880 1.66667e-06
2890 0
2900 3.33333e-06
2910 1.66667e-06
2920 0
2930 3.33333e-06
2940 1.66667e-06
2950 1.66667e-06
2960 1.66667e-06
2970 3.33333e-06
2980 1.66667e-06
2990 1.66667e-06
3000 1.66667e-06
3010 3.33333e-06
3020 3.33333e-06
3030 3.33333e-06
3040 1.66667e-06
3050 3.33333e-06
3060 1.66667e-06
3070 1.66667e-06
3080 0
3090 0
3100 0
3110 1.66667e-06
3120 1.66667e-06
3130 1.66667e-06
3140 1.66667e-06
3150 0
3160 0
3170 0
3180 1.66667e-06
3190 0
3200 0
3210 3.33333e-06
3220 0
3230 1.66667e-06
3240 3.33333e-06
3250 1.66667e-06
3260 0
3270 1.66667e-06
3280 0
3290 3.33333e-06
3300 3.33333e-06
3310 0
3320 1.66667e-06
3330 1.66667e-06
3340 1.66667e-06
3350 1.66667e-06
3360 3.33333e-06
3370 0
3380 1.66667e-06
3390 3.33333e-06
3400 0
3410 1.66667e-06
3420 0
3430 1.66667e-06
3440 3.33333e-06
3450 1.66667e-06
3460 0
3470 1.66667e-06
3480 1.66667e-06
3490 0
3500 1.66667e-06
3510 0
3520 3.33333e-06
3530 0
3540 0
3550 1.66667e-06
3560 0
3570 0
3580 3.33333e-06
3590 1.66667e-06
3600 1.66667e-06
3610 0
3620 0
3630 1.66667e-06
3640 1.66667e-06
3650 1.66667e-06
3660 1.66667e-06
3670 0
3680 1.66667e-06
3690 1.66667e-06
3700 3.33333e-06
3710 0
3720 0
3730 1.66667e-06
3740 1.66667e-06
3750 1.66667e-06
3760 1.66667e-06
3770 3.33333e-06
3780 3.33333e-06
3790 1.66667e-06
3800 0
3810 1.66667e-06
3820 1.66667e-06
3830 3.33333e-06
3840 1.66667e-06
3850 1.66667e-06
3860 0
3870 1.66667e-06
3880 3.33333e-06
3890 1.66667e-06
3900 1.66667e-06
3910 3.33333e-06
3920 0
3930 0
3940 1.66667e-06
3950 0
3960 0
3970 0
3980 1.66667e-06
3990 1.66667e-06
4000 0
4010 0
4020 0
4030 0
4040 0
4050 1.66667e-06
4060 3.33333e-06
4070 3.33333e-06
4080 0
4090 1.66667e-06
4100 1.66667e-06
4110 0
4120 1.66667e-06
4130 3.33333e-06
4140 1.66667e-06
4150 1.66667e-06
4160 1.66667e-06
4170 1.66667e-06
4180 3.33333e-06
4190 3.33333e-06
4200 1.66667e-06
4210 3.33333e-06
4220 0
4230 0
4240 1.66667e-06
4250 3.33333e-06
4260 3.33333e-06
4270 0
4280 1.66667e-06
4290 1.66667e-06
4300 0
4310 0
4320 1.66667e-06
4330 3.33333e-06
4340 1.66667e-06
4350 0
4360 0.166668
4370 0
4380 0
4390 1.66667e-06
4400 1.66667e-06
4410 1.66667e-06
4420 0
4430 1.66667e-06
4440 1.66667e-06
4450 1.66667e-06
4460 0
4470 3.33333e-06
4480 3.33333e-06
4490 1.66667e-06
4500 1.66667e-06
4510 1.66667e-06
4520 0
4530 3.33333e-06
4540 1.66667e-06
4550 0
4560 0
4570 1.66667e-06
4580 0
4590 3.33333e-06
4600 0
4610 0
4620 0
4630 3.33333e-06
4640 1.66667e-06
4650 0
4660 0
4670 0
4680 1.66667e-06
4690 3.33333e-06
4700 0
4710 1.66667e-06
4720 1.66667e-06
4730 1.66667e-06
4740 1.66667e-06
4750 0
4760 1.66667e-06
4770 1.66667e-06
4780 1.66667e-06
4790 1.66667e-06
4800 1.66667e-06
4810 0
4820 3.33333e-06
4830 1.66667e-06
4840 1.66667e-06
4850 1.66667e-06
4860 3.33333e-06
4870 1.66667e-06
4880 3.33333e-06
4890 0
4900 1.66667e-06
4910 0
4920 0
4930 0
4940 0
4950 0
4960 0
4970 0
4980 0
4990 1.66667e-06
5000 1.66667e-06
5010 3.33333e-06
5020 1.66667e-06
5030 3.33333e-06
5040 0
5050 3.33333e-06
5060 1.66667e-06
5070 1.66667e-06
5080 0
5090 1.66667e-06
5100 0
5110 0
5120 0
5130 3.33333e-06
5140 0
5150 0
5160 1.66667e-06
5170 0
5180 3.33333e-06
5190 0
5200 1.66667e-06
5210 1.66667e-06
5220 3.33333e-06
5230 1.66667e-06
5240 3.33333e-06
5250 0
5260 1.66667e-06
5270 3.33333e-06
5280 1.66667e-06
5290 1.66667e-06
5300 1.66667e-06
5310 1.66667e-06
5320 0
5330 1.66667e-06
5340 0
5350 3.33333e-06
5360 1.66667e-06
5370 3.33333e-06
5380 1.66667e-06
5390 1.66667e-06
5400 1.66667e-06
5410 1.66667e-06
5420 1.66667e-06
5430 1.66667e-06
5440 1.66667e-06
5450 0
5460 1.66667e-06
5470 1.66667e-06
5480 3.33333e-06
5490 1.66667e-06
5500 3.33333e-06
5510 3.33333e-06
5520 3.33333e-06
5530 1.66667e-06
5540 1.66667e-06
5550 0
5560 1.66667e-06
5570 1.66667e-06
5580 1.66667e-06
5590 1.66667e-06
5600 3.33333e-06
5610 0
5620 1.66667e-06
5630 1.66667e-06
5640 1.66667e-06
5650 1.66667e-06
5660 0
5670 0
5680 0
5690 1.66667e-06
5700 1.66667e-06
5710 1.66667e-06
5720 1.66667e-06
5730 3.33333e-06
5740 1.66667e-06
5750 3.33333e-06
5760 1.66667e-06
5770 3.33333e-06
5780 0
5790 1.66667e-06
5800 0
5810 1.66667e-06
5820 0
5830 0
5840 1.66667e-06
5850 1.66667e-06
5860 1.66667e-06
5870 1.66667e-06
5880 3.33333e-06
5890 3.33333e-06
5900 0.16667
5910 0
5920 3.33333e-06
5930 3.33333e-06
5940 0
5950 3.33333e-06
5960 1.66667e-06
5970 3.33333e-06
5980 1.66667e-06
5990 0
6000 1.66667e-06
6010 1.66667e-06
6020 3.33333e-06
6030 3.33333e-06
6040 1.66667e-06
6050 1.66667e-06
6060 3.33333e-06
6070 1.66667e-06
6080 1.66667e-06
6090 0
6100 1.66667e-06
6110 1.66667e-06
6120 1.66667e-06
6130 0
6140 1.66667e-06
6150 1.66667e-06
6160 1.66667e-06
6170 3.33333e-06
6180 3.33333e-06
6190 0
6200 1.66667e-06
6210 1.66667e-06
6220 3.33333e-06
6230 1.66667e-06
6240 0
6250 0
6260 0
6270 0
6280 1.66667e-06
6290 0
6300 0
6310 0
6320 1.66667e-06
6330 0
6340 1.66667e-06
6350 1.66667e-06
6360 1.66667e-06
6370 1.66667e-06
6380 3.33333e-06
6390 1.66667e-06
6400 3.33333e-06
6410 1.66667e-06
6420 1.66667e-06
6430 1.66667e-06
6440 0
6450 3.33333e-06
6460 3.33333e-06
6470 1.66667e-06
6480 3.33333e-06
6490 1.66667e-06
6500 1.66667e-06
6510 3.33333e-06
6520 1.66667e-06
6530 0
6540 1.66667e-06
6550 1.66667e-06
6560 1.66667e-06
6570 1.66667e-06
6580 1.66667e-06
6590 0
6600 1.66667e-06
6610 1.66667e-06
6620 3.33333e-06
6630 1.66667e-06
6640 0
6650 1.66667e-06
6660 1.66667e-06
6670 1.66667e-06
6680 1.66667e-06
6690 3.33333e-06
6700 3.33333e-06
6710 3.33333e-06
6720 1.66667e-06
6730 1.66667e-06
6740 0
6750 0
6760 1.66667e-06
6770 1.66667e-06
6780 3.33333e-06
6790 3.33333e-06
6800 0
6810 0
6820 3.33333e-06
6830 1.66667e-06
6840 3.33333e-06
6850 3.33333e-06
6860 1.66667e-06
6870 0
6880 1.66667e-06
6890 1.66667e-06
6900 1.66667e-06
6910 3.33333e-06
6920 1.66667e-06
6930 1.66667e-06
6940 1.66667e-06
6950 3.33333e-06
6960 0
6970 3.33333e-06
6980 1.66667e-06
6990 1.66667e-06
7000 3.33333e-06
7010 1.66667e-06
7020 1.66667e-06
7030 1.66667e-06
7040 3.33333e-06
7050 3.33333e-06
7060 3.33333e-06
7070 1.66667e-06
7080 1.66667e-06
7090 3.33333e-06
7100 0
7110 1.66667e-06
7120 1.66667e-06
7130 1.66667e-06
7140 0
7150 1.66667e-06
7160 1.66667e-06
7170 1.66667e-06
7180 1.66667e-06
7190 1.66667e-06
7200 1.66667e-06
7210 3.33333e-06
7220 1.66667e-06
7230 1.66667e-06
7240 1.66667e-06
7250 1.66667e-06
7260 1.66667e-06
7270 3.33333e-06
7280 1.66667e-06
7290 1.66667e-06
7300 0
7310 1.66667e-06
7320 1.66667e-06
7330 0
7340 0
7350 3.33333e-06
7360 1.66667e-06
7370 1.66667e-06
7380 0
7390 1.66667e-06
7400 3.33333e-06
7410 3.33333e-06
7420 0
7430 1.66667e-06
7440 0
7450 1.66667e-06
7460 1.66667e-06
7470 0
7480 1.66667e-06
7490 1.66667e-06
7500 3.33333e-06
7510 1.66667e-06
7520 1.66667e-06
7530 1.66667e-06
7540 3.33333e-06
7550 1.66667e-06
7560 1.66667e-06
7570 1.66667e-06
7580 0
7590 3.33333e-06
7600 1.66667e-06
7610 1.66667e-06
7620 1.66667e-06
7630 1.66667e-06
7640 1.66667e-06
7650 0
7660 3.33333e-06
7670 1.66667e-06
7680 0
7690 3.33333e-06
7700 0
7710 3.33333e-06
7720 1.66667e-06
7730 1.66667e-06
7740 1.66667e-06
7750 1.66667e-06
7760 1.66667e-06
7770 1.66667e-06
7780 3.33333e-06
7790 0
7800 1.66667e-06
7810 1.66667e-06
7820 1.66667e-06
7830 0
7840 1.66667e-06
7850 1.66667e-06
7860 3.33333e-06
7870 1.66667e-06
7880 1.66667e-06
7890 0
7900 1.66667e-06
7910 1.66667e-06
7920 1.66667e-06
7930 1.66667e-06
7940 1.66667e-06
7950 0
7960 1.66667e-06
7970 1.66667e-06
7980 0
7990 3.33333e-06
8000 3.33333e-06
8010 1.66667e-06
8020 1.66667e-06
8030 0
8040 3.33333e-06
8050 1.66667e-06
8060 1.66667e-06
8070 1.66667e-06
8080 1.66667e-06
8090 1.66667e-06
8100 3.33333e-06
8110 3.33333e-06
8120 0
8130 1.66667e-06
8140 1.66667e-06
8150 0
8160 0
8170 0
8180 1.66667e-06
8190 3.33333e-06
8200 1.66667e-06
8210 1.66667e-06
8220 1.66667e-06
8230 1.66667e-06
8240 3.33333e-06
8250 1.66667e-06
8260 1.66667e-06
8270 1.66667e-06
8280 3.33333e-06
8290 1.66667e-06
8300 1.66667e-06
8310 0
8320 0
8330 1.66667e-06
8340 0
8350 1.66667e-06
8360 1.66667e-06
8370 3.33333e-06
8380 0
8390 1.66667e-06
8400 3.33333e-06
8410 1.66667e-06
8420 0
8430 3.33333e-06
8440 1.66667e-06
8450 3.33333e-06
8460 1.66667e-06
8470 0
8480 0
8490 3.33333e-06
8500 1.66667e-06
8510 3.33333e-06
8520 3.33333e-06
8530 3.33333e-06
8540 1.66667e-06
8550 1.66667e-06
8560 3.33333e-06
8570 1.66667e-06
8580 0
8590 1.66667e-06
8600 1.66667e-06
8610 3.33333e-06
8620 1.66667e-06
8630 3.33333e-06
8640 0
8650 1.66667e-06
8660 0
8670 0
8680 0
8690 0
8700 3.33333e-06
8710 1.66667e-06
8720 1.66667e-06
8730 0
8740 0
8750 3.33333e-06
8760 1.66667e-06
8770 1.66667e-06
8780 1.66667e-06
8790 3.33333e-06
8800 1.66667e-06
8810 0
8820 3.33333e-06
8830 1.66667e-06
8840 1.66667e-06
8850 0
8860 0
8870 0
8880 3.33333e-06
8890 0
8900 1.66667e-06
8910 0
8920 3.33333e-06
8930 3.33333e-06
8940 1.66667e-06
8950 3.33333e-06
8960 3.33333e-06
8970 3.33333e-06
8980 3.33333e-06
8990 1.66667e-06
9000 1.66667e-06
9010 1.66667e-06
9020 1.66667e-06
9030 0
9040 1.66667e-06
9050 0
9060 0
9070 3.33333e-06
9080 1.66667e-06
9090 0
9100 0
9110 1.66667e-06
9120 0
9130 1.66667e-06
9140 0
9150 3.33333e-06
9160 1.66667e-06
9170 0
9180 0
9190 1.66667e-06
9200 3.33333e-06
9210 3.33333e-06
9220 0
9230 3.33333e-06
9240 0
9250 0
9260 0
9270 1.66667e-06
9280 0
9290 1.66667e-06
9300 3.33333e-06
9310 3.33333e-06
9320 3.33333e-06
9330 0
9340 0
9350 0
9360 0
9370 3.33333e-06
9380 0
9390 3.33333e-06
9400 3.33333e-06
9410 3.33333e-06
9420 1.66667e-06
9430 0
9440 3.33333e-06
9450 1.66667e-06
9460 3.33333e-06
9470 1.66667e-06
9480 0
9490 1.66667e-06
9500 1.66667e-06
9510 3.33333e-06
9520 1.66667e-06
9530 1.66667e-06
9540 1.66667e-06
9550 1.66667e-06
9560 0
9570 1.66667e-06
9580 0
9590 1.66667e-06
9600 0
9610 1.66667e-06
9620 1.66667e-06
9630 0
9640 3.33333e-06
9650 3.33333e-06
9660 1.66667e-06
9670 1.66667e-06
9680 1.66667e-06
9690 1.66667e-06
9700 1.66667e-06
9710 3.33333e-06
9720 1.66667e-06
9730 0
9740 0
9750 1.66667e-06
9760 0
9770 1.66667e-06
9780 1.66667e-06
9790 1.66667e-06
9800 3.33333e-06
9810 0
9820 3.33333e-06
9830 3.33333e-06
9840 0
9850 1.66667e-06
9860 0
9870 1.66667e-06
9880 0
9890 0
9900 1.66667e-06
9910 1.66667e-06
9920 1.66667e-06
9930 0
9940 1.66667e-06
9950 1.66667e-06
9960 0
9970 3.33333e-06
9980 1.66667e-06
9990 3.33333e-06
10000 3.33333e-06
10010 0
10020 1.66667e-06
10030 1.66667e-06
10040 3.33333e-06
10050 0
10060 1.66667e-06
10070 1.66667e-06
10080 1.66667e-06
10090 3.33333e-06
10100 1.66667e-06
10110 1.66667e-06
10120 1.66667e-06
10130 1.66667e-06
10140 1.66667e-06
10150 1.66667e-06
10160 1.66667e-06
10170 0
10180 1.66667e-06
10190 1.66667e-06
10200 1.66667e-06
10210 1.66667e-06
10220 3.33333e-06
10230 1.66667e-06
10240 1.66667e-06
10250 1.66667e-06
10260 1.66667e-06
10270 3.33333e-06
10280 1.66667e-06
10290 1.66667e-06
10300 0
10310 0
10320 1.66667e-06
10330 1.66667e-06
10340 3.33333e-06
10350 1.66667e-06
10360 0
10370 1.66667e-06
10380 1.66667e-06
10390 1.66667e-06
10400 1.66667e-06
10410 1.66667e-06
10420 0
10430 1.66667e-06
10440 1.66667e-06
10450 0
10460 0
10470 1.66667e-06
10480 3.33333e-06
10490 1.66667e-06
10500 0
10510 1.66667e-06
10520 3.33333e-06
10530 1.66667e-06
10540 1.66667e-06
10550 1.66667e-06
10560 3.33333e-06
10570 1.66667e-06
10580 0
10590 1.66667e-06
10600 1.66667e-06
10610 3.33333e-06
10620 3.33333e-06
10630 0
10640 3.33333e-06
10650 1.66667e-06
10660 0
10670 1.66667e-06
10680 1.66667e-06
10690 3.33333e-06
10700 1.66667e-06
10710 1.66667e-06
10720 1.66667e-06
10730 3.33333e-06
10740 1.66667e-06
10750 1.66667e-06
10760 1.66667e-06
10770 1.66667e-06
10780 1.66667e-06
10790 1.66667e-06
10800 1.66667e-06
10810 0
10820 1.66667e-06
10830 3.33333e-06
10840 0
10850 3.33333e-06
10860 3.33333e-06
10870 3.33333e-06
10880 1.66667e-06
10890 0
10900 1.66667e-06
10910 1.66667e-06
10920 0
10930 3.33333e-06
10940 0
10950 3.33333e-06
10960 1.66667e-06
10970 1.66667e-06
10980 0
10990 1.66667e-06
11000 1.66667e-06
11010 1.66667e-06
11020 1.66667e-06
11030 3.33333e-06
11040 3.33333e-06
11050 0
11060 1.66667e-06
11070 1.66667e-06
11080 3.33333e-06
11090 1.66667e-06
11100 1.66667e-06
11110 0
11120 1.66667e-06
11130 1.66667e-06
11140 3.33333e-06
11150 3.33333e-06
11160 1.66667e-06
11170 1.66667e-06
11180 0
11190 3.33333e-06
11200 3.33333e-06
11210 1.66667e-06
11220 1.66667e-06
11230 3.33333e-06
11240 0
11250 1.66667e-06
11260 3.33333e-06
11270 0
11280 1.66667e-06
11290 1.66667e-06
11300 1.66667e-06
11310 3.33333e-06
11320 3.33333e-06
11330 0
11340 0
11350 1.66667e-06
11360 0
11370 3.33333e-06
11380 0
11390 0
11400 3.33333e-06
11410 1.66667e-06
11420 1.66667e-06
11430 3.33333e-06
11440 0
11450 1.66667e-06
11460 1.66667e-06
11470 1.66667e-06
11480 3.33333e-06
11490 0
11500 3.33333e-06
11510 1.66667e-06
11520 0
11530 3.33333e-06
11540 3.33333e-06
11550 3.33333e-06
11560 1.66667e-06
11570 0
11580 3.33333e-06
11590 3.33333e-06
11600 1.66667e-06
11610 1.66667e-06
11620 1.66667e-06
11630 1.66667e-06
11640 3.33333e-06
11650 3.33333e-06
11660 1.66667e-06
11670 3.33333e-06
11680 3.33333e-06
11690 3.33333e-06
11700 0
11710 1.66667e-06
11720 0
11730 1.66667e-06
11740 1.66667e-06
11750 0
11760 1.66667e-06
11770 1.66667e-06
11780 1.66667e-06
11790 1.66667e-06
11800 1.66667e-06
11810 1.66667e-06
11820 1.66667e-06
11830 0
11840 1.66667e-06
11850 0
11860 1.66667e-06
11870 0
11880 0
11890 1.66667e-06
11900 3.33333e-06
11910 0
11920 1.66667e-06
11930 1.66667e-06
11940 0
11950 0
11960 0
11970 1.66667e-06
11980 3.33333e-06
11990 1.66667e-06
12000 3.33333e-06
12010 0
12020 0
12030 1.66667e-06
12040 3.33333e-06
12050 0
12060 1.66667e-06
12070 1.66667e-06
12080 1.66667e-06
12090 0
12100 0
12110 1.66667e-06
12120 0
12130 1.66667e-06
12140 0
12150 0
12160 0
12170 1.66667e-06
12180 3.33333e-06
12190 1.66667e-06
12200 1.66667e-06
12210 1.66667e-06
12220 1.66667e-06
12230 0
12240 0
12250 1.66667e-06
12260 0
12270 0
12280 0
12290 1.66667e-06
12300 1.66667e-06
12310 1.66667e-06
12320 0
12330 1.66667e-06
12340 0
12350 1.66667e-06
12360 1.66667e-06
12370 1.66667e-06
12380 3.33333e-06
12390 1.66667e-06
12400 1.66667e-06
12410 3.33333e-06
12420 0
12430 3.33333e-06
12440 0
12450 1.66667e-06
12460 1.66667e-06
12470 0
12480 0
12490 0
12500 1.66667e-06
12510 3.33333e-06
12520 1.66667e-06
12530 3.33333e-06
12540 1.66667e-06
12550 1.66667e-06
12560 1.66667e-06
12570 1.66667e-06
12580 0
12590 3.33333e-06
12600 1.66667e-06
12610 3.33333e-06
12620 3.33333e-06
12630 3.33333e-06
12640 3.33333e-06
12650 0
12660 0
12670 0
12680 0
12690 3.33333e-06
12700 3.33333e-06
12710 3.33333e-06
12720 3.33333e-06
12730 1.66667e-06
12740 0
12750 1.66667e-06
12760 3.33333e-06
12770 0
12780 1.66667e-06
12790 1.66667e-06
12800 0
12810 1.66667e-06
12820 1.66667e-06
12830 1.66667e-06
12840 3.33333e-06
12850 0
12860 1.66667e-06
12870 0
12880 0
12890 0
12900 3.33333e-06
12910 0
12920 1.66667e-06
12930 3.33333e-06
12940 0
12950 1.66667e-06
12960 1.66667e-06
12970 1.66667e-06
12980 1.66667e-06
12990 3.33333e-06
13000 1.66667e-06
13010 1.66667e-06
13020 1.66667e-06
13030 1.66667e-06
13040 1.66667e-06
13050 3.33333e-06
13060 1.66667e-06
13070 0
13080 3.33333e-06
13090 1.66667e-06
13100 3.33333e-06
13110 0
13120 1.66667e-06
13130 0
13140 0
13150 0
13160 3.33333e-06
13170 1.66667e-06
13180 3.33333e-06
13190 1.66667e-06
13200 0
13210 1.66667e-06
13220 1.66667e-06
13230 1.66667e-06
13240 1.66667e-06
13250 1.66667e-06
13260 0
13270 0
13280 3.33333e-06
13290 3.33333e-06
13300 1.66667e-06
13310 3.33333e-06
13320 1.66667e-06
13330 1.66667e-06
13340 1.66667e-06
13350 1.66667e-06
13360 3.33333e-06
13370 1.66667e-06
13380 3.33333e-06
13390 1.66667e-06
13400 1.66667e-06
13410 0
13420 1.66667e-06
13430 1.66667e-06
13440 3.33333e-06
13450 1.66667e-06
13460 1.66667e-06
13470 0
13480 1.66667e-06
13490 0
13500 0
13510 1.66667e-06
13520 1.66667e-06
13530 0
13540 0
13550 1.66667e-06
13560 1.66667e-06
13570 0
13580 0
13590 1.66667e-06
13600 0
13610 0
13620 1.66667e-06
13630 1.66667e-06
13640 0
13650 0
13660 3.33333e-06
13670 0
13680 1.66667e-06
13690 3.33333e-06
13700 0
13710 0
13720 1.66667e-06
13730 1.66667e-06
13740 3.33333e-06
13750 1.66667e-06
13760 0
13770 1.66667e-06
13780 3.33333e-06
13790 1.66667e-06
13800 0
13810 3.33333e-06
13820 0
13830 1.66667e-06
13840 1.66667e-06
13850 1.66667e-06
13860 1.66667e-06
13870 3.33333e-06
13880 1.66667e-06
13890 3.33333e-06
13900 0
13910 3.33333e-06
13920 1.66667e-06
13930 0
13940 0
13950 1.66667e-06
13960 0
13970 1.66667e-06
13980 1.66667e-06
13990 0
14000 0
14010 1.66667e-06
14020 3.33333e-06
14030 1.66667e-06
14040 1.66667e-06
14050 3.33333e-06
14060 0
14070 1.66667e-06
14080 0
14090 1.66667e-06
14100 1.66667e-06
14110 1.66667e-06
14120 0
14130 1.66667e-06
14140 0
14150 3.33333e-06
14160 0
14170 1.66667e-06
14180 0
14190 0
14200 1.66667e-06
14210 1.66667e-06
14220 0
14230 1.66667e-06
14240 3.33333e-06
14250 1.66667e-06
14260 0
14270 1.66667e-06
14280 3.33333e-06
14290 1.66667e-06
14300 3.33333e-06
14310 3.33333e-06
14320 1.66667e-06
14330 0
14340 1.66667e-06
14350 0
14360 3.33333e-06
14370 1.66667e-06
14380 1.66667e-06
14390 0
14400 0
14410 0
14420 0
14430 1.66667e-06
14440 3.33333e-06
14450 1.66667e-06
14460 0
14470 0
14480 0
14490 3.33333e-06
14500 1.66667e-06
14510 0
14520 0
14530 0
14540 1.66667e-06
14550 1.66667e-06
14560 3.33333e-06
14570 1.66667e-06
14580 1.66667e-06
14590 0
14600 1.66667e-06
14610 0
14620 0
14630 1.66667e-06
14640 1.66667e-06
14650 1.66667e-06
14660 1.66667e-06
14670 1.66667e-06
14680 1.66667e-06
14690 1.66667e-06
14700 1.66667e-06
14710 1.66667e-06
14720 1.66667e-06
14730 1.66667e-06
14740 1.66667e-06
14750 0
14760 1.66667e-06
14770 1.66667e-06
14780 3.33333e-06
14790 3.33333e-06
14800 0
14810 0
14820 0
14830 1.66667e-06
14840 1.66667e-06
14850 1.66667e-06
14860 1.66667e-06
14870 1.66667e-06
14880 1.66667e-06
14890 0
14900 0
14910 1.66667e-06
14920 1.66667e-06
14930 1.66667e-06
14940 1.66667e-06
14950 1.66667e-06
14960 1.66667e-06
14970 1.66667e-06
14980 1.66667e-06
14990 3.33333e-06
15000 1.66667e-06
15010 3.33333e-06
15020 1.66667e-06
15030 0
15040 1.66667e-06
15050 1.66667e-06
15060 1.66667e-06
15070 0
15080 1.66667e-06
15090 0
15100 1.66667e-06
15110 0
15120 0
15130 0
15140 0
15150 1.66667e-06
15160 0
15170 0
15180 0
15190 1.66667e-06
15200 3.33333e-06
15210 3.33333e-06
15220 1.66667e-06
15230 1.66667e-06
15240 1.66667e-06
15250 1.66667e-06
15260 1.66667e-06
15270 1.66667e-06
15280 1.66667e-06
15290 3.33333e-06
15300 0
15310 3.33333e-06
15320 1.66667e-06
15330 1.66667e-06
15340 3.33333e-06
15350 0
15360 1.66667e-06
15370 1.66667e-06
15380 0
15390 1.66667e-06
15400 1.66667e-06
15410 1.66667e-06
15420 1.66667e-06
15430 1.66667e-06
15440 0
15450 0
15460 3.33333e-06
15470 0
15480 0
15490 3.33333e-06
15500 3.33333e-06
15510 0
15520 1.66667e-06
15530 0
15540 1.66667e-06
15550 3.33333e-06
15560 3.33333e-06
15570 3.33333e-06
15580 3.33333e-06
15590 3.33333e-06
15600 0
15610 3.33333e-06
15620 1.66667e-06
15630 1.66667e-06
15640 0
15650 1.66667e-06
15660 0
15670 0
15680 1.66667e-06
15690 1.66667e-06
15700 1.66667e-06
15710 3.33333e-06
15720 1.66667e-06
15730 1.66667e-06
15740 0
15750 1.66667e-06
15760 1.66667e-06
15770 0
15780 3.33333e-06
15790 1.66667e-06
15800 3.33333e-06
15810 3.33333e-06
15820 1.66667e-06
15830 1.66667e-06
15840 0
15850 1.66667e-06
15860 1.66667e-06
15870 1.66667e-06
15880 1.66667e-06
15890 1.66667e-06
15900 1.66667e-06
15910 0
15920 1.66667e-06
15930 1.66667e-06
15940 0
15950 1.66667e-06
15960 3.33333e-06
15970 1.66667e-06
15980 1.66667e-06
15990 0
16000 1.66667e-06
16010 1.66667e-06
16020 1.66667e-06
16030 3.33333e-06
16040 0
16050 0
16060 0
16070 3.33333e-06
16080 1.66667e-06
16090 3.33333e-06
16100 1.66667e-06
16110 1.66667e-06
16120 0
16130 0
16140 1.66667e-06
16150 1.66667e-06
16160 3.33333e-06
16170 3.33333e-06
16180 1.66667e-06
16190 0
16200 1.66667e-06
16210 1.66667e-06
16220 0
16230 1.66667e-06
16240 1.66667e-06
16250 0
16260 1.66667e-06
16270 1.66667e-06
16280 0
16290 1.66667e-06
16300 1.66667e-06
16310 0
16320 3.33333e-06
16330 1.66667e-06
16340 3.33333e-06
16350 3.33333e-06
16360 0
16370 0
16380 1.66667e-06
16390 3.33333e-06
16400 3.33333e-06
16410 0
16420 1.66667e-06
16430 1.66667e-06
16440 3.33333e-06
16450 3.33333e-06
16460 1.66667e-06
16470 1.66667e-06
16480 1.66667e-06
16490 1.66667e-06
16500 3.33333e-06
16510 1.66667e-06
16520 0
16530 0
16540 0
16550 0
16560 3.33333e-06
16570 0
16580 0
16590 1.66667e-06
16600 1.66667e-06
16610 1.66667e-06
16620 1.66667e-06
16630 1.66667e-06
16640 1.66667e-06
16650 0
16660 1.66667e-06
16670 1.66667e-06
16680 1.66667e-06
16690 0
16700 3.33333e-06
16710 3.33333e-06
16720 1.66667e-06
16730 3.33333e-06
16740 0
16750 3.33333e-06
16760 3.33333e-06
16770 3.33333e-06
16780 1.66667e-06
16790 0
16800 1.66667e-06
16810 1.66667e-06
16820 1.66667e-06
16830 0
16840 1.66667e-06
16850 1.66667e-06
16860 0
16870 0
16880 0
16890 3.33333e-06
16900 1.66667e-06
16910 1.66667e-06
16920 1.66667e-06
16930 0
16940 3.33333e-06
16950 3.33333e-06
16960 1.66667e-06
16970 3.33333e-06
16980 0
16990 3.33333e-06
17000 1.66667e-06
17010 1.66667e-06
17020 0
17030 0
17040 1.66667e-06
17050 0
17060 1.66667e-06
17070 1.66667e-06
17080 3.33333e-06
17090 3.33333e-06
17100 1.66667e-06
17110 3.33333e-06
17120 0
17130 1.66667e-06
17140 1.66667e-06
17150 1.66667e-06
17160 1.66667e-06
17170 1.66667e-06
17180 3.33333e-06
17190 1.66667e-06
17200 1.66667e-06
17210 1.66667e-06
17220 1.66667e-06
17230 0
17240 3.33333e-06
17250 3.33333e-06
17260 1.66667e-06
17270 1.66667e-06
17280 3.33333e-06
17290 1.66667e-06
17300 1.66667e-06
17310 1.66667e-06
17320 1.66667e-06
17330 0
17340 1.66667e-06
17350 1.66667e-06
17360 3.33333e-06
17370 1.66667e-06
17380 0
17390 3.33333e-06
17400 3.33333e-06
17410 0
17420 1.66667e-06
17430 3.33333e-06
17440 3.33333e-06
17450 1.66667e-06
17460 1.66667e-06
17470 1.66667e-06
17480 1.66667e-06
17490 0
17500 1.66667e-06
17510 3.33333e-06
17520 1.66667e-06
17530 1.66667e-06
17540 1.66667e-06
17550 1.66667e-06
17560 1.66667e-06
17570 0
17580 3.33333e-06
17590 3.33333e-06
17600 1.66667e-06
17610 3.33333e-06
17620 3.33333e-06
17630 1.66667e-06
17640 1.66667e-06
17650 3.33333e-06
17660 0
17670 1.66667e-06
17680 0
17690 3.33333e-06
17700 1.66667e-06
17710 3.33333e-06
17720 1.66667e-06
17730 1.66667e-06
17740 1.66667e-06
17750 1.66667e-06
17760 1.66667e-06
17770 0
17780 1.66667e-06
17790 0
17800 3.33333e-06
17810 3.33333e-06
17820 3.33333e-06
17830 0
17840 3.33333e-06
17850 1.66667e-06
17860 0
17870 0
17880 0
17890 1.66667e-06
17900 3.33333e-06
17910 0
17920 1.66667e-06
17930 0
17940 0
17950 3.33333e-06
17960 1.66667e-06
17970 1.66667e-06
17980 3.33333e-06
17990 1.66667e-06
18000 3.33333e-06
18010 3.33333e-06
18020 1.66667e-06
18030 0
18040 1.66667e-06
18050 0
18060 1.66667e-06
18070 3.33333e-06
18080 0
18090 1.66667e-06
18100 1.66667e-06
18110 1.66667e-06
18120 0
18130 1.66667e-06
18140 1.66667e-06
18150 3.33333e-06
18160 3.33333e-06
18170 1.66667e-06
18180 3.33333e-06
18190 3.33333e-06
18200 3.33333e-06
18210 1.66667e-06
18220 0
18230 1.66667e-06
18240 1.66667e-06
18250 1.66667e-06
18260 3.33333e-06
18270 1.66667e-06
18280 1.66667e-06
18290 3.33333e-06
18300 0
18310 1.66667e-06
18320 1.66667e-06
18330 1.66667e-06
18340 3.33333e-06
18350 0
18360 3.33333e-06
18370 1.66667e-06
18380 1.66667e-06
18390 1.66667e-06
18400 1.66667e-06
18410 1.66667e-06
18420 0
18430 1.66667e-06
18440 3.33333e-06
18450 1.66667e-06
18460 3.33333e-06
18470 1.66667e-06
18480 1.66667e-06
18490 0
18500 3.33333e-06
18510 1.66667e-06
18520 3.33333e-06
18530 3.33333e-06
18540 3.33333e-06
18550 3.33333e-06
18560 1.66667e-06
18570 1.66667e-06
18580 1.66667e-06
18590 1.66667e-06
18600 1.66667e-06
18610 3.33333e-06
18620 1.66667e-06
18630 0
18640 1.66667e-06
18650 1.66667e-06
18660 1.66667e-06
18670 3.33333e-06
18680 3.33333e-06
18690 3.33333e-06
18700 0
18710 0
18720 1.66667e-06
18730 3.33333e-06
18740 1.66667e-06
18750 0
18760 3.33333e-06
18770 3.33333e-06
18780 1.66667e-06
18790 1.66667e-06
18800 1.66667e-06
18810 1.66667e-06
18820 1.66667e-06
18830 0
18840 1.66667e-06
18850 1.66667e-06
18860 1.66667e-06
18870 3.33333e-06
18880 3.33333e-06
18890 1.66667e-06
18900 1.66667e-06
18910 0
18920 3.33333e-06
18930 0
18940 0
18950 1.66667e-06
18960 1.66667e-06
18970 1.66667e-06
18980 0
18990 1.66667e-06
19000 0
19010 0
19020 1.66667e-06
19030 3.33333e-06
19040 0
19050 0
19060 3.33333e-06
19070 1.66667e-06
19080 0
19090 3.33333e-06
19100 3.33333e-06
19110 1.66667e-06
19120 3.33333e-06
19130 1.66667e-06
19140 3.33333e-06
19150 3.33333e-06
19160 3.33333e-06
19170 3.33333e-06
19180 3.33333e-06
19190 0
19200 3.33333e-06
19210 0
19220 0
19230 3.33333e-06
19240 3.33333e-06
19250 0
19260 1.66667e-06
19270 3.33333e-06
19280 1.66667e-06
19290 1.66667e-06
19300 0
19310 1.66667e-06
19320 3.33333e-06
19330 1.66667e-06
19340 0
19350 3.33333e-06
19360 1.66667e-06
19370 0
19380 1.66667e-06
19390 1.66667e-06
19400 0
19410 3.33333e-06
19420 1.66667e-06
19430 1.66667e-06
19440 3.33333e-06
19450 0
19460 0
19470 0
19480 1.66667e-06
19490 1.66667e-06
19500 1.66667e-06
19510 0
19520 1.66667e-06
19530 1.66667e-06
19540 0
19550 1.66667e-06
19560 1.66667e-06
19570 3.33333e-06
19580 1.66667e-06
19590 1.66667e-06
19600 1.66667e-06
19610 0
19620 1.66667e-06
19630 1.66667e-06
19640 1.66667e-06
19650 0
19660 0
19670 1.66667e-06
19680 1.66667e-06
19690 0
19700 3.33333e-06
19710 0
19720 1.66667e-06
19730 1.66667e-06
19740 0
19750 1.66667e-06
19760 1.66667e-06
19770 1.66667e-06
19780 1.66667e-06
19790 0
19800 0
19810 1.66667e-06
19820 0
19830 1.66667e-06
19840 0
19850 1.66667e-06
19860 0
19870 1.66667e-06
19880 1.66667e-06
19890 1.66667e-06
19900 1.66667e-06
19910 0
19920 0
19930 0
19940 1.66667e-06
19950 0
19960 1.66667e-06
19970 0
19980 0
19990 0
20000 0
20010 1.66667e-06
20020 0
20030 3.33333e-06
20040 3.33333e-06
20050 1.66667e-06
20060 1.66667e-06
20070 0
20080 1.66667e-06
20090 1.66667e-06
20100 1.66667e-06
20110 1.66667e-06
20120 1.66667e-06
20130 1.66667e-06
20140 0
20150 3.33333e-06
20160 1.66667e-06
20170 0
20180 0
20190 0
20200 3.33333e-06
20210 0
20220 1.66667e-06
20230 1.66667e-06
20240 0
20250 3.33333e-06
20260 3.33333e-06
20270 1.66667e-06
20280 0
20290 0
20300 1.66667e-06
20310 0
20320 1.66667e-06
20330 1.66667e-06
20340 1.66667e-06
20350 1.66667e-06
20360 1.66667e-06
20370 1.66667e-06
20380 1.66667e-06
20390 0
20400 3.33333e-06
20410 0
20420 0
20430 0
20440 1.66667e-06
20450 0
20460 1.66667e-06
20470 0
20480 1.66667e-06
20490 0
20500 0
20510 3.33333e-06
20520 0
20530 1.66667e-06
20540 1.66667e-06
20550 1.66667e-06
20560 1.66667e-06
20570 3.33333e-06
20580 3.33333e-06
20590 0
20600 3.33333e-06
20610 1.66667e-06
20620 1.66667e-06
20630 3.33333e-06
20640 1.66667e-06
20650 0
20660 3.33333e-06
20670 1.66667e-06
20680 3.33333e-06
20690 3.33333e-06
20700 1.66667e-06
20710 0
20720 1.66667e-06
20730 3.33333e-06
20740 1.66667e-06
20750 1.66667e-06
20760 1.66667e-06
20770 3.33333e-06
20780 1.66667e-06
20790 1.66667e-06
20800 3.33333e-06
20810 1.66667e-06
20820 1.66667e-06
20830 0
20840 1.66667e-06
20850 0
20860 1.66667e-06
20870 1.66667e-06
20880 0
20890 1.66667e-06
20900 0
20910 1.66667e-06
20920 0
20930 1.66667e-06
20940 3.33333e-06
20950 1.66667e-06
20960 1.66667e-06
20970 0
20980 3.33333e-06
20990 1.66667e-06
21000 1.66667e-06
21010 1.66667e-06
21020 0
21030 3.33333e-06
21040 1.66667e-06
21050 1.66667e-06
21060 0
21070 0
21080 0
21090 3.33333e-06
21100 1.66667e-06
21110 1.66667e-06
21120 3.33333e-06
21130 1.66667e-06
21140 1.66667e-06
21150 3.33333e-06
21160 1.66667e-06
21170 0
21180 0
21190 1.66667e-06
21200 0
21210 0
21220 3.33333e-06
21230 3.33333e-06
21240 0
21250 0
21260 3.33333e-06
21270 0
21280 0
21290 3.33333e-06
21300 3.33333e-06
21310 3.33333e-06
21320 1.66667e-06
21330 3.33333e-06
21340 1.66667e-06
21350 3.33333e-06
21360 3.33333e-06
21370 1.66667e-06
21380 1.66667e-06
21390 0
21400 1.66667e-06
21410 1.66667e-06
21420 1.66667e-06
21430 3.33333e-06
21440 1.66667e-06
21450 1.66667e-06
21460 1.66667e-06
21470 0
21480 1.66667e-06
21490 1.66667e-06
21500 3.33333e-06
21510 1.66667e-06
21520 0
21530 3.33333e-06
21540 1.66667e-06
21550 0
21560 1.66667e-06
21570 1.66667e-06
21580 1.66667e-06
21590 1.66667e-06
21600 3.33333e-06
21610 0
21620 1.66667e-06
21630 0
21640 1.66667e-06
21650 1.66667e-06
21660 1.66667e-06
21670 0
21680 0
21690 0
21700 3.33333e-06
21710 3.33333e-06
21720 3.33333e-06
21730 3.33333e-06
21740 3.33333e-06
21750 0
21760 1.66667e-06
21770 0
21780 1.66667e-06
21790 3.33333e-06
21800 1.66667e-06
21810 1.66667e-06
21820 1.66667e-06
21830 3.33333e-06
21840 3.33333e-06
21850 3.33333e-06
21860 1.66667e-06
21870 1.66667e-06
21880 1.66667e-06
21890 1.66667e-06
21900 0
21910 1.66667e-06
21920 1.66667e-06
21930 3.33333e-06
21940 0
21950 3.33333e-06
21960 1.66667e-06
21970 1.66667e-06
21980 1.66667e-06
21990 3.33333e-06
22000 1.66667e-06
22010 1.66667e-06
22020 1.66667e-06
22030 0
22040 1.66667e-06
22050 3.33333e-06
22060 1.66667e-06
22070 1.66667e-06
22080 1.66667e-06
22090 3.33333e-06
22100 0
22110 0
22120 1.66667e-06
22130 1.66667e-06
22140 3.33333e-06
22150 1.66667e-06
22160 3.33333e-06
22170 1.66667e-06
22180 3.33333e-06
22190 0
22200 0
22210 3.33333e-06
22220 0
22230 1.66667e-06
22240 1.66667e-06
22250 1.66667e-06
22260 1.66667e-06
22270 1.66667e-06
22280 1.66667e-06
22290 1.66667e-06
22300 0
22310 1.66667e-06
22320 1.66667e-06
22330 3.33333e-06
22340 1.66667e-06
22350 1.66667e-06
22360 1.66667e-06
22370 0
22380 3.33333e-06
22390 1.66667e-06
22400 3.33333e-06
22410 1.66667e-06
22420 3.33333e-06
22430 0
22440 0
22450 3.33333e-06
22460 1.66667e-06
22470 3.33333e-06
22480 3.33333e-06
22490 1.66667e-06
22500 3.33333e-06
22510 1.66667e-06
22520 1.66667e-06
22530 3.33333e-06
22540 0
22550 1.66667e-06
22560 3.33333e-06
22570 3.33333e-06
22580 1.66667e-06
22590 3.33333e-06
22600 0
22610 0
22620 1.66667e-06
22630 1.66667e-06
22640 0
22650 1.66667e-06
22660 0
22670 0
22680 0
22690 0
22700 1.66667e-06
22710 0
22720 0
22730 1.66667e-06
22740 0
22750 1.66667e-06
22760 3.33333e-06
22770 3.33333e-06
22780 0
22790 0
22800 0
22810 0
22820 3.33333e-06
22830 1.66667e-06
22840 1.66667e-06
22850 0
22860 1.66667e-06
22870 3.33333e-06
22880 1.66667e-06
22890 1.66667e-06
22900 1.66667e-06
22910 1.66667e-06
22920 0
22930 1.66667e-06
22940 1.66667e-06
22950 3.33333e-06
22960 0
22970 0
22980 1.66667e-06
22990 1.66667e-06
23000 1.66667e-06
23010 0
23020 1.66667e-06
23030 1.66667e-06
23040 3.33333e-06
23050 1.66667e-06
23060 1.66667e-06
23070 3.33333e-06
23080 3.33333e-06
23090 1.66667e-06
23100 1.66667e-06
23110 1.66667e-06
23120 1.66667e-06
23130 1.66667e-06
23140 1.66667e-06
23150 0
23160 1.66667e-06
23170 1.66667e-06
23180 0
23190 1.66667e-06
23200 1.66667e-06
23210 0
23220 1.66667e-06
23230 1.66667e-06
23240 0
23250 0
23260 0
23270 1.66667e-06
23280 1.66667e-06
23290 1.66667e-06
23300 0
23310 1.66667e-06
23320 1.66667e-06
23330 0
23340 1.66667e-06
23350 3.33333e-06
23360 3.33333e-06
23370 1.66667e-06
23380 0
23390 0
23400 0
23410 0
23420 1.66667e-06
23430 0
23440 1.66667e-06
23450 1.66667e-06
23460 1.66667e-06
23470 1.66667e-06
23480 0
23490 1.66667e-06
23500 0
23510 1.66667e-06
23520 3.33333e-06
23530 0
23540 1.66667e-06
23550 1.66667e-06
23560 0
23570 1.66667e-06
23580 1.66667e-06
23590 3.33333e-06
23600 3.33333e-06
23610 1.66667e-06
23620 1.66667e-06
23630 1.66667e-06
23640 1.66667e-06
23650 0
23660 0
23670 1.66667e-06
23680 1.66667e-06
23690 3.33333e-06
23700 1.66667e-06
23710 1.66667e-06
23720 0
23730 0
23740 0
23750 1.66667e-06
23760 1.66667e-06
23770 0
23780 1.66667e-06
23790 3.33333e-06
23800 3.33333e-06
23810 1.66667e-06
23820 1.66667e-06
23830 1.66667e-06
23840 1.66667e-06
23850 1.66667e-06
23860 3.33333e-06
23870 0
23880 0
23890 3.33333e-06
23900 0
23910 1.66667e-06
23920 1.66667e-06
23930 1.66667e-06
23940 1.66667e-06
23950 1.66667e-06
23960 0
23970 0
23980 1.66667e-06
23990 1.66667e-06
24000 1.66667e-06
24010 0
24020 3.33333e-06
24030 1.66667e-06
24040 1.66667e-06
24050 1.66667e-06
24060 1.66667e-06
24070 1.66667e-06
24080 0
24090 3.33333e-06
24100 1.66667e-06
24110 0
24120 3.33333e-06
24130 1.66667e-06
24140 1.66667e-06
24150 1.66667e-06
24160 3.33333e-06
24170 1.66667e-06
24180 3.33333e-06
24190 3.33333e-06
24200 0
24210 0
24220 0
24230 1.66667e-06
24240 0
24250 0
24260 0
24270 3.33333e-06
24280 3.33333e-06
24290 0
24300 3.33333e-06
24310 0
24320 0
24330 0
24340 0
24350 1.66667e-06
24360 1.66667e-06
24370 3.33333e-06
24380 1.66667e-06
24390 1.66667e-06
24400 0
24410 0
24420 1.66667e-06
24430 1.66667e-06
24440 1.66667e-06
24450 1.66667e-06
24460 1.66667e-06
24470 1.66667e-06
24480 3.33333e-06
24490 0
24500 0
24510 1.66667e-06
24520 3.33333e-06
24530 3.33333e-06
24540 0
24550 0
24560 1.66667e-06
24570 1.66667e-06
24580 1.66667e-06
24590 1.66667e-06
24600 3.33333e-06
24610 0
24620 3.33333e-06
24630 1.66667e-06
24640 1.66667e-06
24650 0
24660 0
24670 1.66667e-06
24680 0
24690 3.33333e-06
24700 1.66667e-06
24710 1.66667e-06
24720 0
24730 0
24740 0
24750 0
24760 1.66667e-06
24770 1.66667e-06
24780 3.33333e-06
24790 0
24800 0
24810 3.33333e-06
24820 1.66667e-06
24830 3.33333e-06
24840 0
24850 3.33333e-06
24860 1.66667e-06
24870 0
24880 1.66667e-06
24890 1.66667e-06
24900 3.33333e-06
24910 1.66667e-06
24920 1.66667e-06
24930 3.33333e-06
24940 1.66667e-06
24950 0
24960 1.66667e-06
24970 1.66667e-06
24980 0
24990 1.66667e-06
25000 3.33333e-06
25010 1.66667e-06
25020 1.66667e-06
25030 0
25040 0
25050 1.66667e-06
25060 1.66667e-06
25070 0
25080 1.66667e-06
25090 1.66667e-06
25100 1.66667e-06
25110 3.33333e-06
25120 0
25130 1.66667e-06
25140 1.66667e-06
25150 0
25160 3.33333e-06
25170 0
25180 1.66667e-06
25190 1.66667e-06
25200 1.66667e-06
25210 1.66667e-06
25220 3.33333e-06
25230 1.66667e-06
25240 1.66667e-06
25250 0
25260 0
25270 3.33333e-06
25280 3.33333e-06
25290 1.66667e-06
25300 0
25310 1.66667e-06
25320 0
25330 3.33333e-06
25340 3.33333e-06
25350 1.66667e-06
25360 0
25370 0
25380 1.66667e-06
25390 1.66667e-06
25400 1.66667e-06
25410 1.66667e-06
25420 1.66667e-06
25430 0
25440 0
25450 0
25460 0
25470 0
25480 0
25490 0
25500 1.66667e-06
25510 0
25520 0
25530 3.33333e-06
25540 3.33333e-06
25550 1.66667e-06
25560 0
25570 1.66667e-06
25580 0
25590 3.33333e-06
25600 1.66667e-06
25610 0
25620 1.66667e-06
25630 1.66667e-06
25640 1.66667e-06
25650 1.66667e-06
25660 0
25670 1.66667e-06
25680 0
25690 1.66667e-06
25700 1.66667e-06
25710 0
25720 0
25730 1.66667e-06
25740 0
25750 1.66667e-06
25760 0
25770 3.33333e-06
25780 1.66667e-06
25790 1.66667e-06
25800 0
25810 1.66667e-06
25820 0
25830 3.33333e-06
25840 1.66667e-06
25850 1.66667e-06
25860 3.33333e-06
25870 3.33333e-06
25880 1.66667e-06
25890 0
25900 1.66667e-06
25910 1.66667e-06
25920 1.66667e-06
25930 0
25940 1.66667e-06
25950 1.66667e-06
25960 1.66667e-06
25970 3.33333e-06
25980 3.33333e-06
25990 3.33333e-06
26000 1.66667e-06
26010 0
26020 0
26030 1.66667e-06
26040 3.33333e-06
26050 3.33333e-06
26060 1.66667e-06
26070 0
26080 1.66667e-06
26090 1.66667e-06
26100 0
26110 0
26120 3.33333e-06
26130 1.66667e-06
26140 1.66667e-06
26150 1.66667e-06
26160 1.66667e-06
26170 1.66667e-06
26180 1.66667e-06
26190 1.66667e-06
26200 0
26210 0
26220 1.66667e-06
26230 0
26240 0
26250 3.33333e-06
26260 3.33333e-06
26270 0
26280 0
26290 1.66667e-06
26300 3.33333e-06
26310 0
26320 3.33333e-06
26330 0
26340 3.33333e-06
26350 3.33333e-06
26360 1.66667e-06
26370 1.66667e-06
26380 3.33333e-06
26390 1.66667e-06
26400 1.66667e-06
26410 1.66667e-06
26420 0
26430 1.66667e-06
26440 1.66667e-06
26450 0
26460 3.33333e-06
26470 0
26480 3.33333e-06
26490 1.66667e-06
26500 1.66667e-06
26510 1.66667e-06
26520 1.66667e-06
26530 1.66667e-06
26540 3.33333e-06
26550 1.66667e-06
26560 1.66667e-06
26570 1.66667e-06
26580 0
26590 0
26600 1.66667e-06
26610 1.66667e-06
26620 1.66667e-06
26630 1.66667e-06
26640 0
26650 1.66667e-06
26660 1.66667e-06
26670 1.66667e-06
26680 1.66667e-06
26690 0
26700 3.33333e-06
26710 0
26720 1.66667e-06
26730 3.33333e-06
26740 1.66667e-06
26750 1.66667e-06
26760 1.66667e-06
26770 1.66667e-06
26780 1.66667e-06
26790 3.33333e-06
26800 1.66667e-06
26810 0
26820 3.33333e-06
26830 1.66667e-06
26840 1.66667e-06
26850 1.66667e-06
26860 1.66667e-06
26870 3.33333e-06
26880 1.66667e-06
26890 1.66667e-06
26900 0
26910 1.66667e-06
26920 3.33333e-06
26930 0
26940 1.66667e-06
26950 0
26960 1.66667e-06
26970 1.66667e-06
26980 0
26990 0
27000 1.66667e-06
27010 0
27020 3.33333e-06
27030 0
27040 3.33333e-06
27050 1.66667e-06
27060 1.66667e-06
27070 3.33333e-06
27080 0
27090 1.66667e-06
27100 1.66667e-06
27110 3.33333e-06
27120 1.66667e-06
27130 1.66667e-06
27140 1.66667e-06
27150 1.66667e-06
27160 1.66667e-06
27170 3.33333e-06
27180 3.33333e-06
27190 3.33333e-06
27200 0
27210 0
27220 0
27230 1.66667e-06
27240 1.66667e-06
27250 1.66667e-06
27260 1.66667e-06
27270 0
27280 0
27290 1.66667e-06
27300 0
27310 1.66667e-06
27320 1.66667e-06
27330 1.66667e-06
27340 1.66667e-06
27350 1.66667e-06
27360 3.33333e-06
27370 0
27380 0
27390 3.33333e-06
27400 0
27410 3.33333e-06
27420 1.66667e-06
27430 0
27440 1.66667e-06
27450 0
27460 1.66667e-06
27470 0
27480 0
27490 0
27500 0
27510 1.66667e-06
27520 3.33333e-06
27530 3.33333e-06
27540 3.33333e-06
27550 0
27560 0
27570 3.33333e-06
27580 1.66667e-06
27590 3.33333e-06
27600 0
27610 0
27620 3.33333e-06
27630 1.66667e-06
27640 3.33333e-06
27650 3.33333e-06
27660 3.33333e-06
27670 0
27680 3.33333e-06
27690 1.66667e-06
27700 1.66667e-06
27710 0
27720 3.33333e-06
27730 1.66667e-06
27740 0
27750 0
27760 1.66667e-06
27770 1.66667e-06
27780 1.66667e-06
27790 1.66667e-06
27800 1.66667e-06
27810 1.66667e-06
27820 3.33333e-06
27830 0
27840 1.66667e-06
27850 3.33333e-06
27860 1.66667e-06
27870 1.66667e-06
27880 0
27890 3.33333e-06
27900 3.33333e-06
27910 0
27920 1.66667e-06
27930 1.66667e-06
27940 1.66667e-06
27950 1.66667e-06
27960 1.66667e-06
27970 0
27980 1.66667e-06
27990 1.66667e-06
28000 0
28010 0
28020 0
28030 1.66667e-06
28040 1.66667e-06
28050 0
28060 1.66667e-06
28070 3.33333e-06
28080 1.66667e-06
28090 1.66667e-06
28100 1.66667e-06
28110 3.33333e-06
28120 0
28130 3.33333e-06
28140 3.33333e-06
28150 1.66667e-06
28160 1.66667e-06
28170 3.33333e-06
28180 3.33333e-06
28190 0
28200 0
28210 0
28220 3.33333e-06
28230 1.66667e-06
28240 3.33333e-06
28250 0
28260 0
28270 3.33333e-06
28280 0
28290 3.33333e-06
28300 3.33333e-06
28310 3.33333e-06
28320 1.66667e-06
28330 3.33333e-06
28340 0
28350 3.33333e-06
28360 3.33333e-06
28370 3.33333e-06
28380 3.33333e-06
28390 3.33333e-06
28400 1.66667e-06
28410 0
28420 3.33333e-06
28430 1.66667e-06
28440 1.66667e-06
28450 0
28460 1.66667e-06
28470 1.66667e-06
28480 1.66667e-06
28490 1.66667e-06
28500 0
28510 3.33333e-06
28520 1.66667e-06
28530 1.66667e-06
28540 1.66667e-06
28550 3.33333e-06
28560 1.66667e-06
28570 0
28580 1.66667e-06
28590 3.33333e-06
28600 1.66667e-06
28610 0
28620 1.66667e-06
28630 0
28640 1.66667e-06
28650 0
28660 1.66667e-06
28670 3.33333e-06
28680 1.66667e-06
28690 1.66667e-06
28700 1.66667e-06
28710 3.33333e-06
28720 3.33333e-06
28730 1.66667e-06
28740 1.66667e-06
28750 3.33333e-06
28760 3.33333e-06
28770 0
28780 0
28790 3.33333e-06
28800 0
28810 3.33333e-06
28820 0
28830 1.66667e-06
28840 1.66667e-06
28850 0
28860 1.66667e-06
28870 1.66667e-06
28880 3.33333e-06
28890 0
28900 1.66667e-06
28910 1.66667e-06
28920 1.66667e-06
28930 3.33333e-06
28940 1.66667e-06
28950 3.33333e-06
28960 1.66667e-06
28970 3.33333e-06
28980 1.66667e-06
28990 3.33333e-06
29000 0
29010 0
29020 1.66667e-06
29030 3.33333e-06
29040 3.33333e-06
29050 1.66667e-06
29060 1.66667e-06
29070 1.66667e-06
29080 1.66667e-06
29090 3.33333e-06
29100 1.66667e-06
29110 1.66667e-06
29120 1.66667e-06
29130 1.66667e-06
29140 0
29150 3.33333e-06
29160 1.66667e-06
29170 3.33333e-06
29180 1.66667e-06
29190 1.66667e-06
29200 3.33333e-06
29210 1.66667e-06
29220 0
29230 3.33333e-06
29240 3.33333e-06
29250 0
29260 3.33333e-06
29270 3.33333e-06
29280 1.66667e-06
29290 3.33333e-06
29300 1.66667e-06
29310 1.66667e-06
29320 1.66667e-06
29330 0
29340 3.33333e-06
29350 0
29360 1.66667e-06
29370 0
29380 0
29390 1.66667e-06
29400 3.33333e-06
29410 1.66667e-06
29420 1.66667e-06
29430 1.66667e-06
29440 0
29450 1.66667e-06
29460 3.33333e-06
29470 3.33333e-06
29480 1.66667e-06
29490 1.66667e-06
29500 1.66667e-06
29510 3.33333e-06
29520 1.66667e-06
29530 3.33333e-06
29540 0
29550 0
29560 3.33333e-06
29570 1.66667e-06
29580 3.33333e-06
29590 1.66667e-06
29600 1.66667e-06
29610 0
29620 1.66667e-06
29630 3.33333e-06
29640 0
29650 3.33333e-06
29660 0
29670 1.66667e-06
29680 1.66667e-06
29690 0
29700 1.66667e-06
29710 3.33333e-06
29720 1.66667e-06
29730 1.66667e-06
29740 3.33333e-06
29750 0
29760 0
29770 3.33333e-06
29780 3.33333e-06
29790 1.66667e-06
29800 3.33333e-06
29810 1.66667e-06
29820 1.66667e-06
29830 1.66667e-06
29840 1.66667e-06
29850 1.66667e-06
29860 1.66667e-06
29870 0
29880 0
29890 0
29900 0
29910 0
29920 1.66667e-06
29930 3.33333e-06
29940 1.66667e-06
29950 0
29960 0
29970 3.33333e-06
29980 1.66667e-06
29990 0
30000 0
30010 1.66667e-06
30020 1.66667e-06
30030 1.66667e-06
30040 1.66667e-06
30050 0
30060 0
30070 1.66667e-06
30080 3.33333e-06
30090 1.66667e-06
30100 1.66667e-06
30110 1.66667e-06
30120 1.66667e-06
30130 0
30140 0
30150 0
30160 0
30170 0
30180 1.66667e-06
30190 1.66667e-06
30200 0
30210 1.66667e-06
30220 0
30230 0
30240 1.66667e-06
30250 3.33333e-06
30260 1.66667e-06
30270 1.66667e-06
30280 1.66667e-06
30290 1.66667e-06
30300 1.66667e-06
30310 1.66667e-06
30320 1.66667e-06
30330 1.66667e-06
30340 1.66667e-06
30350 3.33333e-06
30360 1.66667e-06
30370 1.66667e-06
30380 0
30390 1.66667e-06
30400 1.66667e-06
30410 0
30420 0
30430 1.66667e-06
30440 0
30450 3.33333e-06
30460 3.33333e-06
30470 3.33333e-06
30480 1.66667e-06
30490 1.66667e-06
30500 3.33333e-06
30510 1.66667e-06
30520 3.33333e-06
30530 1.66667e-06
30540 0
30550 1.66667e-06
30560 0
30570 1.66667e-06
30580 1.66667e-06
30590 0
30600 3.33333e-06
30610 3.33333e-06
30620 3.33333e-06
30630 3.33333e-06
30640 1.66667e-06
30650 3.33333e-06
30660 0
30670 0
30680 3.33333e-06
30690 0
30700 1.66667e-06
30710 1.66667e-06
30720 0
30730 1.66667e-06
30740 3.33333e-06
30750 3.33333e-06
30760 3.33333e-06
30770 1.66667e-06
30780 1.66667e-06
30790 1.66667e-06
30800 1.66667e-06
30810 1.66667e-06
30820 0
30830 1.66667e-06
30840 3.33333e-06
30850 0
30860 0
30870 1.66667e-06
30880 1.66667e-06
30890 0
30900 1.66667e-06
30910 1.66667e-06
30920 0
30930 0
30940 1.66667e-06
30950 3.33333e-06
30960 0
30970 0
30980 3.33333e-06
30990 0
31000 0
31010 1.66667e-06
31020 0
31030 3.33333e-06
31040 3.33333e-06
31050 3.33333e-06
31060 0
31070 0
31080 1.66667e-06
31090 0
31100 1.66667e-06
31110 1.66667e-06
31120 1.66667e-06
31130 1.66667e-06
31140 1.66667e-06
31150 0
31160 1.66667e-06
31170 1.66667e-06
31180 3.33333e-06
31190 1.66667e-06
31200 1.66667e-06
31210 3.33333e-06
31220 1.66667e-06
31230 1.66667e-06
31240 1.66667e-06
31250 0
31260 1.66667e-06
31270 3.33333e-06
31280 1.66667e-06
31290 3.33333e-06
31300 3.33333e-06
31310 0
31320 1.66667e-06
31330 1.66667e-06
31340 1.66667e-06
31350 1.66667e-06
31360 0
31370 1.66667e-06
31380 1.66667e-06
31390 1.66667e-06
31400 3.33333e-06
31410 3.33333e-06
31420 1.66667e-06
31430 1.66667e-06
31440 1.66667e-06
31450 1.66667e-06
31460 1.66667e-06
31470 3.33333e-06
31480 0
31490 1.66667e-06
31500 1.66667e-06
31510 0
31520 1.66667e-06
31530 3.33333e-06
31540 1.66667e-06
31550 3.33333e-06
31560 0
31570 0
31580 0
31590 0
31600 3.33333e-06
31610 1.66667e-06
31620 3.33333e-06
31630 1.66667e-06
31640 3.33333e-06
31650 1.66667e-06
31660 1.66667e-06
31670 1.66667e-06
31680 1.66667e-06
31690 1.66667e-06
31700 3.33333e-06
31710 3.33333e-06
31720 1.66667e-06
31730 0
31740 1.66667e-06
31750 0
31760 0
31770 1.66667e-06
31780 1.66667e-06
31790 1.66667e-06
31800 1.66667e-06
31810 0
31820 3.33333e-06
31830 0
31840 1.66667e-06
31850 1.66667e-06
31860 1.66667e-06
31870 3.33333e-06
31880 3.33333e-06
31890 1.66667e-06
31900 0
31910 1.66667e-06
31920 1.66667e-06
31930 1.66667e-06
31940 1.66667e-06
31950 0
31960 0
31970 1.66667e-06
31980 0
31990 1.66667e-06
32000 1.66667e-06
32010 1.66667e-06
32020 1.66667e-06
32030 0
32040 3.33333e-06
32050 3.33333e-06
32060 1.66667e-06
32070 1.66667e-06
32080 1.66667e-06
32090 0
32100 1.66667e-06
32110 1.66667e-06
32120 1.66667e-06
32130 1.66667e-06
32140 1.66667e-06
32150 1.66667e-06
32160 0
32170 0
32180 0
32190 1.66667e-06
32200 3.33333e-06
32210 1.66667e-06
32220 0
32230 0
32240 3.33333e-06
32250 1.66667e-06
32260 3.33333e-06
32270 0
32280 0
32290 0
32300 0
32310 3.33333e-06
32320 1.66667e-06
32330 0
32340 0
32350 1.66667e-06
32360 3.33333e-06
32370 3.33333e-06
32380 1.66667e-06
32390 1.66667e-06
32400 0
32410 1.66667e-06
32420 1.66667e-06
32430 1.66667e-06
32440 0
32450 1.66667e-06
32460 3.33333e-06
32470 3.33333e-06
32480 3.33333e-06
32490 3.33333e-06
32500 1.66667e-06
32510 3.33333e-06
32520 1.66667e-06
32530 0
32540 3.33333e-06
32550 1.66667e-06
32560 0
32570 1.66667e-06
32580 1.66667e-06
32590 0
32600 1.66667e-06
32610 1.66667e-06
32620 3.33333e-06
32630 3.33333e-06
32640 3.33333e-06
32650 1.66667e-06
32660 1.66667e-06
32670 0
32680 1.66667e-06
32690 3.33333e-06
32700 1.66667e-06
32710 3.33333e-06
32720 0
32730 0
32740 1.66667e-06
32750 1.66667e-06
32760 3.33333e-06
32770 3.33333e-06
32780 0
32790 1.66667e-06
32800 1.66667e-06
32810 1.66667e-06
32820 1.66667e-06
32830 1.66667e-06
32840 0
32850 1.66667e-06
32860 0
32870 1.66667e-06
32880 3.33333e-06
32890 1.66667e-06
32900 0
32910 0
32920 0
32930 0
32940 1.66667e-06
32950 0
32960 3.33333e-06
32970 1.66667e-06
32980 3.33333e-06
32990 1.66667e-06
33000 0
33010 3.33333e-06
33020 1.66667e-06
33030 3.33333e-06
33040 1.66667e-06
33050 1.66667e-06
33060 0
33070 0
33080 1.66667e-06
33090 0
33100 0
33110 0
33120 1.66667e-06
33130 3.33333e-06
33140 1.66667e-06
33150 0
33160 0
33170 3.33333e-06
33180 1.66667e-06
33190 1.66667e-06
33200 1.66667e-06
33210 1.66667e-06
33220 1.66667e-06
33230 0
33240 1.66667e-06
33250 1.66667e-06
33260 0
33270 1.66667e-06
33280 1.66667e-06
33290 1.66667e-06
33300 1.66667e-06
33310 1.66667e-06
33320 1.66667e-06
33330 1.66667e-06
33340 3.33333e-06
33350 3.33333e-06
33360 1.66667e-06
33370 0
33380 3.33333e-06
33390 3.33333e-06
33400 3.33333e-06
33410 3.33333e-06
33420 1.66667e-06
33430 0
33440 1.66667e-06
33450 0
33460 0
33470 1.66667e-06
33480 0
33490 1.66667e-06
33500 1.66667e-06
33510 3.33333e-06
33520 0
33530 0
33540 1.66667e-06
33550 0
33560 3.33333e-06
33570 3.33333e-06
33580 1.66667e-06
33590 1.66667e-06
33600 1.66667e-06
33610 3.33333e-06
33620 3.33333e-06
33630 3.33333e-06
33640 1.66667e-06
33650 3.33333e-06
33660 1.66667e-06
33670 1.66667e-06
33680 1.66667e-06
33690 1.66667e-06
33700 1.66667e-06
33710 1.66667e-06
33720 3.33333e-06
33730 0
33740 1.66667e-06
33750 0
33760 0
33770 3.33333e-06
33780 1.66667e-06
33790 1.66667e-06
33800 0
33810 0
33820 1.66667e-06
33830 1.66667e-06
33840 3.33333e-06
33850 1.66667e-06
33860 0
33870 1.66667e-06
33880 1.66667e-06
33890 1.66667e-06
33900 1.66667e-06
33910 1.66667e-06
33920 1.66667e-06
33930 3.33333e-06
33940 3.33333e-06
33950 1.66667e-06
33960 1.66667e-06
33970 1.66667e-06
33980 1.66667e-06
33990 1.66667e-06
34000 0
34010 1.66667e-06
34020 1.66667e-06
34030 1.66667e-06
34040 0
34050 0
34060 1.66667e-06
34070 0
34080 1.66667e-06
34090 0
34100 1.66667e-06
34110 0
34120 0
34130 0
34140 1.66667e-06
34150 1.66667e-06
34160 3.33333e-06
34170 1.66667e-06
34180 1.66667e-06
34190 3.33333e-06
34200 0
34210 1.66667e-06
34220 1.66667e-06
34230 0
34240 0
34250 3.33333e-06
34260 0
34270 3.33333e-06
34280 1.66667e-06
34290 1.66667e-06
34300 1.66667e-06
34310 0
34320 0
34330 0
34340 0
34350 3.33333e-06
34360 1.66667e-06
34370 1.66667e-06
34380 3.33333e-06
34390 0
34400 1.66667e-06
34410 1.66667e-06
34420 3.33333e-06
34430 3.33333e-06
34440 1.66667e-06
34450 0
34460 1.66667e-06
34470 3.33333e-06
34480 1.66667e-06
34490 1.66667e-06
34500 1.66667e-06
34510 3.33333e-06
34520 0
34530 1.66667e-06
34540 1.66667e-06
34550 0
34560 1.66667e-06
34570 1.66667e-06
34580 3.33333e-06
34590 1.66667e-06
34600 1.66667e-06
34610 0
34620 0
34630 1.66667e-06
34640 1.66667e-06
34650 1.66667e-06
34660 1.66667e-06
34670 1.66667e-06
34680 1.66667e-06
34690 0
34700 0
34710 3.33333e-06
34720 3.33333e-06
34730 0
34740 3.33333e-06
34750 3.33333e-06
34760 1.66667e-06
34770 3.33333e-06
34780 0
34790 1.66667e-06
34800 0
34810 1.66667e-06
34820 0
34830 1.66667e-06
34840 1.66667e-06
34850 0
34860 0
34870 3.33333e-06
34880 3.33333e-06
34890 3.33333e-06
34900 0
34910 3.33333e-06
34920 3.33333e-06
34930 1.66667e-06
34940 3.33333e-06
34950 1.66667e-06
34960 0
34970 1.66667e-06
34980 3.33333e-06
34990 1.66667e-06
35000 1.66667e-06
35010 1.66667e-06
35020 1.66667e-06
35030 1.66667e-06
35040 0
35050 1.66667e-06
35060 1.66667e-06
35070 3.33333e-06
35080 0
35090 0
35100 1.66667e-06
35110 3.33333e-06
35120 0
35130 1.66667e-06
35140 3.33333e-06
35150 0
35160 1.66667e-06
35170 1.66667e-06
35180 0
35190 1.66667e-06
35200 3.33333e-06
35210 3.33333e-06
35220 1.66667e-06
35230 1.66667e-06
35240 1.66667e-06
35250 3.33333e-06
35260 3.33333e-06
35270 3.33333e-06
35280 1.66667e-06
35290 3.33333e-06
35300 1.66667e-06
35310 3.33333e-06
35320 1.66667e-06
35330 1.66667e-06
35340 0
35350 3.33333e-06
35360 1.66667e-06
35370 3.33333e-06
35380 1.66667e-06
35390 1.66667e-06
35400 1.66667e-06
35410 1.66667e-06
35420 1.66667e-06
35430 1.66667e-06
35440 1.66667e-06
35450 1.66667e-06
35460 0
35470 1.66667e-06
35480 1.66667e-06
35490 1.66667e-06
35500 0
35510 1.66667e-06
35520 1.66667e-06
35530 1.66667e-06
35540 1.66667e-06
35550 1.66667e-06
35560 0
35570 0
35580 1.66667e-06
35590 3.33333e-06
35600 3.33333e-06
35610 3.33333e-06
35620 1.66667e-06
35630 3.33333e-06
35640 1.66667e-06
35650 1.66667e-06
35660 3.33333e-06
35670 1.66667e-06
35680 1.66667e-06
35690 1.66667e-06
35700 1.66667e-06
35710 1.66667e-06
35720 1.66667e-06
35730 1.66667e-06
35740 1.66667e-06
35750 3.33333e-06
35760 3.33333e-06
35770 1.66667e-06
35780 0
35790 0
35800 3.33333e-06
35810 3.33333e-06
35820 1.66667e-06
35830 1.66667e-06
35840 1.66667e-06
35850 3.33333e-06
35860 1.66667e-06
35870 1.66667e-06
35880 3.33333e-06
35890 0
35900 0
35910 3.33333e-06
35920 1.66667e-06
35930 1.66667e-06
35940 0
35950 0
35960 0
35970 1.66667e-06
35980 0
35990 1.66667e-06
36000 1.66667e-06
36010 0
36020 1.66667e-06
36030 0
36040 1.66667e-06
36050 0
36060 1.66667e-06
36070 1.66667e-06
36080 1.66667e-06
36090 1.66667e-06
36100 1.66667e-06
36110 1.66667e-06
36120 3.33333e-06
36130 1.66667e-06
36140 1.66667e-06
36150 3.33333e-06
36160 0
36170 1.66667e-06
36180 0
36190 1.66667e-06
36200 1.66667e-06
36210 0
36220 1.66667e-06
36230 0
36240 1.66667e-06
36250 1.66667e-06
36260 3.33333e-06
36270 3.33333e-06
36280 1.66667e-06
36290 3.33333e-06
36300 3.33333e-06
36310 0
36320 0
36330 1.66667e-06
36340 0
36350 3.33333e-06
36360 3.33333e-06
36370 1.66667e-06
36380 3.33333e-06
36390 1.66667e-06
36400 1.66667e-06
36410 3.33333e-06
36420 0
36430 0
36440 1.66667e-06
36450 1.66667e-06
36460 0
36470 1.66667e-06
36480 1.66667e-06
36490 3.33333e-06
36500 0
36510 0
36520 1.66667e-06
36530 3.33333e-06
36540 1.66667e-06
36550 1.66667e-06
36560 1.66667e-06
36570 1.66667e-06
36580 0
36590 1.66667e-06
36600 3.33333e-06
36610 1.66667e-06
36620 3.33333e-06
36630 0
36640 1.66667e-06
36650 0
36660 1.66667e-06
36670 0
36680 3.33333e-06
36690 3.33333e-06
36700 1.66667e-06
36710 1.66667e-06
36720 1.66667e-06
36730 1.66667e-06
36740 1.66667e-06
36750 1.66667e-06
36760 0
36770 1.66667e-06
36780 0
36790 1.66667e-06
36800 0
36810 1.66667e-06
36820 1.66667e-06
36830 1.66667e-06
36840 3.33333e-06
36850 1.66667e-06
36860 1.66667e-06
36870 1.66667e-06
36880 0
36890 3.33333e-06
36900 1.66667e-06
36910 0
36920 0
36930 1.66667e-06
36940 3.33333e-06
36950 1.66667e-06
36960 0
36970 3.33333e-06
36980 1.66667e-06
36990 3.33333e-06
37000 3.33333e-06
37010 0
37020 1.66667e-06
37030 1.66667e-06
37040 3.33333e-06
37050 1.66667e-06
37060 0
37070 3.33333e-06
37080 1.66667e-06
37090 3.33333e-06
37100 0
37110 1.66667e-06
37120 0
37130 0
37140 1.66667e-06
37150 1.66667e-06
37160 0
37170 0
37180 1.66667e-06
37190 1.66667e-06
37200 1.66667e-06
37210 1.66667e-06
37220 3.33333e-06
37230 3.33333e-06
37240 3.33333e-06
37250 1.66667e-06
37260 0
37270 1.66667e-06
37280 1.66667e-06
37290 3.33333e-06
37300 3.33333e-06
37310 0
37320 3.33333e-06
37330 0
37340 3.33333e-06
37350 0
37360 0
37370 1.66667e-06
37380 0
37390 1.66667e-06
37400 0
37410 3.33333e-06
37420 1.66667e-06
37430 0
37440 3.33333e-06
37450 0
37460 3.33333e-06
37470 1.66667e-06
37480 0
37490 0
37500 0
37510 0
37520 1.66667e-06
37530 0
37540 3.33333e-06
37550 1.66667e-06
37560 1.66667e-06
37570 3.33333e-06
37580 1.66667e-06
37590 0
37600 3.33333e-06
37610 1.66667e-06
37620 1.66667e-06
37630 3.33333e-06
37640 1.66667e-06
37650 0
37660 1.66667e-06
37670 1.66667e-06
37680 1.66667e-06
37690 1.66667e-06
37700 1.66667e-06
37710 0
37720 1.66667e-06
37730 0
37740 1.66667e-06
37750 1.66667e-06
37760 0
37770 0
37780 3.33333e-06
37790 1.66667e-06
37800 0
37810 1.66667e-06
37820 0
37830 3.33333e-06
37840 0
37850 1.66667e-06
37860 3.33333e-06
37870 1.66667e-06
37880 3.33333e-06
37890 3.33333e-06
37900 1.66667e-06
37910 3.33333e-06
37920 0
37930 0
37940 1.66667e-06
37950 1.66667e-06
37960 3.33333e-06
37970 1.66667e-06
37980 1.66667e-06
37990 1.66667e-06
38000 3.33333e-06
38010 1.66667e-06
38020 0
38030 0
38040 1.66667e-06
38050 1.66667e-06
38060 0
38070 1.66667e-06
38080 1.66667e-06
38090 0
38100 1.66667e-06
38110 0
38120 0
38130 1.66667e-06
38140 3.33333e-06
38150 3.33333e-06
38160 1.66667e-06
38170 3.33333e-06
38180 1.66667e-06
38190 0
38200 3.33333e-06
38210 3.33333e-06
38220 1.66667e-06
38230 3.33333e-06
38240 3.33333e-06
38250 0
38260 0
38270 0
38280 3.33333e-06
38290 1.66667e-06
38300 0
38310 1.66667e-06
38320 1.66667e-06
38330 1.66667e-06
38340 1.66667e-06
38350 0
38360 0
38370 0
38380 0
38390 0
38400 1.66667e-06
38410 1.66667e-06
38420 0
38430 0
38440 0
38450 3.33333e-06
38460 3.33333e-06
38470 1.66667e-06
38480 0
38490 0
38500 1.66667e-06
38510 0
38520 3.33333e-06
38530 3.33333e-06
38540 3.33333e-06
38550 3.33333e-06
38560 0
38570 3.33333e-06
38580 1.66667e-06
38590 3.33333e-06
38600 1.66667e-06
38610 1.66667e-06
38620 1.66667e-06
38630 1.66667e-06
38640 1.66667e-06
38650 3.33333e-06
38660 1.66667e-06
38670 3.33333e-06
38680 0
38690 0
38700 1.66667e-06
38710 3.33333e-06
38720 3.33333e-06
38730 3.33333e-06
38740 1.66667e-06
38750 1.66667e-06
38760 1.66667e-06
38770 0
38780 1.66667e-06
38790 1.66667e-06
38800 1.66667e-06
38810 1.66667e-06
38820 0
38830 1.66667e-06
38840 1.66667e-06
38850 0
38860 1.66667e-06
38870 3.33333e-06
38880 1.66667e-06
38890 1.66667e-06
38900 1.66667e-06
38910 3.33333e-06
38920 1.66667e-06
38930 1.66667e-06
38940 1.66667e-06
38950 0
38960 1.66667e-06
38970 1.66667e-06
38980 3.33333e-06
38990 1.66667e-06
39000 1.66667e-06
39010 1.66667e-06
39020 0
39030 0
39040 1.66667e-06
39050 1.66667e-06
39060 1.66667e-06
39070 1.66667e-06
39080 3.33333e-06
39090 0
39100 1.66667e-06
39110 1.66667e-06
39120 0
39130 1.66667e-06
39140 3.33333e-06
39150 1.66667e-06
39160 3.33333e-06
39170 1.66667e-06
39180 0
39190 3.33333e-06
39200 0
39210 1.66667e-06
39220 1.66667e-06
39230 1.66667e-06
39240 3.33333e-06
39250 0
39260 1.66667e-06
39270 3.33333e-06
39280 1.66667e-06
39290 1.66667e-06
39300 1.66667e-06
39310 0
39320 0
39330 1.66667e-06
39340 1.66667e-06
39350 1.66667e-06
39360 1.66667e-06
39370 0
39380 3.33333e-06
39390 1.66667e-06
39400 0
39410 0
39420 1.66667e-06
39430 3.33333e-06
39440 1.66667e-06
39450 1.66667e-06
39460 0
39470 1.66667e-06
39480 1.66667e-06
39490 3.33333e-06
39500 0
39510 0
39520 0
39530 1.66667e-06
39540 1.66667e-06
39550 1.66667e-06
39560 1.66667e-06
39570 3.33333e-06
39580 3.33333e-06
39590 1.66667e-06
39600 1.66667e-06
39610 1.66667e-06
39620 3.33333e-06
39630 3.33333e-06
39640 1.66667e-06
39650 3.33333e-06
39660 3.33333e-06
39670 3.33333e-06
39680 1.66667e-06
39690 0
39700 3.33333e-06
39710 1.66667e-06
39720 0
39730 1.66667e-06
39740 1.66667e-06
39750 3.33333e-06
39760 3.33333e-06
39770 0
39780 0
39790 0
39800 1.66667e-06
39810 0
39820 0
39830 1.66667e-06
39840 0
39850 1.66667e-06
39860 1.66667e-06
39870 1.66667e-06
39880 1.66667e-06
39890 1.66667e-06
39900 3.33333e-06
39910 1.66667e-06
39920 0
39930 0
39940 3.33333e-06
39950 1.66667e-06
39960 1.66667e-06
39970 1.66667e-06
39980 1.66667e-06
39990 0
40000 1.66667e-06
40010 1.66667e-06
40020 1.66667e-06
40030 0
40040 1.66667e-06
40050 0
40060 1.66667e-06
40070 0
40080 1.66667e-06
40090 1.66667e-06
40100 0
40110 0
40120 0
40130 1.66667e-06
40140 1.66667e-06
40150 3.33333e-06
40160 1.66667e-06
40170 0
40180 3.33333e-06
40190 3.33333e-06
40200 1.66667e-06
40210 0
40220 1.66667e-06
40230 1.66667e-06
40240 0
40250 1.66667e-06
40260 1.66667e-06
40270 1.66667e-06
40280 3.33333e-06
40290 1.66667e-06
40300 3.33333e-06
40310 3.33333e-06
40320 1.66667e-06
40330 0
40340 3.33333e-06
40350 1.66667e-06
40360 1.66667e-06
40370 1.66667e-06
40380 1.66667e-06
40390 1.66667e-06
40400 1.66667e-06
40410 0
40420 1.66667e-06
40430 0
40440 1.66667e-06
40450 3.33333e-06
40460 3.33333e-06
40470 1.66667e-06
40480 3.33333e-06
40490 1.66667e-06
40500 0
40510 1.66667e-06
40520 1.66667e-06
40530 1.66667e-06
40540 1.66667e-06
40550 3.33333e-06
40560 1.66667e-06
40570 1.66667e-06
40580 3.33333e-06
40590 0
40600 1.66667e-06
40610 1.66667e-06
40620 1.66667e-06
40630 0
40640 3.33333e-06
40650 3.33333e-06
40660 3.33333e-06
40670 1.66667e-06
40680 1.66667e-06
40690 1.66667e-06
40700 1.66667e-06
40710 0
40720 1.66667e-06
40730 3.33333e-06
40740 3.33333e-06
40750 3.33333e-06
40760 3.33333e-06
40770 3.33333e-06
40780 1.66667e-06
40790 0
40800 3.33333e-06
40810 0
40820 1.66667e-06
40830 1.66667e-06
40840 0
40850 1.66667e-06
40860 0
40870 3.33333e-06
40880 3.33333e-06
40890 3.33333e-06
40900 0
40910 0
40920 1.66667e-06
40930 1.66667e-06
40940 3.33333e-06
40950 0
40960 1.66667e-06
40970 1.66667e-06
40980 1.66667e-06
40990 3.33333e-06
41000 1.66667e-06
41010 3.33333e-06
41020 0
41030 3.33333e-06
41040 3.33333e-06
41050 0
41060 1.66667e-06
41070 0
41080 1.66667e-06
41090 1.66667e-06
41100 1.66667e-06
41110 0
41120 3.33333e-06
41130 0
41140 0
41150 1.66667e-06
41160 1.66667e-06
41170 1.66667e-06
41180 3.33333e-06
41190 3.33333e-06
41200 0
41210 0
41220 1.66667e-06
41230 3.33333e-06
41240 1.66667e-06
41250 1.66667e-06
41260 1.66667e-06
41270 1.66667e-06
41280 3.33333e-06
41290 1.66667e-06
41300 1.66667e-06
41310 1.66667e-06
41320 1.66667e-06
41330 0
41340 1.66667e-06
41350 3.33333e-06
41360 0
41370 1.66667e-06
41380 0
41390 1.66667e-06
41400 0
41410 3.33333e-06
41420 0
41430 1.66667e-06
41440 1.66667e-06
41450 3.33333e-06
41460 3.33333e-06
41470 1.66667e-06
41480 1.66667e-06
41490 1.66667e-06
41500 1.66667e-06
41510 1.66667e-06
41520 1.66667e-06
41530 0
41540 1.66667e-06
41550 1.66667e-06
41560 1.66667e-06
41570 1.66667e-06
41580 3.33333e-06
41590 3.33333e-06
41600 0
41610 0
41620 0
41630 1.66667e-06
41640 1.66667e-06
41650 3.33333e-06
41660 1.66667e-06
41670 0
41680 1.66667e-06
41690 3.33333e-06
41700 3.33333e-06
41710 0
41720 3.33333e-06
41730 3.33333e-06
41740 0
41750 0
41760 0
41770 0
41780 1.66667e-06
41790 1.66667e-06
41800 0
41810 1.66667e-06
41820 0
41830 3.33333e-06
41840 1.66667e-06
41850 1.66667e-06
41860 1.66667e-06
41870 1.66667e-06
41880 3.33333e-06
41890 3.33333e-06
41900 3.33333e-06
41910 1.66667e-06
41920 3.33333e-06
41930 0
41940 1.66667e-06
41950 1.66667e-06
41960 3.33333e-06
41970 1.66667e-06
41980 1.66667e-06
41990 1.66667e-06
42000 1.66667e-06
42010 3.33333e-06
42020 1.66667e-06
42030 0
42040 1.66667e-06
42050 1.66667e-06
42060 0
42070 0
42080 1.66667e-06
42090 3.33333e-06
42100 0
42110 3.33333e-06
42120 1.66667e-06
42130 3.33333e-06
42140 0
42150 3.33333e-06
42160 0
42170 3.33333e-06
42180 1.66667e-06
42190 1.66667e-06
42200 1.66667e-06
42210 3.33333e-06
42220 3.33333e-06
42230 1.66667e-06
42240 3.33333e-06
42250 0
42260 1.66667e-06
42270 1.66667e-06
42280 1.66667e-06
42290 1.66667e-06
42300 3.33333e-06
42310 3.33333e-06
42320 3.33333e-06
42330 3.33333e-06
42340 3.33333e-06
42350 3.33333e-06
42360 0
42370 3.33333e-06
42380 1.66667e-06
42390 0
42400 3.33333e-06
42410 1.66667e-06
42420 3.33333e-06
42430 1.66667e-06
42440 3.33333e-06
42450 0
42460 0
42470 3.33333e-06
42480 3.33333e-06
42490 3.33333e-06
42500 3.33333e-06
42510 3.33333e-06
42520 3.33333e-06
42530 1.66667e-06
42540 1.66667e-06
42550 0
42560 0
42570 1.66667e-06
42580 0
42590 1.66667e-06
42600 1.66667e-06
42610 3.33333e-06
42620 1.66667e-06
42630 1.66667e-06
42640 0
42650 1.66667e-06
42660 1.66667e-06
42670 1.66667e-06
42680 1.66667e-06
42690 0
42700 1.66667e-06
42710 3.33333e-06
42720 3.33333e-06
42730 1.66667e-06
42740 3.33333e-06
42750 3.33333e-06
42760 3.33333e-06
42770 1.66667e-06
42780 1.66667e-06
42790 1.66667e-06
42800 1.66667e-06
42810 1.66667e-06
42820 1.66667e-06
42830 0
42840 3.33333e-06
42850 1.66667e-06
42860 3.33333e-06
42870 1.66667e-06
42880 1.66667e-06
42890 1.66667e-06
42900 1.66667e-06
42910 1.66667e-06
42920 1.66667e-06
42930 1.66667e-06
42940 0
42950 0
42960 1.66667e-06
42970 1.66667e-06
42980 0
42990 0
43000 1.66667e-06
43010 1.66667e-06
43020 0
43030 1.66667e-06
43040 3.33333e-06
43050 3.33333e-06
43060 1.66667e-06
43070 1.66667e-06
43080 1.66667e-06
43090 1.66667e-06
43100 1.66667e-06
43110 1.66667e-06
43120 3.33333e-06
43130 1.66667e-06
43140 3.33333e-06
43150 1.66667e-06
43160 3.33333e-06
43170 1.66667e-06
43180 1.66667e-06
43190 1.66667e-06
43200 3.33333e-06
43210 3.33333e-06
43220 3.33333e-06
43230 0
43240 1.66667e-06
43250 1.66667e-06
43260 1.66667e-06
43270 1.66667e-06
43280 1.66667e-06
43290 1.66667e-06
43300 3.33333e-06
43310 0
43320 1.66667e-06
43330 1.66667e-06
43340 1.66667e-06
43350 1.66667e-06
43360 1.66667e-06
43370 3.33333e-06
43380 1.66667e-06
43390 1.66667e-06
43400 1.66667e-06
43410 3.33333e-06
43420 3.33333e-06
43430 1.66667e-06
43440 1.66667e-06
43450 1.66667e-06
43460 1.66667e-06
43470 0
43480 1.66667e-06
43490 1.66667e-06
43500 0
43510 0
43520 1.66667e-06
43530 0
43540 0
43550 0
43560 0
43570 3.33333e-06
43580 0
43590 0
43600 0
43610 0
43620 1.66667e-06
43630 0
43640 1.66667e-06
43650 1.66667e-06
43660 0
43670 1.66667e-06
43680 1.66667e-06
43690 3.33333e-06
43700 1.66667e-06
43710 1.66667e-06
43720 3.33333e-06
43730 1.66667e-06
43740 3.33333e-06
43750 3.33333e-06
43760 1.66667e-06
43770 3.33333e-06
43780 3.33333e-06
43790 0
43800 0
43810 1.66667e-06
43820 3.33333e-06
43830 1.66667e-06
43840 1.66667e-06
43850 1.66667e-06
43860 3.33333e-06
43870 3.33333e-06
43880 0
43890 1.66667e-06
43900 0
43910 1.66667e-06
43920 0
43930 3.33333e-06
43940 3.33333e-06
43950 1.66667e-06
43960 1.66667e-06
43970 1.66667e-06
43980 3.33333e-06
43990 1.66667e-06
44000 1.66667e-06
44010 0
44020 0
44030 3.33333e-06
44040 0
44050 1.66667e-06
44060 3.33333e-06
44070 1.66667e-06
44080 0
44090 1.66667e-06
44100 3.33333e-06
44110 0
44120 3.33333e-06
44130 1.66667e-06
44140 0
44150 0
44160 3.33333e-06
44170 1.66667e-06
44180 1.66667e-06
44190 3.33333e-06
44200 0
44210 1.66667e-06
44220 0
44230 0
44240 1.66667e-06
44250 0
44260 1.66667e-06
44270 0
44280 1.66667e-06
44290 1.66667e-06
44300 3.33333e-06
44310 3.33333e-06
44320 1.66667e-06
44330 1.66667e-06
44340 1.66667e-06
44350 1.66667e-06
44360 0
44370 0
44380 0
44390 1.66667e-06
44400 3.33333e-06
44410 1.66667e-06
44420 3.33333e-06
44430 0
44440 1.66667e-06
44450 1.66667e-06
44460 0
44470 3.33333e-06
44480 1.66667e-06
44490 0
44500 1.66667e-06
44510 0
44520 0
44530 1.66667e-06
44540 1.66667e-06
44550 3.33333e-06
44560 0
44570 3.33333e-06
44580 0
44590 0
44600 3.33333e-06
44610 0
44620 1.66667e-06
44630 1.66667e-06
44640 1.66667e-06
44650 1.66667e-06
44660 3.33333e-06
44670 1.66667e-06
44680 1.66667e-06
44690 1.66667e-06
44700 3.33333e-06
44710 1.66667e-06
44720 1.66667e-06
44730 1.66667e-06
44740 1.66667e-06
44750 0
44760 1.66667e-06
44770 1.66667e-06
44780 1.66667e-06
44790 3.33333e-06
44800 1.66667e-06
44810 3.33333e-06
44820 0
44830 0
44840 0
44850 1.66667e-06
44860 1.66667e-06
44870 1.66667e-06
44880 1.66667e-06
44890 1.66667e-06
44900 3.33333e-06
44910 0
44920 1.66667e-06
44930 3.33333e-06
44940 1.66667e-06
44950 1.66667e-06
44960 1.66667e-06
44970 1.66667e-06
44980 1.66667e-06
44990 0
45000 3.33333e-06
45010 1.66667e-06
45020 1.66667e-06
45030 0
45040 1.66667e-06
45050 3.33333e-06
45060 3.33333e-06
45070 1.66667e-06
45080 1.66667e-06
45090 1.66667e-06
45100 0
45110 1.66667e-06
45120 3.33333e-06
45130 1.66667e-06
45140 0
45150 1.66667e-06
45160 1.66667e-06
45170 3.33333e-06
45180 1.66667e-06
45190 1.66667e-06
45200 1.66667e-06
45210 3.33333e-06
45220 0
45230 0
45240 3.33333e-06
45250 3.33333e-06
45260 3.33333e-06
45270 3.33333e-06
45280 3.33333e-06
45290 3.33333e-06
45300 1.66667e-06
45310 0
45320 0
45330 0
45340 0
45350 1.66667e-06
45360 1.66667e-06
45370 1.66667e-06
45380 3.33333e-06
45390 3.33333e-06
45400 3.33333e-06
45410 3.33333e-06
45420 1.66667e-06
45430 1.66667e-06
45440 0
45450 1.66667e-06
45460 1.66667e-06
45470 1.66667e-06
45480 3.33333e-06
45490 1.66667e-06
45500 1.66667e-06
45510 0
45520 0
45530 1.66667e-06
45540 3.33333e-06
45550 0
45560 1.66667e-06
45570 1.66667e-06
45580 1.66667e-06
45590 0
45600 1.66667e-06
45610 1.66667e-06
45620 1.66667e-06
45630 0
45640 1.66667e-06
45650 3.33333e-06
45660 3.33333e-06
45670 3.33333e-06
45680 3.33333e-06
45690 3.33333e-06
45700 3.33333e-06
45710 1.66667e-06
45720 0
45730 1.66667e-06
45740 3.33333e-06
45750 1.66667e-06
45760 1.66667e-06
45770 1.66667e-06
45780 1.66667e-06
45790 3.33333e-06
45800 1.66667e-06
45810 1.66667e-06
45820 1.66667e-06
45830 0
45840 1.66667e-06
45850 1.66667e-06
45860 3.33333e-06
45870 3.33333e-06
45880 1.66667e-06
45890 1.66667e-06
45900 1.66667e-06
45910 0
45920 3.33333e-06
45930 1.66667e-06
45940 0
45950 1.66667e-06
45960 0
45970 1.66667e-06
45980 0
45990 1.66667e-06
46000 0
46010 0
46020 1.66667e-06
46030 1.66667e-06
46040 1.66667e-06
46050 3.33333e-06
46060 1.66667e-06
46070 0
46080 1.66667e-06
46090 1.66667e-06
46100 0
46110 3.33333e-06
46120 1.66667e-06
46130 1.66667e-06
46140 1.66667e-06
46150 1.66667e-06
46160 0
46170 3.33333e-06
46180 1.66667e-06
46190 1.66667e-06
46200 0
46210 1.66667e-06
46220 1.66667e-06
46230 1.66667e-06
46240 3.33333e-06
46250 3.33333e-06
46260 1.66667e-06
46270 3.33333e-06
46280 3.33333e-06
46290 1.66667e-06
46300 1.66667e-06
46310 0
46320 3.33333e-06
46330 0
46340 3.33333e-06
46350 1.66667e-06
46360 1.66667e-06
46370 0
46380 1.66667e-06
46390 3.33333e-06
46400 1.66667e-06
46410 1.66667e-06
46420 0
46430 1.66667e-06
46440 1.66667e-06
46450 3.33333e-06
46460 3.33333e-06
46470 1.66667e-06
46480 1.66667e-06
46490 3.33333e-06
46500 1.66667e-06
46510 3.33333e-06
46520 3.33333e-06
46530 1.66667e-06
46540 1.66667e-06
46550 1.66667e-06
46560 1.66667e-06
46570 1.66667e-06
46580 1.66667e-06
46590 1.66667e-06
46600 3.33333e-06
46610 1.66667e-06
46620 1.66667e-06
46630 3.33333e-06
46640 1.66667e-06
46650 3.33333e-06
46660 1.66667e-06
46670 1.66667e-06
46680 1.66667e-06
46690 1.66667e-06
46700 3.33333e-06
46710 0
46720 1.66667e-06
46730 0
46740 1.66667e-06
46750 1.66667e-06
46760 3.33333e-06
46770 1.66667e-06
46780 1.66667e-06
46790 1.66667e-06
46800 1.66667e-06
46810 1.66667e-06
46820 3.33333e-06
46830 1.66667e-06
46840 0
46850 0
46860 1.66667e-06
46870 1.66667e-06
46880 1.66667e-06
46890 3.33333e-06
46900 0
46910 1.66667e-06
46920 1.66667e-06
46930 1.66667e-06
46940 3.33333e-06
46950 1.66667e-06
46960 1.66667e-06
46970 1.66667e-06
46980 1.66667e-06
46990 1.66667e-06
47000 1.66667e-06
47010 1.66667e-06
47020 1.66667e-06
47030 3.33333e-06
47040 1.66667e-06
47050 3.33333e-06
47060 1.66667e-06
47070 1.66667e-06
47080 1.66667e-06
47090 1.66667e-06
47100 0
47110 0
47120 1.66667e-06
47130 1.66667e-06
47140 3.33333e-06
47150 3.33333e-06
47160 1.66667e-06
47170 1.66667e-06
47180 3.33333e-06
47190 1.66667e-06
47200 0
47210 1.66667e-06
47220 1.66667e-06
47230 0
47240 3.33333e-06
47250 1.66667e-06
47260 3.33333e-06
47270 1.66667e-06
47280 1.66667e-06
47290 1.66667e-06
47300 0
47310 0
47320 0
47330 1.66667e-06
47340 3.33333e-06
47350 3.33333e-06
47360 0
47370 3.33333e-06
47380 0
47390 1.66667e-06
47400 1.66667e-06
47410 3.33333e-06
47420 1.66667e-06
47430 1.66667e-06
47440 1.66667e-06
47450 3.33333e-06
47460 1.66667e-06
47470 3.33333e-06
47480 1.66667e-06
47490 1.66667e-06
47500 1.66667e-06
47510 1.66667e-06
47520 1.66667e-06
47530 3.33333e-06
47540 1.66667e-06
47550 1.66667e-06
47560 1.66667e-06
47570 0
47580 0
47590 3.33333e-06
47600 1.66667e-06
47610 3.33333e-06
47620 0
47630 0
47640 0
47650 3.33333e-06
47660 3.33333e-06
47670 0
47680 0
47690 0
47700 3.33333e-06
47710 3.33333e-06
47720 1.66667e-06
47730 1.66667e-06
47740 1.66667e-06
47750 1.66667e-06
47760 1.66667e-06
47770 1.66667e-06
47780 1.66667e-06
47790 3.33333e-06
47800 0
47810 3.33333e-06
47820 1.66667e-06
47830 3.33333e-06
47840 1.66667e-06
47850 1.66667e-06
47860 0
47870 3.33333e-06
47880 3.33333e-06
47890 0
47900 3.33333e-06
47910 1.66667e-06
47920 1.66667e-06
47930 1.66667e-06
47940 3.33333e-06
47950 3.33333e-06
47960 1.66667e-06
47970 3.33333e-06
47980 0
47990 0
48000 0
48010 3.33333e-06
48020 0
48030 3.33333e-06
48040 1.66667e-06
48050 3.33333e-06
48060 1.66667e-06
48070 1.66667e-06
48080 1.66667e-06
48090 1.66667e-06
48100 1.66667e-06
48110 1.66667e-06
48120 3.33333e-06
48130 0
48140 1.66667e-06
48150 1.66667e-06
48160 1.66667e-06
48170 3.33333e-06
48180 3.33333e-06
48190 0
48200 3.33333e-06
48210 1.66667e-06
48220 1.66667e-06
48230 3.33333e-06
48240 1.66667e-06
48250 0
48260 3.33333e-06
48270 3.33333e-06
48280 1.66667e-06
48290 1.66667e-06
48300 1.66667e-06
48310 1.66667e-06
48320 0
48330 3.33333e-06
48340 3.33333e-06
48350 3.33333e-06
48360 1.66667e-06
48370 0
48380 1.66667e-06
48390 0
48400 1.66667e-06
48410 0
48420 1.66667e-06
48430 1.66667e-06
48440 3.33333e-06
48450 1.66667e-06
48460 3.33333e-06
48470 1.66667e-06
48480 1.66667e-06
48490 3.33333e-06
48500 0
48510 0
48520 0
48530 1.66667e-06
48540 1.66667e-06
48550 1.66667e-06
48560 3.33333e-06
48570 3.33333e-06
48580 3.33333e-06
48590 3.33333e-06
48600 0
48610 0
48620 1.66667e-06
48630 0
48640 3.33333e-06
48650 3.33333e-06
48660 3.33333e-06
48670 0
48680 1.66667e-06
48690 1.66667e-06
48700 1.66667e-06
48710 0
48720 0
48730 0
48740 1.66667e-06
48750 1.66667e-06
48760 1.66667e-06
48770 0
48780 1.66667e-06
48790 1.66667e-06
48800 1.66667e-06
48810 0
48820 1.66667e-06
48830 3.33333e-06
48840 1.66667e-06
48850 1.66667e-06
48860 1.66667e-06
48870 1.66667e-06
48880 0
48890 1.66667e-06
48900 1.66667e-06
48910 1.66667e-06
48920 1.66667e-06
48930 1.66667e-06
48940 0
48950 0
48960 1.66667e-06
48970 3.33333e-06
48980 1.66667e-06
48990 0
49000 1.66667e-06
49010 1.66667e-06
49020 3.33333e-06
49030 1.66667e-06
49040 1.66667e-06
49050 3.33333e-06
49060 0
49070 1.66667e-06
49080 3.33333e-06
49090 1.66667e-06
49100 1.66667e-06
49110 0
49120 1.66667e-06
49130 0
49140 3.33333e-06
49150 0
49160 1.66667e-06
49170 3.33333e-06
49180 0
49190 1.66667e-06
49200 1.66667e-06
49210 1.66667e-06
49220 1.66667e-06
49230 1.66667e-06
49240 0
49250 1.66667e-06
49260 1.66667e-06
49270 0
49280 3.33333e-06
49290 3.33333e-06
49300 0
49310 1.66667e-06
49320 3.33333e-06
49330 3.33333e-06
49340 1.66667e-06
49350 0
49360 1.66667e-06
49370 1.66667e-06
49380 1.66667e-06
49390 0
49400 1.66667e-06
49410 1.66667e-06
49420 1.66667e-06
49430 1.66667e-06
49440 1.66667e-06
49450 0
49460 0
49470 0
49480 3.33333e-06
49490 0
49500 1.66667e-06
49510 1.66667e-06
49520 1.66667e-06
49530 1.66667e-06
49540 3.33333e-06
49550 1.66667e-06
49560 3.33333e-06
49570 0
49580 1.66667e-06
49590 1.66667e-06
49600 1.66667e-06
49610 1.66667e-06
49620 1.66667e-06
49630 1.66667e-06
49640 0
49650 3.33333e-06
49660 1.66667e-06
49670 1.66667e-06
49680 3.33333e-06
49690 1.66667e-06
49700 1.66667e-06
49710 3.33333e-06
49720 1.66667e-06
49730 3.33333e-06
49740 3.33333e-06
49750 1.66667e-06
49760 1.66667e-06
49770 1.66667e-06
49780 0
49790 0
49800 0
49810 1.66667e-06
49820 0
49830 0
49840 0
49850 3.33333e-06
49860 3.33333e-06
49870 1.66667e-06
49880 1.66667e-06
49890 1.66667e-06
49900 1.66667e-06
49910 0
49920 3.33333e-06
49930 1.66667e-06
49940 1.66667e-06
49950 3.33333e-06
49960 1.66667e-06
49970 1.66667e-06
49980 0
49990 1.66667e-06
50000 3.33333e-06
50010 1.66667e-06
50020 1.66667e-06
50030 0
50040 1.66667e-06
50050 1.66667e-06
50060 1.66667e-06
50070 0
50080 1.66667e-06
50090 1.66667e-06
50100 1.66667e-06
50110 1.66667e-06
50120 1.66667e-06
50130 1.66667e-06
50140 3.33333e-06
50150 1.66667e-06
50160 0
50170 1.66667e-06
50180 0
50190 1.66667e-06
50200 1.66667e-06
50210 1.66667e-06
50220 3.33333e-06
50230 3.33333e-06
50240 1.66667e-06
50250 1.66667e-06
50260 1.66667e-06
50270 0
50280 1.66667e-06
50290 0
50300 1.66667e-06
50310 1.66667e-06
50320 0
50330 1.66667e-06
50340 0
50350 1.66667e-06
50360 3.33333e-06
50370 1.66667e-06
50380 1.66667e-06
50390 1.66667e-06
50400 1.66667e-06
50410 1.66667e-06
50420 1.66667e-06
50430 3.33333e-06
50440 0
50450 0
50460 1.66667e-06
50470 1.66667e-06
50480 1.66667e-06
50490 0
50500 1.66667e-06
50510 1.66667e-06
50520 1.66667e-06
50530 1.66667e-06
50540 1.66667e-06
50550 1.66667e-06
50560 1.66667e-06
50570 1.66667e-06
50580 0
50590 1.66667e-06
50600 0
50610 1.66667e-06
50620 3.33333e-06
50630 1.66667e-06
50640 3.33333e-06
50650 1.66667e-06
50660 3.33333e-06
50670 1.66667e-06
50680 1.66667e-06
50690 3.33333e-06
50700 1.66667e-06
50710 0
50720 3.33333e-06
50730 0
50740 1.66667e-06
50750 1.66667e-06
50760 0
50770 0
50780 3.33333e-06
50790 1.66667e-06
50800 0
50810 1.66667e-06
50820 0
50830 3.33333e-06
50840 1.66667e-06
50850 1.66667e-06
50860 0
50870 0
50880 1.66667e-06
50890 3.33333e-06
50900 1.66667e-06
50910 1.66667e-06
50920 1.66667e-06
50930 1.66667e-06
50940 1.66667e-06
50950 3.33333e-06
50960 1.66667e-06
50970 1.66667e-06
50980 3.33333e-06
50990 0
51000 1.66667e-06
51010 3.33333e-06
51020 0
51030 0
51040 3.33333e-06
51050 1.66667e-06
51060 0
51070 1.66667e-06
51080 1.66667e-06
51090 3.33333e-06
51100 3.33333e-06
51110 0
51120 0
51130 1.66667e-06
51140 1.66667e-06
51150 0
51160 1.66667e-06
51170 1.66667e-06
51180 0
51190 1.66667e-06
51200 1.66667e-06
51210 1.66667e-06
51220 1.66667e-06
51230 1.66667e-06
51240 0
51250 0
51260 0
51270 1.66667e-06
51280 0
51290 1.66667e-06
51300 1.66667e-06
51310 1.66667e-06
51320 0
51330 1.66667e-06
51340 1.66667e-06
51350 1.66667e-06
51360 0
51370 0
51380 3.33333e-06
51390 0
51400 0
51410 1.66667e-06
51420 0
51430 0
51440 3.33333e-06
51450 1.66667e-06
51460 3.33333e-06
51470 3.33333e-06
51480 1.66667e-06
51490 3.33333e-06
51500 3.33333e-06
51510 1.66667e-06
51520 0
51530 0
51540 3.33333e-06
51550 3.33333e-06
51560 3.33333e-06
51570 1.66667e-06
51580 0
51590 0
51600 0
51610 1.66667e-06
51620 3.33333e-06
51630 1.66667e-06
51640 0
51650 0
51660 1.66667e-06
51670 3.33333e-06
51680 0
51690 0
51700 1.66667e-06
51710 3.33333e-06
51720 0
51730 1.66667e-06
51740 1.66667e-06
51750 1.66667e-06
51760 3.33333e-06
51770 3.33333e-06
51780 0
51790 3.33333e-06
51800 1.66667e-06
51810 3.33333e-06
51820 0
51830 0
51840 0
51850 1.66667e-06
51860 0
51870 1.66667e-06
51880 0
51890 0
51900 0
51910 3.33333e-06
51920 1.66667e-06
51930 0
51940 1.66667e-06
51950 1.66667e-06
51960 3.33333e-06
51970 3.33333e-06
51980 3.33333e-06
51990 1.66667e-06
52000 0
52010 1.66667e-06
52020 3.33333e-06
52030 1.66667e-06
52040 1.66667e-06
52050 0
52060 1.66667e-06
52070 3.33333e-06
52080 0
52090 3.33333e-06
52100 1.66667e-06
52110 1.66667e-06
52120 1.66667e-06
52130 1.66667e-06
52140 1.66667e-06
52150 1.66667e-06
52160 3.33333e-06
52170 0
52180 1.66667e-06
52190 0
52200 1.66667e-06
52210 3.33333e-06
52220 0
52230 0
52240 1.66667e-06
52250 0
52260 3.33333e-06
52270 3.33333e-06
52280 1.66667e-06
52290 1.66667e-06
52300 3.33333e-06
52310 1.66667e-06
52320 3.33333e-06
52330 1.66667e-06
52340 1.66667e-06
52350 3.33333e-06
52360 1.66667e-06
52370 1.66667e-06
52380 0
52390 1.66667e-06
52400 3.33333e-06
52410 3.33333e-06
52420 0
52430 1.66667e-06
52440 3.33333e-06
52450 0
52460 1.66667e-06
52470 1.66667e-06
52480 1.66667e-06
52490 0
52500 3.33333e-06
52510 1.66667e-06
52520 0
52530 0
52540 3.33333e-06
52550 3.33333e-06
52560 1.66667e-06
52570 1.66667e-06
52580 1.66667e-06
52590 1.66667e-06
52600 0
52610 1.66667e-06
52620 1.66667e-06
52630 1.66667e-06
52640 1.66667e-06
52650 0
52660 1.66667e-06
52670 3.33333e-06
52680 3.33333e-06
52690 1.66667e-06
52700 1.66667e-06
52710 3.33333e-06
52720 0
52730 0
52740 0
52750 1.66667e-06
52760 1.66667e-06
52770 0
52780 0
52790 3.33333e-06
52800 1.66667e-06
52810 1.66667e-06
52820 3.33333e-06
52830 1.66667e-06
52840 3.33333e-06
52850 1.66667e-06
52860 1.66667e-06
52870 3.33333e-06
52880 1.66667e-06
52890 3.33333e-06
52900 1.66667e-06
52910 0
52920 1.66667e-06
52930 1.66667e-06
52940 1.66667e-06
52950 1.66667e-06
52960 3.33333e-06
52970 3.33333e-06
52980 3.33333e-06
52990 3.33333e-06
53000 1.66667e-06
53010 0
53020 0
53030 1.66667e-06
53040 0
53050 1.66667e-06
53060 1.66667e-06
53070 3.33333e-06
53080 0
53090 3.33333e-06
53100 0
53110 1.66667e-06
53120 3.33333e-06
53130 0
53140 0
53150 0
53160 0
53170 3.33333e-06
53180 3.33333e-06
53190 1.66667e-06
53200 0
53210 1.66667e-06
53220 3.33333e-06
53230 1.66667e-06
53240 3.33333e-06
53250 1.66667e-06
53260 1.66667e-06
53270 3.33333e-06
53280 0
53290 3.33333e-06
53300 1.66667e-06
53310 1.66667e-06
53320 3.33333e-06
53330 1.66667e-06
53340 1.66667e-06
53350 1.66667e-06
53360 1.66667e-06
53370 1.66667e-06
53380 1.66667e-06
53390 3.33333e-06
53400 3.33333e-06
53410 3.33333e-06
53420 3.33333e-06
53430 0
53440 1.66667e-06
53450 1.66667e-06
53460 3.33333e-06
53470 1.66667e-06
53480 3.33333e-06
53490 1.66667e-06
53500 0
53510 1.66667e-06
53520 1.66667e-06
53530 1.66667e-06
53540 1.66667e-06
53550 3.33333e-06
53560 3.33333e-06
53570 1.66667e-06
53580 1.66667e-06
53590 0
53600 1.66667e-06
53610 1.66667e-06
53620 1.66667e-06
53630 0
53640 1.66667e-06
53650 0
53660 3.33333e-06
53670 1.66667e-06
53680 1.66667e-06
53690 0
53700 1.66667e-06
53710 0
53720 0
53730 1.66667e-06
53740 1.66667e-06
53750 3.33333e-06
53760 0
53770 0
53780 1.66667e-06
53790 3.33333e-06
53800 3.33333e-06
53810 3.33333e-06
53820 1.66667e-06
53830 1.66667e-06
53840 1.66667e-06
53850 0
53860 3.33333e-06
53870 1.66667e-06
53880 3.33333e-06
53890 0
53900 1.66667e-06
53910 1.66667e-06
53920 0
53930 0
53940 0
53950 1.66667e-06
53960 1.66667e-06
53970 3.33333e-06
53980 1.66667e-06
53990 1.66667e-06
54000 0
54010 1.66667e-06
54020 1.66667e-06
54030 0
54040 1.66667e-06
54050 0
54060 3.33333e-06
54070 3.33333e-06
54080 1.66667e-06
54090 0
54100 3.33333e-06
54110 3.33333e-06
54120 3.33333e-06
54130 3.33333e-06
54140 1.66667e-06
54150 1.66667e-06
54160 3.33333e-06
54170 3.33333e-06
54180 1.66667e-06
54190 1.66667e-06
54200 3.33333e-06
54210 3.33333e-06
54220 1.66667e-06
54230 0
54240 3.33333e-06
54250 3.33333e-06
54260 3.33333e-06
54270 3.33333e-06
54280 1.66667e-06
54290 1.66667e-06
54300 0
54310 1.66667e-06
54320 0
54330 0
54340 1.66667e-06
54350 1.66667e-06
54360 3.33333e-06
54370 1.66667e-06
54380 1.66667e-06
54390 1.66667e-06
54400 3.33333e-06
54410 1.66667e-06
54420 3.33333e-06
54430 3.33333e-06
54440 3.33333e-06
54450 1.66667e-06
54460 0
54470 3.33333e-06
54480 1.66667e-06
54490 1.66667e-06
54500 3.33333e-06
54510 1.66667e-06
54520 1.66667e-06
54530 1.66667e-06
54540 1.66667e-06
54550 3.33333e-06
54560 1.66667e-06
54570 1.66667e-06
54580 3.33333e-06
54590 1.66667e-06
54600 3.33333e-06
54610 1.66667e-06
54620 1.66667e-06
54630 1.66667e-06
54640 1.66667e-06
54650 0
54660 3.33333e-06
54670 1.66667e-06
54680 1.66667e-06
54690 3.33333e-06
54700 0
54710 1.66667e-06
54720 0
54730 0
54740 3.33333e-06
54750 1.66667e-06
54760 0
54770 3.33333e-06
54780 0
54790 1.66667e-06
54800 3.33333e-06
54810 0
54820 1.66667e-06
54830 0
54840 1.66667e-06
54850 1.66667e-06
54860 0
54870 1.66667e-06
54880 3.33333e-06
54890 1.66667e-06
54900 3.33333e-06
54910 0
54920 0
54930 1.66667e-06
54940 3.33333e-06
54950 0
54960 1.66667e-06
54970 1.66667e-06
54980 1.66667e-06
54990 1.66667e-06
55000 1.66667e-06
55010 1.66667e-06
55020 1.66667e-06
55030 3.33333e-06
55040 3.33333e-06
55050 3.33333e-06
55060 0
55070 3.33333e-06
55080 3.33333e-06
55090 1.66667e-06
55100 3.33333e-06
55110 1.66667e-06
55120 0
55130 1.66667e-06
55140 1.66667e-06
55150 1.66667e-06
55160 0
55170 1.66667e-06
55180 0
55190 0
55200 1.66667e-06
55210 0
55220 0
55230 0
55240 1.66667e-06
55250 3.33333e-06
55260 3.33333e-06
55270 1.66667e-06
55280 1.66667e-06
55290 1.66667e-06
55300 1.66667e-06
55310 1.66667e-06
55320 3.33333e-06
55330 3.33333e-06
55340 3.33333e-06
55350 3.33333e-06
55360 1.66667e-06
55370 3.33333e-06
55380 0
55390 1.66667e-06
55400 3.33333e-06
55410 0
55420 1.66667e-06
55430 3.33333e-06
55440 1.66667e-06
55450 0
55460 1.66667e-06
55470 1.66667e-06
55480 3.33333e-06
55490 1.66667e-06
55500 0
55510 1.66667e-06
55520 1.66667e-06
55530 1.66667e-06
55540 3.33333e-06
55550 0
55560 1.66667e-06
55570 1.66667e-06
55580 1.66667e-06
55590 3.33333e-06
55600 0
55610 3.33333e-06
55620 0
55630 3.33333e-06
55640 1.66667e-06
55650 3.33333e-06
55660 1.66667e-06
55670 1.66667e-06
55680 0
55690 1.66667e-06
55700 1.66667e-06
55710 0
55720 1.66667e-06
55730 1.66667e-06
55740 0
55750 1.66667e-06
55760 1.66667e-06
55770 1.66667e-06
55780 3.33333e-06
55790 1.66667e-06
55800 1.66667e-06
55810 1.66667e-06
55820 3.33333e-06
55830 1.66667e-06
55840 1.66667e-06
55850 1.66667e-06
55860 3.33333e-06
55870 1.66667e-06
55880 1.66667e-06
55890 3.33333e-06
55900 3.33333e-06
55910 1.66667e-06
55920 0
55930 1.66667e-06
55940 1.66667e-06
55950 1.66667e-06
55960 0
55970 1.66667e-06
55980 1.66667e-06
55990 1.66667e-06
56000 3.33333e-06
56010 1.66667e-06
56020 3.33333e-06
56030 1.66667e-06
56040 3.33333e-06
56050 3.33333e-06
56060 1.66667e-06
56070 1.66667e-06
56080 1.66667e-06
56090 3.33333e-06
56100 1.66667e-06
56110 1.66667e-06
56120 0
56130 1.66667e-06
56140 1.66667e-06
56150 0
56160 1.66667e-06
56170 1.66667e-06
56180 1.66667e-06
56190 0
56200 1.66667e-06
56210 3.33333e-06
56220 1.66667e-06
56230 0
56240 3.33333e-06
56250 1.66667e-06
56260 3.33333e-06
56270 3.33333e-06
56280 3.33333e-06
56290 3.33333e-06
56300 0
56310 1.66667e-06
56320 1.66667e-06
56330 1.66667e-06
56340 3.33333e-06
56350 1.66667e-06
56360 3.33333e-06
56370 3.33333e-06
56380 1.66667e-06
56390 0
56400 1.66667e-06
56410 0
56420 1.66667e-06
56430 1.66667e-06
56440 0
56450 1.66667e-06
56460 0
56470 1.66667e-06
56480 0
56490 1.66667e-06
56500 3.33333e-06
56510 3.33333e-06
56520 0
56530 0
56540 1.66667e-06
56550 1.66667e-06
56560 0
56570 1.66667e-06
56580 1.66667e-06
56590 1.66667e-06
56600 1.66667e-06
56610 1.66667e-06
56620 0
56630 1.66667e-06
56640 0
56650 3.33333e-06
56660 1.66667e-06
56670 1.66667e-06
56680 1.66667e-06
56690 1.66667e-06
56700 1.66667e-06
56710 3.33333e-06
56720 0
56730 0
56740 1.66667e-06
56750 1.66667e-06
56760 3.33333e-06
56770 1.66667e-06
56780 3.33333e-06
56790 1.66667e-06
56800 3.33333e-06
56810 0
56820 0
56830 1.66667e-06
56840 3.33333e-06
56850 0
56860 1.66667e-06
56870 1.66667e-06
56880 1.66667e-06
56890 1.66667e-06
56900 1.66667e-06
56910 0
56920 1.66667e-06
56930 3.33333e-06
56940 3.33333e-06
56950 1.66667e-06
56960 3.33333e-06
56970 1.66667e-06
56980 1.66667e-06
56990 1.66667e-06
57000 3.33333e-06
57010 3.33333e-06
57020 1.66667e-06
57030 0
57040 0
57050 1.66667e-06
57060 3.33333e-06
57070 1.66667e-06
57080 1.66667e-06
57090 1.66667e-06
57100 1.66667e-06
57110 0
57120 1.66667e-06
57130 0
57140 0
57150 0
57160 1.66667e-06
57170 0
57180 3.33333e-06
57190 0
57200 0
57210 3.33333e-06
57220 1.66667e-06
57230 1.66667e-06
57240 3.33333e-06
57250 3.33333e-06
57260 1.66667e-06
57270 1.66667e-06
57280 0
57290 0
57300 0
57310 1.66667e-06
57320 1.66667e-06
57330 3.33333e-06
57340 1.66667e-06
57350 3.33333e-06
57360 3.33333e-06
57370 0
57380 1.66667e-06
57390 0
57400 1.66667e-06
57410 3.33333e-06
57420 1.66667e-06
57430 0
57440 1.66667e-06
57450 0
57460 1.66667e-06
57470 3.33333e-06
57480 1.66667e-06
57490 3.33333e-06
57500 0
57510 1.66667e-06
57520 1.66667e-06
57530 1.66667e-06
57540 3.33333e-06
57550 0
57560 1.66667e-06
57570 1.66667e-06
57580 0
57590 3.33333e-06
57600 0
57610 0
57620 0
57630 1.66667e-06
57640 1.66667e-06
57650 1.66667e-06
57660 3.33333e-06
57670 1.66667e-06
57680 3.33333e-06
57690 1.66667e-06
57700 3.33333e-06
57710 1.66667e-06
57720 1.66667e-06
57730 3.33333e-06
57740 1.66667e-06
57750 1.66667e-06
57760 0
57770 1.66667e-06
57780 0
57790 1.66667e-06
57800 1.66667e-06
57810 3.33333e-06
57820 1.66667e-06
57830 3.33333e-06
57840 3.33333e-06
57850 0
57860 0
57870 0
57880 0
57890 3.33333e-06
57900 3.33333e-06
57910 1.66667e-06
57920 3.33333e-06
57930 1.66667e-06
57940 3.33333e-06
57950 3.33333e-06
57960 1.66667e-06
57970 1.66667e-06
57980 0
57990 1.66667e-06
58000 1.66667e-06
58010 1.66667e-06
58020 1.66667e-06
58030 1.66667e-06
58040 0
58050 1.66667e-06
58060 3.33333e-06
58070 1.66667e-06
58080 0
58090 3.33333e-06
58100 1.66667e-06
58110 3.33333e-06
58120 1.66667e-06
58130 1.66667e-06
58140 3.33333e-06
58150 1.66667e-06
58160 1.66667e-06
58170 0
58180 1.66667e-06
58190 3.33333e-06
58200 1.66667e-06
58210 1.66667e-06
58220 1.66667e-06
58230 0
58240 0
58250 1.66667e-06
58260 3.33333e-06
58270 1.66667e-06
58280 3.33333e-06
58290 3.33333e-06
58300 1.66667e-06
58310 1.66667e-06
58320 1.66667e-06
58330 1.66667e-06
58340 3.33333e-06
58350 1.66667e-06
58360 1.66667e-06
58370 0
58380 1.66667e-06
58390 0
58400 0
58410 1.66667e-06
58420 1.66667e-06
58430 3.33333e-06
58440 1.66667e-06
58450 1.66667e-06
58460 1.66667e-06
58470 0
58480 1.66667e-06
58490 1.66667e-06
58500 1.66667e-06
58510 0
58520 1.66667e-06
58530 1.66667e-06
58540 0
58550 3.33333e-06
58560 1.66667e-06
58570 0
58580 0
58590 1.66667e-06
58600 0
58610 1.66667e-06
58620 3.33333e-06
58630 0
58640 0
58650 0
58660 3.33333e-06
58670 1.66667e-06
58680 1.66667e-06
58690 0
58700 0
58710 0
58720 1.66667e-06
58730 1.66667e-06
58740 1.66667e-06
58750 1.66667e-06
58760 1.66667e-06
58770 1.66667e-06
58780 1.66667e-06
58790 0
58800 0
58810 1.66667e-06
58820 1.66667e-06
58830 3.33333e-06
58840 1.66667e-06
58850 1.66667e-06
58860 1.66667e-06
58870 1.66667e-06
58880 1.66667e-06
58890 1.66667e-06
58900 1.66667e-06
58910 1.66667e-06
58920 1.66667e-06
58930 1.66667e-06
58940 1.66667e-06
58950 0
58960 1.66667e-06
58970 1.66667e-06
58980 1.66667e-06
58990 0
59000 1.66667e-06
59010 3.33333e-06
59020 0
59030 1.66667e-06
59040 0
59050 3.33333e-06
59060 3.33333e-06
59070 1.66667e-06
59080 1.66667e-06
59090 1.66667e-06
59100 0
59110 0
59120 1.66667e-06
59130 3.33333e-06
59140 1.66667e-06
59150 1.66667e-06
59160 0
59170 1.66667e-06
59180 1.66667e-06
59190 0
59200 0
59210 0
59220 1.66667e-06
59230 0
59240 3.33333e-06
59250 0
59260 1.66667e-06
59270 0
59280 1.66667e-06
59290 3.33333e-06
59300 1.66667e-06
59310 1.66667e-06
59320 0
59330 1.66667e-06
59340 3.33333e-06
59350 1.66667e-06
59360 1.66667e-06
59370 1.66667e-06
59380 1.66667e-06
59390 1.66667e-06
59400 3.33333e-06
59410 3.33333e-06
59420 0
59430 1.66667e-06
59440 0
59450 0
59460 0
59470 0
59480 1.66667e-06
59490 0
59500 3.33333e-06
59510 0
59520 1.66667e-06
59530 1.66667e-06
59540 0
59550 0
59560 1.66667e-06
59570 1.66667e-06
59580 0
59590 1.66667e-06
59600 3.33333e-06
59610 1.66667e-06
59620 1.66667e-06
59630 0
59640 0
59650 3.33333e-06
59660 1.66667e-06
59670 1.66667e-06
59680 0
59690 3.33333e-06
59700 0
59710 1.66667e-06
59720 1.66667e-06
59730 3.33333e-06
59740 1.66667e-06
59750 1.66667e-06
59760 0
59770 1.66667e-06
59780 0
59790 3.33333e-06
59800 1.66667e-06
59810 3.33333e-06
59820 1.66667e-06
59830 1.66667e-06
59840 1.66667e-06
59850 0
59860 3.33333e-06
59870 0
59880 1.66667e-06
59890 1.66667e-06
59900 1.66667e-06
59910 3.33333e-06
59920 1.66667e-06
59930 1.66667e-06
59940 1.66667e-06
59950 3.33333e-06
59960 1.66667e-06
59970 0
59980 3.33333e-06
59990 1.66667e-06
60000 0
60010 1.66667e-06
60020 1.66667e-06
60030 0
60040 1.66667e-06
60050 1.66667e-06
60060 1.66667e-06
60070 3.33333e-06
60080 1.66667e-06
60090 1.66667e-06
60100 0
60110 1.66667e-06
60120 1.66667e-06
60130 0
60140 1.66667e-06
60150 0
60160 1.66667e-06
60170 1.66667e-06
60180 3.33333e-06
60190 3.33333e-06
60200 1.66667e-06
60210 1.66667e-06
60220 1.66667e-06
60230 1.66667e-06
60240 1.66667e-06
60250 0
60260 0
60270 1.66667e-06
60280 1.66667e-06
60290 0
60300 3.33333e-06
60310 1.66667e-06
60320 1.66667e-06
60330 1.66667e-06
60340 0
60350 1.66667e-06
60360 1.66667e-06
60370 0
60380 1.66667e-06
60390 0
60400 1.66667e-06
60410 1.66667e-06
60420 0
60430 1.66667e-06
60440 1.66667e-06
60450 1.66667e-06
60460 0
60470 1.66667e-06
60480 0
60490 1.66667e-06
60500 1.66667e-06
60510 1.66667e-06
60520 0
60530 3.33333e-06
60540 1.66667e-06
60550 1.66667e-06
60560 1.66667e-06
60570 0
60580 0
60590 1.66667e-06
60600 0
60610 1.66667e-06
60620 1.66667e-06
60630 0
60640 1.66667e-06
60650 3.33333e-06
60660 1.66667e-06
60670 1.66667e-06
60680 1.66667e-06
60690 1.66667e-06
60700 1.66667e-06
60710 1.66667e-06
60720 3.33333e-06
60730 1.66667e-06
60740 3.33333e-06
60750 1.66667e-06
60760 3.33333e-06
60770 1.66667e-06
60780 0
60790 0
60800 1.66667e-06
60810 1.66667e-06
60820 1.66667e-06
60830 3.33333e-06
60840 0
60850 0
60860 0
60870 1.66667e-06
60880 3.33333e-06
60890 3.33333e-06
60900 0
60910 1.66667e-06
60920 0
60930 1.66667e-06
60940 1.66667e-06
60950 0
60960 0
60970 0
60980 1.66667e-06
60990 1.66667e-06
61000 0
61010 1.66667e-06
61020 1.66667e-06
61030 1.66667e-06
61040 0
61050 0
61060 3.33333e-06
61070 1.66667e-06
61080 3.33333e-06
61090 1.66667e-06
61100 1.66667e-06
61110 3.33333e-06
61120 1.66667e-06
61130 0
61140 1.66667e-06
61150 1.66667e-06
