10000 -0.478529
20000 -0.420837
30000 -0.382597
40000 -0.459447
50000 -0.452292
60000 -0.612361
70000 -0.444285
80000 -0.461673
90000 -0.466402
100000 -0.421053
110000 -0.449697
120000 -0.459864
130000 -0.481817
140000 -0.595135
150000 -0.478941
160000 -0.518479
170000 -0.587329
180000 -0.495341
190000 -0.483554
200000 -0.455588
210000 -0.47651
220000 -0.441411
230000 -0.484083
240000 -0.427101
250000 -0.440327
260000 -0.445761
270000 -0.495788
280000 -0.631941
290000 -0.482823
300000 -0.471306
310000 -0.43284
320000 -0.473716
330000 -0.541462
340000 -0.479476
350000 -0.458091
360000 -0.431364
370000 -0.44717
380000 -0.452869
390000 -0.456099
400000 -0.435227
410000 -0.629212
420000 -0.441082
430000 -0.627177
440000 -0.48551
450000 -0.454695
460000 -0.480525
470000 -0.41159
480000 -0.388511
490000 -0.468517
500000 -0.428145
510000 -0.44662
520000 -0.414632
530000 -0.433246
540000 -0.450253
550000 -0.463426
560000 -0.434032
570000 -0.439997
580000 -0.439136
590000 -0.452734
600000 -0.420197
610000 -0.446952
620000 -0.48776
630000 -0.464965
640000 -0.470557
650000 -0.456599
660000 -0.441331
670000 -0.459341
680000 -0.494695
690000 -0.365955
700000 -0.435572
710000 -0.475749
720000 -0.489836
730000 -0.472805
740000 -0.597783
750000 -0.481125
760000 -0.432238
770000 -0.478771
780000 -0.491438
790000 -0.416951
800000 -0.480873
810000 -0.461732
820000 -0.592846
830000 -0.431164
840000 -0.4856
850000 -0.490348
860000 -0.466649
870000 -0.452637
880000 -0.473694
890000 -0.453651
900000 -0.466915
910000 -0.427814
920000 -0.598553
930000 -0.447389
940000 -0.457878
950000 -0.444435
960000 -0.38537
970000 -0.448247
980000 -0.456066
990000 -0.560724
1000000 -0.431507
