10000 -0.614845
20000 -0.565328
30000 -0.456715
40000 -0.588004
50000 -0.435598
60000 -0.464903
70000 -0.574857
80000 -0.601448
90000 -0.473436
100000 -0.402071
110000 -0.475073
120000 -0.443023
130000 -0.604013
140000 -0.466405
150000 -0.62184
160000 -0.469784
170000 -0.586106
180000 -0.460045
190000 -0.473959
200000 -0.557777
210000 -0.433671
220000 -0.431384
230000 -0.62126
240000 -0.548393
250000 -0.453845
260000 -0.419838
270000 -0.414223
280000 -0.453168
290000 -0.447
300000 -0.474638
310000 -0.586215
320000 -0.579083
330000 -0.479605
340000 -0.522776
350000 -0.481304
360000 -0.474124
370000 -0.552002
380000 -0.435788
390000 -0.461876
400000 -0.584631
410000 -0.396513
420000 -0.389782
430000 -0.61269
440000 -0.3949
450000 -0.580971
460000 -0.472268
470000 -0.607228
480000 -0.616824
490000 -0.566243
500000 -0.407349
510000 -0.473307
520000 -0.61148
530000 -0.418114
540000 -0.573208
550000 -0.468966
560000 -0.48011
570000 -0.462451
580000 -0.567963
590000 -0.454558
600000 -0.485575
610000 -0.458816
620000 -0.441472
630000 -0.476307
640000 -0.471483
650000 -0.595529
660000 -0.462036
670000 -0.427027
680000 -0.379113
690000 -0.48866
700000 -0.456345
710000 -0.471947
720000 -0.399285
730000 -0.42416
740000 -0.39589
750000 -0.481529
760000 -0.425269
770000 -0.441496
780000 -0.435471
790000 -0.475787
800000 -0.472065
810000 -0.476564
820000 -0.421574
830000 -0.480027
840000 -0.450504
850000 -0.463768
860000 -0.443543
870000 -0.454699
880000 -0.444193
890000 -0.450714
900000 -0.458928
910000 -0.385211
920000 -0.475686
930000 -0.483083
940000 -0.468718
950000 -0.454403
960000 -0.423571
970000 -0.419648
980000 -0.481465
990000 -0.4527
1000000 -0.419716
