10000 0.945628
20000 0.656939
30000 0.873312
40000 0.44558
50000 0.65744
60000 0.763776
70000 0.556172
80000 0.611485
90000 0.807491
100000 0.358945
110000 0.522231
120000 0.930344
130000 1.15274
140000 0.546983
150000 0.621897
160000 0.930539
170000 0.55287
180000 0.35864
190000 0.653963
200000 0.540258
210000 0.654044
220000 0.878935
230000 0.529165
240000 0.585752
250000 1.14609
260000 0.923728
270000 0.654055
280000 0.479054
290000 0.65229
300000 0.367877
310000 0.732517
320000 0.554978
330000 0.573163
340000 0.00466471
350000 0.00466471
360000 0.00466471
370000 0.00466471
380000 0.640284
390000 0.39519
400000 0.00466471
410000 0.00466471
420000 0.00466471
430000 0.00466471
440000 0.00466471
450000 0.00466471
460000 0.00466471
470000 0.00466471
480000 0.00466471
490000 0.00466471
500000 0.00466471
510000 0.00466471
520000 0.00466471
530000 0.00466471
540000 0.00466471
550000 0.00466471
560000 0.640284
570000 0.00466471
580000 0.00466471
590000 0.00466471
600000 0.00466471
610000 0.00466471
620000 0.00466471
630000 0.00466471
640000 0.00466471
650000 0.00466471
660000 0.00466471
670000 0.00466471
680000 0.00466471
690000 0.00466471
700000 0.00466471
710000 0.00466471
720000 0.00466471
730000 0.00466471
740000 0.00466471
750000 0.00466471
760000 0.00466471
770000 0.00466471
780000 0.00466471
790000 0.00466471
800000 0.00466471
810000 0.00466471
820000 0.00466471
830000 0.00466471
840000 0.00466471
850000 0.00466471
860000 0.00466471
870000 0.00466471
880000 0.00466471
890000 0.00466471
900000 0.00466471
910000 0.00466471
920000 0.00466471
930000 0.00466471
940000 0.00466471
950000 0.00466471
960000 0.00466471
970000 0.00466471
980000 0.00466471
990000 0.00466471
1000000 0.00466471
