10000 0.690594
20000 0.763597
30000 0.491971
40000 0.508272
50000 0.556491
60000 0.726064
70000 0.911125
80000 0.682696
90000 0.697233
100000 0.454295
110000 0.782336
120000 0.491971
130000 0.572423
140000 0.526107
150000 0.511854
160000 0.925488
170000 0.800177
180000 0.592094
190000 0.838973
200000 0.91867
210000 0.547576
220000 0.607109
230000 0.734484
240000 0.646656
250000 0.684353
260000 0.455519
270000 0.538489
280000 0.380321
290000 0.655207
300000 0.652609
310000 0.343789
320000 0.805445
330000 0.237188
340000 0.614863
350000 0.00466471
360000 0.00466471
370000 0.640284
380000 0.39519
390000 0.00466471
400000 0.00466471
410000 0.00466471
420000 0.00466471
430000 0.00466471
440000 0.00466471
450000 0.00466471
460000 0.00466471
470000 0.00466471
480000 0.00466471
490000 0.00466471
500000 0.00466471
510000 0.00466471
520000 0.00466471
530000 0.00466471
540000 0.00466471
550000 0.00466471
560000 0.00466471
570000 0.00466471
580000 0.00466471
590000 0.00466471
600000 0.00466471
610000 0.00466471
620000 0.00466471
630000 0.00466471
640000 0.00466471
650000 0.00466471
660000 0.614863
670000 0.00466471
680000 0.00466471
690000 0.00466471
700000 0.00466471
710000 0.00466471
720000 0.00466471
730000 0.00466471
740000 0.00466471
750000 0.00466471
760000 0.00466471
770000 0.00466471
780000 0.00466471
790000 0.00466471
800000 0.00466471
810000 0.00466471
820000 0.00466471
830000 0.00466471
840000 0.00466471
850000 0.00466471
860000 0.00466471
870000 0.00466471
880000 0.00466471
890000 0.00466471
900000 0.00466471
910000 0.00466471
920000 0.00466471
930000 0.00466471
940000 0.00466471
950000 0.00466471
960000 0.00466471
970000 0.00466471
980000 0.00466471
990000 0.00466471
1000000 0.00466471
