10000 -0.384848
20000 -0.405683
30000 -0.410985
40000 -0.409201
50000 -0.402832
60000 -0.396708
70000 -0.391307
80000 -0.384601
90000 -0.378967
100000 -0.373252
110000 -0.367439
120000 -0.361331
130000 -0.355555
140000 -0.350033
150000 -0.344303
160000 -0.338497
170000 -0.33305
180000 -0.328023
190000 -0.323322
200000 -0.318863
210000 -0.314554
220000 -0.310371
230000 -0.306575
240000 -0.303044
250000 -0.299712
260000 -0.29658
270000 -0.293632
280000 -0.29085
290000 -0.288208
300000 -0.285655
310000 -0.283295
320000 -0.281049
330000 -0.278904
340000 -0.276851
350000 -0.274899
360000 -0.273054
370000 -0.271328
380000 -0.269648
390000 -0.26801
400000 -0.266496
410000 -0.264978
420000 -0.263572
430000 -0.26221
440000 -0.260884
450000 -0.259628
460000 -0.258395
470000 -0.257244
480000 -0.256102
490000 -0.255031
500000 -0.253937
510000 -0.252899
520000 -0.251896
530000 -0.250937
540000 -0.249994
550000 -0.24906
560000 -0.24815
570000 -0.247265
580000 -0.246391
590000 -0.245559
600000 -0.24472
610000 -0.243964
620000 -0.243181
630000 -0.242434
640000 -0.241703
650000 -0.240988
660000 -0.240278
670000 -0.239595
680000 -0.238919
690000 -0.238279
700000 -0.237638
710000 -0.23701
720000 -0.236401
730000 -0.235813
740000 -0.23526
750000 -0.234709
760000 -0.234166
770000 -0.233663
780000 -0.233158
790000 -0.23266
800000 -0.232156
810000 -0.231667
820000 -0.231194
830000 -0.230724
840000 -0.230268
850000 -0.229828
860000 -0.229384
870000 -0.22896
880000 -0.228531
890000 -0.228116
900000 -0.227714
910000 -0.227312
920000 -0.226909
930000 -0.22652
940000 -0.226136
950000 -0.225754
960000 -0.225396
970000 -0.225028
980000 -0.224667
990000 -0.224309
