10000 -0.392183
20000 -0.408349
30000 -0.408898
40000 -0.407647
50000 -0.401974
60000 -0.395827
70000 -0.389662
80000 -0.383767
90000 -0.377852
100000 -0.372188
110000 -0.366821
120000 -0.361533
130000 -0.356523
140000 -0.351911
150000 -0.3475
160000 -0.343529
170000 -0.339846
180000 -0.336414
190000 -0.333236
200000 -0.330367
210000 -0.32769
220000 -0.325159
230000 -0.322806
240000 -0.320608
250000 -0.318498
260000 -0.316532
270000 -0.314646
280000 -0.312923
290000 -0.311266
300000 -0.309785
310000 -0.308271
320000 -0.306876
330000 -0.305584
340000 -0.304357
350000 -0.303231
360000 -0.302123
370000 -0.301092
380000 -0.30007
390000 -0.299123
400000 -0.298211
410000 -0.297355
420000 -0.296517
430000 -0.295724
440000 -0.294957
450000 -0.294215
460000 -0.293488
470000 -0.292809
480000 -0.292118
490000 -0.291484
500000 -0.290873
510000 -0.290288
520000 -0.289731
530000 -0.289199
540000 -0.288663
550000 -0.288149
560000 -0.287643
570000 -0.287152
580000 -0.28666
590000 -0.286187
600000 -0.285701
610000 -0.285272
620000 -0.28482
630000 -0.2844
640000 -0.283976
650000 -0.283558
660000 -0.283156
670000 -0.282763
680000 -0.282385
690000 -0.282005
700000 -0.28165
710000 -0.28129
720000 -0.280931
730000 -0.280584
740000 -0.280256
750000 -0.279921
760000 -0.279598
770000 -0.279295
780000 -0.278977
790000 -0.278685
800000 -0.2784
810000 -0.278118
820000 -0.277836
830000 -0.277507
840000 -0.276167
850000 -0.27409
860000 -0.27206
870000 -0.270066
880000 -0.268121
890000 -0.266219
900000 -0.264353
910000 -0.262528
920000 -0.260739
930000 -0.258987
940000 -0.257275
950000 -0.255598
960000 -0.253949
970000 -0.252337
980000 -0.250758
990000 -0.249206
