10000 -0.510361
20000 -0.499299
30000 -0.478553
40000 -0.460524
50000 -0.424951
60000 -0.373622
70000 -0.343042
80000 -0.339529
90000 -0.319219
100000 -0.306962
110000 -0.297134
120000 -0.287049
130000 -0.279037
140000 -0.279633
150000 -0.27652
160000 -0.278949
170000 -0.271459
180000 -0.268405
190000 -0.268753
200000 -0.266109
210000 -0.266027
220000 -0.263501
230000 -0.263201
240000 -0.262228
250000 -0.262525
260000 -0.261471
270000 -0.259382
280000 -0.258939
290000 -0.258657
300000 -0.258363
310000 -0.257601
320000 -0.257195
330000 -0.257075
340000 -0.2562
350000 -0.256102
360000 -0.255511
370000 -0.254598
380000 -0.253495
390000 -0.254202
400000 -0.254706
410000 -0.255031
420000 -0.254981
430000 -0.255259
440000 -0.254693
450000 -0.254593
460000 -0.254095
470000 -0.253786
480000 -0.253633
490000 -0.253486
500000 -0.252766
510000 -0.252276
520000 -0.252072
530000 -0.251672
540000 -0.251532
550000 -0.251632
560000 -0.251472
570000 -0.251305
580000 -0.25144
590000 -0.251363
600000 -0.251534
610000 -0.251323
620000 -0.251504
630000 -0.251444
640000 -0.251497
650000 -0.251253
660000 -0.250843
670000 -0.250566
680000 -0.250066
690000 -0.249663
700000 -0.24961
710000 -0.249588
720000 -0.24896
730000 -0.248892
740000 -0.248826
750000 -0.248453
760000 -0.248134
770000 -0.247567
780000 -0.247501
790000 -0.246937
800000 -0.24692
810000 -0.246771
820000 -0.24641
830000 -0.246054
840000 -0.245799
850000 -0.245406
860000 -0.244512
870000 -0.24409
880000 -0.243482
890000 -0.242626
900000 -0.242592
910000 -0.24224
920000 -0.242273
930000 -0.241772
940000 -0.241408
950000 -0.241148
960000 -0.241313
970000 -0.241552
980000 -0.241527
990000 -0.241457
