10000 -0.488033
20000 -0.439815
30000 -0.398421
40000 -0.390029
50000 -0.373565
60000 -0.367377
70000 -0.358626
80000 -0.344808
90000 -0.338198
100000 -0.325002
110000 -0.322996
120000 -0.326643
130000 -0.328488
140000 -0.315903
150000 -0.308579
160000 -0.307608
170000 -0.307854
180000 -0.306936
190000 -0.307362
200000 -0.304042
210000 -0.302819
220000 -0.301211
230000 -0.302383
240000 -0.299105
250000 -0.29766
260000 -0.29585
270000 -0.294166
280000 -0.293135
290000 -0.292306
300000 -0.291525
310000 -0.289511
320000 -0.289741
330000 -0.288841
340000 -0.288477
350000 -0.289881
360000 -0.289115
370000 -0.28818
380000 -0.287592
390000 -0.286939
400000 -0.286213
410000 -0.286344
420000 -0.286648
430000 -0.287177
440000 -0.285826
450000 -0.258562
460000 -0.237692
470000 -0.227605
480000 -0.226922
490000 -0.226866
500000 -0.226163
510000 -0.225731
520000 -0.225416
530000 -0.225603
540000 -0.225619
550000 -0.225781
560000 -0.225368
570000 -0.22486
580000 -0.224969
590000 -0.2247
600000 -0.22486
610000 -0.225376
620000 -0.224777
630000 -0.224835
640000 -0.224309
650000 -0.224337
660000 -0.224278
670000 -0.224528
680000 -0.224658
690000 -0.224759
700000 -0.224775
710000 -0.224642
720000 -0.126145
730000 -0.0778634
740000 -0.0778836
750000 -0.0776394
760000 -0.0776049
770000 -0.0775397
780000 -0.0774891
790000 -0.0774487
800000 -0.0774698
810000 -0.0774221
820000 -0.077424
830000 -0.077359
840000 -0.0773468
850000 -0.0773075
860000 -0.0772632
870000 -0.0772288
880000 -0.0772134
890000 -0.0771665
900000 -0.0771346
910000 -0.0770367
920000 -0.0769673
930000 -0.0769029
940000 -0.0768402
950000 -0.0767549
960000 -0.0767115
970000 -0.076682
980000 -0.0766452
990000 -0.0765802
