10000 -0.42498
20000 -0.365549
30000 -0.339524
40000 -0.328704
50000 -0.322087
60000 -0.313013
70000 -0.303161
80000 -0.29179
90000 -0.28375
100000 -0.282722
110000 -0.278147
120000 -0.276044
130000 -0.274969
140000 -0.273945
150000 -0.274515
160000 -0.273635
170000 -0.271245
180000 -0.270159
190000 -0.269198
200000 -0.268527
210000 -0.267969
220000 -0.267349
230000 -0.267002
240000 -0.265878
250000 -0.26547
260000 -0.265894
270000 -0.265827
280000 -0.265155
290000 -0.264785
300000 -0.264946
310000 -0.264183
320000 -0.264126
330000 -0.263725
340000 -0.263086
350000 -0.262351
360000 -0.261905
370000 -0.262328
380000 -0.26187
390000 -0.261096
400000 -0.261127
410000 -0.260893
420000 -0.260785
430000 -0.260904
440000 -0.260203
450000 -0.260112
460000 -0.259677
470000 -0.259627
480000 -0.259609
490000 -0.258987
500000 -0.258729
510000 -0.258867
520000 -0.259176
530000 -0.258774
540000 -0.258765
550000 -0.258806
560000 -0.258797
570000 -0.259039
580000 -0.258845
590000 -0.258603
600000 -0.258097
610000 -0.257931
620000 -0.258398
630000 -0.258077
640000 -0.258024
650000 -0.258027
660000 -0.257591
670000 -0.257599
680000 -0.257247
690000 -0.256852
700000 -0.256669
710000 -0.256403
720000 -0.256293
730000 -0.25585
740000 -0.25591
750000 -0.255842
760000 -0.255886
770000 -0.255754
780000 -0.255579
790000 -0.255584
800000 -0.255516
810000 -0.25532
820000 -0.255424
830000 -0.255145
840000 -0.254892
850000 -0.255539
860000 -0.255396
870000 -0.255421
880000 -0.255348
890000 -0.255443
900000 -0.255467
910000 -0.255163
920000 -0.227221
930000 -0.161262
940000 -0.126595
950000 -0.124317
960000 -0.123167
970000 -0.12268
980000 -0.12174
990000 -0.121505
