10000 -0.50096
20000 -0.452916
30000 -0.397389
40000 -0.36156
50000 -0.332405
60000 -0.32243
70000 -0.301273
80000 -0.279284
90000 -0.26976
100000 -0.263102
110000 -0.251382
120000 -0.245309
130000 -0.239617
140000 -0.239273
150000 -0.233625
160000 -0.229721
170000 -0.227332
180000 -0.225184
190000 -0.224272
200000 -0.220607
210000 -0.216526
220000 -0.213202
230000 -0.208934
240000 -0.209055
250000 -0.207782
260000 -0.206883
270000 -0.205179
280000 -0.204877
290000 -0.20387
300000 -0.203906
310000 -0.202728
320000 -0.203041
330000 -0.202778
340000 -0.201954
350000 -0.200915
360000 -0.200707
370000 -0.200471
380000 -0.200251
390000 -0.199556
400000 -0.198922
410000 -0.1984
420000 -0.197941
430000 -0.197419
440000 -0.197516
450000 -0.197486
460000 -0.197438
470000 -0.197598
480000 -0.197139
490000 -0.19702
500000 -0.196868
510000 -0.196942
520000 -0.197122
530000 -0.197018
540000 -0.196839
550000 -0.19664
560000 -0.196551
570000 -0.196493
580000 -0.196471
590000 -0.196439
600000 -0.196266
610000 -0.196232
620000 -0.196174
630000 -0.196023
640000 -0.195869
650000 -0.195547
660000 -0.195466
670000 -0.195491
680000 -0.195303
690000 -0.195136
700000 -0.195124
710000 -0.194999
720000 -0.194684
730000 -0.194575
740000 -0.194463
750000 -0.194304
760000 -0.194157
770000 -0.193784
780000 -0.194136
790000 -0.194103
800000 -0.193886
810000 -0.194079
820000 -0.194149
830000 -0.194047
840000 -0.193795
850000 -0.193751
860000 -0.193646
870000 -0.193597
880000 -0.193565
890000 -0.193614
900000 -0.193657
910000 -0.193437
920000 -0.193515
930000 -0.193323
940000 -0.193025
950000 -0.192981
960000 -0.192938
970000 -0.193316
980000 -0.193396
990000 -0.193336
