10000 -0.509265
20000 -0.469904
30000 -0.397304
40000 -0.376226
50000 -0.376422
60000 -0.3701
70000 -0.360809
80000 -0.356676
90000 -0.347907
100000 -0.340567
110000 -0.33083
120000 -0.320054
130000 -0.312403
140000 -0.301947
150000 -0.290962
160000 -0.289371
170000 -0.285255
180000 -0.2835
190000 -0.280992
200000 -0.277396
210000 -0.275666
220000 -0.27406
230000 -0.272395
240000 -0.270513
250000 -0.26926
260000 -0.267528
270000 -0.265378
280000 -0.264226
290000 -0.264199
300000 -0.263598
310000 -0.263107
320000 -0.262267
330000 -0.262628
340000 -0.26169
350000 -0.261598
360000 -0.260949
370000 -0.260598
380000 -0.26028
390000 -0.260483
400000 -0.259432
410000 -0.25901
420000 -0.259167
430000 -0.258775
440000 -0.257996
450000 -0.257865
460000 -0.257119
470000 -0.257389
480000 -0.257093
490000 -0.256691
500000 -0.256601
510000 -0.256478
520000 -0.255804
530000 -0.25493
540000 -0.253573
550000 -0.252321
560000 -0.253539
570000 -0.251977
580000 -0.251855
590000 -0.251512
600000 -0.251738
610000 -0.251681
620000 -0.251553
630000 -0.25159
640000 -0.251699
650000 -0.251631
660000 -0.251564
670000 -0.247849
680000 -0.193178
690000 -0.139234
700000 -0.137812
710000 -0.135908
720000 -0.134046
730000 -0.13171
740000 -0.12955
750000 -0.127745
760000 -0.126281
770000 -0.123816
780000 -0.121499
790000 -0.117477
800000 -0.115881
810000 -0.113024
820000 -0.111082
830000 -0.110325
840000 -0.109782
850000 -0.109128
860000 -0.108846
870000 -0.108543
880000 -0.108186
890000 -0.107433
900000 -0.10664
910000 -0.105926
920000 -0.105598
930000 -0.105135
940000 -0.105002
950000 -0.104966
960000 -0.10489
970000 -0.104733
980000 -0.104489
990000 -0.104309
