1000 0.00201596
2000 0.00204619
3000 0.00206236
4000 0.0020489
5000 0.00205072
6000 0.00205415
7000 0.0020371
8000 0.00204004
9000 0.00203669
10000 0.00203868
11000 0.00203876
12000 0.00203513
13000 0.00203665
14000 0.00203668
15000 0.00204058
16000 0.00204442
17000 0.0020515
18000 0.00206427
19000 0.00207647
20000 0.00208958
21000 0.00210101
22000 0.00211156
23000 0.00212244
24000 0.00213263
25000 0.00214352
26000 0.00215215
27000 0.00215756
28000 0.00215811
29000 0.00215772
30000 0.00215617
31000 0.00215546
32000 0.00215421
33000 0.0021552
34000 0.00215338
35000 0.00214991
36000 0.0021475
37000 0.00213795
38000 0.00212768
39000 0.00211969
40000 0.00211173
41000 0.00210638
42000 0.00210309
43000 0.00209821
44000 0.00209205
45000 0.00208762
46000 0.00208622
47000 0.00208881
48000 0.00209188
49000 0.00209451
50000 0.00209872
51000 0.00210538
52000 0.00211067
53000 0.00211477
54000 0.00211947
55000 0.00212242
56000 0.00212378
57000 0.00212453
58000 0.0021247
59000 0.0021233
60000 0.00212181
61000 0.00212153
62000 0.00212044
63000 0.00211883
64000 0.00211698
65000 0.00211561
66000 0.00211612
67000 0.00211806
68000 0.00211941
69000 0.00211926
70000 0.00211985
71000 0.00212222
72000 0.00212474
73000 0.00212593
74000 0.00212567
75000 0.00212437
76000 0.0021233
77000 0.00212
78000 0.00211699
79000 0.00211457
80000 0.00211227
81000 0.00211081
82000 0.00210969
83000 0.00210964
84000 0.00211064
85000 0.00211126
86000 0.00211206
87000 0.00211297
88000 0.00211484
89000 0.00211733
90000 0.00211975
91000 0.002123
92000 0.00212695
93000 0.00213042
94000 0.00213407
95000 0.00213678
96000 0.00213995
97000 0.00214304
98000 0.00214546
99000 0.00214947
100000 0.00215382
101000 0.00215911
102000 0.00216412
103000 0.0021684
104000 0.00217213
105000 0.00217572
106000 0.00217972
107000 0.00218332
108000 0.00218656
109000 0.00218915
110000 0.00219088
111000 0.00219253
112000 0.00219393
113000 0.00219401
114000 0.00219489
115000 0.00219546
116000 0.00219611
117000 0.00219657
118000 0.00219693
119000 0.00219496
120000 0.00219264
121000 0.00219049
122000 0.00218812
123000 0.00218489
124000 0.00218232
125000 0.00218039
126000 0.00217858
127000 0.00217699
128000 0.00217556
129000 0.002174
130000 0.00217169
131000 0.00216891
132000 0.0021666
133000 0.00216484
134000 0.00216316
135000 0.00216215
136000 0.00216226
137000 0.00216224
138000 0.00216219
139000 0.00216383
140000 0.00216586
141000 0.00216804
142000 0.0021701
143000 0.00217239
144000 0.00217513
145000 0.00217665
146000 0.00217848
147000 0.00217998
148000 0.00218107
149000 0.00218135
150000 0.00218116
151000 0.00218113
152000 0.00218138
153000 0.00218176
154000 0.00218183
155000 0.00218301
156000 0.00218366
157000 0.00218341
158000 0.0021832
159000 0.0021835
160000 0.00218402
161000 0.00218503
162000 0.00218633
163000 0.00218794
164000 0.00218989
165000 0.0021912
166000 0.00219258
167000 0.00219323
168000 0.00219363
169000 0.00219445
170000 0.00219538
171000 0.00219679
172000 0.00219911
173000 0.00220144
174000 0.00220352
175000 0.00220537
176000 0.00220687
177000 0.00220833
178000 0.00221043
179000 0.00221221
180000 0.0022138
181000 0.00221501
182000 0.00221577
183000 0.00221678
184000 0.0022176
185000 0.00221882
186000 0.00222043
187000 0.00222254
188000 0.00222467
189000 0.00222673
190000 0.00222821
191000 0.00222939
192000 0.00223048
193000 0.00223174
194000 0.00223333
195000 0.00223387
196000 0.00223369
197000 0.00223338
198000 0.00223296
199000 0.00223297
200000 0.00223305
201000 0.00223297
202000 0.00223245
203000 0.00223167
204000 0.00223138
205000 0.00223153
206000 0.00223151
207000 0.00223147
208000 0.002231
209000 0.00223021
210000 0.00222948
211000 0.00222923
212000 0.00222898
213000 0.00222856
214000 0.00222829
215000 0.00222855
216000 0.0022286
217000 0.00222891
218000 0.00222941
219000 0.00223041
220000 0.00223183
221000 0.00223361
222000 0.00223557
223000 0.00223799
224000 0.00224087
225000 0.0022442
226000 0.00224752
227000 0.00224998
228000 0.00225205
229000 0.00225379
230000 0.00225534
231000 0.00225658
232000 0.00225797
233000 0.00225946
234000 0.00226104
235000 0.00226288
236000 0.00226543
237000 0.00226844
238000 0.0022713
239000 0.00227452
240000 0.002278
241000 0.00228076
242000 0.00228312
243000 0.00228555
244000 0.00228789
245000 0.00229088
246000 0.00229431
247000 0.00229788
248000 0.00230091
249000 0.00230377
250000 0.00230598
251000 0.00230826
252000 0.00231064
253000 0.00231284
254000 0.00231427
255000 0.0023159
256000 0.00231676
257000 0.0023176
258000 0.00231798
259000 0.00231802
260000 0.00231805
261000 0.00231785
262000 0.00231705
263000 0.00231617
264000 0.00231549
265000 0.0023151
266000 0.00231485
267000 0.0023142
268000 0.00231365
269000 0.00231314
270000 0.00231234
271000 0.00231145
272000 0.00231082
273000 0.00231079
274000 0.00231133
275000 0.00231223
276000 0.00231332
277000 0.00231439
278000 0.00231545
279000 0.00231692
280000 0.00231816
281000 0.00231918
282000 0.00232042
283000 0.0023217
284000 0.00232277
285000 0.00232398
286000 0.0023252
287000 0.00232647
288000 0.00232813
289000 0.00232991
290000 0.0023319
291000 0.00233391
292000 0.00233539
293000 0.00233659
294000 0.00233784
295000 0.00233905
296000 0.00234009
297000 0.00234098
298000 0.00234209
299000 0.00234324
300000 0.00234452
301000 0.00234572
302000 0.00234632
303000 0.00234678
304000 0.00234727
305000 0.00234795
306000 0.00234859
307000 0.00234949
308000 0.00235065
309000 0.00235174
310000 0.00235252
311000 0.00235279
312000 0.00235316
313000 0.0023539
314000 0.00235488
315000 0.00235569
316000 0.0023566
317000 0.00235749
318000 0.00235822
319000 0.00235884
320000 0.00235978
321000 0.00236072
322000 0.00236165
323000 0.00236294
324000 0.0023645
325000 0.0023656
326000 0.00236646
327000 0.002367
328000 0.00236807
329000 0.00236889
330000 0.00237001
331000 0.00237175
332000 0.00237348
333000 0.00237499
334000 0.00237623
335000 0.00237727
336000 0.00237783
337000 0.00237835
338000 0.00237904
339000 0.00237989
340000 0.00238089
341000 0.00238172
342000 0.00238236
343000 0.00238302
344000 0.00238351
345000 0.00238407
346000 0.00238451
347000 0.00238463
348000 0.00238488
349000 0.00238512
350000 0.00238538
351000 0.00238588
352000 0.00238671
353000 0.0023873
354000 0.00238795
355000 0.00238878
356000 0.00238968
357000 0.00239049
358000 0.0023915
359000 0.00239247
360000 0.00239318
361000 0.00239379
362000 0.002394
363000 0.00239402
364000 0.00239423
365000 0.00239464
366000 0.00239523
367000 0.00239609
368000 0.00239715
369000 0.00239837
370000 0.00239949
371000 0.00240094
372000 0.00240241
373000 0.00240358
374000 0.00240486
375000 0.0024063
376000 0.00240761
377000 0.00240876
378000 0.00241001
379000 0.0024116
380000 0.00241311
381000 0.00241466
382000 0.00241653
383000 0.00241866
384000 0.00242085
385000 0.00242281
386000 0.00242467
387000 0.0024268
388000 0.00242894
389000 0.00243131
390000 0.00243325
391000 0.00243521
392000 0.0024374
393000 0.00243997
394000 0.00244212
395000 0.00244371
396000 0.00244516
397000 0.00244702
398000 0.00244895
399000 0.00245071
400000 0.00245201
401000 0.00245336
402000 0.00245506
403000 0.00245659
404000 0.00245773
405000 0.00245879
406000 0.00246035
407000 0.00246223
408000 0.00246383
409000 0.00246556
410000 0.00246741
411000 0.00246895
412000 0.00247057
413000 0.00247242
414000 0.00247376
415000 0.00247514
416000 0.00247642
417000 0.0024778
418000 0.0024791
419000 0.00248034
420000 0.00248155
421000 0.002483
422000 0.00248435
423000 0.00248555
424000 0.00248657
425000 0.00248757
426000 0.00248855
427000 0.00248952
428000 0.00249054
429000 0.00249185
430000 0.00249291
431000 0.00249395
432000 0.00249485
433000 0.00249576
434000 0.00249635
435000 0.00249685
436000 0.00249729
437000 0.00249723
438000 0.00249683
439000 0.00249615
440000 0.00249524
441000 0.00249421
442000 0.00249317
443000 0.00249211
444000 0.00249075
445000 0.00248951
446000 0.00248849
447000 0.00248749
448000 0.00248656
449000 0.00248571
450000 0.00248487
451000 0.00248393
452000 0.00248303
453000 0.00248209
454000 0.00248088
455000 0.00247964
456000 0.0024784
457000 0.00247729
458000 0.00247627
459000 0.00247522
460000 0.00247408
461000 0.00247279
462000 0.00247135
463000 0.00247011
464000 0.00246909
465000 0.00246814
466000 0.00246744
467000 0.00246698
468000 0.00246684
469000 0.00246688
470000 0.00246671
471000 0.00246673
472000 0.00246689
473000 0.00246702
474000 0.00246703
475000 0.00246747
476000 0.00246804
477000 0.00246818
478000 0.00246807
479000 0.00246779
480000 0.00246747
481000 0.00246681
482000 0.00246614
483000 0.00246551
484000 0.002465
485000 0.00246433
486000 0.00246365
487000 0.00246282
488000 0.00246177
489000 0.00246042
490000 0.00245911
491000 0.0024579
492000 0.00245705
493000 0.00245645
494000 0.00245571
495000 0.00245494
496000 0.00245399
497000 0.00245304
498000 0.00245209
499000 0.0024508
500000 0.00244958
