1000 0.00198007
2000 0.00203201
3000 0.00209641
4000 0.00215372
5000 0.00221478
6000 0.00223365
7000 0.00225557
8000 0.00226714
9000 0.0022966
10000 0.00233638
11000 0.00238225
12000 0.00241463
13000 0.00243447
14000 0.00245627
15000 0.0024834
16000 0.00250871
17000 0.0025294
18000 0.00254616
19000 0.0025563
20000 0.00256746
21000 0.00257429
22000 0.00257996
23000 0.0025827
24000 0.00258857
25000 0.002595
26000 0.00260139
27000 0.00260646
28000 0.00260991
29000 0.00261424
30000 0.00261736
31000 0.00262409
32000 0.00263307
33000 0.00264192
34000 0.00265337
35000 0.00267343
36000 0.0026968
37000 0.00271816
38000 0.00273643
39000 0.00275363
40000 0.00276982
41000 0.00278099
42000 0.00278993
43000 0.00280116
44000 0.00281268
45000 0.00282411
46000 0.00283334
47000 0.00283987
48000 0.0028466
49000 0.00285095
50000 0.00285229
51000 0.00285507
52000 0.00285873
53000 0.00286325
54000 0.00286763
55000 0.00287178
56000 0.00287332
57000 0.00287336
58000 0.00287183
59000 0.00287232
60000 0.00287539
61000 0.00287881
62000 0.00288134
63000 0.00288499
64000 0.00288705
65000 0.00288841
66000 0.00288914
67000 0.00289014
68000 0.00288944
69000 0.00288983
70000 0.00289202
71000 0.00289696
72000 0.00290358
73000 0.00291035
74000 0.00291429
75000 0.00291896
76000 0.00292419
77000 0.00292805
78000 0.00293132
79000 0.00293514
80000 0.00294013
81000 0.00294623
82000 0.00295088
83000 0.00295508
84000 0.00296074
85000 0.00296743
86000 0.00297335
87000 0.0029812
88000 0.00298862
89000 0.00299675
90000 0.00300379
91000 0.00301048
92000 0.0030173
93000 0.00302214
94000 0.00302468
95000 0.00302616
96000 0.00302693
97000 0.00302577
98000 0.0030244
99000 0.00302141
100000 0.00301752
101000 0.0030121
102000 0.00300648
103000 0.00300092
104000 0.00299553
105000 0.00299061
106000 0.00298642
107000 0.00298245
108000 0.00297991
109000 0.00297882
110000 0.00297823
111000 0.00297752
112000 0.00297773
113000 0.00297742
114000 0.00297738
115000 0.00297702
116000 0.00297658
117000 0.00297542
118000 0.00297535
119000 0.00297471
120000 0.00297451
121000 0.00297459
122000 0.00297598
123000 0.00297894
124000 0.00298092
125000 0.00298213
126000 0.002985
127000 0.00298888
128000 0.00299435
129000 0.00300115
130000 0.00300759
131000 0.00301468
132000 0.00302225
133000 0.00303058
134000 0.00303952
135000 0.00304941
136000 0.00305754
137000 0.00306592
138000 0.0030738
139000 0.00308137
140000 0.00308865
141000 0.00309588
142000 0.00310381
143000 0.00311154
144000 0.00311861
145000 0.00312519
146000 0.00313128
147000 0.00313637
148000 0.00314177
149000 0.00314595
150000 0.00314953
151000 0.00315351
152000 0.00315725
153000 0.00315984
154000 0.00316267
155000 0.00316613
156000 0.00316925
157000 0.00317209
158000 0.00317489
159000 0.00317662
160000 0.00317708
161000 0.0031762
162000 0.00317536
163000 0.00317538
164000 0.00317444
165000 0.00317315
166000 0.00317151
167000 0.00317077
168000 0.0031702
169000 0.00316914
170000 0.0031671
171000 0.00316492
172000 0.00316306
173000 0.00316054
174000 0.00315773
175000 0.0031547
176000 0.00315239
177000 0.00315052
178000 0.00314795
179000 0.00314544
180000 0.00314344
181000 0.00314158
182000 0.00313979
183000 0.00313763
184000 0.00313586
185000 0.003134
186000 0.00313203
187000 0.00312967
188000 0.0031275
189000 0.00312564
190000 0.00312416
191000 0.00312333
192000 0.00312378
193000 0.00312377
194000 0.00312348
195000 0.00312348
196000 0.00312362
197000 0.00312364
198000 0.00312321
199000 0.00312347
200000 0.00312438
201000 0.00312513
202000 0.00312549
203000 0.00312611
204000 0.00312733
205000 0.00312859
206000 0.00312993
207000 0.00313172
208000 0.00313341
209000 0.00313385
210000 0.00313451
211000 0.00313548
212000 0.00313683
213000 0.00313766
214000 0.00313826
215000 0.00313909
216000 0.00314053
217000 0.00314161
218000 0.00314158
219000 0.00314118
220000 0.00314097
221000 0.00314035
222000 0.00313921
223000 0.00313829
224000 0.00313709
225000 0.00313565
226000 0.0031338
227000 0.0031321
228000 0.00313048
229000 0.00312869
230000 0.0031264
231000 0.00312276
232000 0.0031186
233000 0.00311421
234000 0.0031102
235000 0.00310677
236000 0.00310372
237000 0.00310008
238000 0.00309617
239000 0.00309214
240000 0.00308833
241000 0.0030845
242000 0.00308069
243000 0.00307658
244000 0.00307232
245000 0.00306816
246000 0.00306331
247000 0.00305796
248000 0.00305238
249000 0.00304673
250000 0.00304097
251000 0.00303485
252000 0.00302804
253000 0.00302089
254000 0.00301421
255000 0.0030075
256000 0.00300084
257000 0.00299438
258000 0.00298784
259000 0.00298143
260000 0.00297513
261000 0.00296934
262000 0.00296365
263000 0.00295808
264000 0.0029529
265000 0.00294818
266000 0.00294358
267000 0.00293866
268000 0.00293342
269000 0.00292811
270000 0.00292305
271000 0.00291795
272000 0.002913
273000 0.0029083
274000 0.00290394
275000 0.00289982
276000 0.00289568
277000 0.00289141
278000 0.00288724
279000 0.00288317
280000 0.00287914
281000 0.00287537
282000 0.00287208
283000 0.00286886
284000 0.00286553
285000 0.0028624
286000 0.00285945
287000 0.00285667
288000 0.00285424
289000 0.00285162
290000 0.00284882
291000 0.00284611
292000 0.00284348
293000 0.00284113
294000 0.00283887
295000 0.00283715
296000 0.00283598
297000 0.00283511
298000 0.00283475
299000 0.00283459
300000 0.00283398
301000 0.00283342
302000 0.00283331
303000 0.00283331
304000 0.00283305
305000 0.00283253
306000 0.00283222
307000 0.00283199
308000 0.00283169
309000 0.00283121
310000 0.00283076
311000 0.00283049
312000 0.0028298
313000 0.002829
314000 0.00282782
315000 0.00282699
316000 0.00282642
317000 0.00282603
318000 0.00282531
319000 0.00282466
320000 0.00282397
321000 0.00282311
322000 0.00282154
323000 0.00282002
324000 0.00281872
325000 0.00281729
326000 0.00281597
327000 0.00281487
328000 0.00281354
329000 0.00281253
330000 0.00281186
331000 0.00281112
332000 0.00281052
333000 0.00280998
334000 0.00280975
335000 0.00280915
336000 0.00280795
337000 0.00280647
338000 0.00280524
339000 0.0028041
340000 0.00280282
341000 0.00280165
342000 0.00280062
343000 0.00279997
344000 0.00279966
345000 0.00279948
346000 0.00279918
347000 0.00279884
348000 0.00279837
349000 0.00279843
350000 0.00279849
351000 0.00279883
352000 0.00279913
353000 0.00279941
354000 0.00279959
355000 0.00279947
356000 0.00279908
357000 0.00279888
358000 0.00279858
359000 0.00279816
360000 0.00279724
361000 0.00279631
362000 0.0027953
363000 0.00279472
364000 0.00279432
365000 0.00279402
366000 0.00279403
367000 0.00279394
368000 0.00279389
369000 0.00279331
370000 0.00279268
371000 0.00279209
372000 0.0027914
373000 0.00279091
374000 0.00279091
375000 0.00279127
376000 0.00279153
377000 0.00279221
378000 0.00279319
379000 0.0027939
380000 0.00279458
381000 0.00279528
382000 0.00279595
383000 0.00279661
384000 0.00279728
385000 0.00279747
386000 0.0027974
387000 0.00279721
388000 0.00279679
389000 0.00279635
390000 0.00279606
391000 0.00279584
392000 0.00279557
393000 0.00279514
394000 0.00279492
395000 0.0027947
396000 0.00279443
397000 0.00279436
398000 0.00279435
399000 0.00279425
400000 0.00279415
401000 0.00279429
402000 0.00279448
403000 0.00279497
404000 0.00279613
405000 0.00279761
406000 0.0027992
407000 0.0028006
408000 0.00280159
409000 0.00280257
410000 0.00280328
411000 0.00280392
412000 0.00280498
413000 0.00280607
414000 0.00280692
415000 0.0028078
416000 0.0028087
417000 0.00280989
418000 0.00281107
419000 0.00281265
420000 0.00281443
421000 0.00281608
422000 0.00281794
423000 0.0028202
424000 0.00282275
425000 0.00282548
426000 0.00282814
427000 0.00283105
428000 0.00283405
429000 0.00283716
430000 0.00284036
431000 0.00284401
432000 0.00284776
433000 0.00285155
434000 0.0028554
435000 0.00285906
436000 0.00286234
437000 0.00286505
438000 0.00286728
439000 0.00286973
440000 0.00287202
441000 0.00287403
442000 0.00287593
443000 0.00287779
444000 0.00287964
445000 0.00288201
446000 0.00288451
447000 0.00288653
448000 0.00288825
449000 0.00289006
450000 0.00289179
451000 0.00289336
452000 0.0028949
453000 0.00289605
454000 0.00289683
455000 0.00289795
456000 0.00289898
457000 0.00289978
458000 0.00290074
459000 0.00290151
460000 0.00290197
461000 0.00290229
462000 0.00290293
463000 0.00290374
464000 0.00290448
465000 0.00290502
466000 0.00290569
467000 0.00290626
468000 0.00290668
469000 0.00290751
470000 0.00290845
471000 0.00290919
472000 0.00290967
473000 0.00291026
474000 0.00291099
475000 0.00291112
476000 0.00291139
477000 0.00291194
478000 0.00291267
479000 0.00291327
480000 0.00291416
481000 0.0029155
482000 0.00291705
483000 0.00291876
484000 0.0029206
485000 0.00292217
486000 0.00292389
487000 0.00292568
488000 0.00292737
489000 0.00292908
490000 0.00293095
491000 0.00293269
492000 0.0029345
493000 0.00293623
494000 0.00293789
495000 0.00293927
496000 0.00294046
497000 0.00294147
498000 0.0029426
499000 0.00294393
500000 0.00294534
