1000 0.00292855
2000 0.0029682
3000 0.00296322
4000 0.00294336
5000 0.00292772
6000 0.00294288
7000 0.00296301
8000 0.00297336
9000 0.00299274
10000 0.00301096
11000 0.00302143
12000 0.00302299
13000 0.00301987
14000 0.00302955
15000 0.00304444
16000 0.0030639
17000 0.00309255
18000 0.00311922
19000 0.00314201
20000 0.00316272
21000 0.00318473
22000 0.00320998
23000 0.00323545
24000 0.00326644
25000 0.00329085
26000 0.00331184
27000 0.00332662
28000 0.00333748
29000 0.00335242
30000 0.00336646
31000 0.00337645
32000 0.00337943
33000 0.00337579
34000 0.0033703
35000 0.00336779
36000 0.00337047
37000 0.00337325
38000 0.0033785
39000 0.00338509
40000 0.00339029
41000 0.00339179
42000 0.00339397
43000 0.00339777
44000 0.00340202
45000 0.00340449
46000 0.00340501
47000 0.00340173
48000 0.00339562
49000 0.00338773
50000 0.00337725
51000 0.00336705
52000 0.00335627
53000 0.00334629
54000 0.00333709
55000 0.00332865
56000 0.00332115
57000 0.00331342
58000 0.00330466
59000 0.00329752
60000 0.00329127
61000 0.00328537
62000 0.00327983
63000 0.00327419
64000 0.00326868
65000 0.00326436
66000 0.00325836
67000 0.0032539
68000 0.00325161
69000 0.00324957
70000 0.00324846
71000 0.00324902
72000 0.00325344
73000 0.0032591
74000 0.00326395
75000 0.00326642
76000 0.00326896
77000 0.00327383
78000 0.00327702
79000 0.0032789
80000 0.00327936
81000 0.00328107
82000 0.00328387
83000 0.0032856
84000 0.00328761
85000 0.00329049
86000 0.00329527
87000 0.0033007
88000 0.00330755
89000 0.00331578
90000 0.00332632
91000 0.00333622
92000 0.00334524
93000 0.00335114
94000 0.00335618
95000 0.00336108
96000 0.00336573
97000 0.0033708
98000 0.00337599
99000 0.00338056
100000 0.00338341
101000 0.00338575
102000 0.00338868
103000 0.00339115
104000 0.00339402
105000 0.00339649
106000 0.00339866
107000 0.00339904
108000 0.00339997
109000 0.00339984
110000 0.00339832
111000 0.00339626
112000 0.00339427
113000 0.00339341
114000 0.00339261
115000 0.00339181
116000 0.00339072
117000 0.00338933
118000 0.00338845
119000 0.00338904
120000 0.00338915
121000 0.00338883
122000 0.003389
123000 0.00338862
124000 0.00338833
125000 0.00338835
126000 0.00338824
127000 0.00338892
128000 0.00338877
129000 0.003389
130000 0.0033904
131000 0.00339352
132000 0.00339605
133000 0.00339774
134000 0.00339827
135000 0.00339853
136000 0.00339831
137000 0.00339804
138000 0.00339758
139000 0.00339738
140000 0.00339645
141000 0.00339535
142000 0.00339391
143000 0.0033921
144000 0.00338915
145000 0.00338617
146000 0.00338453
147000 0.00338237
148000 0.00338111
149000 0.00338042
150000 0.00338041
151000 0.00338058
152000 0.00338057
153000 0.00338078
154000 0.00338192
155000 0.00338395
156000 0.00338593
157000 0.0033873
158000 0.00338815
159000 0.00338794
160000 0.00338679
161000 0.00338551
162000 0.00338444
163000 0.00338333
164000 0.00338211
165000 0.00338123
166000 0.00337972
167000 0.00337796
168000 0.00337649
169000 0.00337576
170000 0.00337457
171000 0.00337394
172000 0.00337318
173000 0.00337236
174000 0.00337161
175000 0.0033716
176000 0.00337088
177000 0.00337016
178000 0.00336932
179000 0.00336829
180000 0.00336735
181000 0.00336582
182000 0.00336418
183000 0.00336257
184000 0.00336037
185000 0.00335845
186000 0.00335742
187000 0.00335698
188000 0.00335639
189000 0.00335568
190000 0.00335539
191000 0.00335539
192000 0.00335459
193000 0.00335381
194000 0.00335332
195000 0.00335234
196000 0.00335113
197000 0.00334968
198000 0.00334869
199000 0.00334838
200000 0.00334816
201000 0.00334683
202000 0.00334469
203000 0.00334241
204000 0.00334024
205000 0.00333817
206000 0.00333539
207000 0.0033319
208000 0.00332845
209000 0.00332413
210000 0.00332009
211000 0.00331624
212000 0.00331206
213000 0.00330798
214000 0.00330339
215000 0.0032991
216000 0.00329498
217000 0.00329107
218000 0.00328771
219000 0.00328466
220000 0.0032826
221000 0.00328127
222000 0.00327997
223000 0.00327903
224000 0.00327827
225000 0.00327776
226000 0.00327684
227000 0.00327605
228000 0.00327549
229000 0.00327499
230000 0.00327356
231000 0.00327235
232000 0.00327101
233000 0.00326971
234000 0.00326797
235000 0.00326633
236000 0.00326459
237000 0.00326283
238000 0.00326079
239000 0.00325844
240000 0.00325608
241000 0.00325391
242000 0.00325173
243000 0.00324973
244000 0.00324724
245000 0.00324423
246000 0.00324097
247000 0.00323806
248000 0.00323532
249000 0.00323304
250000 0.00323137
251000 0.00322942
252000 0.00322753
253000 0.00322567
254000 0.00322342
255000 0.00322125
256000 0.00321914
257000 0.00321738
258000 0.00321596
259000 0.00321466
260000 0.00321378
261000 0.00321311
262000 0.0032125
263000 0.00321273
264000 0.00321278
265000 0.00321264
266000 0.0032122
267000 0.0032115
268000 0.003211
269000 0.00321048
270000 0.00321044
271000 0.0032104
272000 0.00321073
273000 0.0032111
274000 0.00321148
275000 0.00321189
276000 0.00321291
277000 0.00321393
278000 0.00321442
279000 0.0032149
280000 0.00321554
281000 0.0032162
282000 0.003217
283000 0.00321808
284000 0.00321962
285000 0.00322064
286000 0.00322108
287000 0.00322139
288000 0.00322121
289000 0.00322102
290000 0.00322083
291000 0.00322046
292000 0.00322009
293000 0.00321946
294000 0.00321874
295000 0.00321777
296000 0.0032168
297000 0.00321541
298000 0.00321401
299000 0.00321248
300000 0.00321095
301000 0.00320938
302000 0.00320791
303000 0.0032065
304000 0.00320529
305000 0.00320427
306000 0.00320355
307000 0.00320346
308000 0.00320371
309000 0.0032041
310000 0.00320503
311000 0.00320616
312000 0.00320758
313000 0.00320953
314000 0.00321186
315000 0.00321386
316000 0.00321647
317000 0.0032195
318000 0.00322255
319000 0.00322549
320000 0.00322891
321000 0.00323193
322000 0.00323463
323000 0.00323727
324000 0.00323889
325000 0.00324012
326000 0.00324148
327000 0.0032432
328000 0.00324548
329000 0.00324773
330000 0.00325003
331000 0.00325286
332000 0.00325592
333000 0.00325909
334000 0.00326238
335000 0.00326551
336000 0.00326835
337000 0.00327102
338000 0.0032744
339000 0.00327817
340000 0.0032824
341000 0.00328666
342000 0.00329017
343000 0.00329345
344000 0.00329698
345000 0.00330042
346000 0.00330378
347000 0.00330728
348000 0.0033106
349000 0.00331343
350000 0.00331593
351000 0.003318
352000 0.00332017
353000 0.00332196
354000 0.00332269
355000 0.00332331
356000 0.00332401
357000 0.00332474
358000 0.00332507
359000 0.00332493
360000 0.00332448
361000 0.00332397
362000 0.00332352
363000 0.00332362
364000 0.00332389
365000 0.00332414
366000 0.00332441
367000 0.00332436
368000 0.00332424
369000 0.00332395
370000 0.00332333
371000 0.00332317
372000 0.00332308
373000 0.00332319
374000 0.00332329
375000 0.00332358
376000 0.00332402
377000 0.00332426
378000 0.00332422
379000 0.00332459
380000 0.00332539
381000 0.00332604
382000 0.00332671
383000 0.00332703
384000 0.00332727
385000 0.00332749
386000 0.00332752
387000 0.00332745
388000 0.0033272
389000 0.00332668
390000 0.00332636
391000 0.00332602
392000 0.00332578
393000 0.00332558
394000 0.00332509
395000 0.00332448
396000 0.00332406
397000 0.00332387
398000 0.00332382
399000 0.00332395
400000 0.00332403
401000 0.00332414
402000 0.00332397
403000 0.00332356
404000 0.00332305
405000 0.00332274
406000 0.00332229
407000 0.00332141
408000 0.00332028
409000 0.00331919
410000 0.00331818
411000 0.00331748
412000 0.0033171
413000 0.00331684
414000 0.00331642
415000 0.00331586
416000 0.00331535
417000 0.00331461
418000 0.00331374
419000 0.003313
420000 0.00331255
421000 0.00331229
422000 0.00331184
423000 0.00331136
424000 0.00331093
425000 0.00331037
426000 0.00330971
427000 0.003309
428000 0.00330833
429000 0.00330741
430000 0.00330612
431000 0.0033046
432000 0.00330304
433000 0.0033013
434000 0.00329936
435000 0.00329744
436000 0.00329549
437000 0.00329358
438000 0.00329153
439000 0.00328961
440000 0.00328803
441000 0.00328636
442000 0.0032848
443000 0.00328355
444000 0.00328225
445000 0.00328073
446000 0.00327943
447000 0.00327814
448000 0.0032766
449000 0.00327531
450000 0.00327387
451000 0.00327232
452000 0.00327116
453000 0.00327012
454000 0.00326901
455000 0.00326767
456000 0.00326631
457000 0.00326499
458000 0.00326332
459000 0.00326161
460000 0.00325971
461000 0.00325774
462000 0.00325586
463000 0.0032541
464000 0.00325228
465000 0.00325061
466000 0.00324914
467000 0.0032478
468000 0.0032461
469000 0.00324444
470000 0.00324277
471000 0.00324103
472000 0.00323923
473000 0.00323767
474000 0.00323599
475000 0.00323398
476000 0.00323196
477000 0.00322999
478000 0.00322795
479000 0.003226
480000 0.00322416
481000 0.00322223
482000 0.00322026
483000 0.00321846
484000 0.00321653
485000 0.00321463
486000 0.00321257
487000 0.00321023
488000 0.00320762
489000 0.00320478
490000 0.00320196
491000 0.00319913
492000 0.00319617
493000 0.00319331
494000 0.00319049
495000 0.00318785
496000 0.0031852
497000 0.00318249
498000 0.00317963
499000 0.00317677
500000 0.00317378
