1000 0.00545874
2000 0.00551484
3000 0.00552357
4000 0.00555649
5000 0.00557674
6000 0.0055963
7000 0.00562973
8000 0.00566351
9000 0.00568294
10000 0.00568626
11000 0.00568753
12000 0.00568619
13000 0.00568182
14000 0.00567773
15000 0.00567872
16000 0.00568069
17000 0.00568302
18000 0.00568636
19000 0.00569072
20000 0.00569966
21000 0.00570211
22000 0.00570076
23000 0.00569722
24000 0.00569117
25000 0.00568623
26000 0.00568812
27000 0.00569302
28000 0.00569678
29000 0.0057023
30000 0.00571029
31000 0.00572031
32000 0.00573049
33000 0.0057373
34000 0.00574146
35000 0.00574291
36000 0.00573893
37000 0.00573428
38000 0.00572898
39000 0.00572422
40000 0.00572026
41000 0.00572063
42000 0.00571789
43000 0.00571325
44000 0.00571175
45000 0.00570933
46000 0.00570607
47000 0.00570125
48000 0.00569887
49000 0.00569994
50000 0.00570044
51000 0.00570099
52000 0.00570229
53000 0.00570003
54000 0.00570049
55000 0.00569979
56000 0.00570111
57000 0.0057017
58000 0.00570077
59000 0.00570107
60000 0.00570434
61000 0.00571028
62000 0.00571772
63000 0.00572473
64000 0.00572963
65000 0.00573446
66000 0.00574319
67000 0.00574997
68000 0.00575261
69000 0.00575598
70000 0.00575973
71000 0.00576408
72000 0.00576858
73000 0.00577514
74000 0.00578253
75000 0.00578801
76000 0.00579303
77000 0.00579648
78000 0.00579858
79000 0.005801
80000 0.0058012
81000 0.00579794
82000 0.00579647
83000 0.00579392
84000 0.00579104
85000 0.00578895
86000 0.00578535
87000 0.00578192
88000 0.00577758
89000 0.00577193
90000 0.00576571
91000 0.00575961
92000 0.00575411
93000 0.00574781
94000 0.00574015
95000 0.00573076
96000 0.00572075
97000 0.00571217
98000 0.00570518
99000 0.00569756
100000 0.00569076
101000 0.00568286
102000 0.00567558
103000 0.00566994
104000 0.00566338
105000 0.00565665
106000 0.00564981
107000 0.0056432
108000 0.0056379
109000 0.00563317
110000 0.00562873
111000 0.00562354
112000 0.00561771
113000 0.00561009
114000 0.00560064
115000 0.00559009
116000 0.00558004
117000 0.00557027
118000 0.00556114
119000 0.00555278
120000 0.00554507
121000 0.00553697
122000 0.00552818
123000 0.00551964
124000 0.00551228
125000 0.00550536
126000 0.00549902
127000 0.00549176
128000 0.0054831
129000 0.00547499
130000 0.00546642
131000 0.00545771
132000 0.00544886
133000 0.00543898
134000 0.00542851
135000 0.00541946
136000 0.00541104
137000 0.0054037
138000 0.00539659
139000 0.00539024
140000 0.00538426
141000 0.00537758
142000 0.00537082
143000 0.00536477
144000 0.00535965
145000 0.00535606
146000 0.00535163
147000 0.00534618
148000 0.00534005
149000 0.00533417
150000 0.00532952
151000 0.00532558
152000 0.00532109
153000 0.00531602
154000 0.0053123
155000 0.0053084
156000 0.00530471
157000 0.0052999
158000 0.00529406
159000 0.00528735
160000 0.00528003
161000 0.0052732
162000 0.00526709
163000 0.00526021
164000 0.00525324
165000 0.0052464
166000 0.00523934
167000 0.00523234
168000 0.00522406
169000 0.00521466
170000 0.0052055
171000 0.00519686
172000 0.00518797
173000 0.0051786
174000 0.00516838
175000 0.00515815
176000 0.00514803
177000 0.00513774
178000 0.00512737
179000 0.00511789
180000 0.00510845
181000 0.00509954
182000 0.00509112
183000 0.00508303
184000 0.00507445
185000 0.00506501
186000 0.00505465
187000 0.00504443
188000 0.00503493
189000 0.00502537
190000 0.00501644
191000 0.00500809
192000 0.00499879
193000 0.0049886
194000 0.0049777
195000 0.00496531
196000 0.00495307
197000 0.00494069
198000 0.00492851
199000 0.00491633
200000 0.00490426
201000 0.00489231
202000 0.00488008
203000 0.00486797
204000 0.00485627
205000 0.00484503
206000 0.00483392
207000 0.00482325
208000 0.00481259
209000 0.00480283
210000 0.0047939
211000 0.00478469
212000 0.00477563
213000 0.00476691
214000 0.00475809
215000 0.00474911
216000 0.00474025
217000 0.00473121
218000 0.00472237
219000 0.00471427
220000 0.00470595
221000 0.00469682
222000 0.00468756
223000 0.0046783
224000 0.00466895
225000 0.00465979
226000 0.00465101
227000 0.00464192
228000 0.00463341
229000 0.00462478
230000 0.00461613
231000 0.00460769
232000 0.00459912
233000 0.00459023
234000 0.00458127
235000 0.00457207
236000 0.0045629
237000 0.00455423
238000 0.00454581
239000 0.00453725
240000 0.00452863
241000 0.00452054
242000 0.00451314
243000 0.00450541
244000 0.00449733
245000 0.00448898
246000 0.00448037
247000 0.0044716
248000 0.00446282
249000 0.00445412
250000 0.00444551
251000 0.00443674
252000 0.00442797
253000 0.00441891
254000 0.00440943
255000 0.00439952
256000 0.00438989
257000 0.0043805
258000 0.00437109
259000 0.00436165
260000 0.00435214
261000 0.00434324
262000 0.00433463
263000 0.00432613
264000 0.00431755
265000 0.00430918
266000 0.00430112
267000 0.00429298
268000 0.00428483
269000 0.00427701
270000 0.00426954
271000 0.00426209
272000 0.00425474
273000 0.00424732
274000 0.00423986
275000 0.0042321
276000 0.00422439
277000 0.00421673
278000 0.00420949
279000 0.0042025
280000 0.00419544
281000 0.00418804
282000 0.00418033
283000 0.00417252
284000 0.00416474
285000 0.00415736
286000 0.00415019
287000 0.0041433
288000 0.00413671
289000 0.00413005
290000 0.00412343
291000 0.00411693
292000 0.00411062
293000 0.00410448
294000 0.00409851
295000 0.00409266
296000 0.00408704
297000 0.00408116
298000 0.00407544
299000 0.00406985
300000 0.00406405
301000 0.00405817
302000 0.00405225
303000 0.00404602
304000 0.00403986
305000 0.00403325
306000 0.00402665
307000 0.00402028
308000 0.00401378
309000 0.00400716
310000 0.00400073
311000 0.00399437
312000 0.00398825
313000 0.00398268
314000 0.00397759
315000 0.00397276
316000 0.00396822
317000 0.00396376
318000 0.00395892
319000 0.00395427
320000 0.00394962
321000 0.00394493
322000 0.00394032
323000 0.00393581
324000 0.00393139
325000 0.00392673
326000 0.00392252
327000 0.00391864
328000 0.00391467
329000 0.00391089
330000 0.00390751
331000 0.00390404
332000 0.00390091
333000 0.00389796
334000 0.00389507
335000 0.00389265
336000 0.00388992
337000 0.00388698
338000 0.00388416
339000 0.00388184
340000 0.00387943
341000 0.00387688
342000 0.00387468
343000 0.00387227
344000 0.00386995
345000 0.00386776
346000 0.00386561
347000 0.00386343
348000 0.00386096
349000 0.00385847
350000 0.0038566
351000 0.00385469
352000 0.00385327
353000 0.00385245
354000 0.00385123
355000 0.00385013
356000 0.00384873
357000 0.00384738
358000 0.00384604
359000 0.00384461
360000 0.00384302
361000 0.00384101
362000 0.00383867
363000 0.00383607
364000 0.00383356
365000 0.00383102
366000 0.00382824
367000 0.00382575
368000 0.00382386
369000 0.00382231
370000 0.0038211
371000 0.00381965
372000 0.00381821
373000 0.00381643
374000 0.00381458
375000 0.00381265
376000 0.00381091
377000 0.00380921
378000 0.00380701
379000 0.00380473
380000 0.00380227
381000 0.00380001
382000 0.00379746
383000 0.00379518
384000 0.00379298
385000 0.00379108
386000 0.00378928
387000 0.00378727
388000 0.00378512
389000 0.00378329
390000 0.00378184
391000 0.00378085
392000 0.00377982
393000 0.00377839
394000 0.00377702
395000 0.00377547
396000 0.00377404
397000 0.00377218
398000 0.00377038
399000 0.00376847
400000 0.00376676
401000 0.00376501
402000 0.00376313
403000 0.00376117
404000 0.00375946
405000 0.00375799
406000 0.00375638
407000 0.00375435
408000 0.0037522
409000 0.00375036
410000 0.00374856
411000 0.00374665
412000 0.00374476
413000 0.00374293
414000 0.00374102
415000 0.00373918
416000 0.00373744
417000 0.00373595
418000 0.00373453
419000 0.00373325
420000 0.00373191
421000 0.00373062
422000 0.00372952
423000 0.00372839
424000 0.00372712
425000 0.00372588
426000 0.00372436
427000 0.00372282
428000 0.00372142
429000 0.00372011
430000 0.00371849
431000 0.00371675
432000 0.00371471
433000 0.00371259
434000 0.00371058
435000 0.00370859
436000 0.00370674
437000 0.00370486
438000 0.0037032
439000 0.00370185
440000 0.00370075
441000 0.00369957
442000 0.00369811
443000 0.00369672
444000 0.00369543
445000 0.00369431
446000 0.00369337
447000 0.00369248
448000 0.00369145
449000 0.00369049
450000 0.00368956
451000 0.00368853
452000 0.00368759
453000 0.00368654
454000 0.00368527
455000 0.00368388
456000 0.00368242
457000 0.00368078
458000 0.00367966
459000 0.00367882
460000 0.00367792
461000 0.00367704
462000 0.00367642
463000 0.00367552
464000 0.00367416
465000 0.00367305
466000 0.00367234
467000 0.0036717
468000 0.00367114
469000 0.00367016
470000 0.00366888
471000 0.00366764
472000 0.00366661
473000 0.00366575
474000 0.00366474
475000 0.00366375
476000 0.00366291
477000 0.00366215
478000 0.00366142
479000 0.0036604
480000 0.00365952
481000 0.00365905
482000 0.00365867
483000 0.00365823
484000 0.00365802
485000 0.00365816
486000 0.00365836
487000 0.00365864
488000 0.00365905
489000 0.00365947
490000 0.00365974
491000 0.00365977
492000 0.0036597
493000 0.00365934
494000 0.00365881
495000 0.00365804
496000 0.00365728
497000 0.00365671
498000 0.00365602
499000 0.00365517
500000 0.00365465
