1000 0.00380071
2000 0.00386741
3000 0.00387253
4000 0.00384304
5000 0.00381394
6000 0.00379035
7000 0.00377621
8000 0.00376429
9000 0.00377453
10000 0.00378289
11000 0.00380088
12000 0.00382675
13000 0.00385727
14000 0.00389129
15000 0.00391644
16000 0.00394614
17000 0.00396714
18000 0.00398675
19000 0.00400003
20000 0.00400429
21000 0.00400612
22000 0.00400361
23000 0.00399362
24000 0.00398465
25000 0.00397593
26000 0.00397478
27000 0.00398068
28000 0.00398618
29000 0.00398881
30000 0.00399122
31000 0.0039902
32000 0.00398607
33000 0.0039848
34000 0.00398211
35000 0.00397632
36000 0.00397066
37000 0.00396623
38000 0.00395966
39000 0.00395446
40000 0.00394858
41000 0.00393976
42000 0.0039328
43000 0.00392739
44000 0.00392527
45000 0.00392707
46000 0.0039281
47000 0.00392704
48000 0.0039245
49000 0.00392355
50000 0.00392437
51000 0.00392505
52000 0.00392632
53000 0.00392727
54000 0.00393188
55000 0.00393686
56000 0.00393938
57000 0.00393811
58000 0.00393547
59000 0.00393389
60000 0.00393274
61000 0.00393432
62000 0.00393456
63000 0.00393475
64000 0.00393426
65000 0.00393466
66000 0.00393577
67000 0.00393608
68000 0.00393515
69000 0.00393492
70000 0.00393649
71000 0.00393748
72000 0.0039391
73000 0.00394385
74000 0.00395074
75000 0.003957
76000 0.00396177
77000 0.00396801
78000 0.00397541
79000 0.00398204
80000 0.0039884
81000 0.00399329
82000 0.00399444
83000 0.00399323
84000 0.00399092
85000 0.00398818
86000 0.00398584
87000 0.00398312
88000 0.00398067
89000 0.00397809
90000 0.00397768
91000 0.00397642
92000 0.00397196
93000 0.00396619
94000 0.00396058
95000 0.00395603
96000 0.00395118
97000 0.00394672
98000 0.00394243
99000 0.00393726
100000 0.00393195
101000 0.00392618
102000 0.00391929
103000 0.00391215
104000 0.00390475
105000 0.00389769
106000 0.00389004
107000 0.00388103
108000 0.00387157
109000 0.00386312
110000 0.00385434
111000 0.00384521
112000 0.00383721
113000 0.00383017
114000 0.00382394
115000 0.00381925
116000 0.00381581
117000 0.00381311
118000 0.00381007
119000 0.00380605
120000 0.00380289
121000 0.00379953
122000 0.00379615
123000 0.00379371
124000 0.00379122
125000 0.00378774
126000 0.003785
127000 0.00378349
128000 0.00378216
129000 0.00378136
130000 0.00378066
131000 0.00377958
132000 0.0037797
133000 0.00378134
134000 0.00378402
135000 0.00378785
136000 0.00379239
137000 0.00379647
138000 0.00380076
139000 0.00380607
140000 0.00381013
141000 0.00381394
142000 0.00381791
143000 0.00382174
144000 0.00382427
145000 0.0038269
146000 0.00383027
147000 0.0038326
148000 0.00383289
149000 0.00383364
150000 0.00383379
151000 0.0038331
152000 0.00383234
153000 0.00383122
154000 0.00383078
155000 0.00383161
156000 0.00383241
157000 0.00383352
158000 0.00383457
159000 0.00383527
160000 0.00383639
161000 0.00383755
162000 0.00383846
163000 0.00383836
164000 0.00383781
165000 0.00383763
166000 0.00383769
167000 0.00383768
168000 0.00383855
169000 0.00384003
170000 0.00384134
171000 0.00384149
172000 0.00384066
173000 0.00383947
174000 0.00383776
175000 0.00383661
176000 0.00383627
177000 0.00383655
178000 0.0038363
179000 0.00383565
180000 0.00383502
181000 0.00383385
182000 0.00383351
183000 0.00383364
184000 0.00383343
185000 0.00383336
186000 0.00383351
187000 0.00383453
188000 0.00383623
189000 0.0038379
190000 0.00383882
191000 0.00384023
192000 0.00384173
193000 0.00384381
194000 0.00384543
195000 0.00384648
196000 0.00384701
197000 0.00384785
198000 0.00384929
199000 0.00385105
200000 0.00385378
201000 0.0038562
202000 0.00385802
203000 0.0038598
204000 0.00386069
205000 0.00386172
206000 0.0038626
207000 0.00386334
208000 0.00386385
209000 0.00386455
210000 0.00386481
211000 0.00386537
212000 0.0038662
213000 0.00386753
214000 0.00386853
215000 0.00386984
216000 0.00387126
217000 0.0038722
218000 0.00387342
219000 0.00387509
220000 0.00387669
221000 0.00387798
222000 0.00387902
223000 0.00387975
224000 0.00387953
225000 0.00387918
226000 0.0038787
227000 0.0038776
228000 0.00387675
229000 0.00387565
230000 0.00387449
231000 0.00387336
232000 0.00387233
233000 0.00387166
234000 0.0038714
235000 0.00387105
236000 0.0038704
237000 0.00387003
238000 0.00386955
239000 0.00386881
240000 0.0038678
241000 0.00386699
242000 0.00386625
243000 0.00386537
244000 0.00386482
245000 0.00386435
246000 0.00386396
247000 0.00386371
248000 0.00386372
249000 0.00386323
250000 0.00386213
251000 0.00386091
252000 0.00385998
253000 0.00385883
254000 0.00385784
255000 0.00385656
256000 0.00385512
257000 0.00385348
258000 0.00385227
259000 0.00385105
260000 0.00384983
261000 0.00384878
262000 0.00384757
263000 0.00384622
264000 0.00384467
265000 0.00384301
266000 0.00384116
267000 0.00383954
268000 0.00383786
269000 0.00383652
270000 0.00383511
271000 0.00383337
272000 0.00383193
273000 0.00383058
274000 0.003829
275000 0.00382777
276000 0.00382661
277000 0.00382551
278000 0.00382468
279000 0.00382418
280000 0.003824
281000 0.00382398
282000 0.0038242
283000 0.00382401
284000 0.00382448
285000 0.00382527
286000 0.0038261
287000 0.0038263
288000 0.00382644
289000 0.00382707
290000 0.00382768
291000 0.00382824
292000 0.00382893
293000 0.00382939
294000 0.00383031
295000 0.00383123
296000 0.00383195
297000 0.00383265
298000 0.00383306
299000 0.0038331
300000 0.00383292
301000 0.00383277
302000 0.00383306
303000 0.00383311
304000 0.00383245
305000 0.00383146
306000 0.00383064
307000 0.00382992
308000 0.00382908
309000 0.00382825
310000 0.00382805
311000 0.00382809
312000 0.00382798
313000 0.00382826
314000 0.00382795
315000 0.00382761
316000 0.00382705
317000 0.00382664
318000 0.00382591
319000 0.0038252
320000 0.00382421
321000 0.00382312
322000 0.00382224
323000 0.00382114
324000 0.00382005
325000 0.00381908
326000 0.00381812
327000 0.00381736
328000 0.00381665
329000 0.00381539
330000 0.00381378
331000 0.00381202
332000 0.00381047
333000 0.0038089
334000 0.00380725
335000 0.00380549
336000 0.00380362
337000 0.0038016
338000 0.00379964
339000 0.00379809
340000 0.0037967
341000 0.00379546
342000 0.00379421
343000 0.00379262
344000 0.00379063
345000 0.00378899
346000 0.00378762
347000 0.00378631
348000 0.00378507
349000 0.00378368
350000 0.00378242
351000 0.00378126
352000 0.00378009
353000 0.00377873
354000 0.0037774
355000 0.00377632
356000 0.00377471
357000 0.00377294
358000 0.00377153
359000 0.00377013
360000 0.00376863
361000 0.00376667
362000 0.0037647
363000 0.00376243
364000 0.00376027
365000 0.00375829
366000 0.00375643
367000 0.0037547
368000 0.00375306
369000 0.00375176
370000 0.00375093
371000 0.00375037
372000 0.00375012
373000 0.00375003
374000 0.00375062
375000 0.00375168
376000 0.00375279
377000 0.00375404
378000 0.00375518
379000 0.00375636
380000 0.00375757
381000 0.00375926
382000 0.00376094
383000 0.00376244
384000 0.00376438
385000 0.00376632
386000 0.00376789
387000 0.00376922
388000 0.0037709
389000 0.00377281
390000 0.00377486
391000 0.0037772
392000 0.00378004
393000 0.00378281
394000 0.00378532
395000 0.00378794
396000 0.0037909
397000 0.00379431
398000 0.00379796
399000 0.00380163
400000 0.00380551
401000 0.00380947
402000 0.00381374
403000 0.00381797
404000 0.00382271
405000 0.00382773
406000 0.00383246
407000 0.00383683
408000 0.00384138
409000 0.00384599
410000 0.00385062
411000 0.00385506
412000 0.00385972
413000 0.00386471
414000 0.00386955
415000 0.00387408
416000 0.00387786
417000 0.00388139
418000 0.00388497
419000 0.00388915
420000 0.0038927
421000 0.00389624
422000 0.00390006
423000 0.00390388
424000 0.00390698
425000 0.00391007
426000 0.00391323
427000 0.00391592
428000 0.00391859
429000 0.00392118
430000 0.00392417
431000 0.00392807
432000 0.00393245
433000 0.00393732
434000 0.0039421
435000 0.00394663
436000 0.00395113
437000 0.0039552
438000 0.00395897
439000 0.00396247
440000 0.00396536
441000 0.00396803
442000 0.0039704
443000 0.00397301
444000 0.00397561
445000 0.00397828
446000 0.00398062
447000 0.00398294
448000 0.00398526
449000 0.00398794
450000 0.00399081
451000 0.00399335
452000 0.00399597
453000 0.00399841
454000 0.00400087
455000 0.00400347
456000 0.00400632
457000 0.00400919
458000 0.00401221
459000 0.00401505
460000 0.00401783
461000 0.00402072
462000 0.00402326
463000 0.00402566
464000 0.00402843
465000 0.00403135
466000 0.00403456
467000 0.00403761
468000 0.0040406
469000 0.00404332
470000 0.00404594
471000 0.00404835
472000 0.00405067
473000 0.00405274
474000 0.00405482
475000 0.00405685
476000 0.00405887
477000 0.0040608
478000 0.00406267
479000 0.00406481
480000 0.00406708
481000 0.00406936
482000 0.00407137
483000 0.0040735
484000 0.00407549
485000 0.00407754
486000 0.00407907
487000 0.00408049
488000 0.00408241
489000 0.00408489
490000 0.0040873
491000 0.00408938
492000 0.00409137
493000 0.00409348
494000 0.00409537
495000 0.00409746
496000 0.00409987
497000 0.00410244
498000 0.00410509
499000 0.00410722
500000 0.00410891
