1000 0.00310436
2000 0.00308239
3000 0.00304571
4000 0.00303919
5000 0.00303689
6000 0.00305839
7000 0.00307396
8000 0.00308521
9000 0.00310733
10000 0.00312605
11000 0.00313192
12000 0.00314724
13000 0.00315437
14000 0.00316302
15000 0.00316417
16000 0.00316473
17000 0.0031653
18000 0.00316947
19000 0.00317504
20000 0.00318112
21000 0.00318917
22000 0.00319726
23000 0.00320454
24000 0.00320682
25000 0.00320681
26000 0.00320411
27000 0.00320207
28000 0.00320341
29000 0.003202
30000 0.00319631
31000 0.00319197
32000 0.00319181
33000 0.00319232
34000 0.00319541
35000 0.00319725
36000 0.00319778
37000 0.0031959
38000 0.00319614
39000 0.00319532
40000 0.00319491
41000 0.0031929
42000 0.00319305
43000 0.0031952
44000 0.00319736
45000 0.00320263
46000 0.00320866
47000 0.00321253
48000 0.00321693
49000 0.00322411
50000 0.00323553
51000 0.00324449
52000 0.00325066
53000 0.00325698
54000 0.00326375
55000 0.00327291
56000 0.00328072
57000 0.00329073
58000 0.00330041
59000 0.00331111
60000 0.00332366
61000 0.00333469
62000 0.00334532
63000 0.00335344
64000 0.00336023
65000 0.0033665
66000 0.00337038
67000 0.00337347
68000 0.00337813
69000 0.00338469
70000 0.00339176
71000 0.00339845
72000 0.00340416
73000 0.00340971
74000 0.00341603
75000 0.00342279
76000 0.00342979
77000 0.00343626
78000 0.00344238
79000 0.00344751
80000 0.00345236
81000 0.00345624
82000 0.00345895
83000 0.00346001
84000 0.00346037
85000 0.00346248
86000 0.00346581
87000 0.00346914
88000 0.00347391
89000 0.00347578
90000 0.00347811
91000 0.00347939
92000 0.00348161
93000 0.00348424
94000 0.0034873
95000 0.00349091
96000 0.00349541
97000 0.00349981
98000 0.00350257
99000 0.00350555
100000 0.00350997
101000 0.00351456
102000 0.00351965
103000 0.00352405
104000 0.00352686
105000 0.00352776
106000 0.00352623
107000 0.00352373
108000 0.00352234
109000 0.00352151
110000 0.00352034
111000 0.00351968
112000 0.00351888
113000 0.00351894
114000 0.00351997
115000 0.00351968
116000 0.00351764
117000 0.00351579
118000 0.00351492
119000 0.00351418
120000 0.00351298
121000 0.00351184
122000 0.00351232
123000 0.00351339
124000 0.00351465
125000 0.00351781
126000 0.00351997
127000 0.00352096
128000 0.00352174
129000 0.00352179
130000 0.00352093
131000 0.00351961
132000 0.00351924
133000 0.00351958
134000 0.0035194
135000 0.00351908
136000 0.00351921
137000 0.00351865
138000 0.00351839
139000 0.00351872
140000 0.00351886
141000 0.00351757
142000 0.00351609
143000 0.00351396
144000 0.0035116
145000 0.00350733
146000 0.00350376
147000 0.00350032
148000 0.0034976
149000 0.00349564
150000 0.00349408
151000 0.00349211
152000 0.00348898
153000 0.00348682
154000 0.00348544
155000 0.00348411
156000 0.0034835
157000 0.00348286
158000 0.00348135
159000 0.0034808
160000 0.00348053
161000 0.00348013
162000 0.00348007
163000 0.00348029
164000 0.00347937
165000 0.00347797
166000 0.00347629
167000 0.00347475
168000 0.00347304
169000 0.00347169
170000 0.003471
171000 0.00347053
172000 0.00347039
173000 0.00346999
174000 0.00346919
175000 0.00346944
176000 0.00346921
177000 0.00346921
178000 0.00346814
179000 0.0034675
180000 0.00346859
181000 0.00347016
182000 0.00347141
183000 0.00347218
184000 0.00347327
185000 0.00347391
186000 0.00347455
187000 0.00347476
188000 0.00347457
189000 0.00347405
190000 0.00347321
191000 0.0034726
192000 0.0034711
193000 0.00346911
194000 0.00346665
195000 0.00346415
196000 0.00346217
197000 0.0034609
198000 0.00346006
199000 0.0034596
200000 0.00345901
201000 0.0034583
202000 0.00345707
203000 0.00345608
204000 0.00345466
205000 0.0034534
206000 0.00345207
207000 0.00345086
208000 0.00344988
209000 0.00344819
210000 0.00344641
211000 0.00344419
212000 0.00344122
213000 0.00343854
214000 0.00343618
215000 0.00343406
216000 0.00343222
217000 0.00343053
218000 0.00342924
219000 0.00342849
220000 0.0034282
221000 0.00342832
222000 0.00342874
223000 0.00342991
224000 0.00343144
225000 0.00343351
226000 0.00343611
227000 0.00343913
228000 0.00344196
229000 0.00344475
230000 0.0034462
231000 0.00344717
232000 0.00344831
233000 0.00344965
234000 0.00345144
235000 0.00345251
236000 0.00345399
237000 0.00345602
238000 0.00345767
239000 0.00345914
240000 0.00346021
241000 0.00346107
242000 0.00346194
243000 0.00346311
244000 0.00346392
245000 0.00346435
246000 0.00346442
247000 0.0034641
248000 0.00346426
249000 0.00346404
250000 0.00346347
251000 0.00346247
252000 0.00346167
253000 0.00346128
254000 0.0034618
255000 0.00346236
256000 0.00346212
257000 0.00346268
258000 0.00346343
259000 0.00346458
260000 0.00346558
261000 0.00346703
262000 0.00346901
263000 0.00347087
264000 0.00347262
265000 0.00347397
266000 0.0034755
267000 0.00347688
268000 0.00347905
269000 0.0034812
270000 0.00348274
271000 0.00348399
272000 0.00348483
273000 0.00348606
274000 0.00348688
275000 0.00348737
276000 0.00348822
277000 0.0034892
278000 0.0034897
279000 0.00348986
280000 0.00349007
281000 0.00348973
282000 0.00348971
283000 0.00348981
284000 0.00348999
285000 0.0034901
286000 0.00348932
287000 0.00348846
288000 0.0034882
289000 0.00348851
290000 0.00348895
291000 0.00348959
292000 0.00349051
293000 0.00349184
294000 0.00349301
295000 0.00349401
296000 0.00349499
297000 0.00349565
298000 0.00349575
299000 0.0034959
300000 0.00349585
301000 0.00349558
302000 0.00349525
303000 0.00349477
304000 0.0034945
305000 0.00349421
306000 0.00349434
307000 0.00349411
308000 0.00349382
309000 0.00349369
310000 0.00349401
311000 0.00349435
312000 0.0034946
313000 0.00349501
314000 0.00349522
315000 0.00349558
316000 0.00349616
317000 0.00349646
318000 0.00349683
319000 0.003497
320000 0.00349683
321000 0.00349644
322000 0.00349618
323000 0.00349627
324000 0.00349653
325000 0.00349641
326000 0.00349594
327000 0.00349512
328000 0.00349426
329000 0.00349332
330000 0.00349226
331000 0.00349108
332000 0.00348961
333000 0.00348784
334000 0.00348609
335000 0.00348455
336000 0.00348319
337000 0.00348193
338000 0.00348073
339000 0.00347922
340000 0.00347761
341000 0.00347603
342000 0.00347467
343000 0.00347342
344000 0.00347207
345000 0.00347054
346000 0.00346899
347000 0.00346763
348000 0.00346679
349000 0.00346647
350000 0.00346615
351000 0.00346555
352000 0.00346502
353000 0.00346463
354000 0.00346419
355000 0.00346312
356000 0.00346173
357000 0.00346076
358000 0.00345964
359000 0.00345807
360000 0.00345643
361000 0.00345479
362000 0.00345319
363000 0.00345159
364000 0.00344985
365000 0.00344809
366000 0.00344677
367000 0.00344556
368000 0.00344449
369000 0.00344349
370000 0.00344242
371000 0.00344127
372000 0.00344039
373000 0.00343929
374000 0.00343792
375000 0.00343648
376000 0.0034349
377000 0.00343313
378000 0.00343143
379000 0.00342979
380000 0.00342829
381000 0.00342686
382000 0.0034253
383000 0.00342399
384000 0.00342277
385000 0.00342169
386000 0.00342031
387000 0.00341845
388000 0.00341611
389000 0.00341407
390000 0.00341261
391000 0.00341127
392000 0.00340974
393000 0.00340839
394000 0.00340705
395000 0.00340551
396000 0.00340392
397000 0.00340248
398000 0.00340127
399000 0.00340017
400000 0.00339915
401000 0.00339828
402000 0.00339779
403000 0.00339762
404000 0.00339787
405000 0.00339839
406000 0.0033983
407000 0.00339794
408000 0.0033978
409000 0.00339792
410000 0.00339837
411000 0.00339829
412000 0.00339803
413000 0.00339757
414000 0.0033975
415000 0.0033974
416000 0.00339697
417000 0.00339659
418000 0.00339623
419000 0.00339598
420000 0.00339565
421000 0.00339548
422000 0.00339574
423000 0.00339612
424000 0.00339644
425000 0.00339699
426000 0.00339724
427000 0.00339744
428000 0.00339741
429000 0.00339751
430000 0.0033975
431000 0.00339724
432000 0.00339671
433000 0.00339627
434000 0.00339563
435000 0.00339445
436000 0.00339337
437000 0.00339216
438000 0.00339123
439000 0.00339053
440000 0.00338977
441000 0.00338883
442000 0.00338784
443000 0.00338655
444000 0.0033855
445000 0.00338458
446000 0.00338382
447000 0.00338319
448000 0.00338237
449000 0.00338123
450000 0.00337987
451000 0.0033783
452000 0.00337672
453000 0.00337517
454000 0.0033738
455000 0.00337254
456000 0.00337147
457000 0.00337037
458000 0.00336914
459000 0.00336764
460000 0.00336609
461000 0.00336475
462000 0.00336327
463000 0.0033618
464000 0.0033604
465000 0.00335918
466000 0.00335796
467000 0.00335685
468000 0.00335584
469000 0.00335482
470000 0.00335348
471000 0.00335202
472000 0.00335074
473000 0.00334988
474000 0.00334881
475000 0.00334752
476000 0.00334627
477000 0.00334518
478000 0.00334394
479000 0.00334251
480000 0.00334105
481000 0.00333988
482000 0.00333895
483000 0.00333793
484000 0.00333694
485000 0.00333625
486000 0.00333572
487000 0.00333525
488000 0.00333478
489000 0.00333435
490000 0.00333432
491000 0.00333443
492000 0.00333429
493000 0.00333371
494000 0.00333287
495000 0.00333216
496000 0.00333152
497000 0.0033308
498000 0.00333001
499000 0.00332905
500000 0.00332832
501000 0.00332772
502000 0.00332727
503000 0.00332685
504000 0.00332655
505000 0.00332606
506000 0.00332559
507000 0.00332522
508000 0.00332485
509000 0.00332439
510000 0.00332363
511000 0.00332262
512000 0.00332164
513000 0.00332066
514000 0.0033197
515000 0.00331878
516000 0.00331776
517000 0.00331673
518000 0.00331553
519000 0.00331429
520000 0.003313
521000 0.00331142
522000 0.00330983
523000 0.00330801
524000 0.00330605
525000 0.00330413
526000 0.00330226
527000 0.00330002
528000 0.00329768
529000 0.0032952
530000 0.00329271
531000 0.00329023
532000 0.00328774
533000 0.0032852
534000 0.00328266
535000 0.00328024
536000 0.00327795
537000 0.00327554
538000 0.00327309
539000 0.00327063
540000 0.00326811
541000 0.00326562
542000 0.00326308
543000 0.00326062
544000 0.00325834
545000 0.00325632
546000 0.00325429
547000 0.00325258
548000 0.00325117
549000 0.00324986
550000 0.00324831
551000 0.00324668
552000 0.00324493
553000 0.00324325
554000 0.00324165
555000 0.00324006
556000 0.00323861
557000 0.0032374
558000 0.00323626
559000 0.00323516
560000 0.0032342
561000 0.00323341
562000 0.00323266
563000 0.00323199
564000 0.00323134
565000 0.00323065
566000 0.00323033
567000 0.0032302
568000 0.00322994
569000 0.00322968
570000 0.00322963
571000 0.00322988
572000 0.00323045
573000 0.00323092
574000 0.00323106
575000 0.003231
576000 0.00323113
577000 0.00323126
578000 0.00323148
579000 0.00323176
580000 0.00323213
581000 0.00323255
582000 0.00323297
583000 0.0032337
584000 0.0032342
585000 0.00323445
586000 0.00323472
587000 0.00323517
588000 0.00323588
589000 0.00323687
590000 0.00323805
591000 0.00323923
592000 0.00324053
593000 0.00324225
594000 0.00324433
595000 0.00324656
596000 0.00324862
597000 0.00325021
598000 0.00325182
599000 0.00325336
600000 0.00325486
601000 0.0032562
602000 0.00325724
603000 0.00325834
604000 0.00325948
605000 0.00326048
606000 0.00326132
607000 0.00326245
608000 0.00326353
609000 0.00326457
610000 0.00326575
611000 0.00326693
612000 0.00326797
613000 0.0032688
614000 0.00326964
615000 0.00327032
616000 0.00327055
617000 0.00327055
618000 0.00327068
619000 0.00327073
620000 0.00327106
621000 0.00327155
622000 0.00327198
623000 0.00327245
624000 0.00327293
625000 0.00327347
626000 0.00327401
627000 0.00327444
628000 0.00327473
629000 0.00327525
630000 0.0032757
631000 0.0032761
632000 0.00327655
633000 0.00327673
634000 0.00327697
635000 0.00327714
636000 0.00327752
637000 0.00327789
638000 0.00327806
639000 0.00327829
640000 0.00327844
641000 0.00327844
642000 0.00327804
643000 0.00327769
644000 0.00327712
645000 0.00327624
646000 0.00327563
647000 0.00327494
648000 0.00327432
649000 0.00327381
650000 0.0032734
651000 0.00327327
652000 0.00327292
653000 0.00327254
654000 0.0032722
655000 0.00327171
656000 0.00327096
657000 0.00327026
658000 0.0032696
659000 0.0032689
660000 0.00326814
661000 0.0032673
662000 0.00326646
663000 0.00326574
664000 0.00326502
665000 0.0032643
666000 0.00326374
667000 0.00326325
668000 0.00326275
669000 0.00326216
670000 0.0032615
671000 0.00326097
672000 0.00326049
673000 0.00326005
674000 0.00325965
675000 0.00325932
676000 0.00325905
677000 0.00325877
678000 0.0032587
679000 0.00325857
680000 0.00325837
681000 0.00325793
682000 0.00325735
683000 0.00325673
684000 0.00325632
685000 0.00325601
686000 0.00325572
687000 0.00325555
688000 0.00325544
689000 0.00325533
690000 0.00325519
691000 0.00325519
692000 0.00325513
693000 0.00325489
694000 0.00325471
695000 0.00325448
696000 0.00325436
697000 0.00325421
698000 0.003254
699000 0.00325389
700000 0.00325384
701000 0.00325366
702000 0.0032535
703000 0.00325324
704000 0.00325296
705000 0.00325279
706000 0.00325249
707000 0.00325218
708000 0.00325204
709000 0.00325201
710000 0.00325197
711000 0.00325207
712000 0.00325217
713000 0.0032524
714000 0.00325259
715000 0.00325273
716000 0.00325294
717000 0.00325321
718000 0.00325324
719000 0.0032531
720000 0.00325295
721000 0.00325268
722000 0.00325223
723000 0.00325173
724000 0.00325115
725000 0.00325057
726000 0.00324988
727000 0.00324926
728000 0.00324879
729000 0.00324838
730000 0.00324785
731000 0.00324737
732000 0.003247
733000 0.00324653
734000 0.00324589
735000 0.00324514
736000 0.00324446
737000 0.00324384
738000 0.00324336
739000 0.00324279
740000 0.00324229
741000 0.00324175
742000 0.00324124
743000 0.00324067
744000 0.00324018
745000 0.00323966
746000 0.00323904
747000 0.00323847
748000 0.00323802
749000 0.00323751
750000 0.00323694
751000 0.00323644
752000 0.00323603
753000 0.00323561
754000 0.00323517
755000 0.00323484
756000 0.00323454
757000 0.00323434
758000 0.003234
759000 0.00323357
760000 0.00323308
761000 0.00323253
762000 0.0032317
763000 0.0032308
764000 0.00323007
765000 0.00322932
766000 0.00322861
767000 0.00322794
768000 0.00322726
769000 0.00322648
770000 0.00322565
771000 0.00322484
772000 0.00322397
773000 0.00322321
774000 0.00322245
775000 0.00322183
776000 0.00322129
777000 0.00322078
778000 0.00322031
779000 0.00321976
780000 0.00321912
781000 0.00321853
782000 0.00321798
783000 0.00321748
784000 0.00321695
785000 0.00321638
786000 0.00321564
787000 0.00321503
788000 0.00321444
789000 0.0032139
790000 0.00321339
791000 0.0032129
792000 0.00321234
793000 0.00321164
794000 0.00321094
795000 0.00321037
796000 0.00320986
797000 0.00320943
798000 0.00320892
799000 0.00320832
800000 0.00320763
801000 0.0032069
802000 0.0032062
803000 0.00320542
804000 0.00320489
805000 0.00320436
806000 0.00320379
807000 0.00320315
808000 0.0032025
809000 0.00320179
810000 0.003201
811000 0.00320027
812000 0.00319961
813000 0.00319895
814000 0.00319829
815000 0.00319779
816000 0.00319749
817000 0.00319708
818000 0.00319665
819000 0.00319608
820000 0.00319529
821000 0.00319443
822000 0.00319364
823000 0.00319305
824000 0.00319243
825000 0.00319196
826000 0.00319144
827000 0.0031909
828000 0.00319042
829000 0.00319
830000 0.0031896
831000 0.00318915
832000 0.00318841
833000 0.0031876
834000 0.00318673
835000 0.00318581
836000 0.00318489
837000 0.00318409
838000 0.00318333
839000 0.00318253
840000 0.00318174
841000 0.00318116
842000 0.0031806
843000 0.00317995
844000 0.00317925
845000 0.00317864
846000 0.00317795
847000 0.00317727
848000 0.00317664
849000 0.00317611
850000 0.0031757
851000 0.00317546
852000 0.00317505
853000 0.00317453
854000 0.00317391
855000 0.00317328
856000 0.00317264
857000 0.00317207
858000 0.00317141
859000 0.00317082
860000 0.00317013
861000 0.00316929
862000 0.00316836
863000 0.00316752
864000 0.0031668
865000 0.00316607
866000 0.00316538
867000 0.0031648
868000 0.00316413
869000 0.00316344
870000 0.00316276
871000 0.00316214
872000 0.0031616
873000 0.00316121
874000 0.00316091
875000 0.00316072
876000 0.00316053
877000 0.00316033
878000 0.00316
879000 0.00315967
880000 0.00315913
881000 0.00315867
882000 0.00315823
883000 0.00315761
884000 0.00315702
885000 0.00315639
886000 0.00315591
887000 0.00315525
888000 0.00315456
889000 0.00315385
890000 0.00315317
891000 0.00315249
892000 0.00315191
893000 0.00315133
894000 0.00315079
895000 0.00315013
896000 0.00314955
897000 0.00314905
898000 0.0031487
899000 0.00314829
900000 0.00314789
901000 0.00314759
902000 0.00314739
903000 0.00314697
904000 0.00314646
905000 0.00314603
906000 0.00314551
907000 0.00314505
908000 0.0031447
909000 0.00314433
910000 0.00314378
911000 0.00314326
912000 0.00314267
913000 0.0031421
914000 0.00314154
915000 0.00314115
916000 0.00314074
917000 0.00314027
918000 0.00314
919000 0.00313971
920000 0.00313928
921000 0.00313888
922000 0.00313858
923000 0.00313812
924000 0.0031375
925000 0.00313682
926000 0.00313619
927000 0.00313546
928000 0.00313475
929000 0.00313401
930000 0.00313327
931000 0.00313265
932000 0.00313203
933000 0.00313142
934000 0.00313087
935000 0.00313029
936000 0.00312969
937000 0.00312908
938000 0.00312845
939000 0.00312779
940000 0.00312697
941000 0.00312624
942000 0.00312562
943000 0.00312499
944000 0.00312428
945000 0.00312359
946000 0.0031229
947000 0.00312229
948000 0.00312171
949000 0.00312105
950000 0.00312045
951000 0.00311971
952000 0.00311884
953000 0.00311811
954000 0.00311739
955000 0.00311671
956000 0.00311601
957000 0.00311536
958000 0.0031148
959000 0.0031144
960000 0.00311415
961000 0.00311391
962000 0.00311378
963000 0.00311366
964000 0.00311365
965000 0.00311369
966000 0.00311376
967000 0.00311377
968000 0.00311371
969000 0.00311371
970000 0.00311369
971000 0.00311366
972000 0.00311371
973000 0.0031138
974000 0.00311383
975000 0.00311378
976000 0.0031139
977000 0.00311405
978000 0.00311417
979000 0.00311428
980000 0.00311433
981000 0.0031144
982000 0.0031145
983000 0.00311453
984000 0.00311461
985000 0.00311459
986000 0.00311456
987000 0.00311471
988000 0.003115
989000 0.00311544
990000 0.00311596
991000 0.00311668
992000 0.00311747
993000 0.00311838
994000 0.00311947
995000 0.00312066
996000 0.00312197
997000 0.00312325
998000 0.00312456
999000 0.00312609
1000000 0.00312787
