1000 0.00346957
2000 0.0034218
3000 0.00341721
4000 0.0034052
5000 0.00340448
6000 0.00338956
7000 0.00335952
8000 0.00333032
9000 0.00330535
10000 0.0032869
11000 0.00325268
12000 0.00322238
13000 0.00319321
14000 0.00315021
15000 0.00310519
16000 0.00306152
17000 0.00302877
18000 0.00300175
19000 0.00298521
20000 0.0029685
21000 0.0029453
22000 0.00291483
23000 0.00288231
24000 0.00285529
25000 0.00282886
26000 0.00280808
27000 0.00278912
28000 0.00277162
29000 0.00274909
30000 0.00272927
31000 0.0027134
32000 0.00269915
33000 0.00268397
34000 0.00266977
35000 0.00265756
36000 0.00264744
37000 0.00263669
38000 0.00262766
39000 0.0026218
40000 0.0026149
41000 0.00260463
42000 0.00259175
43000 0.0025784
44000 0.00256433
45000 0.00254976
46000 0.00253547
47000 0.00252184
48000 0.00250912
49000 0.00249426
50000 0.00247911
51000 0.00246404
52000 0.00245038
53000 0.00243719
54000 0.00242453
55000 0.00241077
56000 0.00239745
57000 0.00238433
58000 0.0023698
59000 0.00235732
60000 0.00234567
61000 0.00233427
62000 0.00232284
63000 0.00231279
64000 0.0023022
65000 0.00229032
66000 0.00227902
67000 0.00226915
68000 0.0022606
69000 0.00225228
70000 0.00224442
71000 0.00223466
72000 0.00222427
73000 0.00221352
74000 0.00220358
75000 0.00219523
76000 0.00218806
77000 0.00218188
78000 0.00217762
79000 0.00217357
80000 0.00216993
81000 0.00216445
82000 0.00215963
83000 0.00215482
84000 0.00215069
85000 0.00214704
86000 0.00214446
87000 0.00214112
88000 0.00213741
89000 0.00213388
90000 0.00212967
91000 0.00212437
92000 0.00211943
93000 0.00211384
94000 0.00210895
95000 0.00210453
96000 0.00210155
97000 0.00209963
98000 0.00209804
99000 0.00209585
100000 0.0020929
101000 0.00208976
102000 0.00208718
103000 0.00208369
104000 0.00208031
105000 0.00207707
106000 0.00207422
107000 0.00207109
108000 0.00206728
109000 0.00206351
110000 0.00205925
111000 0.00205624
112000 0.00205339
113000 0.00205108
114000 0.00205001
115000 0.0020497
116000 0.00204988
117000 0.00204869
118000 0.00204779
119000 0.00204754
120000 0.00204844
121000 0.00205046
122000 0.00205297
123000 0.00205628
124000 0.00206116
125000 0.00206569
126000 0.00206975
127000 0.00207426
128000 0.00207865
129000 0.00208398
130000 0.00209134
131000 0.00209877
132000 0.00210633
133000 0.00211378
134000 0.00212102
135000 0.00212944
136000 0.00213866
137000 0.00214801
138000 0.00215805
139000 0.00216823
140000 0.00217806
141000 0.00218764
142000 0.002198
143000 0.00220732
144000 0.00221639
145000 0.0022251
146000 0.00223458
147000 0.00224441
148000 0.00225507
149000 0.00226501
150000 0.00227352
151000 0.00228145
152000 0.00228764
153000 0.00229387
154000 0.00230028
155000 0.00230702
156000 0.00231393
157000 0.0023208
158000 0.00232812
159000 0.00233509
160000 0.00234154
161000 0.00234779
162000 0.00235444
163000 0.0023614
164000 0.00236717
165000 0.00237218
166000 0.00237705
167000 0.00238144
168000 0.00238518
169000 0.00238922
170000 0.00239259
171000 0.00239493
172000 0.00239721
173000 0.00239918
174000 0.00240092
175000 0.00240262
176000 0.00240352
177000 0.00240455
178000 0.00240604
179000 0.00240771
180000 0.00240895
181000 0.00241003
182000 0.0024104
183000 0.00240994
184000 0.00240982
185000 0.00240969
186000 0.00240826
187000 0.00240659
188000 0.00240517
189000 0.00240385
190000 0.00240226
191000 0.00240066
192000 0.00239972
193000 0.00239892
194000 0.0023986
195000 0.00239777
196000 0.00239683
197000 0.00239613
198000 0.0023957
199000 0.00239543
200000 0.00239451
201000 0.00239357
202000 0.00239283
203000 0.00239252
204000 0.00239288
205000 0.00239253
206000 0.00239213
207000 0.00239145
208000 0.00239098
209000 0.00239008
210000 0.00238887
211000 0.00238706
212000 0.00238532
213000 0.00238426
214000 0.00238348
215000 0.00238297
216000 0.00238237
217000 0.00238245
218000 0.00238238
219000 0.0023823
220000 0.00238233
221000 0.00238283
222000 0.00238377
223000 0.00238487
224000 0.00238591
225000 0.00238678
226000 0.00238718
227000 0.00238723
228000 0.00238694
229000 0.0023863
230000 0.00238615
231000 0.0023859
232000 0.00238573
233000 0.00238471
234000 0.0023832
235000 0.00238186
236000 0.00238108
237000 0.00238047
238000 0.00237976
239000 0.00237903
240000 0.00237828
241000 0.00237726
242000 0.00237635
243000 0.00237467
244000 0.00237315
245000 0.00237215
246000 0.00237118
247000 0.00237036
248000 0.00236957
249000 0.00236898
250000 0.00236863
251000 0.00236813
252000 0.0023674
253000 0.00236729
254000 0.00236729
255000 0.00236776
256000 0.00236854
257000 0.00236931
258000 0.00237015
259000 0.00237154
260000 0.00237285
261000 0.00237368
262000 0.00237494
263000 0.00237711
264000 0.00237925
265000 0.00238117
266000 0.00238324
267000 0.00238528
268000 0.00238775
269000 0.00239018
270000 0.00239234
271000 0.00239425
272000 0.00239593
273000 0.00239703
274000 0.00239875
275000 0.00240056
276000 0.00240243
277000 0.00240463
278000 0.00240718
279000 0.00240943
280000 0.00241137
281000 0.00241338
282000 0.00241533
283000 0.0024172
284000 0.00241964
285000 0.00242238
286000 0.00242484
287000 0.00242752
288000 0.0024304
289000 0.00243296
290000 0.00243477
291000 0.00243682
292000 0.00243839
293000 0.00243967
294000 0.00244063
295000 0.00244195
296000 0.00244357
297000 0.00244499
298000 0.00244646
299000 0.00244722
300000 0.00244755
301000 0.00244769
302000 0.00244773
303000 0.00244764
304000 0.00244718
305000 0.00244674
306000 0.00244637
307000 0.00244557
308000 0.00244477
309000 0.00244375
310000 0.00244239
311000 0.00244087
312000 0.00243924
313000 0.0024377
314000 0.00243621
315000 0.00243489
316000 0.00243332
317000 0.00243169
318000 0.00243032
319000 0.00242888
320000 0.00242734
321000 0.00242566
322000 0.00242383
323000 0.00242186
324000 0.00241964
325000 0.00241754
326000 0.00241567
327000 0.00241389
328000 0.00241206
329000 0.00241019
330000 0.00240829
331000 0.00240639
332000 0.00240462
333000 0.00240262
334000 0.00240072
335000 0.00239885
336000 0.00239731
337000 0.00239609
338000 0.00239491
339000 0.00239348
340000 0.00239188
341000 0.00239048
342000 0.00238887
343000 0.0023873
344000 0.00238558
345000 0.00238372
346000 0.00238152
347000 0.00237923
348000 0.00237708
349000 0.00237498
350000 0.00237295
351000 0.0023709
352000 0.00236856
353000 0.00236598
354000 0.00236354
355000 0.00236139
356000 0.00235902
357000 0.0023567
358000 0.00235448
359000 0.00235219
360000 0.00234981
361000 0.00234761
362000 0.00234567
363000 0.00234376
364000 0.00234195
365000 0.00234021
366000 0.00233848
367000 0.0023369
368000 0.00233571
369000 0.00233466
370000 0.00233338
371000 0.00233246
372000 0.00233181
373000 0.00233135
374000 0.00233107
375000 0.00233121
376000 0.00233118
377000 0.00233119
378000 0.00233088
379000 0.00233062
380000 0.00233064
381000 0.00233073
382000 0.00233078
383000 0.00233104
384000 0.00233138
385000 0.00233153
386000 0.00233169
387000 0.00233197
388000 0.00233261
389000 0.00233314
390000 0.00233357
391000 0.00233422
392000 0.00233495
393000 0.00233592
394000 0.00233681
395000 0.00233775
396000 0.00233882
397000 0.0023395
398000 0.00233999
399000 0.00234048
400000 0.00234113
401000 0.00234162
402000 0.00234201
403000 0.0023427
404000 0.00234372
405000 0.00234476
406000 0.00234585
407000 0.00234679
408000 0.00234768
409000 0.00234869
410000 0.0023497
411000 0.00235104
412000 0.00235256
413000 0.00235371
414000 0.00235483
415000 0.00235605
416000 0.00235771
417000 0.0023595
418000 0.00236112
419000 0.00236255
420000 0.00236398
421000 0.00236551
422000 0.00236688
423000 0.00236818
424000 0.00236983
425000 0.00237143
426000 0.00237237
427000 0.00237319
428000 0.00237426
429000 0.00237517
430000 0.00237618
431000 0.00237742
432000 0.00237887
433000 0.00238017
434000 0.00238133
435000 0.00238257
436000 0.00238405
437000 0.00238583
438000 0.00238712
439000 0.00238813
440000 0.0023892
441000 0.00239059
442000 0.00239225
443000 0.0023937
444000 0.00239489
445000 0.00239598
446000 0.00239709
447000 0.00239805
448000 0.00239908
449000 0.00240016
450000 0.00240131
451000 0.00240251
452000 0.00240369
453000 0.00240514
454000 0.00240652
455000 0.00240803
456000 0.00240939
457000 0.00241066
458000 0.00241194
459000 0.00241315
460000 0.00241438
461000 0.00241531
462000 0.0024164
463000 0.00241755
464000 0.00241856
465000 0.00241964
466000 0.00242069
467000 0.00242169
468000 0.00242277
469000 0.0024242
470000 0.0024256
471000 0.00242669
472000 0.00242753
473000 0.00242839
474000 0.00242933
475000 0.0024304
476000 0.00243156
477000 0.00243291
478000 0.00243412
479000 0.00243525
480000 0.00243635
481000 0.00243695
482000 0.00243765
483000 0.00243845
484000 0.00243925
485000 0.00244025
486000 0.00244092
487000 0.0024414
488000 0.00244191
489000 0.00244256
490000 0.00244323
491000 0.00244405
492000 0.0024448
493000 0.00244572
494000 0.00244676
495000 0.00244799
496000 0.00244948
497000 0.00245101
498000 0.00245267
499000 0.00245455
500000 0.00245658
