1000 0.00253116
2000 0.00252369
3000 0.00252057
4000 0.00250234
5000 0.00249408
6000 0.00250276
7000 0.00249645
8000 0.0024903
9000 0.00247925
10000 0.00246423
11000 0.00244964
12000 0.00244105
13000 0.00243497
14000 0.00243
15000 0.00242635
16000 0.00243239
17000 0.00243986
18000 0.00244934
19000 0.00246052
20000 0.00248249
21000 0.00250749
22000 0.00252471
23000 0.00254027
24000 0.00255622
25000 0.0025665
26000 0.00257503
27000 0.00258313
28000 0.00259234
29000 0.00259715
30000 0.00259748
31000 0.00259411
32000 0.00258983
33000 0.00258354
34000 0.00257962
35000 0.0025776
36000 0.00257377
37000 0.00256684
38000 0.00256322
39000 0.00255928
40000 0.00255849
41000 0.00255542
42000 0.00255334
43000 0.0025507
44000 0.00254815
45000 0.0025463
46000 0.00254635
47000 0.00254452
48000 0.00254628
49000 0.0025457
50000 0.00254444
51000 0.00254246
52000 0.00254116
53000 0.00254023
54000 0.00253891
55000 0.00253993
56000 0.00253965
57000 0.00253949
58000 0.00253849
59000 0.00253943
60000 0.00254081
61000 0.00254397
62000 0.00254824
63000 0.00255371
64000 0.0025618
65000 0.0025716
66000 0.00258331
67000 0.00259496
68000 0.00260784
69000 0.00262047
70000 0.00263297
71000 0.00264759
72000 0.00266168
73000 0.00267822
74000 0.00269661
75000 0.00271364
76000 0.00272855
77000 0.00274271
78000 0.0027558
79000 0.00276925
80000 0.00278099
81000 0.00278918
82000 0.00279561
83000 0.00280188
84000 0.00280788
85000 0.0028143
86000 0.00282011
87000 0.00282486
88000 0.00282982
89000 0.00283398
90000 0.00283501
91000 0.00283654
92000 0.00283732
93000 0.0028374
94000 0.00283694
95000 0.0028362
96000 0.00283481
97000 0.00283377
98000 0.00283297
99000 0.00283163
100000 0.00282983
101000 0.00282792
102000 0.00282476
103000 0.00282073
104000 0.00281725
105000 0.00281484
106000 0.00281391
107000 0.00281199
108000 0.00280935
109000 0.00280768
110000 0.00280694
111000 0.00280637
112000 0.00280605
113000 0.00280489
114000 0.00280419
115000 0.00280361
116000 0.00280307
117000 0.00280186
118000 0.00280083
119000 0.00279944
120000 0.00279759
121000 0.00279538
122000 0.00279359
123000 0.00279275
124000 0.00279222
125000 0.00279152
126000 0.0027907
127000 0.00278963
128000 0.0027889
129000 0.00278852
130000 0.00278675
131000 0.00278551
132000 0.00278463
133000 0.00278506
134000 0.002785
135000 0.00278375
136000 0.00278176
137000 0.00278023
138000 0.00277941
139000 0.00277914
140000 0.00277775
141000 0.00277569
142000 0.00277392
143000 0.00277242
144000 0.00277026
145000 0.00276783
146000 0.00276577
147000 0.00276355
148000 0.00276152
149000 0.00275935
150000 0.00275735
151000 0.00275525
152000 0.00275279
153000 0.00275112
154000 0.00274906
155000 0.00274704
156000 0.00274443
157000 0.0027426
158000 0.00274123
159000 0.00274017
160000 0.00273946
161000 0.00273947
162000 0.00274009
163000 0.00274163
164000 0.00274437
165000 0.00274741
166000 0.0027496
167000 0.00275212
168000 0.0027549
169000 0.00275794
170000 0.00276074
171000 0.00276255
172000 0.00276453
173000 0.00276598
174000 0.00276763
175000 0.00276996
176000 0.00277276
177000 0.00277458
178000 0.00277684
179000 0.00277945
180000 0.00278278
181000 0.00278564
182000 0.00278877
183000 0.00279258
184000 0.00279639
185000 0.00279979
186000 0.00280361
187000 0.00280713
188000 0.00280988
189000 0.00281138
190000 0.00281228
191000 0.00281395
192000 0.00281598
193000 0.00281775
194000 0.00281873
195000 0.00281924
196000 0.00281934
197000 0.00281924
198000 0.00281934
199000 0.00282
200000 0.00282167
201000 0.00282308
202000 0.00282284
203000 0.00282181
204000 0.00282092
205000 0.00281883
206000 0.00281668
207000 0.0028137
208000 0.00281073
209000 0.00280776
210000 0.0028047
211000 0.00280176
212000 0.00279943
213000 0.00279808
214000 0.00279707
215000 0.00279673
216000 0.00279649
217000 0.00279625
218000 0.00279603
219000 0.00279531
220000 0.00279471
221000 0.00279466
222000 0.00279459
223000 0.00279496
224000 0.00279473
225000 0.00279473
226000 0.0027942
227000 0.00279363
228000 0.00279316
229000 0.00279322
230000 0.00279359
231000 0.00279417
232000 0.00279466
233000 0.00279467
234000 0.00279492
235000 0.00279518
236000 0.00279508
237000 0.00279561
238000 0.00279605
239000 0.00279684
240000 0.00279795
241000 0.00279936
242000 0.00280124
243000 0.00280374
244000 0.0028063
245000 0.00280915
246000 0.00281172
247000 0.00281397
248000 0.00281634
249000 0.00281838
250000 0.00281978
251000 0.00282074
252000 0.00282221
253000 0.00282389
254000 0.00282519
255000 0.00282703
256000 0.00282928
257000 0.00283132
258000 0.0028329
259000 0.00283399
260000 0.00283571
261000 0.00283782
262000 0.00283931
263000 0.00284133
264000 0.00284324
265000 0.00284471
266000 0.0028463
267000 0.00284819
268000 0.00285045
269000 0.00285304
270000 0.0028556
271000 0.00285863
272000 0.00286196
273000 0.00286561
274000 0.00286918
275000 0.00287271
276000 0.00287666
277000 0.00288056
278000 0.00288505
279000 0.00288972
280000 0.00289342
281000 0.00289693
282000 0.00290057
283000 0.00290448
284000 0.00290786
285000 0.00291084
286000 0.00291342
287000 0.00291588
288000 0.00291838
289000 0.00292026
290000 0.00292156
291000 0.00292233
292000 0.00292369
293000 0.00292511
294000 0.00292615
295000 0.00292703
296000 0.00292767
297000 0.00292839
298000 0.00292938
299000 0.00293091
300000 0.00293266
301000 0.00293425
302000 0.00293544
303000 0.00293643
304000 0.00293826
305000 0.00293968
306000 0.00294107
307000 0.0029428
308000 0.00294428
309000 0.0029458
310000 0.00294728
311000 0.00294843
312000 0.00294872
313000 0.00294854
314000 0.00294806
315000 0.00294756
316000 0.00294678
317000 0.00294627
318000 0.00294589
319000 0.0029458
320000 0.0029456
321000 0.00294481
322000 0.00294384
323000 0.00294325
324000 0.0029427
325000 0.00294243
326000 0.0029425
327000 0.00294278
328000 0.00294307
329000 0.00294363
330000 0.00294368
331000 0.0029443
332000 0.00294492
333000 0.00294549
334000 0.00294634
335000 0.00294675
336000 0.00294681
337000 0.00294712
338000 0.00294696
339000 0.00294657
340000 0.00294599
341000 0.00294555
342000 0.00294515
343000 0.00294462
344000 0.0029436
345000 0.00294227
346000 0.00294115
347000 0.00293969
348000 0.0029381
349000 0.00293687
350000 0.0029354
351000 0.00293402
352000 0.00293276
353000 0.00293131
354000 0.00292987
355000 0.00292833
356000 0.00292643
357000 0.00292438
358000 0.00292252
359000 0.00292089
360000 0.00291948
361000 0.00291826
362000 0.0029172
363000 0.00291613
364000 0.00291494
365000 0.00291382
366000 0.0029122
367000 0.00291035
368000 0.0029084
369000 0.00290628
370000 0.00290383
371000 0.00290121
372000 0.00289865
373000 0.0028962
374000 0.00289396
375000 0.0028917
376000 0.00288943
377000 0.00288751
378000 0.00288583
379000 0.0028842
380000 0.00288275
381000 0.00288136
382000 0.0028798
383000 0.00287798
384000 0.00287642
385000 0.00287497
386000 0.00287344
387000 0.00287179
388000 0.00287006
389000 0.00286827
390000 0.00286643
391000 0.00286457
392000 0.00286268
393000 0.00286072
394000 0.00285865
395000 0.00285651
396000 0.00285403
397000 0.00285138
398000 0.00284871
399000 0.00284625
400000 0.00284379
401000 0.00284165
402000 0.0028399
403000 0.00283819
404000 0.00283627
405000 0.00283439
406000 0.00283229
407000 0.00283019
408000 0.00282828
409000 0.00282623
410000 0.0028239
411000 0.00282152
412000 0.00281903
413000 0.00281659
414000 0.00281425
415000 0.00281206
416000 0.0028101
417000 0.00280806
418000 0.00280602
419000 0.00280408
420000 0.00280244
421000 0.00280105
422000 0.00279976
423000 0.00279831
424000 0.0027968
425000 0.00279554
426000 0.00279429
427000 0.00279295
428000 0.00279144
429000 0.00279007
430000 0.00278846
431000 0.0027868
432000 0.00278516
433000 0.0027836
434000 0.00278194
435000 0.00278035
436000 0.00277887
437000 0.00277735
438000 0.00277598
439000 0.00277468
440000 0.00277343
441000 0.00277209
442000 0.00277074
443000 0.00276964
444000 0.00276867
445000 0.00276785
446000 0.00276711
447000 0.00276642
448000 0.00276584
449000 0.00276511
450000 0.00276443
451000 0.00276404
452000 0.00276365
453000 0.00276327
454000 0.00276296
455000 0.00276263
456000 0.00276229
457000 0.00276185
458000 0.00276121
459000 0.00276073
460000 0.00276006
461000 0.00275954
462000 0.00275906
463000 0.00275847
464000 0.0027579
465000 0.00275712
466000 0.00275618
467000 0.00275516
468000 0.00275409
469000 0.00275295
470000 0.00275219
471000 0.00275128
472000 0.00275023
473000 0.00274921
474000 0.00274821
475000 0.00274719
476000 0.0027463
477000 0.00274535
478000 0.0027444
479000 0.00274351
480000 0.00274262
481000 0.00274181
482000 0.00274096
483000 0.00273998
484000 0.00273911
485000 0.00273826
486000 0.00273721
487000 0.00273593
488000 0.00273466
489000 0.00273337
490000 0.0027323
491000 0.00273143
492000 0.0027304
493000 0.00272942
494000 0.00272853
495000 0.00272732
496000 0.00272607
497000 0.002725
498000 0.00272415
499000 0.00272346
500000 0.00272282
