1000 0.00471017
2000 0.00468602
3000 0.0046364
4000 0.00458878
5000 0.00456877
6000 0.00454992
7000 0.00456297
8000 0.00457684
9000 0.00460344
10000 0.00462689
11000 0.00463983
12000 0.00464142
13000 0.00463556
14000 0.00463496
15000 0.00463685
16000 0.00462995
17000 0.00462455
18000 0.00462361
19000 0.00461608
20000 0.00460884
21000 0.00460034
22000 0.00459059
23000 0.00457773
24000 0.00456511
25000 0.0045509
26000 0.00453815
27000 0.00453005
28000 0.00452907
29000 0.0045305
30000 0.00453233
31000 0.0045337
32000 0.00453259
33000 0.00453231
34000 0.00453478
35000 0.00454231
36000 0.00454958
37000 0.00455234
38000 0.00455058
39000 0.00454634
40000 0.00453949
41000 0.00453321
42000 0.0045244
43000 0.0045124
44000 0.00450028
45000 0.00448576
46000 0.00447179
47000 0.00445931
48000 0.00444755
49000 0.00443759
50000 0.00443283
51000 0.00442939
52000 0.00442677
53000 0.0044234
54000 0.0044217
55000 0.00442223
56000 0.00442205
57000 0.00441964
58000 0.00441534
59000 0.00441368
60000 0.00441493
61000 0.00441701
62000 0.00441869
63000 0.00441973
64000 0.00441754
65000 0.00441541
66000 0.00441421
67000 0.00441603
68000 0.00441668
69000 0.00441796
70000 0.00442127
71000 0.00442387
72000 0.00442552
73000 0.0044251
74000 0.00442313
75000 0.00442099
76000 0.0044191
77000 0.00441776
78000 0.00441746
79000 0.00441745
80000 0.00441834
81000 0.0044203
82000 0.00442129
83000 0.00442245
84000 0.00442454
85000 0.00442734
86000 0.00443021
87000 0.00443484
88000 0.00443925
89000 0.00444261
90000 0.00444544
91000 0.00444569
92000 0.00444394
93000 0.00444246
94000 0.00444064
95000 0.00443825
96000 0.0044356
97000 0.00443386
98000 0.00443233
99000 0.00443223
100000 0.00443324
101000 0.00443475
102000 0.00443821
103000 0.00444265
104000 0.00444592
105000 0.00444812
106000 0.00444937
107000 0.00445092
108000 0.00445272
109000 0.00445582
110000 0.00445942
111000 0.00446286
112000 0.00446683
113000 0.00447117
114000 0.0044743
115000 0.00447597
116000 0.00447684
117000 0.00447817
118000 0.00447992
119000 0.00448124
120000 0.00448223
121000 0.0044831
122000 0.00448403
123000 0.00448461
124000 0.00448513
125000 0.00448577
126000 0.00448664
127000 0.00448745
128000 0.00448881
129000 0.00449063
130000 0.0044923
131000 0.004494
132000 0.00449569
133000 0.00449753
134000 0.00449885
135000 0.00450037
136000 0.00450155
137000 0.00450274
138000 0.00450391
139000 0.00450389
140000 0.0045036
141000 0.00450374
142000 0.00450464
143000 0.00450603
144000 0.00450765
145000 0.00450923
146000 0.00451147
147000 0.00451347
148000 0.00451514
149000 0.00451633
150000 0.00451747
151000 0.0045185
152000 0.00451849
153000 0.00451807
154000 0.00451859
155000 0.00451911
156000 0.00451871
157000 0.00451697
158000 0.00451377
159000 0.00450954
160000 0.00450664
161000 0.00450378
162000 0.00450164
163000 0.00449952
164000 0.0044973
165000 0.00449537
166000 0.00449243
167000 0.00448917
168000 0.00448581
169000 0.00448261
170000 0.00447966
171000 0.00447714
172000 0.00447528
173000 0.00447349
174000 0.00447139
175000 0.00446819
176000 0.00446431
177000 0.00445989
178000 0.00445584
179000 0.004453
180000 0.00445005
181000 0.00444696
182000 0.00444398
183000 0.00444178
184000 0.00444075
185000 0.00444088
186000 0.00444179
187000 0.0044421
188000 0.00444214
189000 0.0044422
190000 0.00444244
191000 0.00444263
192000 0.00444227
193000 0.00444135
194000 0.00444055
195000 0.00444036
196000 0.0044409
197000 0.00444205
198000 0.00444254
199000 0.0044428
200000 0.00444268
201000 0.00444211
202000 0.00444245
203000 0.00444208
204000 0.0044407
205000 0.00443893
206000 0.00443684
207000 0.00443554
208000 0.00443493
209000 0.0044347
210000 0.00443478
211000 0.0044343
212000 0.00443417
213000 0.00443461
214000 0.0044345
215000 0.00443388
216000 0.00443371
217000 0.00443324
218000 0.004433
219000 0.00443262
220000 0.00443178
221000 0.00443116
222000 0.00443002
223000 0.00442863
224000 0.00442743
225000 0.00442653
226000 0.00442602
227000 0.00442484
228000 0.00442278
229000 0.0044203
230000 0.00441841
231000 0.00441627
232000 0.00441467
233000 0.00441315
234000 0.00441117
235000 0.00440903
236000 0.00440725
237000 0.00440536
238000 0.00440288
239000 0.00440072
240000 0.00439853
241000 0.00439627
242000 0.00439334
243000 0.00438976
244000 0.00438598
245000 0.00438178
246000 0.00437797
247000 0.00437416
248000 0.00437062
249000 0.00436665
250000 0.00436291
251000 0.004359
252000 0.00435525
253000 0.00435093
254000 0.0043461
255000 0.00434118
256000 0.00433649
257000 0.00433162
258000 0.00432699
259000 0.0043224
260000 0.00431818
261000 0.00431424
262000 0.00431055
263000 0.00430757
264000 0.00430472
265000 0.00430238
266000 0.00429915
267000 0.0042958
268000 0.00429271
269000 0.00428992
270000 0.00428705
271000 0.00428399
272000 0.00428071
273000 0.00427778
274000 0.00427535
275000 0.0042731
276000 0.00427029
277000 0.00426765
278000 0.00426536
279000 0.00426317
280000 0.00426046
281000 0.00425762
282000 0.0042551
283000 0.00425227
284000 0.00424889
285000 0.00424581
286000 0.00424252
287000 0.00423923
288000 0.00423611
289000 0.00423305
290000 0.00423016
291000 0.00422736
292000 0.00422459
293000 0.00422126
294000 0.00421787
295000 0.00421466
296000 0.00421161
297000 0.00420832
298000 0.00420495
299000 0.00420171
300000 0.00419819
301000 0.00419463
302000 0.00419133
303000 0.00418781
304000 0.00418409
305000 0.00418047
306000 0.00417647
307000 0.00417302
308000 0.00417045
309000 0.0041684
310000 0.00416687
311000 0.00416603
312000 0.00416523
313000 0.00416457
314000 0.00416371
315000 0.00416315
316000 0.0041629
317000 0.0041622
318000 0.00416163
319000 0.00416098
320000 0.00415958
321000 0.00415785
322000 0.00415628
323000 0.00415444
324000 0.00415229
325000 0.00414949
326000 0.00414676
327000 0.00414421
328000 0.00414173
329000 0.00413931
330000 0.00413662
331000 0.00413419
332000 0.00413198
333000 0.00413023
334000 0.0041285
335000 0.00412675
336000 0.00412472
337000 0.00412252
338000 0.00411978
339000 0.00411716
340000 0.00411462
341000 0.00411269
342000 0.00411093
343000 0.00410944
344000 0.00410788
345000 0.00410635
346000 0.00410531
347000 0.00410378
348000 0.00410221
349000 0.00410058
350000 0.00409878
351000 0.00409716
352000 0.00409557
353000 0.00409402
354000 0.00409235
355000 0.004091
356000 0.00408935
357000 0.00408753
358000 0.00408586
359000 0.00408433
360000 0.00408296
361000 0.00408179
362000 0.00408074
363000 0.00407977
364000 0.00407891
365000 0.00407808
366000 0.00407742
367000 0.00407646
368000 0.00407571
369000 0.00407508
370000 0.00407471
371000 0.00407409
372000 0.00407329
373000 0.00407248
374000 0.00407134
375000 0.00407042
376000 0.00406982
377000 0.00406903
378000 0.00406779
379000 0.00406666
380000 0.00406547
381000 0.00406404
382000 0.00406261
383000 0.00406185
384000 0.00406152
385000 0.0040612
386000 0.0040605
387000 0.00405995
388000 0.00405877
389000 0.00405713
390000 0.00405526
391000 0.00405343
392000 0.00405152
393000 0.00404941
394000 0.00404743
395000 0.00404559
396000 0.00404399
397000 0.00404234
398000 0.00404073
399000 0.004039
400000 0.00403698
401000 0.00403514
402000 0.0040332
403000 0.00403111
404000 0.00402924
405000 0.00402738
406000 0.00402531
407000 0.00402312
408000 0.00402085
409000 0.00401838
410000 0.00401585
411000 0.00401311
412000 0.00401051
413000 0.00400782
414000 0.0040051
415000 0.00400226
416000 0.00399961
417000 0.00399719
418000 0.00399479
419000 0.00399258
420000 0.00399019
421000 0.00398764
422000 0.00398491
423000 0.00398228
424000 0.00397988
425000 0.00397771
426000 0.00397519
427000 0.00397256
428000 0.00397008
429000 0.00396772
430000 0.00396553
431000 0.00396365
432000 0.00396174
433000 0.00395973
434000 0.00395811
435000 0.0039569
436000 0.00395568
437000 0.00395459
438000 0.0039536
439000 0.00395227
440000 0.00395115
441000 0.00395007
442000 0.00394918
443000 0.00394825
444000 0.00394732
445000 0.00394663
446000 0.00394581
447000 0.00394489
448000 0.00394427
449000 0.00394346
450000 0.00394278
451000 0.00394241
452000 0.0039422
453000 0.00394187
454000 0.00394144
455000 0.00394085
456000 0.00394021
457000 0.00393922
458000 0.00393815
459000 0.00393701
460000 0.00393571
461000 0.00393451
462000 0.00393337
463000 0.00393249
464000 0.00393176
465000 0.00393104
466000 0.00393043
467000 0.00392972
468000 0.0039293
469000 0.00392887
470000 0.00392865
471000 0.00392881
472000 0.00392912
473000 0.00392936
474000 0.00392911
475000 0.0039287
476000 0.00392827
477000 0.00392783
478000 0.00392746
479000 0.00392718
480000 0.00392674
481000 0.00392605
482000 0.00392526
483000 0.00392423
484000 0.00392316
485000 0.00392218
486000 0.00392127
487000 0.00392032
488000 0.00391916
489000 0.00391802
490000 0.00391691
491000 0.00391606
492000 0.00391543
493000 0.00391485
494000 0.00391408
495000 0.00391323
496000 0.00391216
497000 0.00391112
498000 0.00391021
499000 0.00390969
500000 0.00390919
