1000 0.00341777
2000 0.00336585
3000 0.00335681
4000 0.00335314
5000 0.00336494
6000 0.00336993
7000 0.00338294
8000 0.00337457
9000 0.00337023
10000 0.00335787
11000 0.00334211
12000 0.00333806
13000 0.00334034
14000 0.00334216
15000 0.00334241
16000 0.00334245
17000 0.00333964
18000 0.00333507
19000 0.00332732
20000 0.00332068
21000 0.00331084
22000 0.0033008
23000 0.00328494
24000 0.00327063
25000 0.00325844
26000 0.00324798
27000 0.00323862
28000 0.00322938
29000 0.00322419
30000 0.00322334
31000 0.00322253
32000 0.00322145
33000 0.00322454
34000 0.00322891
35000 0.00323266
36000 0.00323371
37000 0.00323577
38000 0.00324152
39000 0.00324548
40000 0.00324617
41000 0.00324599
42000 0.00324559
43000 0.00324525
44000 0.00324682
45000 0.00325101
46000 0.00325355
47000 0.00325338
48000 0.0032498
49000 0.00324394
50000 0.00323896
51000 0.00323587
52000 0.00323064
53000 0.00322423
54000 0.00321752
55000 0.00320887
56000 0.00320115
57000 0.00319468
58000 0.00319205
59000 0.00319035
60000 0.00318964
61000 0.0031907
62000 0.00319072
63000 0.00318918
64000 0.00318763
65000 0.00318677
66000 0.003185
67000 0.0031835
68000 0.00318282
69000 0.00318417
70000 0.00318612
71000 0.00318955
72000 0.00319432
73000 0.0032005
74000 0.00320715
75000 0.00321449
76000 0.0032208
77000 0.00322743
78000 0.00323419
79000 0.00324047
80000 0.00324509
81000 0.00324914
82000 0.00325252
83000 0.00325489
84000 0.00325768
85000 0.0032614
86000 0.00326538
87000 0.00326971
88000 0.00327328
89000 0.00327713
90000 0.00328159
91000 0.00328494
92000 0.00328839
93000 0.0032907
94000 0.00329314
95000 0.003295
96000 0.00329695
97000 0.00329919
98000 0.00329996
99000 0.00330037
100000 0.00330128
101000 0.0033017
102000 0.003303
103000 0.00330554
104000 0.00330918
105000 0.00331317
106000 0.00331641
107000 0.00331769
108000 0.00331835
109000 0.003319
110000 0.00331917
111000 0.00331811
112000 0.00331701
113000 0.00331563
114000 0.00331428
115000 0.00331285
116000 0.00331083
117000 0.00330937
118000 0.00330883
119000 0.00330808
120000 0.00330751
121000 0.00330732
122000 0.00330732
123000 0.00330715
124000 0.00330694
125000 0.00330623
126000 0.00330533
127000 0.00330381
128000 0.00330184
129000 0.0033004
130000 0.00329987
131000 0.00329872
132000 0.00329705
133000 0.00329467
134000 0.00329185
135000 0.00328909
136000 0.00328616
137000 0.00328361
138000 0.00328083
139000 0.00327742
140000 0.00327463
141000 0.0032716
142000 0.00326868
143000 0.00326574
144000 0.00326377
145000 0.0032617
146000 0.00326026
147000 0.00325971
148000 0.00325961
149000 0.00325995
150000 0.00325992
151000 0.0032599
152000 0.00325926
153000 0.00325843
154000 0.00325853
155000 0.00325869
156000 0.00325973
157000 0.00326143
158000 0.00326229
159000 0.00326363
160000 0.00326447
161000 0.00326543
162000 0.0032671
163000 0.00326849
164000 0.00326982
165000 0.00327106
166000 0.00327257
167000 0.00327377
168000 0.00327498
169000 0.00327707
170000 0.00327991
171000 0.00328278
172000 0.00328669
173000 0.00329056
174000 0.0032946
175000 0.00329813
176000 0.00330198
177000 0.00330575
178000 0.00330961
179000 0.00331439
180000 0.0033187
181000 0.00332313
182000 0.00332726
183000 0.00333141
184000 0.00333615
185000 0.00334125
186000 0.00334586
187000 0.00334986
188000 0.00335419
189000 0.00335831
190000 0.003362
191000 0.00336513
192000 0.00336797
193000 0.00337052
194000 0.00337247
195000 0.00337439
196000 0.00337612
197000 0.003378
198000 0.00337953
199000 0.00338151
200000 0.00338367
201000 0.0033853
202000 0.00338603
203000 0.00338622
204000 0.00338586
205000 0.0033849
206000 0.00338423
207000 0.00338337
208000 0.00338249
209000 0.00338221
210000 0.00338222
211000 0.00338244
212000 0.00338191
213000 0.00338165
214000 0.00338162
215000 0.00338155
216000 0.0033817
217000 0.00338202
218000 0.00338235
219000 0.00338259
220000 0.00338311
221000 0.0033842
222000 0.00338585
223000 0.00338745
224000 0.0033886
225000 0.00338997
226000 0.00339211
227000 0.00339448
228000 0.00339703
229000 0.00339956
230000 0.00340197
231000 0.0034041
232000 0.00340644
233000 0.00340849
234000 0.0034107
235000 0.00341262
236000 0.0034133
237000 0.00341377
238000 0.00341472
239000 0.00341625
240000 0.00341788
241000 0.00341866
242000 0.0034188
243000 0.00341878
244000 0.00341827
245000 0.00341748
246000 0.00341686
247000 0.00341617
248000 0.00341609
249000 0.0034158
250000 0.00341579
251000 0.00341573
252000 0.00341538
253000 0.00341518
254000 0.00341508
255000 0.00341499
256000 0.00341518
257000 0.00341541
258000 0.0034153
259000 0.00341492
260000 0.00341431
261000 0.00341389
262000 0.00341354
263000 0.00341296
264000 0.00341199
265000 0.00341132
266000 0.00341122
267000 0.00341073
268000 0.00341022
269000 0.00340993
270000 0.00340985
271000 0.0034097
272000 0.00340977
273000 0.00340991
274000 0.00341035
275000 0.00341068
276000 0.00341066
277000 0.0034106
278000 0.00341091
279000 0.00341157
280000 0.00341168
281000 0.00341129
282000 0.00341098
283000 0.00341104
284000 0.00341181
285000 0.00341272
286000 0.0034136
287000 0.00341422
288000 0.00341437
289000 0.00341441
290000 0.0034151
291000 0.00341543
292000 0.00341542
293000 0.00341536
294000 0.00341508
295000 0.00341482
296000 0.00341495
297000 0.00341534
298000 0.00341527
299000 0.00341446
300000 0.00341405
301000 0.00341377
302000 0.0034139
303000 0.0034143
304000 0.00341466
305000 0.00341522
306000 0.00341583
307000 0.00341575
308000 0.00341573
309000 0.00341561
310000 0.00341518
311000 0.00341467
312000 0.00341368
313000 0.00341232
314000 0.0034109
315000 0.00340909
316000 0.00340716
317000 0.00340471
318000 0.00340181
319000 0.00339892
320000 0.00339629
321000 0.00339361
322000 0.00339094
323000 0.0033881
324000 0.0033853
325000 0.00338264
326000 0.00337961
327000 0.00337655
328000 0.00337323
329000 0.00336997
330000 0.00336709
331000 0.0033643
332000 0.00336136
333000 0.00335851
334000 0.00335572
335000 0.00335299
336000 0.00335005
337000 0.00334714
338000 0.00334422
339000 0.00334101
340000 0.00333761
341000 0.00333439
342000 0.00333129
343000 0.00332814
344000 0.00332494
345000 0.00332163
346000 0.00331817
347000 0.00331464
348000 0.00331141
349000 0.00330853
350000 0.00330583
351000 0.0033028
352000 0.00329956
353000 0.00329638
354000 0.00329347
355000 0.00329067
356000 0.00328798
357000 0.00328514
358000 0.00328244
359000 0.00327988
360000 0.00327702
361000 0.00327369
362000 0.00327028
363000 0.003267
364000 0.00326368
365000 0.00326044
366000 0.00325734
367000 0.0032544
368000 0.00325155
369000 0.00324898
370000 0.00324626
371000 0.00324344
372000 0.00324084
373000 0.00323829
374000 0.00323583
375000 0.00323325
376000 0.00323061
377000 0.00322817
378000 0.00322561
379000 0.00322307
380000 0.00322071
381000 0.00321823
382000 0.00321588
383000 0.00321334
384000 0.00321092
385000 0.00320845
386000 0.00320608
387000 0.0032043
388000 0.00320303
389000 0.00320196
390000 0.00320101
391000 0.00319982
392000 0.00319882
393000 0.00319784
394000 0.0031966
395000 0.00319525
396000 0.00319405
397000 0.00319293
398000 0.00319176
399000 0.00319042
400000 0.00318925
401000 0.00318829
402000 0.00318747
403000 0.00318684
404000 0.00318636
405000 0.00318589
406000 0.0031853
407000 0.00318413
408000 0.00318316
409000 0.00318235
410000 0.00318146
411000 0.00318027
412000 0.00317922
413000 0.00317833
414000 0.00317762
415000 0.0031771
416000 0.00317665
417000 0.00317616
418000 0.00317576
419000 0.00317549
420000 0.00317535
421000 0.00317519
422000 0.00317487
423000 0.00317472
424000 0.00317481
425000 0.00317504
426000 0.0031753
427000 0.00317552
428000 0.00317528
429000 0.00317489
430000 0.00317442
431000 0.00317391
432000 0.00317338
433000 0.00317257
434000 0.00317162
435000 0.00317058
436000 0.00316959
437000 0.00316898
438000 0.00316852
439000 0.00316813
440000 0.00316736
441000 0.0031666
442000 0.00316575
443000 0.00316509
444000 0.00316468
445000 0.00316435
446000 0.00316379
447000 0.00316303
448000 0.00316209
449000 0.00316113
450000 0.00316025
451000 0.00315924
452000 0.00315842
453000 0.0031579
454000 0.00315742
455000 0.00315689
456000 0.00315621
457000 0.00315529
458000 0.00315405
459000 0.00315265
460000 0.00315132
461000 0.00315009
462000 0.00314889
463000 0.00314754
464000 0.00314611
465000 0.00314477
466000 0.00314349
467000 0.00314217
468000 0.00314066
469000 0.00313881
470000 0.00313692
471000 0.00313509
472000 0.00313315
473000 0.00313095
474000 0.00312866
475000 0.00312635
476000 0.00312419
477000 0.00312185
478000 0.00311947
479000 0.00311718
480000 0.0031147
481000 0.00311238
482000 0.00311028
483000 0.00310817
484000 0.00310587
485000 0.00310336
486000 0.00310068
487000 0.00309808
488000 0.00309545
489000 0.00309269
490000 0.00308987
491000 0.00308711
492000 0.00308432
493000 0.00308162
494000 0.00307899
495000 0.0030762
496000 0.00307327
497000 0.00307045
498000 0.00306778
499000 0.00306525
500000 0.00306285
