1000 0.00379343
2000 0.00383837
3000 0.00387993
4000 0.00390689
5000 0.0039533
6000 0.00400207
7000 0.00403377
8000 0.00405609
9000 0.00407316
10000 0.00409788
11000 0.00411214
12000 0.00411842
13000 0.00412392
14000 0.00413425
15000 0.00413835
16000 0.004138
17000 0.00413856
18000 0.00413846
19000 0.00413364
20000 0.00413862
21000 0.00414499
22000 0.00414674
23000 0.00414299
24000 0.00413618
25000 0.00413131
26000 0.00412347
27000 0.00411488
28000 0.00410684
29000 0.00409594
30000 0.00408629
31000 0.00408103
32000 0.00408232
33000 0.00408368
34000 0.00408135
35000 0.00407612
36000 0.0040742
37000 0.00407548
38000 0.00407678
39000 0.00407744
40000 0.00408338
41000 0.00409085
42000 0.00410271
43000 0.00411428
44000 0.00412518
45000 0.00413436
46000 0.00414203
47000 0.00414969
48000 0.00415734
49000 0.00416487
50000 0.00416928
51000 0.00417349
52000 0.00417976
53000 0.00418759
54000 0.00419709
55000 0.00420302
56000 0.00420409
57000 0.00420548
58000 0.00420422
59000 0.0042018
60000 0.00419993
61000 0.00419786
62000 0.00419574
63000 0.00419239
64000 0.0041882
65000 0.00418438
66000 0.00418201
67000 0.00418086
68000 0.00417991
69000 0.00417784
70000 0.00417405
71000 0.00417159
72000 0.0041711
73000 0.00416978
74000 0.00416852
75000 0.00416613
76000 0.00416476
77000 0.00416458
78000 0.0041658
79000 0.00416543
80000 0.00416403
81000 0.00415881
82000 0.00415197
83000 0.0041443
84000 0.0041374
85000 0.00413062
86000 0.00412361
87000 0.00411749
88000 0.00411019
89000 0.00410154
90000 0.00409432
91000 0.00408855
92000 0.00408436
93000 0.00407937
94000 0.0040736
95000 0.00406734
96000 0.00406007
97000 0.00405036
98000 0.00404024
99000 0.00403015
100000 0.00402087
101000 0.00401251
102000 0.00400562
103000 0.00400009
104000 0.003994
105000 0.00398844
106000 0.00398427
107000 0.00398035
108000 0.00397538
109000 0.0039705
110000 0.00396588
111000 0.00396201
112000 0.00395918
113000 0.00395615
114000 0.00395368
115000 0.00395124
116000 0.00394789
117000 0.00394424
118000 0.00394072
119000 0.00393728
120000 0.00393296
121000 0.0039284
122000 0.00392373
123000 0.00391892
124000 0.00391491
125000 0.00391228
126000 0.00390988
127000 0.00390734
128000 0.00390388
129000 0.00390078
130000 0.00389768
131000 0.00389412
132000 0.00389025
133000 0.00388588
134000 0.00388145
135000 0.00387684
136000 0.00387291
137000 0.00386897
138000 0.00386396
139000 0.00385926
140000 0.00385477
141000 0.00385121
142000 0.00384787
143000 0.00384472
144000 0.00384226
145000 0.0038407
146000 0.00383786
147000 0.00383442
148000 0.00383128
149000 0.00382778
150000 0.00382343
151000 0.00381888
152000 0.00381288
153000 0.00380684
154000 0.00380081
155000 0.00379456
156000 0.00378836
157000 0.00378242
158000 0.00377595
159000 0.00376991
160000 0.00376454
161000 0.00376054
162000 0.0037564
163000 0.00375248
164000 0.00374891
165000 0.00374452
166000 0.0037404
167000 0.0037365
168000 0.00373242
169000 0.00372777
170000 0.00372301
171000 0.00371824
172000 0.00371374
173000 0.00370996
174000 0.00370598
175000 0.00370163
176000 0.00369743
177000 0.00369306
178000 0.00368896
179000 0.00368522
180000 0.00368174
181000 0.00367783
182000 0.00367401
183000 0.00367088
184000 0.00366779
185000 0.0036648
186000 0.0036619
187000 0.00365922
188000 0.0036561
189000 0.0036528
190000 0.00364925
191000 0.00364596
192000 0.00364267
193000 0.00363954
194000 0.00363681
195000 0.0036345
196000 0.00363256
197000 0.00362987
198000 0.00362684
199000 0.00362426
200000 0.00362222
201000 0.00362038
202000 0.00361888
203000 0.00361728
204000 0.00361592
205000 0.00361434
206000 0.00361189
207000 0.00360851
208000 0.00360502
209000 0.00360216
210000 0.0035995
211000 0.00359636
212000 0.00359265
213000 0.00358956
214000 0.00358704
215000 0.00358433
216000 0.00358203
217000 0.0035801
218000 0.00357807
219000 0.00357559
220000 0.00357356
221000 0.0035718
222000 0.00356974
223000 0.00356745
224000 0.00356528
225000 0.00356368
226000 0.00356228
227000 0.00356077
228000 0.00355908
229000 0.003558
230000 0.00355758
231000 0.00355737
232000 0.00355722
233000 0.00355729
234000 0.0035575
235000 0.00355721
236000 0.00355778
237000 0.00355875
238000 0.00355946
239000 0.00356033
240000 0.00356107
241000 0.00356161
242000 0.00356171
243000 0.00356181
244000 0.00356188
245000 0.00356198
246000 0.00356213
247000 0.00356157
248000 0.00356053
249000 0.00355902
250000 0.00355702
251000 0.00355443
252000 0.00355168
253000 0.00354919
254000 0.00354702
255000 0.00354488
256000 0.00354305
257000 0.0035409
258000 0.00353859
259000 0.00353663
260000 0.00353487
261000 0.00353365
262000 0.00353266
263000 0.00353115
264000 0.00352951
265000 0.00352764
266000 0.00352589
267000 0.00352411
268000 0.00352248
269000 0.00352168
270000 0.00352109
271000 0.00352003
272000 0.00351873
273000 0.00351698
274000 0.00351545
275000 0.00351394
276000 0.00351245
277000 0.00351088
278000 0.00350897
279000 0.00350692
280000 0.0035055
281000 0.00350474
282000 0.00350429
283000 0.00350413
284000 0.00350419
285000 0.00350433
286000 0.00350445
287000 0.00350408
288000 0.00350317
289000 0.00350218
290000 0.00350138
291000 0.00350035
292000 0.00349951
293000 0.00349872
294000 0.00349787
295000 0.00349675
296000 0.00349605
297000 0.00349502
298000 0.00349376
299000 0.00349276
300000 0.00349243
301000 0.00349199
302000 0.00349175
303000 0.00349174
304000 0.00349168
305000 0.00349177
306000 0.00349224
307000 0.00349224
308000 0.00349197
309000 0.00349148
310000 0.00349056
311000 0.00348992
312000 0.0034894
313000 0.00348842
314000 0.00348746
315000 0.00348625
316000 0.00348544
317000 0.00348468
318000 0.0034837
319000 0.00348301
320000 0.0034823
321000 0.00348199
322000 0.00348213
323000 0.00348192
324000 0.00348177
325000 0.00348161
326000 0.00348137
327000 0.00348153
328000 0.00348113
329000 0.00348013
330000 0.003479
331000 0.00347815
332000 0.00347751
333000 0.0034769
334000 0.00347616
335000 0.00347554
336000 0.00347515
337000 0.00347499
338000 0.00347467
339000 0.00347415
340000 0.00347369
341000 0.00347349
342000 0.00347324
343000 0.0034726
344000 0.00347186
345000 0.00347144
346000 0.00347117
347000 0.00347085
348000 0.00347053
349000 0.00347023
350000 0.00346976
351000 0.00346945
352000 0.00346942
353000 0.00346942
354000 0.00346973
355000 0.00347052
356000 0.00347052
357000 0.00347057
358000 0.00347035
359000 0.00347011
360000 0.00346985
361000 0.00346931
362000 0.00346841
363000 0.00346728
364000 0.00346603
365000 0.00346464
366000 0.00346336
367000 0.00346184
368000 0.00346038
369000 0.00345897
370000 0.00345763
371000 0.00345604
372000 0.00345456
373000 0.00345307
374000 0.00345154
375000 0.00345025
376000 0.00344894
377000 0.00344793
378000 0.00344655
379000 0.0034452
380000 0.00344372
381000 0.00344249
382000 0.00344109
383000 0.00343947
384000 0.00343787
385000 0.00343657
386000 0.0034352
387000 0.00343348
388000 0.00343189
389000 0.00343027
390000 0.00342861
391000 0.00342688
392000 0.00342544
393000 0.00342419
394000 0.00342307
395000 0.00342203
396000 0.00342118
397000 0.00342031
398000 0.00341895
399000 0.00341751
400000 0.00341623
401000 0.00341541
402000 0.00341493
403000 0.00341415
404000 0.00341323
405000 0.00341184
406000 0.00341017
407000 0.00340859
408000 0.00340713
409000 0.00340546
410000 0.00340362
411000 0.00340177
412000 0.00340012
413000 0.0033986
414000 0.00339747
415000 0.00339656
416000 0.0033955
417000 0.00339475
418000 0.00339441
419000 0.00339398
420000 0.00339347
421000 0.00339274
422000 0.00339209
423000 0.00339151
424000 0.00339112
425000 0.00339101
426000 0.0033909
427000 0.00339069
428000 0.00339026
429000 0.00338996
430000 0.00338961
431000 0.00338923
432000 0.00338894
433000 0.00338838
434000 0.00338794
435000 0.00338747
436000 0.00338699
437000 0.00338667
438000 0.00338618
439000 0.00338571
440000 0.00338521
441000 0.00338506
442000 0.0033849
443000 0.00338454
444000 0.00338439
445000 0.00338408
446000 0.00338364
447000 0.00338296
448000 0.00338211
449000 0.00338118
450000 0.00338003
451000 0.00337903
452000 0.0033781
453000 0.00337733
454000 0.00337651
455000 0.00337572
456000 0.00337488
457000 0.00337409
458000 0.00337321
459000 0.00337227
460000 0.00337132
461000 0.00337064
462000 0.00336989
463000 0.00336927
464000 0.00336871
465000 0.00336768
466000 0.00336657
467000 0.00336545
468000 0.00336428
469000 0.00336324
470000 0.00336223
471000 0.00336109
472000 0.00336005
473000 0.00335893
474000 0.00335782
475000 0.00335661
476000 0.00335525
477000 0.00335373
478000 0.00335205
479000 0.00335052
480000 0.0033488
481000 0.00334726
482000 0.0033456
483000 0.00334402
484000 0.00334249
485000 0.00334109
486000 0.00333973
487000 0.0033383
488000 0.00333686
489000 0.00333537
490000 0.00333404
491000 0.00333271
492000 0.00333128
493000 0.00332987
494000 0.00332854
495000 0.0033273
496000 0.00332624
497000 0.00332537
498000 0.00332451
499000 0.00332355
500000 0.00332224
