1000 0.00505497
2000 0.00500781
3000 0.00492703
4000 0.00486928
5000 0.00482614
6000 0.00481121
7000 0.00480062
8000 0.00478588
9000 0.00478108
10000 0.00477048
11000 0.00475606
12000 0.00474581
13000 0.00473808
14000 0.00472288
15000 0.0047096
16000 0.00470144
17000 0.00469735
18000 0.00469551
19000 0.00469746
20000 0.00469241
21000 0.00468556
22000 0.00467197
23000 0.00465878
24000 0.00464569
25000 0.0046387
26000 0.00462842
27000 0.00461658
28000 0.00460515
29000 0.00458568
30000 0.00456414
31000 0.00454058
32000 0.004521
33000 0.00450246
34000 0.00448757
35000 0.004473
36000 0.00445941
37000 0.00444286
38000 0.00442994
39000 0.00441829
40000 0.00440794
41000 0.00439766
42000 0.00438534
43000 0.00437614
44000 0.0043675
45000 0.00436025
46000 0.00435449
47000 0.0043511
48000 0.0043502
49000 0.00434865
50000 0.00434559
51000 0.00434486
52000 0.00434284
53000 0.00434133
54000 0.00434077
55000 0.00434122
56000 0.00434205
57000 0.00434339
58000 0.00434298
59000 0.00434385
60000 0.00434632
61000 0.00434958
62000 0.00435298
63000 0.00435467
64000 0.00435843
65000 0.00435971
66000 0.00436111
67000 0.00436363
68000 0.00436815
69000 0.00437235
70000 0.00437515
71000 0.00437906
72000 0.00438192
73000 0.00438431
74000 0.00438769
75000 0.00439223
76000 0.00439735
77000 0.00440088
78000 0.00440476
79000 0.00440815
80000 0.004412
81000 0.0044175
82000 0.00442501
83000 0.00443398
84000 0.00444449
85000 0.00445792
86000 0.00447161
87000 0.00448407
88000 0.00449765
89000 0.00451174
90000 0.00452568
91000 0.00453927
92000 0.00455219
93000 0.00456348
94000 0.00457372
95000 0.00458579
96000 0.00459967
97000 0.0046144
98000 0.00462898
99000 0.00464252
100000 0.00465485
101000 0.00466863
102000 0.00468154
103000 0.0046943
104000 0.0047065
105000 0.00471774
106000 0.00472763
107000 0.004738
108000 0.00474637
109000 0.0047543
110000 0.00475982
111000 0.00476521
112000 0.00477013
113000 0.00477418
114000 0.00477874
115000 0.00478383
116000 0.00478806
117000 0.00479261
118000 0.00479692
119000 0.00480068
120000 0.00480327
121000 0.00480488
122000 0.00480766
123000 0.00481054
124000 0.00481232
125000 0.00481244
126000 0.0048124
127000 0.00481235
128000 0.00481278
129000 0.00481307
130000 0.00481193
131000 0.00481014
132000 0.00480887
133000 0.00480723
134000 0.00480473
135000 0.0048018
136000 0.00479853
137000 0.00479533
138000 0.0047921
139000 0.00478876
140000 0.00478466
141000 0.00478032
142000 0.00477664
143000 0.0047734
144000 0.0047703
145000 0.00476636
146000 0.00476326
147000 0.00476085
148000 0.00475911
149000 0.00475757
150000 0.00475706
151000 0.00475745
152000 0.00475796
153000 0.00475928
154000 0.0047615
155000 0.00476293
156000 0.0047624
157000 0.00476082
158000 0.0047589
159000 0.00475657
160000 0.00475409
161000 0.00475141
162000 0.00474886
163000 0.00474695
164000 0.00474568
165000 0.00474409
166000 0.00474169
167000 0.00473758
168000 0.00473309
169000 0.0047283
170000 0.00472385
171000 0.0047201
172000 0.00471722
173000 0.00471508
174000 0.00471319
175000 0.00471134
176000 0.00471036
177000 0.00471042
178000 0.0047107
179000 0.00471092
180000 0.00471117
181000 0.00471159
182000 0.00471154
183000 0.0047116
184000 0.00471086
185000 0.00470975
186000 0.0047076
187000 0.00470469
188000 0.00470167
189000 0.00469935
190000 0.0046973
191000 0.00469528
192000 0.00469325
193000 0.00469116
194000 0.00468967
195000 0.00468844
196000 0.00468698
197000 0.00468492
198000 0.00468211
199000 0.00467883
200000 0.00467504
201000 0.0046711
202000 0.00466695
203000 0.00466255
204000 0.00465824
205000 0.00465376
206000 0.00464943
207000 0.00464503
208000 0.00464019
209000 0.00463527
210000 0.00463039
211000 0.00462578
212000 0.00462128
213000 0.00461689
214000 0.00461204
215000 0.00460708
216000 0.00460218
217000 0.0045974
218000 0.00459261
219000 0.00458755
220000 0.00458225
221000 0.00457679
222000 0.00457126
223000 0.00456547
224000 0.00455944
225000 0.00455365
226000 0.00454804
227000 0.0045421
228000 0.00453607
229000 0.00453027
230000 0.00452492
231000 0.00451976
232000 0.00451508
233000 0.00451061
234000 0.00450661
235000 0.00450253
236000 0.00449826
237000 0.00449427
238000 0.00449105
239000 0.00448871
240000 0.00448626
241000 0.00448301
242000 0.00447986
243000 0.00447699
244000 0.00447363
245000 0.00447028
246000 0.004467
247000 0.00446419
248000 0.00446141
249000 0.00445915
250000 0.00445719
251000 0.00445523
252000 0.00445298
253000 0.00445063
254000 0.00444817
255000 0.00444526
256000 0.00444231
257000 0.00443963
258000 0.00443671
259000 0.00443381
260000 0.00443032
261000 0.00442644
262000 0.00442226
263000 0.00441864
264000 0.00441557
265000 0.00441261
266000 0.00440926
267000 0.00440626
268000 0.00440375
269000 0.00440137
270000 0.00439898
271000 0.004396
272000 0.00439316
273000 0.00439048
274000 0.00438859
275000 0.00438651
276000 0.00438441
277000 0.00438268
278000 0.00438106
279000 0.00437965
280000 0.00437853
281000 0.00437721
282000 0.00437531
283000 0.00437362
284000 0.00437168
285000 0.00436933
286000 0.00436613
287000 0.00436283
288000 0.00435935
289000 0.00435539
290000 0.00435215
291000 0.00434885
292000 0.00434557
293000 0.00434268
294000 0.00433961
295000 0.00433674
296000 0.00433402
297000 0.00433126
298000 0.00432838
299000 0.00432534
300000 0.00432234
301000 0.00431975
302000 0.0043168
303000 0.00431382
304000 0.00431138
305000 0.0043088
306000 0.00430556
307000 0.00430292
308000 0.00430031
309000 0.00429793
310000 0.00429541
311000 0.00429315
312000 0.00429112
313000 0.00428879
314000 0.00428622
315000 0.00428412
316000 0.00428221
317000 0.00428077
318000 0.00427942
319000 0.00427809
320000 0.00427654
321000 0.00427493
322000 0.00427369
323000 0.00427261
324000 0.00427199
325000 0.00427126
326000 0.00427075
327000 0.00426995
328000 0.00426893
329000 0.00426815
330000 0.00426735
331000 0.0042671
332000 0.00426725
333000 0.00426733
334000 0.00426769
335000 0.00426828
336000 0.00426927
337000 0.00426998
338000 0.00427106
339000 0.00427207
340000 0.00427347
341000 0.00427539
342000 0.00427752
343000 0.00427983
344000 0.004282
345000 0.00428354
346000 0.00428487
347000 0.0042855
348000 0.00428603
349000 0.00428624
350000 0.00428604
351000 0.0042853
352000 0.00428383
353000 0.00428209
354000 0.00428036
355000 0.00427831
356000 0.00427649
357000 0.00427493
358000 0.00427329
359000 0.00427137
360000 0.00426905
361000 0.00426738
362000 0.00426581
363000 0.00426401
364000 0.00426195
365000 0.00425978
366000 0.00425759
367000 0.00425524
368000 0.004253
369000 0.00425123
370000 0.00424951
371000 0.00424797
372000 0.0042466
373000 0.00424501
374000 0.00424355
375000 0.0042422
376000 0.00424045
377000 0.00423826
378000 0.00423605
379000 0.00423377
380000 0.0042317
381000 0.00423031
382000 0.00422934
383000 0.0042285
384000 0.00422729
385000 0.00422588
386000 0.00422488
387000 0.00422404
388000 0.00422347
389000 0.0042229
390000 0.00422213
391000 0.00422122
392000 0.00422069
393000 0.00422005
394000 0.00421916
395000 0.00421861
396000 0.0042184
397000 0.00421803
398000 0.00421721
399000 0.00421615
400000 0.00421479
401000 0.00421362
402000 0.00421245
403000 0.00421151
404000 0.00421056
405000 0.00420945
406000 0.00420873
407000 0.00420808
408000 0.00420689
409000 0.00420535
410000 0.00420389
411000 0.00420242
412000 0.00420108
413000 0.00419996
414000 0.00419905
415000 0.00419815
416000 0.00419684
417000 0.00419552
418000 0.00419421
419000 0.0041929
420000 0.00419181
421000 0.00419035
422000 0.00418841
423000 0.00418631
424000 0.00418419
425000 0.00418199
426000 0.0041795
427000 0.00417684
428000 0.00417414
429000 0.00417101
430000 0.00416786
431000 0.0041649
432000 0.00416193
433000 0.00415889
434000 0.00415551
435000 0.00415212
436000 0.00414894
437000 0.0041458
438000 0.00414272
439000 0.00413976
440000 0.00413695
441000 0.00413416
442000 0.00413125
443000 0.00412846
444000 0.0041256
445000 0.00412242
446000 0.00411926
447000 0.00411598
448000 0.00411267
449000 0.00410943
450000 0.00410634
451000 0.00410333
452000 0.00410022
453000 0.00409711
454000 0.00409408
455000 0.00409103
456000 0.00408808
457000 0.00408526
458000 0.00408243
459000 0.00407983
460000 0.00407712
461000 0.00407446
462000 0.00407166
463000 0.00406884
464000 0.00406609
465000 0.00406347
466000 0.00406097
467000 0.00405842
468000 0.00405575
469000 0.00405304
470000 0.00405046
471000 0.00404786
472000 0.00404509
473000 0.00404233
474000 0.00403959
475000 0.00403672
476000 0.00403385
477000 0.00403093
478000 0.00402804
479000 0.00402536
480000 0.0040228
481000 0.00402035
482000 0.00401809
483000 0.00401595
484000 0.00401383
485000 0.00401144
486000 0.00400904
487000 0.00400672
488000 0.0040045
489000 0.00400249
490000 0.00400053
491000 0.00399843
492000 0.00399632
493000 0.00399404
494000 0.00399181
495000 0.00398962
496000 0.00398744
497000 0.00398501
498000 0.00398254
499000 0.00398029
500000 0.00397834
