1000 0.00360232
2000 0.00358707
3000 0.00357513
4000 0.00355257
5000 0.00355506
6000 0.00354648
7000 0.00354734
8000 0.00356577
9000 0.0035806
10000 0.00358579
11000 0.00358839
12000 0.00359411
13000 0.00360345
14000 0.00361678
15000 0.00362736
16000 0.0036329
17000 0.00363837
18000 0.00363856
19000 0.00363488
20000 0.00362879
21000 0.00362348
22000 0.00362767
23000 0.00363474
24000 0.00364575
25000 0.00365527
26000 0.00366247
27000 0.00366418
28000 0.00366645
29000 0.00366747
30000 0.00367005
31000 0.00367816
32000 0.00369487
33000 0.00371255
34000 0.00373036
35000 0.00374743
36000 0.0037602
37000 0.0037733
38000 0.00378734
39000 0.00380501
40000 0.0038234
41000 0.00384151
42000 0.00386007
43000 0.0038746
44000 0.00388915
45000 0.00390323
46000 0.00391749
47000 0.00393432
48000 0.00395111
49000 0.00396425
50000 0.00397329
51000 0.00398163
52000 0.00398799
53000 0.00399026
54000 0.00399213
55000 0.00399383
56000 0.0039961
57000 0.00399849
58000 0.00400061
59000 0.00400347
60000 0.00400751
61000 0.00400745
62000 0.00400694
63000 0.00400811
64000 0.00401007
65000 0.00401102
66000 0.00401172
67000 0.00401276
68000 0.00401255
69000 0.00401182
70000 0.00400924
71000 0.00400778
72000 0.00400823
73000 0.00400873
74000 0.00400953
75000 0.0040104
76000 0.00400869
77000 0.004007
78000 0.00400769
79000 0.00401046
80000 0.00401216
81000 0.00401008
82000 0.0040079
83000 0.00400564
84000 0.00400382
85000 0.00400144
86000 0.00399745
87000 0.0039919
88000 0.00398806
89000 0.00398562
90000 0.00398243
91000 0.00397951
92000 0.00397535
93000 0.00397128
94000 0.00396907
95000 0.00396814
96000 0.00396996
97000 0.00396971
98000 0.00396919
99000 0.00396728
100000 0.00396509
101000 0.00396236
102000 0.00395706
103000 0.00395013
104000 0.00394321
105000 0.00393555
106000 0.00392585
107000 0.0039165
108000 0.00390725
109000 0.00389714
110000 0.0038871
111000 0.00387805
112000 0.00386825
113000 0.00385842
114000 0.00384896
115000 0.00383975
116000 0.00383031
117000 0.00382203
118000 0.00381322
119000 0.00380282
120000 0.00379116
121000 0.00377893
122000 0.00376749
123000 0.00375622
124000 0.00374535
125000 0.00373465
126000 0.00372385
127000 0.00371413
128000 0.00370443
129000 0.00369502
130000 0.00368553
131000 0.00367582
132000 0.00366578
133000 0.00365566
134000 0.00364562
135000 0.00363548
136000 0.00362522
137000 0.0036153
138000 0.00360639
139000 0.00359744
140000 0.00358832
141000 0.00357898
142000 0.00356957
143000 0.00356005
144000 0.00355096
145000 0.00354163
146000 0.00353182
147000 0.00352202
148000 0.00351186
149000 0.00350149
150000 0.00349136
151000 0.00348154
152000 0.00347236
153000 0.0034635
154000 0.00345442
155000 0.00344486
156000 0.00343489
157000 0.00342542
158000 0.00341576
159000 0.00340673
160000 0.00339807
161000 0.00338997
162000 0.00338217
163000 0.00337474
164000 0.00336725
165000 0.00335938
166000 0.00335199
167000 0.00334429
168000 0.003337
169000 0.0033301
170000 0.00332298
171000 0.0033162
172000 0.00330896
173000 0.00330197
174000 0.00329505
175000 0.00328781
176000 0.00328103
177000 0.00327457
178000 0.00326828
179000 0.00326238
180000 0.00325731
181000 0.0032526
182000 0.00324754
183000 0.00324199
184000 0.00323646
185000 0.00323123
186000 0.00322551
187000 0.00321954
188000 0.00321414
189000 0.0032089
190000 0.00320401
191000 0.00319932
192000 0.00319439
193000 0.00318857
194000 0.00318194
195000 0.00317503
196000 0.00316793
197000 0.00316111
198000 0.00315473
199000 0.00314814
200000 0.00314159
201000 0.00313523
202000 0.00312886
203000 0.00312277
204000 0.00311659
205000 0.00311003
206000 0.00310359
207000 0.0030974
208000 0.00309146
209000 0.00308552
210000 0.00307994
211000 0.00307443
212000 0.00306874
213000 0.00306314
214000 0.00305764
215000 0.00305266
216000 0.0030479
217000 0.00304294
218000 0.00303824
219000 0.00303347
220000 0.00302846
221000 0.00302398
222000 0.00301971
223000 0.0030155
224000 0.00301153
225000 0.00300746
226000 0.00300364
227000 0.00299996
228000 0.00299604
229000 0.00299259
230000 0.00298994
231000 0.00298775
232000 0.0029858
233000 0.00298492
234000 0.00298453
235000 0.00298398
236000 0.00298366
237000 0.00298346
238000 0.00298341
239000 0.00298343
240000 0.00298367
241000 0.00298423
242000 0.002985
243000 0.00298618
244000 0.00298715
245000 0.00298903
246000 0.00299067
247000 0.00299151
248000 0.00299217
249000 0.00299262
250000 0.00299275
251000 0.00299303
252000 0.00299308
253000 0.00299243
254000 0.00299134
255000 0.00299017
256000 0.00298893
257000 0.00298742
258000 0.00298582
259000 0.00298365
260000 0.00298139
261000 0.00297885
262000 0.00297629
263000 0.00297388
264000 0.00297137
265000 0.00296904
266000 0.00296685
267000 0.00296444
268000 0.00296181
269000 0.00295885
270000 0.00295575
271000 0.00295295
272000 0.00295019
273000 0.0029472
274000 0.00294405
275000 0.00294126
276000 0.00293869
277000 0.00293583
278000 0.00293296
279000 0.00293031
280000 0.00292795
281000 0.00292618
282000 0.00292427
283000 0.00292269
284000 0.00292086
285000 0.00291882
286000 0.00291675
287000 0.00291459
288000 0.00291249
289000 0.00291028
290000 0.00290846
291000 0.002907
292000 0.00290605
293000 0.00290543
294000 0.00290513
295000 0.00290531
296000 0.00290576
297000 0.00290608
298000 0.0029067
299000 0.00290727
300000 0.00290781
301000 0.00290832
302000 0.00290912
303000 0.00290997
304000 0.00291093
305000 0.00291215
306000 0.00291346
307000 0.00291461
308000 0.00291554
309000 0.00291668
310000 0.00291759
311000 0.00291818
312000 0.00291878
313000 0.00291954
314000 0.00292045
315000 0.0029214
316000 0.00292222
317000 0.00292291
318000 0.00292352
319000 0.00292414
320000 0.00292466
321000 0.00292511
322000 0.00292618
323000 0.00292753
324000 0.00292896
325000 0.00293022
326000 0.00293129
327000 0.00293161
328000 0.00293213
329000 0.00293287
330000 0.0029339
331000 0.00293495
332000 0.0029362
333000 0.00293738
334000 0.00293806
335000 0.00293899
336000 0.00294026
337000 0.00294156
338000 0.00294296
339000 0.00294448
340000 0.00294608
341000 0.0029478
342000 0.00295038
343000 0.00295288
344000 0.00295497
345000 0.00295702
346000 0.00295922
347000 0.00296163
348000 0.00296401
349000 0.00296569
350000 0.00296666
351000 0.00296734
352000 0.00296766
353000 0.00296776
354000 0.00296722
355000 0.00296663
356000 0.00296593
357000 0.00296539
358000 0.00296495
359000 0.0029648
360000 0.00296492
361000 0.00296492
362000 0.00296504
363000 0.00296533
364000 0.0029657
365000 0.00296609
366000 0.0029663
367000 0.00296637
368000 0.00296626
369000 0.00296578
370000 0.00296507
371000 0.00296444
372000 0.00296349
373000 0.00296219
374000 0.002961
375000 0.00295995
376000 0.00295906
377000 0.00295796
378000 0.00295677
379000 0.00295575
380000 0.00295482
381000 0.00295371
382000 0.0029527
383000 0.00295177
384000 0.00295065
385000 0.0029495
386000 0.00294814
387000 0.00294698
388000 0.00294592
389000 0.00294495
390000 0.00294382
391000 0.0029429
392000 0.00294202
393000 0.00294123
394000 0.00294022
395000 0.00293926
396000 0.00293832
397000 0.0029374
398000 0.00293652
399000 0.00293552
400000 0.00293458
401000 0.00293394
402000 0.00293318
403000 0.00293233
404000 0.00293132
405000 0.00293034
406000 0.00292946
407000 0.00292876
408000 0.00292786
409000 0.00292715
410000 0.00292635
411000 0.00292545
412000 0.00292466
413000 0.0029238
414000 0.00292282
415000 0.00292198
416000 0.00292085
417000 0.00291946
418000 0.00291774
419000 0.00291595
420000 0.00291399
421000 0.00291173
422000 0.0029095
423000 0.00290737
424000 0.00290529
425000 0.00290335
426000 0.00290138
427000 0.00289936
428000 0.00289731
429000 0.00289551
430000 0.00289353
431000 0.00289171
432000 0.00289001
433000 0.00288832
434000 0.0028866
435000 0.00288491
436000 0.00288333
437000 0.00288174
438000 0.00288033
439000 0.00287911
440000 0.0028779
441000 0.00287678
442000 0.0028756
443000 0.00287452
444000 0.0028737
445000 0.00287295
446000 0.00287234
447000 0.00287205
448000 0.00287181
449000 0.00287151
450000 0.00287105
451000 0.00287044
452000 0.00286978
453000 0.00286917
454000 0.0028684
455000 0.00286753
456000 0.00286662
457000 0.00286603
458000 0.00286538
459000 0.00286478
460000 0.0028642
461000 0.00286351
462000 0.00286298
463000 0.00286212
464000 0.00286124
465000 0.00286051
466000 0.00285993
467000 0.00285918
468000 0.00285855
469000 0.00285796
470000 0.00285745
471000 0.00285678
472000 0.00285587
473000 0.00285497
474000 0.00285409
475000 0.0028533
476000 0.00285267
477000 0.00285247
478000 0.00285222
479000 0.00285206
480000 0.00285193
481000 0.00285213
482000 0.00285234
483000 0.00285241
484000 0.00285279
485000 0.00285324
486000 0.00285382
487000 0.00285434
488000 0.0028548
489000 0.00285536
490000 0.00285562
491000 0.00285612
492000 0.0028564
493000 0.00285676
494000 0.00285746
495000 0.00285801
496000 0.00285841
497000 0.00285894
498000 0.00285936
499000 0.00285979
500000 0.00286024
