1000 0.00252018
2000 0.00255745
3000 0.00255783
4000 0.0025499
5000 0.00255586
6000 0.00256184
7000 0.00256397
8000 0.00254605
9000 0.00253365
10000 0.00253029
11000 0.00253911
12000 0.00255459
13000 0.00257769
14000 0.00259946
15000 0.00261479
16000 0.00262898
17000 0.0026408
18000 0.00265204
19000 0.0026528
20000 0.00265272
21000 0.00265474
22000 0.00265894
23000 0.00266081
24000 0.00266668
25000 0.00266909
26000 0.002677
27000 0.00268359
28000 0.00269171
29000 0.00269775
30000 0.00270508
31000 0.00270956
32000 0.0027124
33000 0.00271201
34000 0.00271473
35000 0.00271919
36000 0.0027245
37000 0.00273057
38000 0.00273438
39000 0.00274058
40000 0.00274319
41000 0.00274337
42000 0.00274379
43000 0.00274628
44000 0.00275232
45000 0.00275932
46000 0.00276778
47000 0.00277569
48000 0.00277968
49000 0.00278053
50000 0.00277947
51000 0.00277633
52000 0.00277496
53000 0.00277242
54000 0.00277085
55000 0.0027704
56000 0.00277142
57000 0.00277376
58000 0.00277668
59000 0.00278059
60000 0.00278628
61000 0.00279208
62000 0.00279784
63000 0.00280135
64000 0.00280322
65000 0.00280403
66000 0.00280032
67000 0.00279748
68000 0.0027949
69000 0.00279374
70000 0.00279362
71000 0.00279458
72000 0.00279782
73000 0.00280184
74000 0.00280699
75000 0.00281488
76000 0.00282353
77000 0.00283058
78000 0.00283714
79000 0.00284444
80000 0.00285272
81000 0.00286112
82000 0.00287091
83000 0.00287863
84000 0.00288715
85000 0.00289548
86000 0.00290283
87000 0.00291022
88000 0.00291592
89000 0.00292048
90000 0.00292224
91000 0.00292209
92000 0.00292111
93000 0.002919
94000 0.00291559
95000 0.00291201
96000 0.00290984
97000 0.00290783
98000 0.00290572
99000 0.00290364
100000 0.00290064
101000 0.00289727
102000 0.00289401
103000 0.00289131
104000 0.00289007
105000 0.00288898
106000 0.00288906
107000 0.00288806
108000 0.00288592
109000 0.00288331
110000 0.00288123
111000 0.00287976
112000 0.00287778
113000 0.00287603
114000 0.00287495
115000 0.00287333
116000 0.0028713
117000 0.00286826
118000 0.00286606
119000 0.00286374
120000 0.00286139
121000 0.0028592
122000 0.00285703
123000 0.00285513
124000 0.00285332
125000 0.00285125
126000 0.00284966
127000 0.00284761
128000 0.00284539
129000 0.0028432
130000 0.00284034
131000 0.00283609
132000 0.00283189
133000 0.00282816
134000 0.00282507
135000 0.00282221
136000 0.00281881
137000 0.00281467
138000 0.0028112
139000 0.00280775
140000 0.0028044
141000 0.00280104
142000 0.0027979
143000 0.00279468
144000 0.00279066
145000 0.00278584
146000 0.00278188
147000 0.00277903
148000 0.00277712
149000 0.00277526
150000 0.00277307
151000 0.00277165
152000 0.00277049
153000 0.00276984
154000 0.00276993
155000 0.00277017
156000 0.00277027
157000 0.00276974
158000 0.0027691
159000 0.00276884
160000 0.0027689
161000 0.00276835
162000 0.0027684
163000 0.0027683
164000 0.00276685
165000 0.00276475
166000 0.00276297
167000 0.00276149
168000 0.00276005
169000 0.00275901
170000 0.00275797
171000 0.00275685
172000 0.00275571
173000 0.00275481
174000 0.0027539
175000 0.00275337
176000 0.00275209
177000 0.00275064
178000 0.00274962
179000 0.00274861
180000 0.00274794
181000 0.00274859
182000 0.0027496
183000 0.00274984
184000 0.00275005
185000 0.00275053
186000 0.00275141
187000 0.00275184
188000 0.00275157
189000 0.00275124
190000 0.00275059
191000 0.00275004
192000 0.00274949
193000 0.00274831
194000 0.002747
195000 0.00274507
196000 0.00274342
197000 0.00274165
198000 0.00273938
199000 0.0027373
200000 0.00273568
201000 0.00273382
202000 0.00273175
203000 0.00272915
204000 0.002726
205000 0.00272228
206000 0.00271837
207000 0.00271457
208000 0.00271053
209000 0.00270671
210000 0.00270323
211000 0.00269998
212000 0.00269683
213000 0.0026943
214000 0.00269242
215000 0.00269094
216000 0.00268918
217000 0.00268738
218000 0.00268586
219000 0.00268464
220000 0.00268374
221000 0.00268291
222000 0.00268248
223000 0.00268282
224000 0.00268315
225000 0.00268327
226000 0.00268363
227000 0.00268416
228000 0.0026847
229000 0.00268508
230000 0.0026857
231000 0.002686
232000 0.00268603
233000 0.00268666
234000 0.00268805
235000 0.00268981
236000 0.00269196
237000 0.00269374
238000 0.00269563
239000 0.0026974
240000 0.00269892
241000 0.00270059
242000 0.00270271
243000 0.00270571
244000 0.00270891
245000 0.00271197
246000 0.00271448
247000 0.00271641
248000 0.00271824
249000 0.00272029
250000 0.00272234
251000 0.00272437
252000 0.00272627
253000 0.00272842
254000 0.00273091
255000 0.00273331
256000 0.00273569
257000 0.00273812
258000 0.00273982
259000 0.00274161
260000 0.00274364
261000 0.00274581
262000 0.00274853
263000 0.00275116
264000 0.00275372
265000 0.00275645
266000 0.00275874
267000 0.00276093
268000 0.00276307
269000 0.00276493
270000 0.00276643
271000 0.00276782
272000 0.00276901
273000 0.00277018
274000 0.00277124
275000 0.0027722
276000 0.00277324
277000 0.00277428
278000 0.00277513
279000 0.00277549
280000 0.00277583
281000 0.00277664
282000 0.0027778
283000 0.00277953
284000 0.00278181
285000 0.00278399
286000 0.00278629
287000 0.00278878
288000 0.00279116
289000 0.0027937
290000 0.00279641
291000 0.0027988
292000 0.00280131
293000 0.00280443
294000 0.002807
295000 0.00280904
296000 0.00281131
297000 0.00281375
298000 0.00281668
299000 0.00281987
300000 0.00282262
301000 0.00282546
302000 0.00282855
303000 0.00283115
304000 0.00283354
305000 0.00283594
306000 0.00283828
307000 0.00284054
308000 0.00284298
309000 0.0028447
310000 0.00284631
311000 0.0028481
312000 0.00284998
313000 0.00285178
314000 0.00285397
315000 0.00285652
316000 0.00285874
317000 0.00286114
318000 0.00286349
319000 0.00286537
320000 0.00286715
321000 0.00286923
322000 0.00287134
323000 0.00287345
324000 0.00287495
325000 0.00287579
326000 0.00287655
327000 0.00287749
328000 0.00287884
329000 0.00288018
330000 0.0028813
331000 0.00288208
332000 0.00288295
333000 0.0028841
334000 0.00288544
335000 0.00288696
336000 0.00288892
337000 0.00289116
338000 0.00289335
339000 0.00289518
340000 0.00289714
341000 0.00289915
342000 0.00290114
343000 0.00290299
344000 0.00290523
345000 0.00290714
346000 0.00290874
347000 0.00291034
348000 0.00291208
349000 0.0029139
350000 0.00291601
351000 0.0029184
352000 0.00292073
353000 0.00292315
354000 0.00292549
355000 0.0029278
356000 0.00293013
357000 0.00293276
358000 0.00293511
359000 0.00293734
360000 0.00293992
361000 0.00294232
362000 0.00294487
363000 0.00294752
364000 0.00295046
365000 0.00295338
366000 0.00295644
367000 0.00295968
368000 0.00296253
369000 0.00296523
370000 0.00296751
371000 0.00296927
372000 0.00297086
373000 0.00297244
374000 0.00297414
375000 0.00297586
376000 0.00297782
377000 0.0029797
378000 0.00298154
379000 0.00298331
380000 0.00298522
381000 0.00298682
382000 0.00298811
383000 0.00298912
384000 0.00299002
385000 0.00299092
386000 0.00299189
387000 0.00299298
388000 0.00299422
389000 0.00299545
390000 0.00299668
391000 0.00299744
392000 0.00299799
393000 0.00299842
394000 0.00299875
395000 0.00299915
396000 0.00299955
397000 0.00300024
398000 0.00300113
399000 0.0030019
400000 0.00300234
401000 0.00300259
402000 0.00300276
403000 0.00300302
404000 0.00300352
405000 0.00300426
406000 0.00300493
407000 0.00300576
408000 0.00300664
409000 0.0030079
410000 0.00300932
411000 0.00301085
412000 0.00301196
413000 0.00301319
414000 0.0030146
415000 0.00301587
416000 0.00301687
417000 0.00301812
418000 0.00301943
419000 0.00302091
420000 0.00302293
421000 0.00302522
422000 0.00302791
423000 0.00303037
424000 0.00303251
425000 0.0030347
426000 0.00303686
427000 0.00303891
428000 0.00304084
429000 0.00304297
430000 0.00304537
431000 0.00304791
432000 0.00305038
433000 0.00305294
434000 0.00305562
435000 0.00305823
436000 0.00306091
437000 0.00306347
438000 0.00306567
439000 0.00306781
440000 0.00307009
441000 0.00307275
442000 0.00307535
443000 0.00307796
444000 0.00308034
445000 0.00308254
446000 0.00308467
447000 0.0030868
448000 0.00308858
449000 0.00309021
450000 0.00309187
451000 0.00309342
452000 0.00309498
453000 0.00309672
454000 0.00309893
455000 0.00310118
456000 0.0031037
457000 0.00310644
458000 0.00310897
459000 0.00311129
460000 0.0031136
461000 0.0031157
462000 0.00311772
463000 0.00311938
464000 0.00312098
465000 0.00312264
466000 0.00312417
467000 0.00312533
468000 0.00312653
469000 0.00312775
470000 0.0031289
471000 0.00313008
472000 0.00313132
473000 0.00313236
474000 0.00313336
475000 0.00313445
476000 0.00313559
477000 0.00313661
478000 0.00313758
479000 0.00313873
480000 0.0031399
481000 0.00314098
482000 0.00314207
483000 0.0031432
484000 0.00314445
485000 0.00314561
486000 0.00314699
487000 0.00314825
488000 0.00314954
489000 0.00315078
490000 0.00315171
491000 0.00315237
492000 0.00315296
493000 0.00315358
494000 0.00315409
495000 0.00315464
496000 0.00315528
497000 0.00315614
498000 0.00315684
499000 0.0031578
500000 0.00315854
