1000 0.00381321
2000 0.00375722
3000 0.00370535
4000 0.00366724
5000 0.00361089
6000 0.00355756
7000 0.00352636
8000 0.00351239
9000 0.00348323
10000 0.00343092
11000 0.00338534
12000 0.00334678
13000 0.00330944
14000 0.00326994
15000 0.00322339
16000 0.0031749
17000 0.00313563
18000 0.00309452
19000 0.00305753
20000 0.00302719
21000 0.00299918
22000 0.00296839
23000 0.00294148
24000 0.00291246
25000 0.00288111
26000 0.00284945
27000 0.00281811
28000 0.00279093
29000 0.00276435
30000 0.00273944
31000 0.0027177
32000 0.00270066
33000 0.00268377
34000 0.00266775
35000 0.00265369
36000 0.00263972
37000 0.00262535
38000 0.00260929
39000 0.00259374
40000 0.00257571
41000 0.00255939
42000 0.00254425
43000 0.00252487
44000 0.00250618
45000 0.0024875
46000 0.00246977
47000 0.00245297
48000 0.00243815
49000 0.00242446
50000 0.002411
51000 0.00240027
52000 0.00239155
53000 0.00238426
54000 0.00237804
55000 0.00237246
56000 0.00236634
57000 0.00236104
58000 0.0023567
59000 0.00235603
60000 0.00235725
61000 0.00235928
62000 0.00236172
63000 0.00236391
64000 0.00236712
65000 0.00237112
66000 0.00237234
67000 0.00237136
68000 0.00237055
69000 0.00237083
70000 0.00237032
71000 0.00236998
72000 0.002369
73000 0.00236976
74000 0.00237225
75000 0.00237577
76000 0.00237796
77000 0.00237852
78000 0.00237844
79000 0.00237779
80000 0.00237668
81000 0.00237431
82000 0.00237241
83000 0.00237044
84000 0.00236765
85000 0.00236476
86000 0.00236102
87000 0.00235768
88000 0.00235436
89000 0.0023514
90000 0.00234836
91000 0.00234588
92000 0.00234504
93000 0.00234484
94000 0.00234414
95000 0.00234359
96000 0.0023429
97000 0.00234129
98000 0.00233926
99000 0.00233798
100000 0.00233729
101000 0.00233746
102000 0.00233734
103000 0.00233707
104000 0.0023376
105000 0.00233996
106000 0.00234183
107000 0.00234428
108000 0.00234658
109000 0.00234864
110000 0.00235027
111000 0.00235318
112000 0.00235668
113000 0.00236079
114000 0.00236476
115000 0.00236777
116000 0.00237093
117000 0.00237448
118000 0.0023795
119000 0.00238441
120000 0.00238978
121000 0.00239454
122000 0.00239886
123000 0.00240182
124000 0.00240555
125000 0.00240934
126000 0.00241304
127000 0.00241756
128000 0.00242282
129000 0.002428
130000 0.0024328
131000 0.00243774
132000 0.00244298
133000 0.00244858
134000 0.00245474
135000 0.00246126
136000 0.0024682
137000 0.0024754
138000 0.00248161
139000 0.00248706
140000 0.00249187
141000 0.00249777
142000 0.00250411
143000 0.00251037
144000 0.00251632
145000 0.00252269
146000 0.00252919
147000 0.00253513
148000 0.00254086
149000 0.00254521
150000 0.00254979
151000 0.00255466
152000 0.00255879
153000 0.00256282
154000 0.00256629
155000 0.0025692
156000 0.00257176
157000 0.00257411
158000 0.00257729
159000 0.00258023
160000 0.00258384
161000 0.00258693
162000 0.0025897
163000 0.00259287
164000 0.00259686
165000 0.00260087
166000 0.00260451
167000 0.00260827
168000 0.00261274
169000 0.00261637
170000 0.00261903
171000 0.00262105
172000 0.00262346
173000 0.0026253
174000 0.00262677
175000 0.00262891
176000 0.0026312
177000 0.00263334
178000 0.0026348
179000 0.00263616
180000 0.00263756
181000 0.00263813
182000 0.00263802
183000 0.00263741
184000 0.00263771
185000 0.00263895
186000 0.00264021
187000 0.00264044
188000 0.00264023
189000 0.00263991
190000 0.00263921
191000 0.00263852
192000 0.00263818
193000 0.00263885
194000 0.00264014
195000 0.0026418
196000 0.00264399
197000 0.00264652
198000 0.00264902
199000 0.00265084
200000 0.002652
201000 0.0026533
202000 0.00265468
203000 0.00265567
204000 0.00265729
205000 0.00265915
206000 0.00266123
207000 0.00266406
208000 0.0026679
209000 0.0026713
210000 0.00267356
211000 0.00267547
212000 0.00267773
213000 0.00267995
214000 0.00268208
215000 0.00268365
216000 0.0026843
217000 0.00268522
218000 0.00268634
219000 0.00268758
220000 0.00268799
221000 0.00268823
222000 0.00268799
223000 0.00268765
224000 0.00268808
225000 0.00268876
226000 0.00268883
227000 0.00268834
228000 0.00268832
229000 0.00268821
230000 0.00268757
231000 0.00268681
232000 0.00268533
233000 0.00268358
234000 0.0026812
235000 0.00267864
236000 0.00267634
237000 0.00267398
238000 0.00267151
239000 0.00266878
240000 0.00266597
241000 0.00266328
242000 0.00266064
243000 0.00265791
244000 0.0026552
245000 0.00265235
246000 0.00264996
247000 0.00264762
248000 0.00264505
249000 0.00264306
250000 0.00264113
251000 0.0026389
252000 0.00263709
253000 0.00263534
254000 0.00263346
255000 0.00263142
256000 0.00262918
257000 0.0026269
258000 0.00262481
259000 0.00262271
260000 0.00262095
261000 0.002619
262000 0.00261698
263000 0.00261492
264000 0.00261265
265000 0.00261063
266000 0.00260907
267000 0.00260762
268000 0.00260574
269000 0.00260394
270000 0.00260222
271000 0.00260036
272000 0.00259849
273000 0.00259678
274000 0.00259552
275000 0.00259465
276000 0.00259427
277000 0.00259396
278000 0.00259377
279000 0.00259357
280000 0.0025934
281000 0.00259308
282000 0.00259243
283000 0.00259171
284000 0.00259062
285000 0.00258971
286000 0.00258879
287000 0.00258806
288000 0.00258761
289000 0.00258703
290000 0.00258632
291000 0.00258569
292000 0.00258504
293000 0.00258475
294000 0.00258456
295000 0.00258394
296000 0.00258317
297000 0.00258214
298000 0.00258087
299000 0.00257999
300000 0.00257908
301000 0.00257828
302000 0.00257706
303000 0.00257611
304000 0.00257541
305000 0.00257511
306000 0.00257506
307000 0.00257518
308000 0.00257554
309000 0.00257615
310000 0.00257688
311000 0.00257691
312000 0.00257675
313000 0.00257645
314000 0.00257607
315000 0.00257584
316000 0.00257608
317000 0.00257673
318000 0.00257743
319000 0.00257815
320000 0.00257899
321000 0.00257987
322000 0.00258033
323000 0.00258055
324000 0.00258071
325000 0.00258113
326000 0.00258178
327000 0.00258275
328000 0.00258361
329000 0.00258455
330000 0.00258526
331000 0.00258584
332000 0.00258669
333000 0.0025878
334000 0.00258877
335000 0.00259003
336000 0.00259133
337000 0.00259294
338000 0.00259472
339000 0.00259621
340000 0.00259739
341000 0.00259835
342000 0.00259909
343000 0.00259968
344000 0.00260031
345000 0.00260108
346000 0.00260188
347000 0.00260278
348000 0.00260333
349000 0.002604
350000 0.00260448
351000 0.0026047
352000 0.00260459
353000 0.00260443
354000 0.00260416
355000 0.00260402
356000 0.00260356
357000 0.00260327
358000 0.002603
359000 0.00260285
360000 0.00260296
361000 0.00260323
362000 0.00260306
363000 0.00260295
364000 0.00260313
365000 0.00260328
366000 0.00260342
367000 0.00260359
368000 0.00260393
369000 0.00260462
370000 0.00260538
371000 0.00260617
372000 0.00260708
373000 0.00260821
374000 0.00260933
375000 0.00261023
376000 0.00261079
377000 0.00261138
378000 0.00261199
379000 0.0026126
380000 0.0026132
381000 0.00261345
382000 0.00261378
383000 0.00261408
384000 0.00261403
385000 0.00261373
386000 0.00261353
387000 0.00261337
388000 0.00261302
389000 0.00261247
390000 0.0026121
391000 0.00261182
392000 0.00261155
393000 0.00261112
394000 0.00261085
395000 0.00261075
396000 0.00261067
397000 0.00261072
398000 0.00261085
399000 0.00261097
400000 0.00261116
401000 0.002611
402000 0.00261068
403000 0.00261018
404000 0.00260969
405000 0.00260955
406000 0.00260983
407000 0.00261038
408000 0.00261071
409000 0.00261119
410000 0.00261151
411000 0.00261191
412000 0.00261231
413000 0.00261248
414000 0.00261278
415000 0.0026135
416000 0.00261413
417000 0.002615
418000 0.00261615
419000 0.00261736
420000 0.00261823
421000 0.00261902
422000 0.00261985
423000 0.00262062
424000 0.00262164
425000 0.00262232
426000 0.00262307
427000 0.00262383
428000 0.00262467
429000 0.00262558
430000 0.00262641
431000 0.0026276
432000 0.00262888
433000 0.00263055
434000 0.00263229
435000 0.00263384
436000 0.00263527
437000 0.00263689
438000 0.00263849
439000 0.00264039
440000 0.00264187
441000 0.00264317
442000 0.00264453
443000 0.00264533
444000 0.00264591
445000 0.00264657
446000 0.0026473
447000 0.00264805
448000 0.0026489
449000 0.0026498
450000 0.00265051
451000 0.00265139
452000 0.00265252
453000 0.00265368
454000 0.00265484
455000 0.00265635
456000 0.00265801
457000 0.00265961
458000 0.00266136
459000 0.0026635
460000 0.00266564
461000 0.00266789
462000 0.00267029
463000 0.00267224
464000 0.00267391
465000 0.00267562
466000 0.00267757
467000 0.00267933
468000 0.00268064
469000 0.00268178
470000 0.00268292
471000 0.00268413
472000 0.00268506
473000 0.00268616
474000 0.00268702
475000 0.00268761
476000 0.00268825
477000 0.0026888
478000 0.00268901
479000 0.0026896
480000 0.00269013
481000 0.00269055
482000 0.00269093
483000 0.00269149
484000 0.00269205
485000 0.00269247
486000 0.00269287
487000 0.00269324
488000 0.00269358
489000 0.00269402
490000 0.00269473
491000 0.00269538
492000 0.00269604
493000 0.00269698
494000 0.00269793
495000 0.00269917
496000 0.0027007
497000 0.00270227
498000 0.0027041
499000 0.00270616
500000 0.00270775
