1000 0.00210698
2000 0.00202862
3000 0.00203039
4000 0.00206031
5000 0.00207213
6000 0.00209304
7000 0.00209891
8000 0.00210404
9000 0.00211437
10000 0.00211097
11000 0.00210161
12000 0.00208588
13000 0.00207283
14000 0.00205934
15000 0.00204758
16000 0.00203557
17000 0.00202514
18000 0.0020185
19000 0.00201518
20000 0.00200763
21000 0.00199861
22000 0.00199165
23000 0.00198384
24000 0.00197408
25000 0.0019689
26000 0.00196492
27000 0.00196131
28000 0.00195788
29000 0.00195597
30000 0.00195789
31000 0.00196056
32000 0.00195891
33000 0.0019561
34000 0.00195602
35000 0.00195762
36000 0.00196383
37000 0.00197302
38000 0.00198392
39000 0.0019947
40000 0.00200472
41000 0.00201907
42000 0.00203762
43000 0.00205921
44000 0.00208235
45000 0.00210765
46000 0.00212938
47000 0.00215018
48000 0.00216981
49000 0.00219064
50000 0.0022101
51000 0.0022279
52000 0.00224541
53000 0.00226159
54000 0.00227614
55000 0.00229106
56000 0.00230327
57000 0.00231112
58000 0.002318
59000 0.00232427
60000 0.00233165
61000 0.00234142
62000 0.00235108
63000 0.00236092
64000 0.00237107
65000 0.00237951
66000 0.00238437
67000 0.00238819
68000 0.00239378
69000 0.00239578
70000 0.00239468
71000 0.00239407
72000 0.00239249
73000 0.00239109
74000 0.0023901
75000 0.00238834
76000 0.00238805
77000 0.00238782
78000 0.00238773
79000 0.0023877
80000 0.00238726
81000 0.00238785
82000 0.002388
83000 0.00238885
84000 0.00239029
85000 0.00239117
86000 0.00239263
87000 0.00239478
88000 0.00239558
89000 0.00239582
90000 0.00239706
91000 0.00239794
92000 0.00239933
93000 0.00240039
94000 0.00240102
95000 0.00240013
96000 0.00239941
97000 0.00239897
98000 0.00239895
99000 0.00239838
100000 0.00239789
101000 0.00239791
102000 0.0023991
103000 0.00240169
104000 0.00240342
105000 0.00240534
106000 0.00240862
107000 0.00241217
108000 0.00241586
109000 0.00241947
110000 0.00242273
111000 0.00242614
112000 0.00242841
113000 0.00243172
114000 0.00243434
115000 0.00243559
116000 0.00243669
117000 0.00243707
118000 0.0024385
119000 0.00244139
120000 0.00244516
121000 0.00244797
122000 0.00245135
123000 0.0024555
124000 0.00246135
125000 0.0024672
126000 0.00247146
127000 0.00247455
128000 0.00247716
129000 0.00247946
130000 0.00248217
131000 0.0024853
132000 0.00248884
133000 0.00249412
134000 0.00249965
135000 0.00250507
136000 0.00250871
137000 0.00251122
138000 0.00251337
139000 0.00251583
140000 0.00251912
141000 0.00252207
142000 0.00252533
143000 0.00252766
144000 0.00252948
145000 0.00253084
146000 0.00253232
147000 0.00253389
148000 0.00253526
149000 0.00253673
150000 0.00253867
151000 0.00253991
152000 0.00254001
153000 0.00253962
154000 0.00253985
155000 0.00254069
156000 0.0025426
157000 0.00254415
158000 0.00254539
159000 0.00254736
160000 0.00254972
161000 0.0025522
162000 0.00255409
163000 0.00255531
164000 0.00255689
165000 0.00255857
166000 0.00256093
167000 0.00256389
168000 0.00256715
169000 0.00257065
170000 0.00257552
171000 0.0025806
172000 0.00258574
173000 0.00259003
174000 0.00259427
175000 0.0025978
176000 0.00259973
177000 0.00260164
178000 0.00260343
179000 0.00260512
180000 0.0026069
181000 0.00260931
182000 0.00261297
183000 0.00261603
184000 0.00261858
185000 0.00262137
186000 0.00262384
187000 0.00262739
188000 0.00263134
189000 0.00263481
190000 0.00263769
191000 0.00264077
192000 0.00264382
193000 0.00264806
194000 0.00265257
195000 0.00265663
196000 0.00266034
197000 0.0026641
198000 0.00266811
199000 0.00267133
200000 0.00267436
201000 0.00267727
202000 0.0026808
203000 0.00268504
204000 0.00268946
205000 0.00269277
206000 0.00269512
207000 0.0026976
208000 0.00269962
209000 0.0027017
210000 0.00270427
211000 0.00270725
212000 0.00270992
213000 0.00271183
214000 0.00271408
215000 0.0027165
216000 0.002719
217000 0.00272142
218000 0.00272334
219000 0.00272555
220000 0.00272829
221000 0.00273064
222000 0.00273361
223000 0.00273535
224000 0.00273641
225000 0.00273619
226000 0.00273561
227000 0.00273478
228000 0.00273435
229000 0.00273337
230000 0.0027324
231000 0.00273165
232000 0.00273204
233000 0.00273329
234000 0.00273428
235000 0.00273505
236000 0.00273511
237000 0.0027349
238000 0.00273456
239000 0.0027341
240000 0.00273302
241000 0.00273207
242000 0.00273059
243000 0.00272896
244000 0.00272758
245000 0.0027264
246000 0.00272545
247000 0.00272456
248000 0.00272356
249000 0.00272269
250000 0.00272144
251000 0.0027201
252000 0.0027187
253000 0.00271747
254000 0.00271594
255000 0.00271445
256000 0.00271253
257000 0.00271032
258000 0.00270755
259000 0.00270464
260000 0.00270158
261000 0.00269848
262000 0.00269548
263000 0.00269301
264000 0.00269065
265000 0.00268824
266000 0.00268557
267000 0.00268287
268000 0.00268017
269000 0.00267742
270000 0.00267447
271000 0.00267184
272000 0.00266924
273000 0.00266643
274000 0.00266354
275000 0.0026608
276000 0.00265816
277000 0.00265562
278000 0.00265337
279000 0.00265135
280000 0.00264957
281000 0.00264788
282000 0.00264608
283000 0.0026443
284000 0.00264288
285000 0.00264148
286000 0.00263995
287000 0.00263887
288000 0.00263804
289000 0.00263705
290000 0.00263599
291000 0.0026348
292000 0.00263373
293000 0.00263293
294000 0.0026326
295000 0.00263301
296000 0.00263355
297000 0.00263409
298000 0.00263433
299000 0.00263466
300000 0.00263481
301000 0.00263536
302000 0.0026359
303000 0.00263679
304000 0.00263783
305000 0.00263884
306000 0.00264015
307000 0.0026413
308000 0.00264207
309000 0.00264289
310000 0.00264374
311000 0.00264471
312000 0.00264568
313000 0.0026466
314000 0.00264798
315000 0.00264964
316000 0.00265096
317000 0.00265269
318000 0.00265437
319000 0.00265581
320000 0.00265716
321000 0.00265912
322000 0.00266093
323000 0.00266266
324000 0.00266409
325000 0.00266525
326000 0.00266632
327000 0.00266698
328000 0.00266739
329000 0.00266784
330000 0.00266808
331000 0.00266876
332000 0.00266951
333000 0.00267003
334000 0.0026713
335000 0.00267291
336000 0.00267445
337000 0.00267587
338000 0.00267721
339000 0.00267881
340000 0.0026811
341000 0.00268324
342000 0.00268473
343000 0.00268632
344000 0.00268839
345000 0.00269058
346000 0.00269269
347000 0.00269454
348000 0.0026967
349000 0.00269922
350000 0.00270225
351000 0.00270543
352000 0.0027088
353000 0.00271285
354000 0.00271663
355000 0.00272046
356000 0.00272393
357000 0.00272671
358000 0.00272938
359000 0.00273182
360000 0.00273444
361000 0.00273669
362000 0.00273915
363000 0.00274198
364000 0.0027449
365000 0.00274736
366000 0.00275002
367000 0.00275314
368000 0.00275638
369000 0.00275984
370000 0.00276332
371000 0.00276696
372000 0.00277073
373000 0.00277463
374000 0.00277838
375000 0.00278169
376000 0.00278492
377000 0.00278792
378000 0.00279123
379000 0.00279488
380000 0.00279877
381000 0.00280263
382000 0.00280609
383000 0.0028089
384000 0.00281121
385000 0.00281339
386000 0.00281507
387000 0.00281727
388000 0.00281955
389000 0.00282182
390000 0.00282402
391000 0.00282636
392000 0.00282882
393000 0.00283167
394000 0.00283485
395000 0.00283794
396000 0.00284154
397000 0.00284516
398000 0.00284909
399000 0.00285372
400000 0.0028586
401000 0.00286356
402000 0.00286798
403000 0.00287221
404000 0.00287667
405000 0.00288131
406000 0.00288598
407000 0.00289049
408000 0.00289516
409000 0.00290012
410000 0.00290572
411000 0.00291132
412000 0.0029169
413000 0.00292256
414000 0.00292822
415000 0.00293347
416000 0.0029385
417000 0.0029434
418000 0.00294781
419000 0.00295192
420000 0.00295545
421000 0.00295933
422000 0.00296315
423000 0.00296733
424000 0.00297157
425000 0.00297579
426000 0.00298001
427000 0.00298413
428000 0.00298751
429000 0.00299088
430000 0.00299409
431000 0.00299714
432000 0.00300013
433000 0.00300331
434000 0.00300668
435000 0.00301015
436000 0.00301366
437000 0.00301739
438000 0.00302122
439000 0.00302501
440000 0.00302819
441000 0.00303117
442000 0.00303366
443000 0.00303631
444000 0.00303896
445000 0.0030419
446000 0.00304446
447000 0.00304699
448000 0.00304941
449000 0.0030515
450000 0.00305323
451000 0.00305471
452000 0.00305641
453000 0.00305806
454000 0.00305954
455000 0.00306103
456000 0.00306261
457000 0.00306441
458000 0.00306618
459000 0.00306796
460000 0.00306983
461000 0.00307193
462000 0.00307432
463000 0.00307674
464000 0.00307873
465000 0.00308041
466000 0.00308214
467000 0.00308393
468000 0.00308546
469000 0.00308683
470000 0.0030885
471000 0.00309009
472000 0.0030917
473000 0.0030932
474000 0.00309435
475000 0.00309531
476000 0.00309656
477000 0.00309767
478000 0.0030991
479000 0.00310063
480000 0.0031021
481000 0.00310383
482000 0.0031059
483000 0.00310793
484000 0.00310982
485000 0.00311124
486000 0.00311263
487000 0.0031138
488000 0.0031148
489000 0.00311567
490000 0.00311653
491000 0.00311716
492000 0.00311733
493000 0.00311739
494000 0.00311708
495000 0.00311657
496000 0.00311597
497000 0.00311513
498000 0.003114
499000 0.00311281
500000 0.00311152
