1000 0.00314028
2000 0.00311793
3000 0.00309927
4000 0.0030822
5000 0.00309644
6000 0.00310826
7000 0.00309269
8000 0.00308305
9000 0.00307614
10000 0.00307833
11000 0.00307426
12000 0.00306783
13000 0.00306984
14000 0.00308548
15000 0.00310933
16000 0.00312622
17000 0.00314232
18000 0.00315834
19000 0.00317851
20000 0.00319882
21000 0.00321645
22000 0.00322708
23000 0.00323764
24000 0.0032495
25000 0.00325802
26000 0.00326661
27000 0.00327054
28000 0.00326562
29000 0.00325851
30000 0.00325402
31000 0.00325146
32000 0.00324832
33000 0.00324622
34000 0.00324635
35000 0.00325163
36000 0.00325873
37000 0.00326818
38000 0.00327818
39000 0.00329042
40000 0.00330539
41000 0.00331994
42000 0.00332975
43000 0.00333622
44000 0.00334649
45000 0.00335317
46000 0.00335857
47000 0.00336605
48000 0.00337347
49000 0.00338175
50000 0.00338759
51000 0.00339092
52000 0.00339119
53000 0.0033907
54000 0.00339185
55000 0.00339324
56000 0.0033966
57000 0.003398
58000 0.00340045
59000 0.00340499
60000 0.00341009
61000 0.00341606
62000 0.00342326
63000 0.0034292
64000 0.00343317
65000 0.00343606
66000 0.00343695
67000 0.00343821
68000 0.0034401
69000 0.00344119
70000 0.00344007
71000 0.00343943
72000 0.00343941
73000 0.00344169
74000 0.00344434
75000 0.00344849
76000 0.00345272
77000 0.00345715
78000 0.00346081
79000 0.00346474
80000 0.00346964
81000 0.00347456
82000 0.00347983
83000 0.00348453
84000 0.00348925
85000 0.00349395
86000 0.0034969
87000 0.00349999
88000 0.00350353
89000 0.00350662
90000 0.00351029
91000 0.00351278
92000 0.00351347
93000 0.00351411
94000 0.00351569
95000 0.00351837
96000 0.00352087
97000 0.0035244
98000 0.00353006
99000 0.00353668
100000 0.00354288
101000 0.00354764
102000 0.0035507
103000 0.00355231
104000 0.00355235
105000 0.00355484
106000 0.00355844
107000 0.00356267
108000 0.00356624
109000 0.00356878
110000 0.0035708
111000 0.00357129
112000 0.00357034
113000 0.00356966
114000 0.0035679
115000 0.00356796
116000 0.00356847
117000 0.0035679
118000 0.00356765
119000 0.0035676
120000 0.00356706
121000 0.00356655
122000 0.00356705
123000 0.00356574
124000 0.00356542
125000 0.00356575
126000 0.00356714
127000 0.00356774
128000 0.00356821
129000 0.0035691
130000 0.00357107
131000 0.00357234
132000 0.00357358
133000 0.00357417
134000 0.00357409
135000 0.00357492
136000 0.00357491
137000 0.00357331
138000 0.0035713
139000 0.00356913
140000 0.00356592
141000 0.00356294
142000 0.00355965
143000 0.00355537
144000 0.00355136
145000 0.00354757
146000 0.00354377
147000 0.00353941
148000 0.00353445
149000 0.00352863
150000 0.00352314
151000 0.00351898
152000 0.00351552
153000 0.00351175
154000 0.00350816
155000 0.00350472
156000 0.00350108
157000 0.00349675
158000 0.00349302
159000 0.00348952
160000 0.0034855
161000 0.00348052
162000 0.00347618
163000 0.00347169
164000 0.00346696
165000 0.0034626
166000 0.0034592
167000 0.00345688
168000 0.00345497
169000 0.00345303
170000 0.00345062
171000 0.00344814
172000 0.00344727
173000 0.00344683
174000 0.00344663
175000 0.00344573
176000 0.00344495
177000 0.00344454
178000 0.00344454
179000 0.00344442
180000 0.00344428
181000 0.00344342
182000 0.00344229
183000 0.00344069
184000 0.00343874
185000 0.00343647
186000 0.00343329
187000 0.0034295
188000 0.00342545
189000 0.00342135
190000 0.00341732
191000 0.00341315
192000 0.00340893
193000 0.00340517
194000 0.00340168
195000 0.00339834
196000 0.00339499
197000 0.00339171
198000 0.00338794
199000 0.00338415
200000 0.00338033
201000 0.00337524
202000 0.00336928
203000 0.00336354
204000 0.00335763
205000 0.00335255
206000 0.00334757
207000 0.00334299
208000 0.00333875
209000 0.0033343
210000 0.00332984
211000 0.00332574
212000 0.00332176
213000 0.00331849
214000 0.0033157
215000 0.00331346
216000 0.00331089
217000 0.00330795
218000 0.00330506
219000 0.003302
220000 0.00329886
221000 0.00329518
222000 0.00329185
223000 0.00328927
224000 0.00328702
225000 0.00328433
226000 0.00328107
227000 0.0032774
228000 0.00327408
229000 0.00327115
230000 0.00326848
231000 0.00326626
232000 0.00326473
233000 0.00326378
234000 0.00326375
235000 0.00326317
236000 0.00326255
237000 0.00326266
238000 0.00326294
239000 0.00326398
240000 0.00326513
241000 0.00326679
242000 0.00326784
243000 0.00326919
244000 0.00327084
245000 0.00327247
246000 0.00327388
247000 0.00327555
248000 0.0032781
249000 0.00328115
250000 0.00328414
251000 0.00328617
252000 0.00328801
253000 0.0032902
254000 0.00329218
255000 0.00329362
256000 0.00329434
257000 0.00329439
258000 0.00329373
259000 0.00329312
260000 0.0032928
261000 0.00329306
262000 0.00329363
263000 0.00329457
264000 0.00329601
265000 0.0032968
266000 0.00329778
267000 0.00329841
268000 0.00329957
269000 0.00330091
270000 0.00330143
271000 0.00330111
272000 0.00330131
273000 0.00330205
274000 0.00330264
275000 0.00330331
276000 0.00330401
277000 0.00330487
278000 0.00330582
279000 0.00330691
280000 0.00330792
281000 0.0033086
282000 0.00330915
283000 0.00330963
284000 0.00331
285000 0.00330995
286000 0.00330999
287000 0.00331011
288000 0.00331038
289000 0.00331019
290000 0.00331036
291000 0.00331025
292000 0.00331038
293000 0.00331131
294000 0.00331201
295000 0.00331222
296000 0.0033121
297000 0.00331212
298000 0.00331191
299000 0.0033116
300000 0.00331103
301000 0.00330984
302000 0.00330823
303000 0.00330668
304000 0.00330504
305000 0.00330323
306000 0.00330121
307000 0.0032992
308000 0.00329754
309000 0.00329622
310000 0.00329466
311000 0.0032927
312000 0.00329082
313000 0.00328923
314000 0.00328764
315000 0.00328632
316000 0.00328509
317000 0.00328389
318000 0.00328299
319000 0.00328264
320000 0.00328274
321000 0.00328336
322000 0.00328404
323000 0.00328475
324000 0.00328556
325000 0.00328655
326000 0.00328742
327000 0.00328869
328000 0.00328974
329000 0.00329093
330000 0.00329223
331000 0.00329293
332000 0.00329358
333000 0.00329419
334000 0.00329465
335000 0.00329515
336000 0.00329561
337000 0.00329574
338000 0.00329584
339000 0.00329584
340000 0.00329582
341000 0.00329596
342000 0.00329609
343000 0.00329638
344000 0.00329677
345000 0.00329708
346000 0.00329714
347000 0.00329711
348000 0.00329673
349000 0.00329669
350000 0.00329632
351000 0.00329602
352000 0.00329557
353000 0.00329493
354000 0.00329446
355000 0.0032933
356000 0.00329212
357000 0.00329107
358000 0.00328986
359000 0.00328873
360000 0.0032877
361000 0.00328684
362000 0.00328591
363000 0.00328527
364000 0.00328462
365000 0.00328418
366000 0.00328397
367000 0.00328425
368000 0.00328497
369000 0.00328569
370000 0.00328657
371000 0.00328748
372000 0.00328866
373000 0.00328973
374000 0.00329084
375000 0.00329144
376000 0.00329196
377000 0.0032925
378000 0.003293
379000 0.00329351
380000 0.00329409
381000 0.00329512
382000 0.00329609
383000 0.00329701
384000 0.00329791
385000 0.00329856
386000 0.0032994
387000 0.00329998
388000 0.00330046
389000 0.00330084
390000 0.00330132
391000 0.00330191
392000 0.00330277
393000 0.00330358
394000 0.00330467
395000 0.00330601
396000 0.0033076
397000 0.00330887
398000 0.00330965
399000 0.00331017
400000 0.00331028
401000 0.00331053
402000 0.00331072
403000 0.00331089
404000 0.00331079
405000 0.00331042
406000 0.0033099
407000 0.00330952
408000 0.00330935
409000 0.00330929
410000 0.00330952
411000 0.00330999
412000 0.00331061
413000 0.00331137
414000 0.00331272
415000 0.00331409
416000 0.00331502
417000 0.00331573
418000 0.00331625
419000 0.00331679
420000 0.00331706
421000 0.00331705
422000 0.00331689
423000 0.00331682
424000 0.00331676
425000 0.00331672
426000 0.00331662
427000 0.0033169
428000 0.00331707
429000 0.00331697
430000 0.00331677
431000 0.00331669
432000 0.00331672
433000 0.00331683
434000 0.00331696
435000 0.00331703
436000 0.00331707
437000 0.00331719
438000 0.00331748
439000 0.00331764
440000 0.00331808
441000 0.00331852
442000 0.00331901
443000 0.00331927
444000 0.00331895
445000 0.00331854
446000 0.00331817
447000 0.00331778
448000 0.00331756
449000 0.00331719
450000 0.00331676
451000 0.00331637
452000 0.00331595
453000 0.00331559
454000 0.00331529
455000 0.00331484
456000 0.00331442
457000 0.00331398
458000 0.00331355
459000 0.00331313
460000 0.00331283
461000 0.00331261
462000 0.0033127
463000 0.00331303
464000 0.00331317
465000 0.00331344
466000 0.00331378
467000 0.00331407
468000 0.00331414
469000 0.00331398
470000 0.00331376
471000 0.0033136
472000 0.00331346
473000 0.00331336
474000 0.00331336
475000 0.00331325
476000 0.00331308
477000 0.00331286
478000 0.00331271
479000 0.00331285
480000 0.00331285
481000 0.00331289
482000 0.0033129
483000 0.00331312
484000 0.00331326
485000 0.00331356
486000 0.00331394
487000 0.00331426
488000 0.00331434
489000 0.00331447
490000 0.00331441
491000 0.00331428
492000 0.00331427
493000 0.0033142
494000 0.00331388
495000 0.00331336
496000 0.00331259
497000 0.00331154
498000 0.00331055
499000 0.00330955
500000 0.00330819
