1000 0.00251244
2000 0.00247739
3000 0.00247188
4000 0.00245929
5000 0.00245407
6000 0.00245585
7000 0.00244148
8000 0.00243293
9000 0.00244538
10000 0.00246004
11000 0.00247402
12000 0.00247517
13000 0.00247231
14000 0.00247673
15000 0.00248504
16000 0.0024926
17000 0.00249578
18000 0.00249831
19000 0.00250169
20000 0.00250868
21000 0.00251788
22000 0.00253233
23000 0.00254897
24000 0.00256547
25000 0.00257797
26000 0.00258779
27000 0.00260408
28000 0.00262104
29000 0.00263814
30000 0.00264736
31000 0.00265066
32000 0.0026551
33000 0.00266581
34000 0.00267855
35000 0.00268985
36000 0.00270068
37000 0.00271308
38000 0.00272437
39000 0.00273503
40000 0.00274551
41000 0.00275601
42000 0.00276595
43000 0.00277685
44000 0.00279248
45000 0.00280999
46000 0.00282703
47000 0.00284222
48000 0.00285529
49000 0.00286745
50000 0.00287679
51000 0.00288597
52000 0.00289097
53000 0.0028972
54000 0.00290235
55000 0.00291021
56000 0.00292085
57000 0.00292962
58000 0.00293691
59000 0.00294518
60000 0.00295556
61000 0.00296408
62000 0.00297025
63000 0.00297687
64000 0.00298338
65000 0.00299084
66000 0.00299679
67000 0.00300032
68000 0.00300323
69000 0.00300713
70000 0.00301193
71000 0.00301765
72000 0.00302174
73000 0.00302594
74000 0.00303343
75000 0.00304149
76000 0.00304839
77000 0.0030545
78000 0.00306109
79000 0.00306842
80000 0.00307406
81000 0.00307972
82000 0.0030855
83000 0.00308978
84000 0.0030914
85000 0.00309152
86000 0.00309174
87000 0.00309272
88000 0.00309305
89000 0.00309243
90000 0.00309172
91000 0.00309114
92000 0.00309166
93000 0.00309226
94000 0.00309282
95000 0.0030926
96000 0.00309334
97000 0.0030942
98000 0.00309513
99000 0.00309746
100000 0.0031004
101000 0.00310184
102000 0.00310174
103000 0.00310165
104000 0.0031009
105000 0.00309991
106000 0.00309944
107000 0.00309942
108000 0.00309934
109000 0.0031
110000 0.00310189
111000 0.00310381
112000 0.00310654
113000 0.00310943
114000 0.00311233
115000 0.00311547
116000 0.00311816
117000 0.0031215
118000 0.00312669
119000 0.00313307
120000 0.00314034
121000 0.00314887
122000 0.00315778
123000 0.00316624
124000 0.00317556
125000 0.0031853
126000 0.00319663
127000 0.00320939
128000 0.00322011
129000 0.00323012
130000 0.0032391
131000 0.00325
132000 0.00326116
133000 0.00327125
134000 0.00328005
135000 0.00328762
136000 0.00329529
137000 0.00330423
138000 0.00331349
139000 0.00332222
140000 0.00333096
141000 0.00333925
142000 0.00334897
143000 0.00335919
144000 0.00336799
145000 0.00337513
146000 0.00338287
147000 0.00339053
148000 0.00339771
149000 0.0034049
150000 0.00341346
151000 0.00342136
152000 0.00342814
153000 0.00343491
154000 0.00344118
155000 0.00344712
156000 0.00345309
157000 0.00345848
158000 0.0034644
159000 0.00347043
160000 0.00347532
161000 0.00347983
162000 0.00348407
163000 0.00348736
164000 0.00348908
165000 0.00349069
166000 0.00349272
167000 0.00349505
168000 0.00349787
169000 0.00349982
170000 0.00350163
171000 0.00350229
172000 0.00350192
173000 0.0035016
174000 0.00350139
175000 0.00350104
176000 0.00350111
177000 0.00350091
178000 0.00349995
179000 0.00349878
180000 0.00349764
181000 0.00349684
182000 0.00349623
183000 0.00349592
184000 0.00349558
185000 0.00349507
186000 0.00349499
187000 0.00349508
188000 0.00349419
189000 0.00349341
190000 0.00349289
191000 0.00349231
192000 0.00349188
193000 0.00349179
194000 0.00349165
195000 0.00349181
196000 0.00349195
197000 0.00349309
198000 0.00349553
199000 0.00349798
200000 0.00350051
201000 0.00350303
202000 0.00350563
203000 0.00350818
204000 0.00351057
205000 0.00351264
206000 0.00351499
207000 0.00351693
208000 0.00351858
209000 0.00352009
210000 0.00352115
211000 0.00352256
212000 0.00352289
213000 0.00352283
214000 0.00352232
215000 0.00352167
216000 0.00352045
217000 0.00351887
218000 0.00351683
219000 0.00351523
220000 0.00351348
221000 0.00351157
222000 0.00350983
223000 0.00350787
224000 0.00350625
225000 0.00350484
226000 0.00350317
227000 0.00350202
228000 0.00350124
229000 0.00350092
230000 0.00350112
231000 0.00350161
232000 0.00350153
233000 0.00350124
234000 0.00350094
235000 0.00350048
236000 0.00349983
237000 0.00349885
238000 0.00349791
239000 0.00349675
240000 0.00349569
241000 0.00349457
242000 0.00349337
243000 0.00349217
244000 0.00349078
245000 0.00348882
246000 0.00348678
247000 0.00348524
248000 0.00348325
249000 0.003481
250000 0.00347874
251000 0.00347666
252000 0.00347454
253000 0.00347289
254000 0.00347197
255000 0.00347114
256000 0.00347045
257000 0.00346991
258000 0.00346966
259000 0.0034699
260000 0.00347023
261000 0.00347031
262000 0.00347056
263000 0.00347022
264000 0.00346994
265000 0.00346917
266000 0.00346842
267000 0.00346819
268000 0.0034677
269000 0.00346748
270000 0.00346723
271000 0.00346722
272000 0.00346775
273000 0.00346898
274000 0.00347095
275000 0.00347313
276000 0.00347498
277000 0.00347676
278000 0.00347836
279000 0.00347992
280000 0.00348127
281000 0.00348243
282000 0.00348387
283000 0.00348514
284000 0.00348703
285000 0.00348978
286000 0.00349308
287000 0.00349702
288000 0.00350072
289000 0.00350425
290000 0.00350704
291000 0.00350994
292000 0.00351294
293000 0.00351552
294000 0.0035177
295000 0.0035196
296000 0.0035213
297000 0.00352298
298000 0.00352466
299000 0.0035263
300000 0.00352746
301000 0.00352842
302000 0.00352913
303000 0.00352954
304000 0.00352957
305000 0.00352976
306000 0.0035303
307000 0.00353137
308000 0.00353232
309000 0.00353316
310000 0.00353397
311000 0.0035352
312000 0.00353631
313000 0.00353739
314000 0.00353829
315000 0.00353856
316000 0.0035394
317000 0.00354094
318000 0.00354298
319000 0.0035448
320000 0.00354627
321000 0.00354806
322000 0.00354964
323000 0.0035516
324000 0.00355325
325000 0.00355538
326000 0.00355759
327000 0.00355948
328000 0.00356097
329000 0.0035624
330000 0.00356385
331000 0.00356515
332000 0.00356639
333000 0.0035677
334000 0.00356899
335000 0.00357021
336000 0.0035717
337000 0.00357309
338000 0.00357429
339000 0.00357498
340000 0.00357576
341000 0.00357687
342000 0.00357802
343000 0.00357908
344000 0.00358022
345000 0.00358153
346000 0.00358329
347000 0.00358536
348000 0.00358768
349000 0.00359041
350000 0.00359315
351000 0.00359539
352000 0.00359734
353000 0.00359954
354000 0.00360138
355000 0.00360228
356000 0.00360351
357000 0.00360508
358000 0.00360704
359000 0.00360936
360000 0.0036121
361000 0.00361476
362000 0.00361695
363000 0.00361874
364000 0.00362047
365000 0.00362236
366000 0.00362387
367000 0.00362487
368000 0.00362612
369000 0.00362777
370000 0.00362937
371000 0.00363058
372000 0.00363165
373000 0.00363232
374000 0.00363273
375000 0.00363317
376000 0.0036337
377000 0.00363425
378000 0.00363449
379000 0.00363546
380000 0.00363683
381000 0.00363845
382000 0.00364021
383000 0.00364145
384000 0.00364245
385000 0.00364349
386000 0.00364441
387000 0.00364512
388000 0.00364547
389000 0.00364538
390000 0.00364524
391000 0.00364495
392000 0.00364468
393000 0.00364432
394000 0.00364391
395000 0.00364351
396000 0.00364321
397000 0.00364332
398000 0.0036431
399000 0.00364338
400000 0.00364381
401000 0.00364419
402000 0.00364401
403000 0.00364362
404000 0.00364382
405000 0.00364414
406000 0.00364474
407000 0.0036454
408000 0.00364589
409000 0.00364654
410000 0.0036475
411000 0.00364815
412000 0.00364881
413000 0.00364943
414000 0.00365002
415000 0.00365048
416000 0.00365101
417000 0.00365172
418000 0.00365288
419000 0.00365379
420000 0.00365417
421000 0.00365476
422000 0.00365557
423000 0.00365627
424000 0.00365653
425000 0.00365628
426000 0.00365614
427000 0.00365561
428000 0.00365518
429000 0.00365473
430000 0.00365362
431000 0.00365264
432000 0.00365179
433000 0.00365106
434000 0.00365029
435000 0.00364915
436000 0.00364809
437000 0.00364693
438000 0.00364615
439000 0.00364563
440000 0.00364499
441000 0.00364466
442000 0.00364424
443000 0.00364366
444000 0.00364313
445000 0.00364251
446000 0.00364188
447000 0.00364149
448000 0.00364062
449000 0.00364003
450000 0.00363957
451000 0.00363878
452000 0.00363806
453000 0.0036372
454000 0.00363613
455000 0.00363509
456000 0.00363404
457000 0.00363318
458000 0.00363187
459000 0.00363028
460000 0.00362853
461000 0.0036266
462000 0.00362473
463000 0.003623
464000 0.00362151
465000 0.0036201
466000 0.00361847
467000 0.00361691
468000 0.00361523
469000 0.00361364
470000 0.00361193
471000 0.00361044
472000 0.00360915
473000 0.00360785
474000 0.00360646
475000 0.0036051
476000 0.00360383
477000 0.00360265
478000 0.00360137
479000 0.00360019
480000 0.00359902
481000 0.00359772
482000 0.00359641
483000 0.00359494
484000 0.00359341
485000 0.00359177
486000 0.00359005
487000 0.00358863
488000 0.00358746
489000 0.00358609
490000 0.0035846
491000 0.00358308
492000 0.0035816
493000 0.00358002
494000 0.00357835
495000 0.00357673
496000 0.00357526
497000 0.00357392
498000 0.00357284
499000 0.00357148
500000 0.00357034
