1000 0.00357455
2000 0.00357277
3000 0.00359694
4000 0.00365998
5000 0.00372109
6000 0.00374622
7000 0.003729
8000 0.00370506
9000 0.0036885
10000 0.00367642
11000 0.0036718
12000 0.00367355
13000 0.00368058
14000 0.00368758
15000 0.00369485
16000 0.00369069
17000 0.00368552
18000 0.00367903
19000 0.00367471
20000 0.00366726
21000 0.00366402
22000 0.00366273
23000 0.00367096
24000 0.00368536
25000 0.00370537
26000 0.00373184
27000 0.00376402
28000 0.00380159
29000 0.00383375
30000 0.00385979
31000 0.0038802
32000 0.0038978
33000 0.0039202
34000 0.00394121
35000 0.00396124
36000 0.00397469
37000 0.00398474
38000 0.00399119
39000 0.00399578
40000 0.00399915
41000 0.00400371
42000 0.0040091
43000 0.00401475
44000 0.00401753
45000 0.00401724
46000 0.00401526
47000 0.00401478
48000 0.00401039
49000 0.00400455
50000 0.00400209
51000 0.00400192
52000 0.00400247
53000 0.00400371
54000 0.00400382
55000 0.00400394
56000 0.00400401
57000 0.00400723
58000 0.00401389
59000 0.00402102
60000 0.0040268
61000 0.00403069
62000 0.00403424
63000 0.0040399
64000 0.00404404
65000 0.00404508
66000 0.00404495
67000 0.00404348
68000 0.00404039
69000 0.00403782
70000 0.00403365
71000 0.00403045
72000 0.0040259
73000 0.0040215
74000 0.0040183
75000 0.00401502
76000 0.00401213
77000 0.00400681
78000 0.00400213
79000 0.00399616
80000 0.00398876
81000 0.00398075
82000 0.00397408
83000 0.0039661
84000 0.00395886
85000 0.00395324
86000 0.00394633
87000 0.00393807
88000 0.00392909
89000 0.00391958
90000 0.00391143
91000 0.00390286
92000 0.00389367
93000 0.00388669
94000 0.00388016
95000 0.00387433
96000 0.0038689
97000 0.00386538
98000 0.00386276
99000 0.00385837
100000 0.00385297
101000 0.00384567
102000 0.00383782
103000 0.00382855
104000 0.00381764
105000 0.00380606
106000 0.00379492
107000 0.00378403
108000 0.00377323
109000 0.00376304
110000 0.00375465
111000 0.00374699
112000 0.0037392
113000 0.00373081
114000 0.00372345
115000 0.0037164
116000 0.00370881
117000 0.00370102
118000 0.00369338
119000 0.00368616
120000 0.00367949
121000 0.00367305
122000 0.00366614
123000 0.00366027
124000 0.00365432
125000 0.00364865
126000 0.00364342
127000 0.00363779
128000 0.00363085
129000 0.00362349
130000 0.00361651
131000 0.00360981
132000 0.00360331
133000 0.0035967
134000 0.00358988
135000 0.00358363
136000 0.00357833
137000 0.00357358
138000 0.00356869
139000 0.00356343
140000 0.0035573
141000 0.00355105
142000 0.00354533
143000 0.00354007
144000 0.00353549
145000 0.00353177
146000 0.00352727
147000 0.00352245
148000 0.00351669
149000 0.00351033
150000 0.00350375
151000 0.0034973
152000 0.00349086
153000 0.00348432
154000 0.00347769
155000 0.00347069
156000 0.00346336
157000 0.00345572
158000 0.00344847
159000 0.00344155
160000 0.00343488
161000 0.00342808
162000 0.00342172
163000 0.00341546
164000 0.00340927
165000 0.0034034
166000 0.00339773
167000 0.00339281
168000 0.00338786
169000 0.00338373
170000 0.00338008
171000 0.00337646
172000 0.00337263
173000 0.00336834
174000 0.00336379
175000 0.00335902
176000 0.00335527
177000 0.00335115
178000 0.00334716
179000 0.00334271
180000 0.00333847
181000 0.00333484
182000 0.00333089
183000 0.00332651
184000 0.00332241
185000 0.00331804
186000 0.00331351
187000 0.00330841
188000 0.00330341
189000 0.00329874
190000 0.00329437
191000 0.00328937
192000 0.00328405
193000 0.00327926
194000 0.00327479
195000 0.00327051
196000 0.00326645
197000 0.0032625
198000 0.00325928
199000 0.0032567
200000 0.00325467
201000 0.00325312
202000 0.00325228
203000 0.00325166
204000 0.00325102
205000 0.00325045
206000 0.00325029
207000 0.0032509
208000 0.00325177
209000 0.00325235
210000 0.00325253
211000 0.00325216
212000 0.00325194
213000 0.00325174
214000 0.00325179
215000 0.00325196
216000 0.0032521
217000 0.00325204
218000 0.00325202
219000 0.0032524
220000 0.00325249
221000 0.0032523
222000 0.00325197
223000 0.00325174
224000 0.00325116
225000 0.00325101
226000 0.00325143
227000 0.00325159
228000 0.003252
229000 0.00325213
230000 0.00325238
231000 0.00325232
232000 0.00325255
233000 0.00325226
234000 0.0032512
235000 0.00324963
236000 0.00324767
237000 0.0032456
238000 0.00324351
239000 0.00324187
240000 0.0032405
241000 0.00323933
242000 0.00323845
243000 0.00323777
244000 0.0032376
245000 0.00323759
246000 0.00323777
247000 0.00323753
248000 0.00323768
249000 0.0032382
250000 0.00323937
251000 0.00324044
252000 0.00324204
253000 0.00324356
254000 0.0032447
255000 0.00324639
256000 0.00324782
257000 0.0032494
258000 0.00325084
259000 0.00325232
260000 0.00325374
261000 0.00325487
262000 0.0032558
263000 0.00325713
264000 0.00325883
265000 0.00326031
266000 0.00326195
267000 0.00326363
268000 0.0032655
269000 0.00326764
270000 0.00327005
271000 0.00327175
272000 0.00327376
273000 0.0032756
274000 0.00327758
275000 0.0032794
276000 0.00328121
277000 0.00328301
278000 0.00328468
279000 0.00328639
280000 0.0032883
281000 0.00329147
282000 0.00329481
283000 0.00329786
284000 0.00330134
285000 0.00330464
286000 0.00330788
287000 0.00331115
288000 0.0033138
289000 0.00331689
290000 0.00332016
291000 0.00332342
292000 0.00332721
293000 0.00333159
294000 0.00333564
295000 0.00333968
296000 0.00334368
297000 0.00334729
298000 0.003351
299000 0.00335448
300000 0.00335725
301000 0.00335911
302000 0.00336104
303000 0.00336288
304000 0.00336405
305000 0.003365
306000 0.00336588
307000 0.00336688
308000 0.00336782
309000 0.00336872
310000 0.00336973
311000 0.00337105
312000 0.00337239
313000 0.00337364
314000 0.00337484
315000 0.00337584
316000 0.00337598
317000 0.00337591
318000 0.00337608
319000 0.00337595
320000 0.00337601
321000 0.00337587
322000 0.00337561
323000 0.00337542
324000 0.00337509
325000 0.00337437
326000 0.00337335
327000 0.00337208
328000 0.00337078
329000 0.00336954
330000 0.00336843
331000 0.00336757
332000 0.00336667
333000 0.00336514
334000 0.00336401
335000 0.00336349
336000 0.00336279
337000 0.00336182
338000 0.0033608
339000 0.00335994
340000 0.00335937
341000 0.00335869
342000 0.00335775
343000 0.00335692
344000 0.00335612
345000 0.0033553
346000 0.0033541
347000 0.00335275
348000 0.00335163
349000 0.00335044
350000 0.00334978
351000 0.00334928
352000 0.00334862
353000 0.00334792
354000 0.00334714
355000 0.00334683
356000 0.00334682
357000 0.00334637
358000 0.00334601
359000 0.00334578
360000 0.00334522
361000 0.00334445
362000 0.0033438
363000 0.00334324
364000 0.0033425
365000 0.00334168
366000 0.00334077
367000 0.00333969
368000 0.00333878
369000 0.00333815
370000 0.00333776
371000 0.00333742
372000 0.00333721
373000 0.00333737
374000 0.00333776
375000 0.00333851
376000 0.00333955
377000 0.00334034
378000 0.00334122
379000 0.00334208
380000 0.00334269
381000 0.00334314
382000 0.00334374
383000 0.00334417
384000 0.00334464
385000 0.00334527
386000 0.00334556
387000 0.00334603
388000 0.00334635
389000 0.00334667
390000 0.00334722
391000 0.00334802
392000 0.00334897
393000 0.0033498
394000 0.00335081
395000 0.00335212
396000 0.0033533
397000 0.00335398
398000 0.00335489
399000 0.00335564
400000 0.00335658
401000 0.00335755
402000 0.00335865
403000 0.00336028
404000 0.00336143
405000 0.00336223
406000 0.00336285
407000 0.00336387
408000 0.00336486
409000 0.00336566
410000 0.00336637
411000 0.00336687
412000 0.00336734
413000 0.00336809
414000 0.00336911
415000 0.00337001
416000 0.00337059
417000 0.00337087
418000 0.00337095
419000 0.00337099
420000 0.00337072
421000 0.00337047
422000 0.00337017
423000 0.00336952
424000 0.00336877
425000 0.00336795
426000 0.00336702
427000 0.00336599
428000 0.00336514
429000 0.00336443
430000 0.00336402
431000 0.00336358
432000 0.0033629
433000 0.00336234
434000 0.00336196
435000 0.00336179
436000 0.00336176
437000 0.00336175
438000 0.00336202
439000 0.00336255
440000 0.00336335
441000 0.00336433
442000 0.00336542
443000 0.00336643
444000 0.00336773
445000 0.00336891
446000 0.00336994
447000 0.00337093
448000 0.00337193
449000 0.00337316
450000 0.00337428
451000 0.00337534
452000 0.00337601
453000 0.00337664
454000 0.00337729
455000 0.00337808
456000 0.00337906
457000 0.00337991
458000 0.00338065
459000 0.00338108
460000 0.00338118
461000 0.00338118
462000 0.00338099
463000 0.00338098
464000 0.00338127
465000 0.00338174
466000 0.00338212
467000 0.00338219
468000 0.00338258
469000 0.00338315
470000 0.00338396
471000 0.00338501
472000 0.00338635
473000 0.00338808
474000 0.00339003
475000 0.00339201
476000 0.00339396
477000 0.00339566
478000 0.00339756
479000 0.00339943
480000 0.00340124
481000 0.00340284
482000 0.00340459
483000 0.00340647
484000 0.0034085
485000 0.00341058
486000 0.00341272
487000 0.00341486
488000 0.00341689
489000 0.00341857
490000 0.00342048
491000 0.00342253
492000 0.00342463
493000 0.00342669
494000 0.00342881
495000 0.00343067
496000 0.00343246
497000 0.00343425
498000 0.00343577
499000 0.00343707
500000 0.00343843
