1000 0.00319444
2000 0.00330629
3000 0.00340829
4000 0.00341618
5000 0.00342986
6000 0.00343622
7000 0.00345547
8000 0.00348573
9000 0.0035043
10000 0.00351247
11000 0.00352094
12000 0.00351556
13000 0.00350486
14000 0.00351123
15000 0.00353083
16000 0.00354301
17000 0.00354137
18000 0.00354234
19000 0.00353415
20000 0.00352848
21000 0.00352432
22000 0.00351697
23000 0.00350769
24000 0.0034983
25000 0.00348979
26000 0.00348132
27000 0.00347309
28000 0.00346546
29000 0.00346102
30000 0.00345772
31000 0.00345947
32000 0.00346845
33000 0.00348015
34000 0.00348932
35000 0.00349516
36000 0.00350292
37000 0.00350601
38000 0.0035096
39000 0.00350913
40000 0.00350647
41000 0.00350297
42000 0.00349836
43000 0.00349232
44000 0.00348728
45000 0.00348509
46000 0.00348273
47000 0.00347986
48000 0.00347634
49000 0.00347361
50000 0.00347247
51000 0.00347081
52000 0.0034668
53000 0.0034651
54000 0.0034658
55000 0.00346369
56000 0.00345834
57000 0.00345036
58000 0.00344286
59000 0.00343578
60000 0.00342885
61000 0.00342165
62000 0.00341494
63000 0.00340911
64000 0.00340238
65000 0.00339647
66000 0.00339217
67000 0.0033888
68000 0.00338708
69000 0.00338335
70000 0.00337717
71000 0.00337252
72000 0.00336891
73000 0.00336573
74000 0.00336383
75000 0.00336113
76000 0.00335564
77000 0.00334977
78000 0.00334481
79000 0.00333909
80000 0.00333269
81000 0.00332678
82000 0.0033211
83000 0.0033153
84000 0.00330995
85000 0.00330552
86000 0.00330234
87000 0.00329989
88000 0.00329595
89000 0.00329094
90000 0.00328639
91000 0.00328225
92000 0.00327943
93000 0.00327733
94000 0.00327542
95000 0.00327324
96000 0.00327117
97000 0.00326981
98000 0.00326789
99000 0.00326558
100000 0.00326272
101000 0.00325837
102000 0.00325404
103000 0.00325114
104000 0.00324886
105000 0.00324738
106000 0.00324615
107000 0.00324459
108000 0.00324265
109000 0.00323956
110000 0.00323531
111000 0.00323098
112000 0.00322687
113000 0.0032232
114000 0.00321971
115000 0.0032157
116000 0.00321115
117000 0.00320627
118000 0.00320179
119000 0.0031989
120000 0.00319717
121000 0.00319509
122000 0.0031931
123000 0.00319146
124000 0.00318936
125000 0.00318663
126000 0.00318363
127000 0.00318191
128000 0.00318097
129000 0.0031787
130000 0.00317681
131000 0.00317502
132000 0.00317256
133000 0.0031689
134000 0.00316572
135000 0.00316229
136000 0.00315933
137000 0.00315626
138000 0.00315306
139000 0.00314947
140000 0.00314584
141000 0.00314277
142000 0.00313971
143000 0.00313702
144000 0.00313429
145000 0.00313165
146000 0.00312944
147000 0.00312772
148000 0.00312633
149000 0.00312591
150000 0.00312496
151000 0.00312339
152000 0.0031223
153000 0.00312102
154000 0.00312007
155000 0.00311889
156000 0.00311801
157000 0.00311791
158000 0.00311805
159000 0.00311757
160000 0.00311718
161000 0.00311636
162000 0.00311551
163000 0.00311482
164000 0.00311419
165000 0.0031138
166000 0.00311359
167000 0.00311238
168000 0.0031102
169000 0.00310837
170000 0.00310693
171000 0.00310616
172000 0.00310575
173000 0.00310527
174000 0.00310477
175000 0.0031043
176000 0.00310406
177000 0.00310411
178000 0.00310475
179000 0.00310546
180000 0.00310579
181000 0.00310525
182000 0.00310464
183000 0.00310389
184000 0.00310231
185000 0.00309961
186000 0.0030957
187000 0.00309092
188000 0.00308647
189000 0.00308231
190000 0.0030777
191000 0.0030732
192000 0.00306888
193000 0.00306468
194000 0.00306028
195000 0.00305585
196000 0.00305161
197000 0.00304779
198000 0.00304426
199000 0.00304017
200000 0.00303659
201000 0.00303321
202000 0.00303037
203000 0.0030279
204000 0.00302526
205000 0.00302255
206000 0.00301956
207000 0.00301658
208000 0.00301428
209000 0.00301238
210000 0.00301096
211000 0.00300953
212000 0.00300785
213000 0.00300654
214000 0.00300604
215000 0.003006
216000 0.00300651
217000 0.00300793
218000 0.0030101
219000 0.00301251
220000 0.00301544
221000 0.00301816
222000 0.0030207
223000 0.00302231
224000 0.00302373
225000 0.00302449
226000 0.00302448
227000 0.00302385
228000 0.00302353
229000 0.00302277
230000 0.00302193
231000 0.00302154
232000 0.0030217
233000 0.00302122
234000 0.00302113
235000 0.00302111
236000 0.00302105
237000 0.00302076
238000 0.00302046
239000 0.00302014
240000 0.00301981
241000 0.00301974
242000 0.00301913
243000 0.00301834
244000 0.0030177
245000 0.00301728
246000 0.0030178
247000 0.00301859
248000 0.00301918
249000 0.00302005
250000 0.00302124
251000 0.0030225
252000 0.00302364
253000 0.00302478
254000 0.00302607
255000 0.00302719
256000 0.00302821
257000 0.00302926
258000 0.00303128
259000 0.00303324
260000 0.0030351
261000 0.00303745
262000 0.00303953
263000 0.0030415
264000 0.00304273
265000 0.00304425
266000 0.0030463
267000 0.00304821
268000 0.00304999
269000 0.00305162
270000 0.00305301
271000 0.00305382
272000 0.00305506
273000 0.00305676
274000 0.00305849
275000 0.00306039
276000 0.00306258
277000 0.00306486
278000 0.00306711
279000 0.00306974
280000 0.00307267
281000 0.00307535
282000 0.00307741
283000 0.0030799
284000 0.00308262
285000 0.00308517
286000 0.00308738
287000 0.0030888
288000 0.0030903
289000 0.00309151
290000 0.00309188
291000 0.00309187
292000 0.00309204
293000 0.00309219
294000 0.0030924
295000 0.0030926
296000 0.00309278
297000 0.00309275
298000 0.00309291
299000 0.00309319
300000 0.00309339
301000 0.00309332
302000 0.00309322
303000 0.00309288
304000 0.00309258
305000 0.00309185
306000 0.00309101
307000 0.00309002
308000 0.00308898
309000 0.00308806
310000 0.00308744
311000 0.00308681
312000 0.0030863
313000 0.00308597
314000 0.00308568
315000 0.00308507
316000 0.00308485
317000 0.00308449
318000 0.00308397
319000 0.00308372
320000 0.00308335
321000 0.00308262
322000 0.0030818
323000 0.00308058
324000 0.00307913
325000 0.00307735
326000 0.00307577
327000 0.00307426
328000 0.00307282
329000 0.0030712
330000 0.00306989
331000 0.003069
332000 0.00306788
333000 0.00306676
334000 0.0030657
335000 0.00306463
336000 0.00306359
337000 0.00306259
338000 0.00306139
339000 0.00306015
340000 0.0030593
341000 0.00305879
342000 0.00305845
343000 0.00305825
344000 0.0030579
345000 0.00305758
346000 0.00305746
347000 0.00305753
348000 0.00305756
349000 0.00305786
350000 0.00305814
351000 0.00305787
352000 0.00305738
353000 0.00305684
354000 0.00305632
355000 0.0030556
356000 0.00305482
357000 0.00305425
358000 0.00305338
359000 0.00305247
360000 0.00305145
361000 0.00305017
362000 0.0030489
363000 0.00304761
364000 0.00304608
365000 0.00304459
366000 0.00304307
367000 0.0030416
368000 0.00304021
369000 0.00303881
370000 0.00303755
371000 0.00303662
372000 0.00303585
373000 0.00303478
374000 0.00303359
375000 0.00303243
376000 0.00303092
377000 0.00302926
378000 0.00302773
379000 0.00302619
380000 0.00302472
381000 0.00302326
382000 0.00302171
383000 0.00302023
384000 0.00301894
385000 0.00301808
386000 0.00301746
387000 0.00301687
388000 0.00301593
389000 0.00301495
390000 0.00301408
391000 0.00301312
392000 0.00301241
393000 0.00301194
394000 0.00301152
395000 0.0030111
396000 0.00301036
397000 0.00300981
398000 0.00300919
399000 0.00300853
400000 0.00300786
401000 0.00300708
402000 0.0030063
403000 0.00300558
404000 0.00300483
405000 0.00300421
406000 0.00300352
407000 0.00300286
408000 0.00300224
409000 0.0030018
410000 0.00300151
411000 0.00300141
412000 0.00300117
413000 0.00300097
414000 0.00300056
415000 0.00300042
416000 0.00300037
417000 0.00300042
418000 0.00300092
419000 0.00300132
420000 0.00300164
421000 0.0030018
422000 0.00300184
423000 0.00300187
424000 0.0030019
425000 0.00300172
426000 0.00300161
427000 0.0030016
428000 0.00300168
429000 0.00300199
430000 0.00300209
431000 0.00300199
432000 0.00300192
433000 0.00300204
434000 0.00300201
435000 0.00300184
436000 0.00300158
437000 0.00300118
438000 0.00300055
439000 0.00300021
440000 0.003
441000 0.00299972
442000 0.00299947
443000 0.0029991
444000 0.0029987
445000 0.00299855
446000 0.00299849
447000 0.00299822
448000 0.00299794
449000 0.00299769
450000 0.00299762
451000 0.00299745
452000 0.00299744
453000 0.00299748
454000 0.00299746
455000 0.00299718
456000 0.00299673
457000 0.00299639
458000 0.00299615
459000 0.002996
460000 0.00299584
461000 0.00299558
462000 0.00299521
463000 0.00299502
464000 0.00299499
465000 0.00299507
466000 0.00299515
467000 0.0029954
468000 0.00299572
469000 0.00299611
470000 0.00299649
471000 0.00299686
472000 0.00299717
473000 0.00299746
474000 0.00299792
475000 0.00299829
476000 0.00299882
477000 0.00299936
478000 0.00299973
479000 0.00300017
480000 0.00300069
481000 0.00300134
482000 0.00300193
483000 0.00300228
484000 0.00300269
485000 0.00300296
486000 0.00300308
487000 0.0030032
488000 0.00300322
489000 0.00300328
490000 0.00300319
491000 0.00300293
492000 0.00300249
493000 0.00300198
494000 0.00300123
495000 0.00300044
496000 0.00299953
497000 0.00299857
498000 0.00299757
499000 0.00299665
500000 0.00299591
