1000 0.00317986
2000 0.00323546
3000 0.00325734
4000 0.0032734
5000 0.00327731
6000 0.00326475
7000 0.00321861
8000 0.00318295
9000 0.00316497
10000 0.00315905
11000 0.00315422
12000 0.00314913
13000 0.00314745
14000 0.00314751
15000 0.0031489
16000 0.00314746
17000 0.00313268
18000 0.00311549
19000 0.00310415
20000 0.00310545
21000 0.00311324
22000 0.00312013
23000 0.00312614
24000 0.00313304
25000 0.00314592
26000 0.00316156
27000 0.00317935
28000 0.00320115
29000 0.00322379
30000 0.00324356
31000 0.00326041
32000 0.00327639
33000 0.00329589
34000 0.00331591
35000 0.00333078
36000 0.00334492
37000 0.00336139
38000 0.00338021
39000 0.00339871
40000 0.00342051
41000 0.00343598
42000 0.00345113
43000 0.0034663
44000 0.00348246
45000 0.00349974
46000 0.00351535
47000 0.00352838
48000 0.00354082
49000 0.00355228
50000 0.00356481
51000 0.00358029
52000 0.0035974
53000 0.00361207
54000 0.00362378
55000 0.00363349
56000 0.00364448
57000 0.00365272
58000 0.00365677
59000 0.0036577
60000 0.00365634
61000 0.00365452
62000 0.00364976
63000 0.00364392
64000 0.00363733
65000 0.00363176
66000 0.00362528
67000 0.0036177
68000 0.0036109
69000 0.00360432
70000 0.00359853
71000 0.00359369
72000 0.00358663
73000 0.00357841
74000 0.00356899
75000 0.00356026
76000 0.00355081
77000 0.00354165
78000 0.00353494
79000 0.00352803
80000 0.00351882
81000 0.00350948
82000 0.00349995
83000 0.00348979
84000 0.00347923
85000 0.00346909
86000 0.00345817
87000 0.00344563
88000 0.00343156
89000 0.00341815
90000 0.003405
91000 0.00339209
92000 0.00338096
93000 0.00337032
94000 0.00335944
95000 0.00334996
96000 0.00334115
97000 0.00333292
98000 0.00332542
99000 0.00331736
100000 0.00330927
101000 0.00330072
102000 0.00329202
103000 0.00328372
104000 0.00327488
105000 0.00326554
106000 0.00325535
107000 0.00324451
108000 0.0032339
109000 0.00322348
110000 0.00321352
111000 0.00320335
112000 0.003193
113000 0.00318281
114000 0.0031726
115000 0.00316283
116000 0.00315373
117000 0.00314504
118000 0.00313573
119000 0.00312579
120000 0.00311576
121000 0.00310596
122000 0.00309659
123000 0.00308728
124000 0.00307861
125000 0.00306928
126000 0.00305924
127000 0.00304946
128000 0.00304057
129000 0.00303266
130000 0.00302614
131000 0.00301985
132000 0.00301444
133000 0.00300939
134000 0.00300513
135000 0.00300196
136000 0.00299887
137000 0.00299547
138000 0.00299181
139000 0.00298818
140000 0.00298507
141000 0.00298091
142000 0.00297751
143000 0.00297399
144000 0.00296962
145000 0.0029661
146000 0.00296261
147000 0.00295878
148000 0.00295513
149000 0.00295179
150000 0.00294907
151000 0.00294634
152000 0.00294492
153000 0.00294342
154000 0.00294255
155000 0.00294112
156000 0.00293836
157000 0.00293578
158000 0.00293318
159000 0.00293057
160000 0.00292749
161000 0.00292433
162000 0.00292096
163000 0.00291851
164000 0.00291639
165000 0.00291399
166000 0.00291243
167000 0.00291025
168000 0.00290776
169000 0.00290534
170000 0.0029029
171000 0.00290124
172000 0.00289889
173000 0.00289636
174000 0.00289414
175000 0.00289206
176000 0.00289017
177000 0.00288828
178000 0.00288618
179000 0.00288395
180000 0.0028815
181000 0.00287893
182000 0.00287624
183000 0.00287413
184000 0.00287196
185000 0.00286887
186000 0.00286612
187000 0.00286373
188000 0.00286143
189000 0.00285915
190000 0.00285725
191000 0.00285546
192000 0.0028537
193000 0.00285124
194000 0.00284831
195000 0.00284587
196000 0.00284363
197000 0.00284131
198000 0.00283907
199000 0.0028369
200000 0.0028346
201000 0.00283221
202000 0.00283049
203000 0.00282913
204000 0.00282648
205000 0.00282361
206000 0.00282076
207000 0.00281845
208000 0.00281625
209000 0.00281516
210000 0.00281456
211000 0.00281403
212000 0.00281427
213000 0.00281471
214000 0.00281461
215000 0.00281385
216000 0.00281249
217000 0.00281128
218000 0.00281042
219000 0.00280917
220000 0.0028073
221000 0.00280526
222000 0.00280255
223000 0.00279926
224000 0.00279566
225000 0.00279198
226000 0.00278862
227000 0.00278579
228000 0.00278341
229000 0.00278114
230000 0.00277883
231000 0.00277689
232000 0.00277499
233000 0.00277311
234000 0.00277166
235000 0.0027698
236000 0.00276809
237000 0.00276655
238000 0.0027648
239000 0.00276273
240000 0.00276018
241000 0.002758
242000 0.00275604
243000 0.00275467
244000 0.00275358
245000 0.00275247
246000 0.00275152
247000 0.00275067
248000 0.00274934
249000 0.00274799
250000 0.00274782
251000 0.00274709
252000 0.0027457
253000 0.00274469
254000 0.00274347
255000 0.00274203
256000 0.00274069
257000 0.00273931
258000 0.00273764
259000 0.00273636
260000 0.00273505
261000 0.00273347
262000 0.00273172
263000 0.0027302
264000 0.00272904
265000 0.00272791
266000 0.00272655
267000 0.00272525
268000 0.0027237
269000 0.00272227
270000 0.00272119
271000 0.00271933
272000 0.00271743
273000 0.00271541
274000 0.00271321
275000 0.00271077
276000 0.00270827
277000 0.00270605
278000 0.00270382
279000 0.00270205
280000 0.00270069
281000 0.00269906
282000 0.00269812
283000 0.0026977
284000 0.00269693
285000 0.00269587
286000 0.00269463
287000 0.0026933
288000 0.002692
289000 0.00269088
290000 0.00269005
291000 0.00268969
292000 0.00268945
293000 0.00268821
294000 0.00268653
295000 0.00268487
296000 0.00268266
297000 0.00268062
298000 0.00267869
299000 0.00267645
300000 0.00267428
301000 0.00267224
302000 0.00267055
303000 0.00266917
304000 0.00266778
305000 0.00266652
306000 0.00266499
307000 0.00266334
308000 0.00266175
309000 0.00266075
310000 0.00266018
311000 0.00265959
312000 0.00265853
313000 0.00265741
314000 0.00265612
315000 0.00265491
316000 0.00265384
317000 0.00265234
318000 0.00265071
319000 0.00264899
320000 0.00264718
321000 0.00264548
322000 0.00264417
323000 0.0026426
324000 0.00264083
325000 0.00263907
326000 0.00263769
327000 0.00263665
328000 0.00263547
329000 0.00263445
330000 0.00263351
331000 0.00263264
332000 0.00263177
333000 0.0026307
334000 0.00262988
335000 0.00262914
336000 0.00262822
337000 0.00262711
338000 0.00262591
339000 0.00262462
340000 0.00262331
341000 0.00262206
342000 0.00262105
343000 0.00262014
344000 0.00261927
345000 0.0026183
346000 0.00261719
347000 0.00261591
348000 0.00261499
349000 0.00261449
350000 0.00261393
351000 0.00261324
352000 0.0026123
353000 0.0026113
354000 0.00261019
355000 0.00260899
356000 0.00260768
357000 0.00260639
358000 0.00260522
359000 0.00260391
360000 0.0026025
361000 0.00260074
362000 0.00259886
363000 0.00259665
364000 0.00259441
365000 0.0025927
366000 0.00259113
367000 0.00258937
368000 0.0025874
369000 0.00258521
370000 0.00258287
371000 0.00258032
372000 0.00257796
373000 0.0025754
374000 0.00257275
375000 0.0025701
376000 0.00256738
377000 0.00256463
378000 0.00256178
379000 0.00255897
380000 0.00255637
381000 0.00255389
382000 0.00255162
383000 0.00254948
384000 0.0025474
385000 0.00254558
386000 0.00254409
387000 0.00254265
388000 0.00254112
389000 0.00253967
390000 0.00253833
391000 0.00253688
392000 0.00253545
393000 0.00253441
394000 0.0025335
395000 0.00253242
396000 0.00253127
397000 0.00253013
398000 0.00252903
399000 0.00252791
400000 0.00252675
401000 0.0025255
402000 0.00252429
403000 0.0025233
404000 0.00252245
405000 0.00252155
406000 0.00252052
407000 0.00251926
408000 0.00251808
409000 0.00251707
410000 0.00251622
411000 0.00251553
412000 0.00251479
413000 0.00251403
414000 0.00251325
415000 0.00251281
416000 0.00251242
417000 0.00251198
418000 0.00251171
419000 0.00251179
420000 0.00251207
421000 0.00251266
422000 0.00251337
423000 0.00251409
424000 0.00251495
425000 0.00251583
426000 0.00251608
427000 0.00251616
428000 0.00251611
429000 0.00251559
430000 0.00251492
431000 0.00251396
432000 0.00251308
433000 0.00251229
434000 0.00251164
435000 0.00251115
436000 0.00251059
437000 0.0025096
438000 0.00250865
439000 0.00250763
440000 0.00250639
441000 0.00250524
442000 0.00250425
443000 0.00250324
444000 0.00250208
445000 0.00250084
446000 0.00249971
447000 0.00249877
448000 0.00249776
449000 0.00249639
450000 0.0024952
451000 0.00249389
452000 0.00249264
453000 0.00249172
454000 0.00249106
455000 0.00249032
456000 0.00248962
457000 0.0024889
458000 0.0024884
459000 0.00248801
460000 0.00248782
461000 0.00248783
462000 0.00248795
463000 0.00248784
464000 0.0024878
465000 0.00248781
466000 0.00248776
467000 0.00248774
468000 0.00248779
469000 0.00248786
470000 0.00248786
471000 0.00248807
472000 0.0024885
473000 0.00248867
474000 0.00248887
475000 0.00248891
476000 0.00248915
477000 0.00248949
478000 0.0024899
479000 0.00249013
480000 0.0024903
481000 0.00249048
482000 0.00249057
483000 0.00249055
484000 0.00249042
485000 0.00249042
486000 0.00249047
487000 0.00249061
488000 0.00249098
489000 0.00249119
490000 0.0024911
491000 0.00249081
492000 0.00249044
493000 0.00249016
494000 0.00249016
495000 0.00249021
496000 0.00249048
497000 0.00249082
498000 0.00249098
499000 0.0024913
500000 0.00249153
