1000 0.00435862
2000 0.00429559
3000 0.00429562
4000 0.00431567
5000 0.00431724
6000 0.00431671
7000 0.00430098
8000 0.00428771
9000 0.00427838
10000 0.0042657
11000 0.00424839
12000 0.00423084
13000 0.0042064
14000 0.0041869
15000 0.00418024
16000 0.00417756
17000 0.0041703
18000 0.00416483
19000 0.00415851
20000 0.00415438
21000 0.00414805
22000 0.00414241
23000 0.00414028
24000 0.00414463
25000 0.0041481
26000 0.00414658
27000 0.00414453
28000 0.00414274
29000 0.00414825
30000 0.00415451
31000 0.00415794
32000 0.00416282
33000 0.00416667
34000 0.00417044
35000 0.00417113
36000 0.00417017
37000 0.00416464
38000 0.0041598
39000 0.00415615
40000 0.004151
41000 0.00414349
42000 0.004136
43000 0.00412815
44000 0.00411923
45000 0.00410874
46000 0.00409849
47000 0.00408982
48000 0.00408155
49000 0.00407431
50000 0.0040686
51000 0.00406086
52000 0.00405561
53000 0.0040525
54000 0.00404921
55000 0.0040454
56000 0.0040423
57000 0.00403658
58000 0.00402722
59000 0.00401747
60000 0.00401
61000 0.00400348
62000 0.00399851
63000 0.00399573
64000 0.00399568
65000 0.00399352
66000 0.00398926
67000 0.00398486
68000 0.00398017
69000 0.00397578
70000 0.00397335
71000 0.00397209
72000 0.00397162
73000 0.00397281
74000 0.00397545
75000 0.003976
76000 0.00397687
77000 0.00397893
78000 0.00398069
79000 0.00398215
80000 0.00398345
81000 0.00398727
82000 0.00399287
83000 0.00399921
84000 0.00400419
85000 0.00400866
86000 0.00401287
87000 0.00401785
88000 0.00402275
89000 0.00402803
90000 0.00403188
91000 0.00403623
92000 0.00403969
93000 0.00404247
94000 0.00404563
95000 0.00404991
96000 0.00405506
97000 0.00406023
98000 0.00406604
99000 0.00407235
100000 0.00407866
101000 0.00408469
102000 0.0040923
103000 0.00410079
104000 0.00410714
105000 0.00411384
106000 0.00412095
107000 0.00412789
108000 0.00413592
109000 0.00414527
110000 0.00415318
111000 0.00416105
112000 0.00416882
113000 0.00417731
114000 0.00418398
115000 0.00419083
116000 0.00419857
117000 0.00420478
118000 0.00420977
119000 0.00421185
120000 0.00421296
121000 0.00421198
122000 0.00421181
123000 0.00421134
124000 0.00420963
125000 0.00420879
126000 0.00420812
127000 0.00420832
128000 0.00420739
129000 0.0042049
130000 0.00420209
131000 0.00419932
132000 0.00419635
133000 0.00419333
134000 0.00419005
135000 0.00418678
136000 0.00418394
137000 0.00418211
138000 0.00418065
139000 0.00417999
140000 0.00417975
141000 0.00417813
142000 0.004176
143000 0.00417194
144000 0.00416933
145000 0.00416795
146000 0.00416727
147000 0.00416436
148000 0.00416096
149000 0.00415817
150000 0.0041555
151000 0.00415255
152000 0.00415013
153000 0.00414806
154000 0.00414565
155000 0.00414239
156000 0.0041396
157000 0.00413645
158000 0.00413319
159000 0.00412996
160000 0.00412653
161000 0.00412346
162000 0.00411953
163000 0.00411572
164000 0.00411196
165000 0.00410895
166000 0.00410658
167000 0.0041041
168000 0.00410169
169000 0.00409853
170000 0.00409524
171000 0.00409247
172000 0.00409005
173000 0.00408747
174000 0.00408447
175000 0.00408165
176000 0.00407836
177000 0.00407451
178000 0.00407122
179000 0.00406743
180000 0.00406414
181000 0.0040608
182000 0.00405729
183000 0.00405439
184000 0.00405094
185000 0.00404723
186000 0.00404331
187000 0.0040394
188000 0.00403541
189000 0.00403095
190000 0.00402722
191000 0.00402361
192000 0.00401971
193000 0.00401614
194000 0.00401254
195000 0.00400913
196000 0.00400547
197000 0.00400209
198000 0.00399864
199000 0.00399557
200000 0.00399224
201000 0.00398863
202000 0.0039855
203000 0.00398338
204000 0.00398123
205000 0.00397903
206000 0.00397733
207000 0.00397597
208000 0.00397516
209000 0.00397444
210000 0.00397392
211000 0.00397366
212000 0.00397388
213000 0.00397481
214000 0.00397486
215000 0.00397479
216000 0.00397492
217000 0.0039751
218000 0.00397504
219000 0.00397488
220000 0.00397432
221000 0.00397459
222000 0.00397486
223000 0.0039749
224000 0.00397504
225000 0.00397547
226000 0.00397482
227000 0.00397385
228000 0.00397249
229000 0.00397103
230000 0.00396934
231000 0.00396768
232000 0.00396659
233000 0.00396507
234000 0.00396386
235000 0.00396288
236000 0.00396238
237000 0.00396217
238000 0.00396203
239000 0.00396236
240000 0.00396225
241000 0.00396216
242000 0.00396193
243000 0.00396151
244000 0.00396137
245000 0.00396118
246000 0.00396143
247000 0.00396167
248000 0.00396194
249000 0.00396182
250000 0.00396189
251000 0.00396204
252000 0.00396219
253000 0.00396192
254000 0.00396135
255000 0.00396034
256000 0.00395876
257000 0.00395675
258000 0.00395471
259000 0.00395292
260000 0.00395096
261000 0.0039489
262000 0.00394718
263000 0.00394597
264000 0.00394502
265000 0.00394416
266000 0.00394358
267000 0.00394333
268000 0.00394282
269000 0.00394236
270000 0.00394189
271000 0.00394178
272000 0.00394139
273000 0.00394076
274000 0.00393981
275000 0.00393914
276000 0.00393858
277000 0.00393814
278000 0.00393763
279000 0.00393668
280000 0.00393559
281000 0.00393445
282000 0.00393332
283000 0.00393191
284000 0.00392988
285000 0.00392745
286000 0.00392534
287000 0.00392294
288000 0.00392094
289000 0.00391946
290000 0.00391805
291000 0.00391664
292000 0.00391471
293000 0.00391247
294000 0.00391035
295000 0.00390877
296000 0.00390756
297000 0.00390664
298000 0.00390565
299000 0.00390513
300000 0.00390457
301000 0.00390443
302000 0.00390423
303000 0.00390419
304000 0.00390452
305000 0.00390541
306000 0.00390636
307000 0.00390746
308000 0.00390833
309000 0.00390932
310000 0.00391006
311000 0.00391085
312000 0.00391169
313000 0.00391205
314000 0.00391258
315000 0.00391338
316000 0.00391428
317000 0.00391504
318000 0.00391527
319000 0.00391476
320000 0.00391448
321000 0.00391453
322000 0.0039148
323000 0.003915
324000 0.0039155
325000 0.00391572
326000 0.00391517
327000 0.00391466
328000 0.00391466
329000 0.00391461
330000 0.00391437
331000 0.00391422
332000 0.00391467
333000 0.00391518
334000 0.00391589
335000 0.00391721
336000 0.00391847
337000 0.00391982
338000 0.00392084
339000 0.00392163
340000 0.00392214
341000 0.00392253
342000 0.00392293
343000 0.00392363
344000 0.00392434
345000 0.0039248
346000 0.00392491
347000 0.00392469
348000 0.00392448
349000 0.00392397
350000 0.00392331
351000 0.00392249
352000 0.0039216
353000 0.00392117
354000 0.00392052
355000 0.00391927
356000 0.00391801
357000 0.00391644
358000 0.00391522
359000 0.00391401
360000 0.00391228
361000 0.00391059
362000 0.00390928
363000 0.00390828
364000 0.00390738
365000 0.00390691
366000 0.00390664
367000 0.00390628
368000 0.00390598
369000 0.00390604
370000 0.00390639
371000 0.00390634
372000 0.00390629
373000 0.00390621
374000 0.00390622
375000 0.00390665
376000 0.00390695
377000 0.00390667
378000 0.00390624
379000 0.00390634
380000 0.00390652
381000 0.00390661
382000 0.00390648
383000 0.00390616
384000 0.00390527
385000 0.00390407
386000 0.00390297
387000 0.00390222
388000 0.00390143
389000 0.00390044
390000 0.00389965
391000 0.0038983
392000 0.0038967
393000 0.00389536
394000 0.00389384
395000 0.00389219
396000 0.00389053
397000 0.00388845
398000 0.00388669
399000 0.0038844
400000 0.00388191
401000 0.00387941
402000 0.00387682
403000 0.00387406
404000 0.00387106
405000 0.00386819
406000 0.00386518
407000 0.00386221
408000 0.00385927
409000 0.00385617
410000 0.00385301
411000 0.00385
412000 0.00384702
413000 0.00384412
414000 0.00384109
415000 0.00383819
416000 0.00383526
417000 0.00383236
418000 0.00382956
419000 0.00382689
420000 0.00382402
421000 0.00382118
422000 0.00381838
423000 0.00381559
424000 0.00381258
425000 0.00380958
426000 0.00380682
427000 0.003804
428000 0.00380109
429000 0.00379823
430000 0.00379533
431000 0.00379214
432000 0.00378903
433000 0.00378613
434000 0.00378326
435000 0.00378077
436000 0.00377853
437000 0.00377657
438000 0.0037745
439000 0.00377256
440000 0.00377085
441000 0.00376891
442000 0.00376659
443000 0.00376429
444000 0.00376185
445000 0.0037596
446000 0.00375747
447000 0.00375519
448000 0.00375261
449000 0.00374983
450000 0.00374729
451000 0.00374485
452000 0.00374245
453000 0.00373992
454000 0.00373743
455000 0.00373507
456000 0.0037326
457000 0.00373029
458000 0.00372764
459000 0.00372477
460000 0.0037218
461000 0.00371863
462000 0.00371547
463000 0.00371219
464000 0.00370874
465000 0.00370515
466000 0.00370137
467000 0.00369756
468000 0.00369381
469000 0.00368961
470000 0.00368536
471000 0.00368122
472000 0.00367724
473000 0.0036733
474000 0.0036694
475000 0.00366522
476000 0.0036611
477000 0.00365687
478000 0.0036527
479000 0.0036487
480000 0.00364492
481000 0.00364121
482000 0.00363752
483000 0.0036338
484000 0.00363001
485000 0.00362618
486000 0.00362262
487000 0.00361916
488000 0.00361572
489000 0.00361226
490000 0.00360878
491000 0.0036052
492000 0.00360178
493000 0.00359816
494000 0.00359464
495000 0.00359119
496000 0.00358783
497000 0.00358458
498000 0.00358123
499000 0.00357775
500000 0.00357422
