1000 0.00242606
2000 0.00239241
3000 0.00240932
4000 0.00242574
5000 0.00243872
6000 0.00245681
7000 0.00245807
8000 0.0024587
9000 0.00245753
10000 0.00244476
11000 0.00243382
12000 0.00242747
13000 0.00242337
14000 0.0024243
15000 0.00242888
16000 0.0024323
17000 0.0024323
18000 0.00242763
19000 0.00242128
20000 0.00241703
21000 0.00241309
22000 0.00240708
23000 0.00240146
24000 0.00239703
25000 0.00239596
26000 0.00239732
27000 0.00240272
28000 0.00241067
29000 0.00242037
30000 0.00243169
31000 0.00244252
32000 0.00244979
33000 0.0024572
34000 0.00246459
35000 0.00247283
36000 0.0024801
37000 0.0024875
38000 0.00249596
39000 0.00250032
40000 0.00250334
41000 0.00250809
42000 0.00251438
43000 0.00252119
44000 0.00252939
45000 0.00253725
46000 0.00254505
47000 0.00254994
48000 0.00255279
49000 0.00255532
50000 0.00255783
51000 0.00256
52000 0.00256229
53000 0.00256441
54000 0.00256879
55000 0.00257412
56000 0.00257965
57000 0.00258514
58000 0.00259117
59000 0.00259648
60000 0.00260343
61000 0.00261089
62000 0.00261974
63000 0.00262589
64000 0.00263132
65000 0.00263627
66000 0.0026413
67000 0.00264583
68000 0.00265086
69000 0.00265562
70000 0.00266145
71000 0.00266641
72000 0.00267024
73000 0.00267533
74000 0.00267987
75000 0.0026849
76000 0.00269056
77000 0.00269716
78000 0.00270335
79000 0.00270972
80000 0.0027157
81000 0.00272191
82000 0.00272939
83000 0.002738
84000 0.00274798
85000 0.00275742
86000 0.00276628
87000 0.00277474
88000 0.00278305
89000 0.00279182
90000 0.0028018
91000 0.00281295
92000 0.00282484
93000 0.00283435
94000 0.00284416
95000 0.00285254
96000 0.00286019
97000 0.00286704
98000 0.00287396
99000 0.00288183
100000 0.00288971
101000 0.00289523
102000 0.00289836
103000 0.00290071
104000 0.00290366
105000 0.00290739
106000 0.00291145
107000 0.00291537
108000 0.00292002
109000 0.00292468
110000 0.00292937
111000 0.00293434
112000 0.00293858
113000 0.00294418
114000 0.0029491
115000 0.00295274
116000 0.00295592
117000 0.00295849
118000 0.00295927
119000 0.00296046
120000 0.0029623
121000 0.00296468
122000 0.00296704
123000 0.00296961
124000 0.00297307
125000 0.00297549
126000 0.00297728
127000 0.00297833
128000 0.0029798
129000 0.00298207
130000 0.00298464
131000 0.00298772
132000 0.00299065
133000 0.00299303
134000 0.0029957
135000 0.00299872
136000 0.00300257
137000 0.00300649
138000 0.00301137
139000 0.00301666
140000 0.00302144
141000 0.00302493
142000 0.00302729
143000 0.00302892
144000 0.00303071
145000 0.00303192
146000 0.003034
147000 0.00303642
148000 0.0030391
149000 0.00304269
150000 0.00304686
151000 0.00305145
152000 0.00305706
153000 0.00306285
154000 0.00306888
155000 0.00307385
156000 0.00307805
157000 0.00308246
158000 0.00308576
159000 0.00308992
160000 0.00309331
161000 0.00309624
162000 0.00309906
163000 0.00310118
164000 0.00310329
165000 0.00310516
166000 0.00310667
167000 0.00310812
168000 0.00310923
169000 0.0031102
170000 0.00311148
171000 0.00311317
172000 0.00311445
173000 0.00311565
174000 0.00311641
175000 0.00311672
176000 0.00311734
177000 0.00311762
178000 0.00311843
179000 0.00311915
180000 0.00311999
181000 0.00312141
182000 0.00312326
183000 0.00312474
184000 0.00312614
185000 0.00312724
186000 0.00312879
187000 0.00313028
188000 0.0031317
189000 0.00313239
190000 0.00313351
191000 0.00313436
192000 0.00313517
193000 0.00313632
194000 0.00313823
195000 0.00314029
196000 0.00314181
197000 0.00314284
198000 0.00314319
199000 0.00314351
200000 0.00314412
201000 0.00314518
202000 0.00314682
203000 0.00314887
204000 0.00315067
205000 0.00315283
206000 0.0031543
207000 0.00315574
208000 0.00315718
209000 0.003158
210000 0.00315865
211000 0.00315974
212000 0.00316104
213000 0.00316325
214000 0.00316568
215000 0.00316864
216000 0.00317152
217000 0.0031735
218000 0.0031761
219000 0.00317952
220000 0.00318312
221000 0.00318673
222000 0.00319065
223000 0.00319527
224000 0.00320028
225000 0.00320513
226000 0.00321009
227000 0.00321496
228000 0.00321986
229000 0.00322453
230000 0.00322913
231000 0.00323375
232000 0.00323817
233000 0.00324341
234000 0.003249
235000 0.00325386
236000 0.00325893
237000 0.00326389
238000 0.00326858
239000 0.00327352
240000 0.00327844
241000 0.00328337
242000 0.00328826
243000 0.00329347
244000 0.00329838
245000 0.00330361
246000 0.00330961
247000 0.00331517
248000 0.00332014
249000 0.00332458
250000 0.00332846
251000 0.00333165
252000 0.00333528
253000 0.00333888
254000 0.00334192
255000 0.00334369
256000 0.00334527
257000 0.00334692
258000 0.00334858
259000 0.00335014
260000 0.00335176
261000 0.00335309
262000 0.00335424
263000 0.00335588
264000 0.00335732
265000 0.00335857
266000 0.00336015
267000 0.00336207
268000 0.00336373
269000 0.00336607
270000 0.00336856
271000 0.00337032
272000 0.00337183
273000 0.0033734
274000 0.00337424
275000 0.00337548
276000 0.00337628
277000 0.00337747
278000 0.00337882
279000 0.00338012
280000 0.00338119
281000 0.00338237
282000 0.00338271
283000 0.00338216
284000 0.00338143
285000 0.00338057
286000 0.00337979
287000 0.00337898
288000 0.00337788
289000 0.0033767
290000 0.00337552
291000 0.00337424
292000 0.00337265
293000 0.00337095
294000 0.00336953
295000 0.00336815
296000 0.00336719
297000 0.00336664
298000 0.00336621
299000 0.00336538
300000 0.00336464
301000 0.00336397
302000 0.00336321
303000 0.0033624
304000 0.00336124
305000 0.00336014
306000 0.00335954
307000 0.00335932
308000 0.00335885
309000 0.00335851
310000 0.00335803
311000 0.00335732
312000 0.00335621
313000 0.00335489
314000 0.00335341
315000 0.00335216
316000 0.00335114
317000 0.00334984
318000 0.0033484
319000 0.00334706
320000 0.00334577
321000 0.00334483
322000 0.0033441
323000 0.00334308
324000 0.0033423
325000 0.00334214
326000 0.00334221
327000 0.00334193
328000 0.00334135
329000 0.00334059
330000 0.00333987
331000 0.00333947
332000 0.00333927
333000 0.0033388
334000 0.00333821
335000 0.00333778
336000 0.00333692
337000 0.00333612
338000 0.00333536
339000 0.0033343
340000 0.00333308
341000 0.00333189
342000 0.00333069
343000 0.0033292
344000 0.00332753
345000 0.00332568
346000 0.00332386
347000 0.0033224
348000 0.00332089
349000 0.00331942
350000 0.00331775
351000 0.00331611
352000 0.00331476
353000 0.00331337
354000 0.00331237
355000 0.00331111
356000 0.00330975
357000 0.00330806
358000 0.0033066
359000 0.00330542
360000 0.0033044
361000 0.00330331
362000 0.00330217
363000 0.00330108
364000 0.00329981
365000 0.00329844
366000 0.00329727
367000 0.00329581
368000 0.00329431
369000 0.0032928
370000 0.00329128
371000 0.00328981
372000 0.00328832
373000 0.00328718
374000 0.00328612
375000 0.00328503
376000 0.00328386
377000 0.00328273
378000 0.00328155
379000 0.00328041
380000 0.00327901
381000 0.0032777
382000 0.00327634
383000 0.00327523
384000 0.00327405
385000 0.00327317
386000 0.00327232
387000 0.00327152
388000 0.00327082
389000 0.00326993
390000 0.00326929
391000 0.00326841
392000 0.00326761
393000 0.00326679
394000 0.00326593
395000 0.00326497
396000 0.00326381
397000 0.00326301
398000 0.00326217
399000 0.00326158
400000 0.00326087
401000 0.00325995
402000 0.00325893
403000 0.00325782
404000 0.00325699
405000 0.00325626
406000 0.00325572
407000 0.00325528
408000 0.00325504
409000 0.00325471
410000 0.00325438
411000 0.00325403
412000 0.00325333
413000 0.00325222
414000 0.00325096
415000 0.00324951
416000 0.0032481
417000 0.00324673
418000 0.0032453
419000 0.00324379
420000 0.00324221
421000 0.00324067
422000 0.00323914
423000 0.00323782
424000 0.00323659
425000 0.00323551
426000 0.00323445
427000 0.003233
428000 0.00323129
429000 0.00322973
430000 0.00322808
431000 0.00322645
432000 0.00322503
433000 0.00322372
434000 0.00322245
435000 0.00322115
436000 0.00321992
437000 0.00321859
438000 0.00321731
439000 0.00321609
440000 0.00321476
441000 0.00321351
442000 0.00321245
443000 0.00321142
444000 0.00321034
445000 0.00320952
446000 0.00320907
447000 0.00320892
448000 0.00320893
449000 0.00320887
450000 0.00320895
451000 0.00320912
452000 0.00320954
453000 0.00321019
454000 0.00321064
455000 0.00321115
456000 0.00321162
457000 0.00321216
458000 0.00321285
459000 0.00321365
460000 0.00321435
461000 0.00321544
462000 0.00321652
463000 0.00321766
464000 0.00321883
465000 0.00321988
466000 0.00322122
467000 0.00322259
468000 0.00322422
469000 0.00322588
470000 0.00322742
471000 0.00322906
472000 0.00323063
473000 0.00323212
474000 0.00323347
475000 0.00323486
476000 0.00323626
477000 0.00323752
478000 0.00323888
479000 0.00324058
480000 0.00324238
481000 0.0032442
482000 0.00324623
483000 0.00324825
484000 0.00325018
485000 0.0032521
486000 0.00325361
487000 0.00325491
488000 0.00325595
489000 0.00325678
490000 0.00325757
491000 0.00325829
492000 0.00325924
493000 0.00326
494000 0.00326058
495000 0.00326136
496000 0.00326218
497000 0.00326298
498000 0.00326394
499000 0.00326468
500000 0.00326584
