1000 0.00257222
2000 0.00257179
3000 0.00256674
4000 0.00254184
5000 0.00252903
6000 0.00249791
7000 0.00248211
8000 0.00246249
9000 0.00245344
10000 0.00244884
11000 0.00244896
12000 0.00245036
13000 0.00245752
14000 0.00246974
15000 0.00247049
16000 0.00247216
17000 0.00247406
18000 0.00247695
19000 0.00247891
20000 0.00248403
21000 0.00249068
22000 0.00249725
23000 0.00250819
24000 0.0025221
25000 0.00254147
26000 0.00256227
27000 0.00257874
28000 0.00259273
29000 0.00260846
30000 0.0026241
31000 0.00263814
32000 0.00265002
33000 0.00265974
34000 0.00266966
35000 0.00267929
36000 0.00268669
37000 0.00269223
38000 0.00269538
39000 0.00269748
40000 0.0027007
41000 0.00270594
42000 0.00271137
43000 0.00271747
44000 0.00272171
45000 0.00272614
46000 0.00273086
47000 0.00273385
48000 0.00273742
49000 0.00274221
50000 0.00274556
51000 0.00274853
52000 0.00275342
53000 0.00276068
54000 0.00276667
55000 0.00277348
56000 0.00278077
57000 0.00278831
58000 0.00279607
59000 0.0028034
60000 0.002813
61000 0.00282365
62000 0.0028359
63000 0.00284891
64000 0.00286431
65000 0.00287951
66000 0.00289644
67000 0.0029124
68000 0.00292684
69000 0.00294003
70000 0.00295342
71000 0.00296668
72000 0.00298119
73000 0.00299505
74000 0.00300581
75000 0.00301483
76000 0.00302422
77000 0.00303272
78000 0.00303863
79000 0.00304461
80000 0.00305192
81000 0.00306004
82000 0.00306932
83000 0.00308016
84000 0.00309291
85000 0.00310554
86000 0.00311699
87000 0.00312902
88000 0.00314081
89000 0.00315142
90000 0.00316177
91000 0.00317025
92000 0.00317789
93000 0.00318313
94000 0.0031856
95000 0.00318758
96000 0.00318889
97000 0.00318972
98000 0.00319135
99000 0.00319468
100000 0.00319733
101000 0.00320051
102000 0.00320236
103000 0.00320511
104000 0.00320831
105000 0.00321183
106000 0.0032157
107000 0.00321982
108000 0.00322454
109000 0.00323003
110000 0.00323674
111000 0.00324299
112000 0.00324917
113000 0.00325455
114000 0.00325768
115000 0.00326193
116000 0.00326605
117000 0.00326922
118000 0.00327289
119000 0.00327505
120000 0.00327636
121000 0.00327708
122000 0.00327717
123000 0.0032782
124000 0.00327863
125000 0.00327932
126000 0.00328123
127000 0.00328439
128000 0.00328847
129000 0.00329169
130000 0.00329551
131000 0.00329969
132000 0.00330295
133000 0.00330504
134000 0.00330681
135000 0.00330669
136000 0.00330711
137000 0.00330736
138000 0.00330879
139000 0.00331019
140000 0.00331183
141000 0.00331315
142000 0.00331382
143000 0.00331395
144000 0.00331501
145000 0.00331605
146000 0.00331699
147000 0.0033189
148000 0.0033215
149000 0.00332394
150000 0.00332629
151000 0.00332878
152000 0.00333222
153000 0.00333541
154000 0.00333733
155000 0.00333911
156000 0.00334094
157000 0.00334297
158000 0.00334523
159000 0.00334787
160000 0.00334959
161000 0.00335087
162000 0.00335211
163000 0.00335291
164000 0.00335311
165000 0.0033528
166000 0.00335226
167000 0.003352
168000 0.003352
169000 0.00335242
170000 0.00335288
171000 0.00335254
172000 0.00335225
173000 0.00335282
174000 0.00335374
175000 0.0033541
176000 0.00335427
177000 0.00335489
178000 0.00335561
179000 0.00335578
180000 0.00335595
181000 0.00335428
182000 0.00335192
183000 0.00334971
184000 0.00334833
185000 0.00334756
186000 0.00334715
187000 0.00334742
188000 0.00334764
189000 0.00334707
190000 0.00334626
191000 0.00334512
192000 0.00334494
193000 0.00334494
194000 0.00334498
195000 0.00334492
196000 0.00334485
197000 0.00334494
198000 0.00334538
199000 0.00334621
200000 0.0033477
201000 0.00334978
202000 0.00335171
203000 0.00335409
204000 0.00335629
205000 0.0033587
206000 0.00336173
207000 0.0033651
208000 0.00336955
209000 0.00337489
210000 0.0033812
211000 0.00338787
212000 0.00339481
213000 0.00340167
214000 0.00340783
215000 0.00341399
216000 0.0034201
217000 0.003426
218000 0.00343175
219000 0.00343753
220000 0.0034437
221000 0.00344936
222000 0.00345419
223000 0.00345875
224000 0.00346307
225000 0.00346768
226000 0.00347254
227000 0.00347724
228000 0.00348147
229000 0.00348553
230000 0.00348925
231000 0.00349283
232000 0.00349571
233000 0.00349854
234000 0.00350196
235000 0.00350548
236000 0.00350874
237000 0.00351204
238000 0.00351576
239000 0.00351967
240000 0.00352294
241000 0.00352636
242000 0.00352902
243000 0.00353205
244000 0.00353414
245000 0.00353578
246000 0.00353722
247000 0.00353816
248000 0.00353918
249000 0.00354087
250000 0.00354223
251000 0.00354352
252000 0.00354424
253000 0.00354528
254000 0.00354631
255000 0.00354701
256000 0.00354755
257000 0.00354838
258000 0.00354849
259000 0.00354807
260000 0.00354791
261000 0.00354816
262000 0.00354879
263000 0.00354895
264000 0.00354887
265000 0.00354883
266000 0.00354944
267000 0.00355003
268000 0.0035506
269000 0.00355119
270000 0.003552
271000 0.0035523
272000 0.00355257
273000 0.00355258
274000 0.00355203
275000 0.00355088
276000 0.00354967
277000 0.00354859
278000 0.00354789
279000 0.00354668
280000 0.00354538
281000 0.00354425
282000 0.00354352
283000 0.00354286
284000 0.00354218
285000 0.00354166
286000 0.00354126
287000 0.00354067
288000 0.00354018
289000 0.00353978
290000 0.00353938
291000 0.00353911
292000 0.00353875
293000 0.00353843
294000 0.00353792
295000 0.0035368
296000 0.00353515
297000 0.00353335
298000 0.0035316
299000 0.00352968
300000 0.00352771
301000 0.00352579
302000 0.0035238
303000 0.00352188
304000 0.00351988
305000 0.00351793
306000 0.00351579
307000 0.00351386
308000 0.00351205
309000 0.00351016
310000 0.00350852
311000 0.00350703
312000 0.00350527
313000 0.00350331
314000 0.00350164
315000 0.00349963
316000 0.00349738
317000 0.00349559
318000 0.00349354
319000 0.00349149
320000 0.00348966
321000 0.00348799
322000 0.00348641
323000 0.00348504
324000 0.0034835
325000 0.00348211
326000 0.00348054
327000 0.00347897
328000 0.00347777
329000 0.00347643
330000 0.00347515
331000 0.00347406
332000 0.00347336
333000 0.00347331
334000 0.00347339
335000 0.00347342
336000 0.00347351
337000 0.00347318
338000 0.00347248
339000 0.00347157
340000 0.00347001
341000 0.0034681
342000 0.0034661
343000 0.00346342
344000 0.00346099
345000 0.00345858
346000 0.00345591
347000 0.00345292
348000 0.00344994
349000 0.00344655
350000 0.00344332
351000 0.00344003
352000 0.00343713
353000 0.00343464
354000 0.0034325
355000 0.00343064
356000 0.00342877
357000 0.00342693
358000 0.00342528
359000 0.00342382
360000 0.0034223
361000 0.00342087
362000 0.00341985
363000 0.00341876
364000 0.00341798
365000 0.00341757
366000 0.00341704
367000 0.00341669
368000 0.00341623
369000 0.00341582
370000 0.00341541
371000 0.00341493
372000 0.00341486
373000 0.00341501
374000 0.00341503
375000 0.00341494
376000 0.00341495
377000 0.00341488
378000 0.0034144
379000 0.0034141
380000 0.00341368
381000 0.0034132
382000 0.00341263
383000 0.0034119
384000 0.00341145
385000 0.00341118
386000 0.0034109
387000 0.00341085
388000 0.00341101
389000 0.00341138
390000 0.00341177
391000 0.00341237
392000 0.00341289
393000 0.00341322
394000 0.00341347
395000 0.00341411
396000 0.00341467
397000 0.00341557
398000 0.00341644
399000 0.00341773
400000 0.00341952
401000 0.00342119
402000 0.00342298
403000 0.00342501
404000 0.00342691
405000 0.00342907
406000 0.00343144
407000 0.00343377
408000 0.00343588
409000 0.00343812
410000 0.00344028
411000 0.00344245
412000 0.00344469
413000 0.00344714
414000 0.00344936
415000 0.00345124
416000 0.00345327
417000 0.00345548
418000 0.00345784
419000 0.00346004
420000 0.00346242
421000 0.0034652
422000 0.00346842
423000 0.00347212
424000 0.00347587
425000 0.0034797
426000 0.00348369
427000 0.00348769
428000 0.00349115
429000 0.00349425
430000 0.00349752
431000 0.00350117
432000 0.00350505
433000 0.00350953
434000 0.00351401
435000 0.00351814
436000 0.00352267
437000 0.00352728
438000 0.00353199
439000 0.00353651
440000 0.00354077
441000 0.00354516
442000 0.00354933
443000 0.00355277
444000 0.00355593
445000 0.00355863
446000 0.00356108
447000 0.00356313
448000 0.00356533
449000 0.00356767
450000 0.00357003
451000 0.00357173
452000 0.00357312
453000 0.00357425
454000 0.00357552
455000 0.00357722
456000 0.00357893
457000 0.00358034
458000 0.00358136
459000 0.00358219
460000 0.00358277
461000 0.00358284
462000 0.00358268
463000 0.00358252
464000 0.00358241
465000 0.00358258
466000 0.00358263
467000 0.00358277
468000 0.00358267
469000 0.00358266
470000 0.0035825
471000 0.0035822
472000 0.00358177
473000 0.00358073
474000 0.00357948
475000 0.0035779
476000 0.00357632
477000 0.00357456
478000 0.00357271
479000 0.00357121
480000 0.00356978
481000 0.00356845
482000 0.0035672
483000 0.00356577
484000 0.00356459
485000 0.00356354
486000 0.00356247
487000 0.00356178
488000 0.00356118
489000 0.00356035
490000 0.00355922
491000 0.00355811
492000 0.00355674
493000 0.00355562
494000 0.00355439
495000 0.00355345
496000 0.00355266
497000 0.00355204
498000 0.00355164
499000 0.00355143
500000 0.00355099
