1000 0.00323584
2000 0.00321851
3000 0.00321411
4000 0.00321018
5000 0.00322417
6000 0.0032281
7000 0.00323655
8000 0.00323293
9000 0.00324057
10000 0.00325279
11000 0.003248
12000 0.00325213
13000 0.0032577
14000 0.00325723
15000 0.00326107
16000 0.00326638
17000 0.00327331
18000 0.00328672
19000 0.00330484
20000 0.00332056
21000 0.00333295
22000 0.00334675
23000 0.00336091
24000 0.00336694
25000 0.00336645
26000 0.00335959
27000 0.00335353
28000 0.00334602
29000 0.00333588
30000 0.00332325
31000 0.00330752
32000 0.00328758
33000 0.00326498
34000 0.00324479
35000 0.00323013
36000 0.0032203
37000 0.00320953
38000 0.00319622
39000 0.00318493
40000 0.00317311
41000 0.00316442
42000 0.00315529
43000 0.00314615
44000 0.00313675
45000 0.00312835
46000 0.00312244
47000 0.00311826
48000 0.00311515
49000 0.00311084
50000 0.00310676
51000 0.00310327
52000 0.0031031
53000 0.00310388
54000 0.00310532
55000 0.00310911
56000 0.00311438
57000 0.00311987
58000 0.00312665
59000 0.00313346
60000 0.00313698
61000 0.00314004
62000 0.00314313
63000 0.00314715
64000 0.00315004
65000 0.00315194
66000 0.00315385
67000 0.00315679
68000 0.00315923
69000 0.00316122
70000 0.00316368
71000 0.00316419
72000 0.00316302
73000 0.00316287
74000 0.00316405
75000 0.00316381
76000 0.00316406
77000 0.00316312
78000 0.00316166
79000 0.00315979
80000 0.00315849
81000 0.00315821
82000 0.00316014
83000 0.00316094
84000 0.00316198
85000 0.00316348
86000 0.00316508
87000 0.00316663
88000 0.00316792
89000 0.0031691
90000 0.00317035
91000 0.00317115
92000 0.0031704
93000 0.0031693
94000 0.00316842
95000 0.00316685
96000 0.00316466
97000 0.00316074
98000 0.00315676
99000 0.00315425
100000 0.00315292
101000 0.00315084
102000 0.00314896
103000 0.00314812
104000 0.00314701
105000 0.00314509
106000 0.00314218
107000 0.00313857
108000 0.00313494
109000 0.0031319
110000 0.00312928
111000 0.00312708
112000 0.00312505
113000 0.00312323
114000 0.00312131
115000 0.00311899
116000 0.00311533
117000 0.00311107
118000 0.00310639
119000 0.00310256
120000 0.00309945
121000 0.00309655
122000 0.00309264
123000 0.00308865
124000 0.00308476
125000 0.0030796
126000 0.00307413
127000 0.00306907
128000 0.00306393
129000 0.00305915
130000 0.00305441
131000 0.00304984
132000 0.00304474
133000 0.00303902
134000 0.00303317
135000 0.0030269
136000 0.0030209
137000 0.00301613
138000 0.00301211
139000 0.00300794
140000 0.00300386
141000 0.00299997
142000 0.00299677
143000 0.00299453
144000 0.0029922
145000 0.00298992
146000 0.00298752
147000 0.00298547
148000 0.00298428
149000 0.00298338
150000 0.00298227
151000 0.00298129
152000 0.00297983
153000 0.00297792
154000 0.00297593
155000 0.00297394
156000 0.00297213
157000 0.00296958
158000 0.00296703
159000 0.0029651
160000 0.00296218
161000 0.00295904
162000 0.00295605
163000 0.00295248
164000 0.00294912
165000 0.0029452
166000 0.00294103
167000 0.00293739
168000 0.00293444
169000 0.00293165
170000 0.00292858
171000 0.00292436
172000 0.00291928
173000 0.00291409
174000 0.0029094
175000 0.00290547
176000 0.00290226
177000 0.00289934
178000 0.00289664
179000 0.00289343
180000 0.00289003
181000 0.00288753
182000 0.00288628
183000 0.00288545
184000 0.00288487
185000 0.00288401
186000 0.00288338
187000 0.00288355
188000 0.00288346
189000 0.00288325
190000 0.00288416
191000 0.00288502
192000 0.00288567
193000 0.00288682
194000 0.00288789
195000 0.00288896
196000 0.00288982
197000 0.00289076
198000 0.00289144
199000 0.00289138
200000 0.0028904
201000 0.00288984
202000 0.00288849
203000 0.00288731
204000 0.00288573
205000 0.00288429
206000 0.0028829
207000 0.00288166
208000 0.00288104
209000 0.00288073
210000 0.00287999
211000 0.00287965
212000 0.00287919
213000 0.00287855
214000 0.00287792
215000 0.00287721
216000 0.0028765
217000 0.00287638
218000 0.00287661
219000 0.00287734
220000 0.00287805
221000 0.00287812
222000 0.00287826
223000 0.00287793
224000 0.00287723
225000 0.0028757
226000 0.00287412
227000 0.00287304
228000 0.002872
229000 0.00287114
230000 0.00287093
231000 0.00287118
232000 0.00287215
233000 0.00287297
234000 0.0028738
235000 0.00287483
236000 0.00287569
237000 0.00287613
238000 0.00287628
239000 0.002877
240000 0.00287782
241000 0.00287865
242000 0.00287938
243000 0.00288058
244000 0.00288264
245000 0.00288529
246000 0.00288811
247000 0.00289062
248000 0.002893
249000 0.00289483
250000 0.00289632
251000 0.00289811
252000 0.0029009
253000 0.00290392
254000 0.00290687
255000 0.00290986
256000 0.00291262
257000 0.00291496
258000 0.00291693
259000 0.00291824
260000 0.00291866
261000 0.00291905
262000 0.00291948
263000 0.00291988
264000 0.0029199
265000 0.00291931
266000 0.00291904
267000 0.00291934
268000 0.00292007
269000 0.00292073
270000 0.002921
271000 0.00292148
272000 0.00292198
273000 0.00292259
274000 0.00292299
275000 0.00292361
276000 0.00292422
277000 0.00292419
278000 0.00292406
279000 0.00292378
280000 0.0029232
281000 0.00292235
282000 0.00292155
283000 0.00292035
284000 0.00291894
285000 0.00291795
286000 0.00291705
287000 0.00291639
288000 0.0029158
289000 0.00291531
290000 0.00291455
291000 0.00291413
292000 0.00291356
293000 0.00291292
294000 0.00291203
295000 0.00291107
296000 0.00291045
297000 0.00290952
298000 0.00290849
299000 0.00290759
300000 0.00290667
301000 0.0029051
302000 0.00290341
303000 0.00290184
304000 0.00290025
305000 0.00289838
306000 0.00289645
307000 0.00289451
308000 0.00289256
309000 0.00289079
310000 0.00288907
311000 0.00288722
312000 0.00288579
313000 0.00288434
314000 0.00288281
315000 0.00288124
316000 0.00287957
317000 0.00287827
318000 0.00287684
319000 0.00287551
320000 0.00287404
321000 0.00287266
322000 0.00287119
323000 0.00286934
324000 0.00286755
325000 0.0028658
326000 0.00286419
327000 0.00286273
328000 0.00286113
329000 0.00285955
330000 0.00285787
331000 0.00285612
332000 0.00285423
333000 0.00285249
334000 0.00285058
335000 0.00284885
336000 0.00284771
337000 0.00284703
338000 0.00284662
339000 0.00284626
340000 0.00284549
341000 0.00284469
342000 0.00284427
343000 0.0028437
344000 0.00284356
345000 0.00284376
346000 0.0028441
347000 0.00284408
348000 0.00284379
349000 0.00284336
350000 0.00284331
351000 0.00284331
352000 0.0028432
353000 0.00284275
354000 0.00284193
355000 0.00284122
356000 0.00284063
357000 0.00283985
358000 0.00283905
359000 0.00283846
360000 0.00283757
361000 0.00283629
362000 0.002835
363000 0.00283395
364000 0.00283292
365000 0.00283132
366000 0.0028296
367000 0.00282831
368000 0.00282711
369000 0.00282599
370000 0.00282507
371000 0.00282437
372000 0.00282373
373000 0.0028229
374000 0.00282207
375000 0.00282163
376000 0.00282096
377000 0.00281989
378000 0.00281857
379000 0.00281711
380000 0.00281556
381000 0.00281389
382000 0.00281191
383000 0.00280998
384000 0.00280823
385000 0.00280615
386000 0.00280426
387000 0.00280277
388000 0.00280148
389000 0.0028001
390000 0.00279914
391000 0.00279815
392000 0.00279682
393000 0.00279515
394000 0.00279357
395000 0.00279205
396000 0.00279087
397000 0.00278968
398000 0.00278851
399000 0.00278701
400000 0.00278565
401000 0.00278413
402000 0.00278219
403000 0.00277976
404000 0.00277703
405000 0.00277434
406000 0.0027719
407000 0.00276953
408000 0.00276729
409000 0.00276496
410000 0.00276272
411000 0.00276077
412000 0.0027588
413000 0.00275684
414000 0.00275528
415000 0.00275363
416000 0.00275218
417000 0.00275076
418000 0.00274932
419000 0.00274756
420000 0.00274581
421000 0.00274442
422000 0.00274294
423000 0.00274142
424000 0.00274014
425000 0.00273882
426000 0.00273757
427000 0.00273633
428000 0.00273509
429000 0.00273349
430000 0.00273164
431000 0.00272972
432000 0.00272775
433000 0.00272569
434000 0.00272383
435000 0.00272195
436000 0.0027201
437000 0.00271807
438000 0.00271616
439000 0.00271435
440000 0.00271242
441000 0.00271069
442000 0.002709
443000 0.00270761
444000 0.00270649
445000 0.00270569
446000 0.0027051
447000 0.00270432
448000 0.00270383
449000 0.00270332
450000 0.00270263
451000 0.00270209
452000 0.00270146
453000 0.00270097
454000 0.00270048
455000 0.00270004
456000 0.00269955
457000 0.00269889
458000 0.00269819
459000 0.00269743
460000 0.00269639
461000 0.00269546
462000 0.00269446
463000 0.00269341
464000 0.00269218
465000 0.00269117
466000 0.00269063
467000 0.00268988
468000 0.00268897
469000 0.00268825
470000 0.00268789
471000 0.00268763
472000 0.00268706
473000 0.00268641
474000 0.00268603
475000 0.00268577
476000 0.00268553
477000 0.00268544
478000 0.00268504
479000 0.0026841
480000 0.00268311
481000 0.00268231
482000 0.00268169
483000 0.00268106
484000 0.00268049
485000 0.00267979
486000 0.00267891
487000 0.00267789
488000 0.00267676
489000 0.00267565
490000 0.00267436
491000 0.00267334
492000 0.00267251
493000 0.00267164
494000 0.00267043
495000 0.00266942
496000 0.00266876
497000 0.00266794
498000 0.00266684
499000 0.00266572
500000 0.00266477
