1000 0.00427688
2000 0.00432059
3000 0.00429122
4000 0.00423948
5000 0.00424777
6000 0.00424844
7000 0.00424799
8000 0.0042352
9000 0.00422846
10000 0.00421661
11000 0.0042172
12000 0.00421437
13000 0.0042209
14000 0.00423202
15000 0.00423013
16000 0.00423107
17000 0.0042371
18000 0.00424132
19000 0.00424711
20000 0.0042551
21000 0.00426191
22000 0.00426978
23000 0.00427918
24000 0.00428032
25000 0.00427517
26000 0.00427493
27000 0.00427494
28000 0.00427423
29000 0.00427396
30000 0.00427776
31000 0.00428157
32000 0.0042857
33000 0.00428976
34000 0.00428784
35000 0.00428565
36000 0.00428546
37000 0.00428719
38000 0.0042951
39000 0.00430093
40000 0.00430273
41000 0.00430433
42000 0.00430222
43000 0.00430057
44000 0.00429754
45000 0.00429365
46000 0.00429067
47000 0.00428798
48000 0.00428746
49000 0.0042898
50000 0.0042908
51000 0.00428879
52000 0.00428733
53000 0.0042886
54000 0.00429119
55000 0.00429247
56000 0.00429369
57000 0.00429554
58000 0.00429816
59000 0.00430029
60000 0.00430087
61000 0.00429922
62000 0.00429708
63000 0.00429716
64000 0.00429756
65000 0.00429764
66000 0.00429758
67000 0.00429799
68000 0.00429764
69000 0.00429782
70000 0.00429884
71000 0.00430214
72000 0.00430534
73000 0.00430696
74000 0.00430881
75000 0.00431195
76000 0.00431533
77000 0.0043202
78000 0.00432596
79000 0.00433186
80000 0.00433742
81000 0.0043428
82000 0.00435035
83000 0.00436098
84000 0.00436961
85000 0.00437872
86000 0.00438927
87000 0.00440017
88000 0.00440899
89000 0.00441545
90000 0.00442167
91000 0.0044289
92000 0.00443725
93000 0.00444635
94000 0.0044567
95000 0.00446641
96000 0.00447531
97000 0.00448292
98000 0.00448984
99000 0.00449741
100000 0.00450604
101000 0.00451541
102000 0.00452613
103000 0.00453881
104000 0.00455174
105000 0.00456378
106000 0.00457455
107000 0.00458497
108000 0.00459569
109000 0.00460886
110000 0.00462095
111000 0.00463368
112000 0.00464716
113000 0.00466006
114000 0.00467258
115000 0.00468493
116000 0.00469539
117000 0.00470727
118000 0.00471806
119000 0.00472885
120000 0.00473937
121000 0.00474898
122000 0.00475884
123000 0.00476944
124000 0.00477938
125000 0.00478847
126000 0.00479677
127000 0.00480494
128000 0.004813
129000 0.00482003
130000 0.00482908
131000 0.00483736
132000 0.0048446
133000 0.00485203
134000 0.00485963
135000 0.00486818
136000 0.00487662
137000 0.0048847
138000 0.00489227
139000 0.00489827
140000 0.00490484
141000 0.00491262
142000 0.0049203
143000 0.00492824
144000 0.00493554
145000 0.0049425
146000 0.00494937
147000 0.00495618
148000 0.00496177
149000 0.00496829
150000 0.00497404
151000 0.0049785
152000 0.00498266
153000 0.00498773
154000 0.00499267
155000 0.00499882
156000 0.00500443
157000 0.00501014
158000 0.00501636
159000 0.00502312
160000 0.00503038
161000 0.00503846
162000 0.00504641
163000 0.00505444
164000 0.00506261
165000 0.00507056
166000 0.00507802
167000 0.00508505
168000 0.00509241
169000 0.00509995
170000 0.00510701
171000 0.00511443
172000 0.00512154
173000 0.0051281
174000 0.0051344
175000 0.0051408
176000 0.00514648
177000 0.00515133
178000 0.00515614
179000 0.00516022
180000 0.00516329
181000 0.00516587
182000 0.00516755
183000 0.00517014
184000 0.00517293
185000 0.00517624
186000 0.00518048
187000 0.00518431
188000 0.00518724
189000 0.00519011
190000 0.00519246
191000 0.005194
192000 0.00519538
193000 0.00519693
194000 0.00519827
195000 0.00519908
196000 0.0051993
197000 0.00519958
198000 0.00519939
199000 0.00519755
200000 0.00519486
201000 0.00519195
202000 0.00518842
203000 0.00518392
204000 0.00517902
205000 0.00517429
206000 0.00516953
207000 0.00516473
208000 0.00516032
209000 0.00515545
210000 0.00515016
211000 0.00514537
212000 0.00514029
213000 0.00513515
214000 0.00513066
215000 0.00512704
216000 0.00512388
217000 0.00512058
218000 0.00511675
219000 0.00511301
220000 0.00510982
221000 0.00510583
222000 0.00510109
223000 0.0050963
224000 0.00509108
225000 0.00508497
226000 0.00507891
227000 0.00507251
228000 0.00506645
229000 0.0050608
230000 0.00505521
231000 0.0050492
232000 0.00504346
233000 0.00503737
234000 0.00503126
235000 0.00502555
236000 0.0050205
237000 0.00501542
238000 0.00501014
239000 0.00500453
240000 0.00499823
241000 0.00499149
242000 0.00498511
243000 0.00497796
244000 0.00497067
245000 0.00496357
246000 0.00495619
247000 0.00494872
248000 0.00494109
249000 0.00493301
250000 0.00492531
251000 0.00491781
252000 0.00491016
253000 0.0049024
254000 0.00489476
255000 0.0048873
256000 0.00487974
257000 0.00487233
258000 0.00486496
259000 0.0048575
260000 0.00484969
261000 0.0048421
262000 0.00483456
263000 0.00482694
264000 0.00481928
265000 0.00481177
266000 0.00480425
267000 0.00479686
268000 0.00478972
269000 0.00478303
270000 0.00477646
271000 0.00476969
272000 0.00476264
273000 0.00475528
274000 0.00474786
275000 0.00474045
276000 0.00473324
277000 0.00472618
278000 0.00471954
279000 0.00471331
280000 0.00470717
281000 0.00470111
282000 0.00469517
283000 0.00468888
284000 0.0046819
285000 0.00467493
286000 0.00466763
287000 0.00466034
288000 0.00465316
289000 0.00464572
290000 0.00463807
291000 0.00463056
292000 0.00462336
293000 0.00461649
294000 0.00460956
295000 0.00460249
296000 0.00459541
297000 0.00458822
298000 0.00458089
299000 0.00457343
300000 0.00456589
301000 0.00455848
302000 0.00455101
303000 0.00454382
304000 0.00453661
305000 0.00452963
306000 0.00452303
307000 0.00451656
308000 0.0045099
309000 0.00450332
310000 0.0044966
311000 0.00448945
312000 0.00448232
313000 0.00447526
314000 0.00446839
315000 0.00446195
316000 0.00445591
317000 0.00445001
318000 0.00444433
319000 0.00443883
320000 0.00443354
321000 0.00442831
322000 0.00442323
323000 0.0044182
324000 0.0044129
325000 0.00440736
326000 0.0044014
327000 0.00439552
328000 0.00438988
329000 0.00438474
330000 0.00437922
331000 0.0043738
332000 0.00436845
333000 0.00436323
334000 0.0043578
335000 0.00435216
336000 0.00434639
337000 0.00434067
338000 0.00433453
339000 0.00432819
340000 0.0043217
341000 0.00431522
342000 0.0043089
343000 0.00430253
344000 0.00429657
345000 0.00429076
346000 0.00428493
347000 0.00427935
348000 0.00427388
349000 0.0042682
350000 0.00426237
351000 0.00425671
352000 0.00425158
353000 0.00424689
354000 0.00424261
355000 0.00423791
356000 0.00423351
357000 0.00422886
358000 0.0042242
359000 0.00421957
360000 0.0042147
361000 0.00421018
362000 0.00420587
363000 0.00420187
364000 0.00419858
365000 0.00419552
366000 0.00419229
367000 0.00418896
368000 0.00418546
369000 0.00418202
370000 0.00417862
371000 0.0041751
372000 0.00417126
373000 0.004168
374000 0.00416497
375000 0.00416199
376000 0.004159
377000 0.00415595
378000 0.00415331
379000 0.00415061
380000 0.00414774
381000 0.00414519
382000 0.00414256
383000 0.00413957
384000 0.00413635
385000 0.00413318
386000 0.00412998
387000 0.00412676
388000 0.00412379
389000 0.00412104
390000 0.00411854
391000 0.0041163
392000 0.00411422
393000 0.00411195
394000 0.0041097
395000 0.00410741
396000 0.00410538
397000 0.00410338
398000 0.0041017
399000 0.00410003
400000 0.00409843
401000 0.00409679
402000 0.00409516
403000 0.00409298
404000 0.0040908
405000 0.0040881
406000 0.00408535
407000 0.00408279
408000 0.00408065
409000 0.00407838
410000 0.00407639
411000 0.00407461
412000 0.00407279
413000 0.00407111
414000 0.00406935
415000 0.00406755
416000 0.00406596
417000 0.00406462
418000 0.00406355
419000 0.00406239
420000 0.00406084
421000 0.00405924
422000 0.00405745
423000 0.00405568
424000 0.00405383
425000 0.00405186
426000 0.00405001
427000 0.00404809
428000 0.00404567
429000 0.0040431
430000 0.0040404
431000 0.00403774
432000 0.00403496
433000 0.00403199
434000 0.00402919
435000 0.00402651
436000 0.00402389
437000 0.00402115
438000 0.00401833
439000 0.00401532
440000 0.00401239
441000 0.00400942
442000 0.00400624
443000 0.00400296
444000 0.00399952
445000 0.00399611
446000 0.00399245
447000 0.00398872
448000 0.0039851
449000 0.0039817
450000 0.00397842
451000 0.00397513
452000 0.00397167
453000 0.00396834
454000 0.00396499
455000 0.00396166
456000 0.00395838
457000 0.00395494
458000 0.00395153
459000 0.00394805
460000 0.00394439
461000 0.00394069
462000 0.00393706
463000 0.00393365
464000 0.0039302
465000 0.00392679
466000 0.00392323
467000 0.00391986
468000 0.00391654
469000 0.00391288
470000 0.00390893
471000 0.00390477
472000 0.00390069
473000 0.00389683
474000 0.00389297
475000 0.00388911
476000 0.00388536
477000 0.00388168
478000 0.0038782
479000 0.00387471
480000 0.00387132
481000 0.00386798
482000 0.00386471
483000 0.00386157
484000 0.0038584
485000 0.00385532
486000 0.00385221
487000 0.00384886
488000 0.0038455
489000 0.00384235
490000 0.00383938
491000 0.00383655
492000 0.00383374
493000 0.00383066
494000 0.00382757
495000 0.00382468
496000 0.00382203
497000 0.00381966
498000 0.0038173
499000 0.00381524
500000 0.00381337
