1000 0.00472659
2000 0.00473196
3000 0.00478382
4000 0.00485505
5000 0.00490152
6000 0.00490161
7000 0.00487701
8000 0.00487024
9000 0.00488682
10000 0.00491703
11000 0.0049337
12000 0.00492971
13000 0.00493127
14000 0.00493614
15000 0.00495622
16000 0.00496458
17000 0.00495965
18000 0.00494864
19000 0.00493981
20000 0.00493347
21000 0.0049335
22000 0.00492843
23000 0.00491887
24000 0.00491048
25000 0.00490487
26000 0.00489918
27000 0.00488681
28000 0.0048764
29000 0.00486512
30000 0.0048511
31000 0.00482866
32000 0.00480744
33000 0.00478806
34000 0.00476649
35000 0.00474956
36000 0.00473525
37000 0.00472381
38000 0.00471336
39000 0.00469926
40000 0.00468757
41000 0.00467437
42000 0.00465931
43000 0.00464306
44000 0.00462773
45000 0.0046137
46000 0.00460026
47000 0.00459127
48000 0.00457858
49000 0.00456418
50000 0.00455091
51000 0.00453919
52000 0.0045323
53000 0.00452932
54000 0.00452572
55000 0.00452072
56000 0.00451698
57000 0.00451322
58000 0.00450821
59000 0.00450294
60000 0.00449935
61000 0.0044942
62000 0.00448959
63000 0.00448889
64000 0.00448963
65000 0.00449122
66000 0.0044942
67000 0.0044952
68000 0.00449416
69000 0.00449228
70000 0.0044898
71000 0.00448793
72000 0.0044834
73000 0.00447691
74000 0.00447304
75000 0.00447129
76000 0.00446984
77000 0.00446603
78000 0.00446107
79000 0.00445772
80000 0.00445217
81000 0.00444632
82000 0.0044392
83000 0.00443225
84000 0.00442765
85000 0.00442269
86000 0.00441828
87000 0.00441262
88000 0.00440719
89000 0.00440323
90000 0.00439812
91000 0.00439422
92000 0.00439007
93000 0.0043858
94000 0.00438127
95000 0.00437734
96000 0.00437231
97000 0.00436554
98000 0.00435862
99000 0.00435316
100000 0.00434846
101000 0.00434306
102000 0.00433604
103000 0.00432865
104000 0.00432183
105000 0.00431414
106000 0.00430738
107000 0.00430047
108000 0.00429454
109000 0.00428843
110000 0.00428183
111000 0.00427384
112000 0.00426741
113000 0.00426164
114000 0.00425617
115000 0.00425064
116000 0.00424636
117000 0.00424321
118000 0.00424099
119000 0.00423947
120000 0.00423735
121000 0.00423633
122000 0.00423567
123000 0.0042335
124000 0.00422925
125000 0.00422367
126000 0.00421703
127000 0.00421014
128000 0.0042027
129000 0.00419445
130000 0.00418823
131000 0.00418228
132000 0.00417628
133000 0.00416889
134000 0.00416102
135000 0.00415376
136000 0.00414669
137000 0.00414
138000 0.00413406
139000 0.0041275
140000 0.00412053
141000 0.00411332
142000 0.00410699
143000 0.00410091
144000 0.00409552
145000 0.00409069
146000 0.00408581
147000 0.00408068
148000 0.00407628
149000 0.00407196
150000 0.00406821
151000 0.00406374
152000 0.00405985
153000 0.00405647
154000 0.00405392
155000 0.00405126
156000 0.00404774
157000 0.004045
158000 0.00404241
159000 0.00404096
160000 0.00403993
161000 0.00403809
162000 0.00403396
163000 0.00403041
164000 0.00402707
165000 0.00402336
166000 0.00401945
167000 0.00401504
168000 0.00401076
169000 0.00400565
170000 0.00400045
171000 0.00399575
172000 0.00399105
173000 0.00398661
174000 0.00398197
175000 0.00397757
176000 0.00397303
177000 0.00396794
178000 0.00396203
179000 0.0039555
180000 0.00394922
181000 0.00394298
182000 0.0039365
183000 0.00392952
184000 0.00392243
185000 0.00391497
186000 0.00390771
187000 0.00390078
188000 0.00389471
189000 0.00388927
190000 0.00388361
191000 0.00387784
192000 0.00387262
193000 0.00386881
194000 0.00386542
195000 0.00386084
196000 0.00385646
197000 0.0038523
198000 0.00384778
199000 0.00384337
200000 0.00383984
201000 0.00383678
202000 0.00383387
203000 0.00383105
204000 0.00382885
205000 0.00382587
206000 0.00382292
207000 0.00382012
208000 0.00381634
209000 0.00381243
210000 0.00380851
211000 0.00380472
212000 0.00380108
213000 0.00379726
214000 0.00379388
215000 0.00379043
216000 0.00378728
217000 0.00378327
218000 0.00377935
219000 0.00377605
220000 0.00377264
221000 0.00376873
222000 0.00376476
223000 0.00376096
224000 0.00375756
225000 0.00375396
226000 0.0037502
227000 0.00374601
228000 0.00374165
229000 0.00373757
230000 0.00373343
231000 0.0037293
232000 0.00372488
233000 0.00372062
234000 0.00371603
235000 0.00371124
236000 0.00370622
237000 0.00370131
238000 0.00369595
239000 0.00369093
240000 0.00368525
241000 0.00367986
242000 0.00367425
243000 0.0036684
244000 0.00366245
245000 0.00365678
246000 0.00365096
247000 0.00364567
248000 0.0036405
249000 0.00363526
250000 0.00363017
251000 0.00362509
252000 0.00361953
253000 0.00361423
254000 0.00360929
255000 0.00360453
256000 0.00359969
257000 0.0035949
258000 0.00358985
259000 0.00358509
260000 0.00358077
261000 0.0035768
262000 0.0035733
263000 0.00356934
264000 0.00356532
265000 0.0035614
266000 0.00355725
267000 0.00355324
268000 0.00354961
269000 0.00354589
270000 0.00354213
271000 0.00353874
272000 0.00353529
273000 0.00353195
274000 0.00352878
275000 0.00352508
276000 0.00352177
277000 0.00351829
278000 0.00351457
279000 0.0035106
280000 0.0035065
281000 0.00350241
282000 0.00349816
283000 0.00349421
284000 0.00349028
285000 0.00348576
286000 0.00348144
287000 0.00347726
288000 0.00347282
289000 0.00346811
290000 0.00346382
291000 0.0034596
292000 0.00345542
293000 0.00345114
294000 0.00344687
295000 0.0034426
296000 0.00343864
297000 0.00343505
298000 0.00343152
299000 0.00342762
300000 0.0034238
301000 0.00342015
302000 0.00341699
303000 0.00341403
304000 0.00341038
305000 0.00340646
306000 0.0034029
307000 0.00339975
308000 0.00339679
309000 0.00339368
310000 0.0033906
311000 0.00338761
312000 0.00338486
313000 0.00338186
314000 0.00337936
315000 0.0033765
316000 0.00337365
317000 0.00337101
318000 0.00336825
319000 0.00336582
320000 0.00336339
321000 0.00336101
322000 0.00335864
323000 0.00335648
324000 0.0033544
325000 0.00335231
326000 0.00335035
327000 0.00334819
328000 0.00334575
329000 0.00334322
330000 0.00334064
331000 0.00333779
332000 0.00333488
333000 0.00333234
334000 0.00332991
335000 0.0033274
336000 0.00332483
337000 0.0033221
338000 0.00331928
339000 0.00331601
340000 0.00331304
341000 0.0033103
342000 0.0033079
343000 0.00330559
344000 0.00330294
345000 0.00330032
346000 0.00329774
347000 0.00329507
348000 0.00329247
349000 0.00328978
350000 0.00328726
351000 0.003285
352000 0.00328283
353000 0.00328042
354000 0.0032778
355000 0.00327504
356000 0.00327203
357000 0.00326866
358000 0.00326509
359000 0.00326152
360000 0.00325783
361000 0.00325391
362000 0.00324989
363000 0.00324623
364000 0.00324272
365000 0.00323932
366000 0.00323633
367000 0.00323334
368000 0.00323045
369000 0.00322749
370000 0.00322498
371000 0.00322264
372000 0.00322035
373000 0.00321817
374000 0.00321615
375000 0.00321365
376000 0.00321093
377000 0.00320815
378000 0.00320545
379000 0.0032028
380000 0.00320011
381000 0.0031975
382000 0.00319461
383000 0.00319164
384000 0.00318867
385000 0.00318559
386000 0.00318227
387000 0.00317876
388000 0.00317541
389000 0.00317227
390000 0.00316921
391000 0.00316623
392000 0.00316334
393000 0.00316069
394000 0.00315825
395000 0.00315577
396000 0.00315316
397000 0.00315073
398000 0.00314839
399000 0.00314554
400000 0.00314258
401000 0.00313965
402000 0.00313671
403000 0.0031336
404000 0.00313056
405000 0.00312724
406000 0.00312384
407000 0.00312061
408000 0.00311739
409000 0.00311445
410000 0.00311179
411000 0.00310939
412000 0.00310724
413000 0.00310511
414000 0.00310309
415000 0.00310122
416000 0.0030995
417000 0.00309793
418000 0.00309623
419000 0.00309464
420000 0.00309339
421000 0.00309231
422000 0.00309125
423000 0.00309025
424000 0.00308907
425000 0.00308782
426000 0.00308656
427000 0.00308503
428000 0.00308348
429000 0.0030819
430000 0.00308
431000 0.00307815
432000 0.00307622
433000 0.00307464
434000 0.00307335
435000 0.00307221
436000 0.00307122
437000 0.00307019
438000 0.00306901
439000 0.00306804
440000 0.00306715
441000 0.00306641
442000 0.00306534
443000 0.00306394
444000 0.0030624
445000 0.003061
446000 0.00305928
447000 0.00305769
448000 0.00305636
449000 0.00305515
450000 0.00305376
451000 0.00305225
452000 0.00305063
453000 0.00304909
454000 0.00304756
455000 0.00304557
456000 0.00304363
457000 0.00304142
458000 0.00303906
459000 0.00303686
460000 0.00303492
461000 0.00303323
462000 0.00303178
463000 0.0030303
464000 0.00302896
465000 0.00302775
466000 0.00302695
467000 0.00302598
468000 0.00302489
469000 0.00302381
470000 0.00302285
471000 0.00302195
472000 0.00302108
473000 0.00302017
474000 0.00301927
475000 0.00301839
476000 0.00301748
477000 0.00301644
478000 0.00301553
479000 0.00301489
480000 0.00301432
481000 0.00301358
482000 0.00301308
483000 0.0030126
484000 0.00301203
485000 0.00301161
486000 0.00301135
487000 0.00301141
488000 0.00301161
489000 0.00301162
490000 0.00301165
491000 0.0030117
492000 0.00301153
493000 0.00301116
494000 0.00301053
495000 0.00300995
496000 0.0030095
497000 0.00300902
498000 0.00300841
499000 0.00300805
500000 0.00300775
