1000 0.0032076
2000 0.00319453
3000 0.00316227
4000 0.00317665
5000 0.00316467
6000 0.00316215
7000 0.00316022
8000 0.00314899
9000 0.00313486
10000 0.00311069
11000 0.00309941
12000 0.00308683
13000 0.00308525
14000 0.00308546
15000 0.00308301
16000 0.00308697
17000 0.00308639
18000 0.00308548
19000 0.00307933
20000 0.00306979
21000 0.00306341
22000 0.00305556
23000 0.00304931
24000 0.00304288
25000 0.00303707
26000 0.00303228
27000 0.00302993
28000 0.00303566
29000 0.00304038
30000 0.00304297
31000 0.00304612
32000 0.00304771
33000 0.00305246
34000 0.00305604
35000 0.00305736
36000 0.00305589
37000 0.00305295
38000 0.00304905
39000 0.00304599
40000 0.00304015
41000 0.00303778
42000 0.00303662
43000 0.00303656
44000 0.00304005
45000 0.0030438
46000 0.00304501
47000 0.00304781
48000 0.00305162
49000 0.00305485
50000 0.00305902
51000 0.00306474
52000 0.00306906
53000 0.00307265
54000 0.00307936
55000 0.00308516
56000 0.00308986
57000 0.00309343
58000 0.00309347
59000 0.00309101
60000 0.00308653
61000 0.00308044
62000 0.00307425
63000 0.0030676
64000 0.00306227
65000 0.00305692
66000 0.00305249
67000 0.00304832
68000 0.00304596
69000 0.00304368
70000 0.00304003
71000 0.00303702
72000 0.00303419
73000 0.00303142
74000 0.00302765
75000 0.00302338
76000 0.00301967
77000 0.00301769
78000 0.00301628
79000 0.00301504
80000 0.00301383
81000 0.00301077
82000 0.0030069
83000 0.00300428
84000 0.00300238
85000 0.00300076
86000 0.00299899
87000 0.00299882
88000 0.00300077
89000 0.00300261
90000 0.00300395
91000 0.00300385
92000 0.00300259
93000 0.00300309
94000 0.00300355
95000 0.00300208
96000 0.0029997
97000 0.00299682
98000 0.00299407
99000 0.0029921
100000 0.00299073
101000 0.0029896
102000 0.00298627
103000 0.00298399
104000 0.00298153
105000 0.00297928
106000 0.00297775
107000 0.00297755
108000 0.0029774
109000 0.00297997
110000 0.00298242
111000 0.00298546
112000 0.00298878
113000 0.00299354
114000 0.00299812
115000 0.00300146
116000 0.00300398
117000 0.00300612
118000 0.00300694
119000 0.00300705
120000 0.00300769
121000 0.00300866
122000 0.00300838
123000 0.00300708
124000 0.00300588
125000 0.00300499
126000 0.0030036
127000 0.00300144
128000 0.00299723
129000 0.00299207
130000 0.00298602
131000 0.00298011
132000 0.00297484
133000 0.00297035
134000 0.00296579
135000 0.00296196
136000 0.00295858
137000 0.00295519
138000 0.00295276
139000 0.00295098
140000 0.00294926
141000 0.0029475
142000 0.00294581
143000 0.00294287
144000 0.00293975
145000 0.00293736
146000 0.00293474
147000 0.0029326
148000 0.00293044
149000 0.00292839
150000 0.00292621
151000 0.002924
152000 0.00292183
153000 0.00291986
154000 0.00291694
155000 0.00291451
156000 0.00291199
157000 0.00290941
158000 0.00290633
159000 0.00290245
160000 0.00289905
161000 0.00289563
162000 0.00289178
163000 0.00288801
164000 0.00288344
165000 0.00287854
166000 0.00287329
167000 0.0028681
168000 0.00286288
169000 0.00285825
170000 0.0028543
171000 0.00285103
172000 0.00284843
173000 0.00284596
174000 0.00284378
175000 0.00284174
176000 0.00283975
177000 0.00283803
178000 0.00283615
179000 0.00283435
180000 0.00283239
181000 0.00283042
182000 0.00282838
183000 0.00282676
184000 0.00282561
185000 0.00282438
186000 0.00282237
187000 0.0028201
188000 0.00281757
189000 0.00281513
190000 0.00281278
191000 0.00281013
192000 0.00280759
193000 0.00280471
194000 0.00280099
195000 0.00279672
196000 0.00279242
197000 0.00278833
198000 0.00278422
199000 0.00278023
200000 0.00277642
201000 0.00277286
202000 0.00276924
203000 0.00276547
204000 0.00276185
205000 0.00275871
206000 0.00275602
207000 0.00275364
208000 0.00275096
209000 0.0027484
210000 0.00274558
211000 0.00274244
212000 0.00273927
213000 0.00273614
214000 0.00273365
215000 0.00273166
216000 0.00272954
217000 0.00272734
218000 0.00272529
219000 0.00272313
220000 0.00272081
221000 0.00271833
222000 0.00271582
223000 0.0027135
224000 0.00271191
225000 0.00271077
226000 0.00270991
227000 0.00270931
228000 0.00270933
229000 0.00270901
230000 0.00270788
231000 0.00270675
232000 0.00270546
233000 0.00270417
234000 0.00270275
235000 0.00270131
236000 0.0027
237000 0.00269881
238000 0.00269775
239000 0.00269672
240000 0.00269561
241000 0.0026946
242000 0.00269334
243000 0.00269155
244000 0.00268941
245000 0.00268761
246000 0.00268626
247000 0.00268563
248000 0.00268539
249000 0.00268487
250000 0.00268394
251000 0.00268276
252000 0.0026813
253000 0.00267956
254000 0.00267828
255000 0.00267729
256000 0.00267666
257000 0.00267598
258000 0.00267557
259000 0.0026748
260000 0.00267375
261000 0.00267258
262000 0.00267176
263000 0.00267121
264000 0.00267071
265000 0.00266977
266000 0.00266901
267000 0.0026681
268000 0.002667
269000 0.00266566
270000 0.0026646
271000 0.00266345
272000 0.00266204
273000 0.0026607
274000 0.00265946
275000 0.00265865
276000 0.00265791
277000 0.00265741
278000 0.00265724
279000 0.00265737
280000 0.00265783
281000 0.00265854
282000 0.00265978
283000 0.00266087
284000 0.00266092
285000 0.00266077
286000 0.00266061
287000 0.00266033
288000 0.00265987
289000 0.00265941
290000 0.00265904
291000 0.00265864
292000 0.00265875
293000 0.0026588
294000 0.00265912
295000 0.00265963
296000 0.00266048
297000 0.00266192
298000 0.00266371
299000 0.00266528
300000 0.00266696
301000 0.00266925
302000 0.00267148
303000 0.00267305
304000 0.00267466
305000 0.00267651
306000 0.00267852
307000 0.00268028
308000 0.00268193
309000 0.00268354
310000 0.0026853
311000 0.00268705
312000 0.00268899
313000 0.00269071
314000 0.0026922
315000 0.00269396
316000 0.00269552
317000 0.0026965
318000 0.00269715
319000 0.00269756
320000 0.00269834
321000 0.00269896
322000 0.00269954
323000 0.00269974
324000 0.00269984
325000 0.00269954
326000 0.00269892
327000 0.00269817
328000 0.00269768
329000 0.00269709
330000 0.00269636
331000 0.00269543
332000 0.00269391
333000 0.00269249
334000 0.00269155
335000 0.00269069
336000 0.00268947
337000 0.00268845
338000 0.00268738
339000 0.0026864
340000 0.00268528
341000 0.00268394
342000 0.00268229
343000 0.00268048
344000 0.00267894
345000 0.00267757
346000 0.00267569
347000 0.00267372
348000 0.00267178
349000 0.00267008
350000 0.0026685
351000 0.00266721
352000 0.00266601
353000 0.002665
354000 0.00266388
355000 0.00266287
356000 0.00266176
357000 0.00266059
358000 0.00265964
359000 0.00265883
360000 0.0026577
361000 0.0026565
362000 0.00265535
363000 0.00265442
364000 0.0026537
365000 0.00265315
366000 0.00265261
367000 0.00265245
368000 0.00265241
369000 0.0026525
370000 0.00265239
371000 0.00265203
372000 0.00265166
373000 0.00265143
374000 0.00265127
375000 0.00265115
376000 0.00265114
377000 0.00265135
378000 0.0026517
379000 0.00265203
380000 0.00265234
381000 0.00265275
382000 0.00265304
383000 0.0026535
384000 0.00265341
385000 0.00265306
386000 0.00265272
387000 0.00265263
388000 0.00265273
389000 0.00265304
390000 0.00265332
391000 0.00265416
392000 0.00265504
393000 0.0026563
394000 0.00265782
395000 0.00265957
396000 0.00266113
397000 0.00266242
398000 0.00266365
399000 0.00266526
400000 0.00266693
401000 0.00266871
402000 0.00267039
403000 0.00267195
404000 0.00267351
405000 0.00267495
406000 0.00267627
407000 0.00267769
408000 0.00267861
409000 0.00267921
410000 0.00267971
411000 0.00267999
412000 0.00268012
413000 0.00268029
414000 0.00268047
415000 0.00268052
416000 0.00268059
417000 0.00268049
418000 0.00268022
419000 0.00268019
420000 0.00268025
421000 0.00268045
422000 0.00268066
423000 0.00268091
424000 0.0026815
425000 0.00268236
426000 0.00268358
427000 0.00268495
428000 0.00268604
429000 0.00268699
430000 0.00268777
431000 0.00268846
432000 0.00268932
433000 0.00269025
434000 0.00269138
435000 0.00269256
436000 0.00269378
437000 0.00269514
438000 0.00269641
439000 0.00269755
440000 0.00269897
441000 0.00270036
442000 0.0027019
443000 0.00270336
444000 0.00270451
445000 0.00270565
446000 0.00270666
447000 0.00270721
448000 0.00270777
449000 0.00270826
450000 0.00270864
451000 0.00270889
452000 0.00270916
453000 0.0027098
454000 0.00271062
455000 0.00271141
456000 0.00271231
457000 0.00271347
458000 0.0027146
459000 0.00271593
460000 0.00271749
461000 0.00271927
462000 0.00272118
463000 0.00272313
464000 0.00272502
465000 0.00272676
466000 0.00272875
467000 0.00273109
468000 0.00273339
469000 0.00273559
470000 0.00273764
471000 0.00273947
472000 0.00274129
473000 0.00274288
474000 0.00274411
475000 0.00274529
476000 0.00274677
477000 0.0027484
478000 0.00274973
479000 0.00275099
480000 0.00275247
481000 0.00275408
482000 0.00275579
483000 0.00275778
484000 0.00275983
485000 0.00276186
486000 0.00276377
487000 0.0027655
488000 0.00276704
489000 0.00276852
490000 0.00277008
491000 0.00277178
492000 0.00277339
493000 0.00277504
494000 0.00277676
495000 0.00277888
496000 0.00278125
497000 0.00278362
498000 0.00278593
499000 0.00278827
500000 0.00279068
