1000 0.00192112
2000 0.00182517
3000 0.00178357
4000 0.00179027
5000 0.00179238
6000 0.00175646
7000 0.00171254
8000 0.00167717
9000 0.00164958
10000 0.00163831
11000 0.00163162
12000 0.00162537
13000 0.001623
14000 0.00162331
15000 0.00163055
16000 0.00164231
17000 0.00165294
18000 0.00166582
19000 0.00167544
20000 0.00168127
21000 0.00168869
22000 0.00169754
23000 0.00170715
24000 0.00172119
25000 0.00173841
26000 0.00175136
27000 0.00176251
28000 0.00177309
29000 0.00179101
30000 0.00180485
31000 0.0018154
32000 0.00182665
33000 0.00183733
34000 0.00184978
35000 0.00186409
36000 0.00187869
37000 0.00188765
38000 0.00189316
39000 0.00190052
40000 0.00190827
41000 0.00191599
42000 0.00192105
43000 0.0019244
44000 0.00192755
45000 0.00193316
46000 0.00193844
47000 0.00194232
48000 0.00194621
49000 0.00194961
50000 0.00195436
51000 0.00195979
52000 0.00196835
53000 0.00197885
54000 0.00198723
55000 0.00199455
56000 0.00200458
57000 0.00201437
58000 0.00202322
59000 0.00203281
60000 0.00204134
61000 0.00204895
62000 0.00205748
63000 0.00206777
64000 0.00207884
65000 0.00208818
66000 0.0020979
67000 0.00210755
68000 0.00211729
69000 0.0021252
70000 0.00213354
71000 0.00214269
72000 0.00215042
73000 0.00215709
74000 0.00216444
75000 0.00217298
76000 0.00218303
77000 0.00219179
78000 0.00219872
79000 0.00220399
80000 0.00220932
81000 0.00221449
82000 0.00221909
83000 0.00222186
84000 0.00222302
85000 0.00222633
86000 0.00223102
87000 0.00223442
88000 0.00223752
89000 0.0022392
90000 0.00224102
91000 0.00224456
92000 0.00224822
93000 0.00225132
94000 0.00225483
95000 0.00225937
96000 0.00226307
97000 0.00226637
98000 0.00226955
99000 0.00227223
100000 0.00227599
101000 0.00227841
102000 0.00228038
103000 0.00228187
104000 0.00228216
105000 0.0022825
106000 0.00228392
107000 0.00228574
108000 0.00228812
109000 0.00229021
110000 0.00229163
111000 0.00229235
112000 0.00229407
113000 0.00229639
114000 0.00229907
115000 0.00230203
116000 0.00230469
117000 0.00230766
118000 0.00231029
119000 0.00231368
120000 0.00231701
121000 0.00232052
122000 0.00232391
123000 0.00232718
124000 0.00232919
125000 0.00233002
126000 0.00232955
127000 0.00232865
128000 0.00232705
129000 0.00232567
130000 0.00232461
131000 0.00232417
132000 0.00232405
133000 0.00232418
134000 0.00232288
135000 0.00232027
136000 0.00231823
137000 0.00231687
138000 0.00231546
139000 0.00231423
140000 0.00231295
141000 0.0023119
142000 0.00231127
143000 0.00231097
144000 0.00231068
145000 0.00231013
146000 0.00230919
147000 0.0023077
148000 0.00230565
149000 0.00230363
150000 0.00230129
151000 0.00229912
152000 0.00229755
153000 0.00229611
154000 0.0022948
155000 0.00229374
156000 0.00229262
157000 0.00229166
158000 0.00229056
159000 0.00228998
160000 0.00228923
161000 0.00228866
162000 0.00228795
163000 0.00228678
164000 0.00228585
165000 0.00228497
166000 0.00228387
167000 0.00228273
168000 0.00228199
169000 0.00228157
170000 0.00228199
171000 0.00228306
172000 0.00228408
173000 0.00228476
174000 0.00228523
175000 0.00228578
176000 0.00228669
177000 0.00228757
178000 0.00228813
179000 0.00228828
180000 0.00228866
181000 0.00228882
182000 0.00228872
183000 0.00228885
184000 0.00228867
185000 0.00228841
186000 0.0022884
187000 0.00228915
188000 0.00228948
189000 0.00228955
190000 0.00228978
191000 0.0022899
192000 0.00229003
193000 0.00229039
194000 0.00229006
195000 0.00228904
196000 0.00228763
197000 0.00228598
198000 0.00228472
199000 0.00228368
200000 0.00228258
201000 0.00228125
202000 0.00227962
203000 0.00227781
204000 0.00227627
205000 0.00227515
206000 0.00227384
207000 0.00227222
208000 0.00227071
209000 0.0022692
210000 0.00226807
211000 0.00226707
212000 0.00226603
213000 0.00226548
214000 0.00226513
215000 0.00226527
216000 0.00226544
217000 0.00226575
218000 0.00226599
219000 0.0022663
220000 0.0022663
221000 0.00226624
222000 0.00226608
223000 0.0022665
224000 0.00226711
225000 0.00226781
226000 0.00226854
227000 0.00226976
228000 0.00227164
229000 0.00227356
230000 0.0022757
231000 0.00227811
232000 0.00228097
233000 0.00228387
234000 0.00228643
235000 0.00228902
236000 0.002292
237000 0.00229454
238000 0.00229714
239000 0.00229981
240000 0.00230237
241000 0.00230493
242000 0.00230766
243000 0.00231042
244000 0.00231301
245000 0.00231607
246000 0.00231953
247000 0.002323
248000 0.00232653
249000 0.00233035
250000 0.00233441
251000 0.00233834
252000 0.00234184
253000 0.00234578
254000 0.00234979
255000 0.00235361
256000 0.00235793
257000 0.00236231
258000 0.00236663
259000 0.00237141
260000 0.00237604
261000 0.0023797
262000 0.00238338
263000 0.00238725
264000 0.00239142
265000 0.00239582
266000 0.00239999
267000 0.00240414
268000 0.00240866
269000 0.00241351
270000 0.00241808
271000 0.00242229
272000 0.00242648
273000 0.00243076
274000 0.00243526
275000 0.00243979
276000 0.00244411
277000 0.00244814
278000 0.00245237
279000 0.00245728
280000 0.00246202
281000 0.00246585
282000 0.00246943
283000 0.00247269
284000 0.00247602
285000 0.00247938
286000 0.00248303
287000 0.00248639
288000 0.00248966
289000 0.00249298
290000 0.00249656
291000 0.00250045
292000 0.0025041
293000 0.00250698
294000 0.0025095
295000 0.00251177
296000 0.00251421
297000 0.00251662
298000 0.00251877
299000 0.00252053
300000 0.00252181
301000 0.00252311
302000 0.00252429
303000 0.0025252
304000 0.00252608
305000 0.00252728
306000 0.00252845
307000 0.00252976
308000 0.00253113
309000 0.00253221
310000 0.00253338
311000 0.00253434
312000 0.00253557
313000 0.00253745
314000 0.0025391
315000 0.00254101
316000 0.00254309
317000 0.00254515
318000 0.00254674
319000 0.00254814
320000 0.00254952
321000 0.00255082
322000 0.00255224
323000 0.00255375
324000 0.0025556
325000 0.00255798
326000 0.00256112
327000 0.00256458
328000 0.00256784
329000 0.00257018
330000 0.00257274
331000 0.00257505
332000 0.00257726
333000 0.00257984
334000 0.00258246
335000 0.00258541
336000 0.0025889
337000 0.00259228
338000 0.0025952
339000 0.00259828
340000 0.00260153
341000 0.00260507
342000 0.00260843
343000 0.0026115
344000 0.00261457
345000 0.00261769
346000 0.00262095
347000 0.00262367
348000 0.00262641
349000 0.00262903
350000 0.00263166
351000 0.00263426
352000 0.00263694
353000 0.00263964
354000 0.00264258
355000 0.00264536
356000 0.00264839
357000 0.00265159
358000 0.00265494
359000 0.00265837
360000 0.00266146
361000 0.00266457
362000 0.00266798
363000 0.00267117
364000 0.0026743
365000 0.00267706
366000 0.00267958
367000 0.00268219
368000 0.00268497
369000 0.00268767
370000 0.00269018
371000 0.00269258
372000 0.00269445
373000 0.00269617
374000 0.00269806
375000 0.00270005
376000 0.00270182
377000 0.00270341
378000 0.00270517
379000 0.00270657
380000 0.00270813
381000 0.00270949
382000 0.002711
383000 0.00271244
384000 0.0027139
385000 0.00271535
386000 0.0027175
387000 0.00271984
388000 0.002722
389000 0.0027244
390000 0.00272709
391000 0.00272947
392000 0.00273203
393000 0.00273476
394000 0.00273727
395000 0.00273951
396000 0.00274189
397000 0.00274444
398000 0.00274704
399000 0.00274945
400000 0.00275137
401000 0.00275347
402000 0.00275599
403000 0.00275876
404000 0.00276142
405000 0.00276407
406000 0.00276682
407000 0.00276982
408000 0.0027726
409000 0.0027753
410000 0.00277803
411000 0.00278031
412000 0.00278242
413000 0.00278441
414000 0.00278629
415000 0.00278844
416000 0.00279048
417000 0.00279213
418000 0.00279343
419000 0.00279461
420000 0.00279573
421000 0.00279678
422000 0.002798
423000 0.00279945
424000 0.00280122
425000 0.00280364
426000 0.00280615
427000 0.00280896
428000 0.00281128
429000 0.002813
430000 0.00281452
431000 0.0028163
432000 0.00281814
433000 0.00281985
434000 0.00282187
435000 0.00282401
436000 0.00282622
437000 0.00282857
438000 0.00283127
439000 0.00283375
440000 0.00283638
441000 0.00283951
442000 0.00284278
443000 0.00284618
444000 0.00284972
445000 0.00285316
446000 0.00285637
447000 0.00285963
448000 0.00286262
449000 0.0028654
450000 0.00286833
451000 0.00287137
452000 0.00287395
453000 0.00287631
454000 0.00287855
455000 0.00288089
456000 0.0028837
457000 0.00288637
458000 0.00288878
459000 0.00289115
460000 0.00289369
461000 0.00289601
462000 0.00289869
463000 0.0029014
464000 0.00290436
465000 0.00290706
466000 0.00290974
467000 0.00291265
468000 0.00291572
469000 0.00291886
470000 0.00292174
471000 0.0029243
472000 0.00292646
473000 0.00292836
474000 0.00293061
475000 0.00293323
476000 0.00293581
477000 0.00293835
478000 0.00294088
479000 0.00294321
480000 0.0029458
481000 0.00294836
482000 0.00295081
483000 0.00295299
484000 0.00295511
485000 0.00295727
486000 0.00295953
487000 0.00296164
488000 0.00296398
489000 0.00296636
490000 0.00296904
491000 0.00297164
492000 0.0029744
493000 0.0029768
494000 0.00297898
495000 0.00298051
496000 0.00298187
497000 0.00298336
498000 0.00298545
499000 0.00298771
500000 0.00298982
