1000 0.00352641
2000 0.00349757
3000 0.00357385
4000 0.00360467
5000 0.00361808
6000 0.00357607
7000 0.00353697
8000 0.00352076
9000 0.00349807
10000 0.00346308
11000 0.00342308
12000 0.00338821
13000 0.00335906
14000 0.00333297
15000 0.00331408
16000 0.00329821
17000 0.00328585
18000 0.00327855
19000 0.00327475
20000 0.0032742
21000 0.00327164
22000 0.00327265
23000 0.00327678
24000 0.00327929
25000 0.00328622
26000 0.00328505
27000 0.00327892
28000 0.00327062
29000 0.00326333
30000 0.00325317
31000 0.00324475
32000 0.00323704
33000 0.00323286
34000 0.00322943
35000 0.00322918
36000 0.00323159
37000 0.00323255
38000 0.00323304
39000 0.00323225
40000 0.00323096
41000 0.00322751
42000 0.00322421
43000 0.00322109
44000 0.00321866
45000 0.00321805
46000 0.00321717
47000 0.00321557
48000 0.00321041
49000 0.00320512
50000 0.00320104
51000 0.00320016
52000 0.00320223
53000 0.00320473
54000 0.00320786
55000 0.00321225
56000 0.00321603
57000 0.00322091
58000 0.00322912
59000 0.00323982
60000 0.00325074
61000 0.00326289
62000 0.00327527
63000 0.00328794
64000 0.00330049
65000 0.0033136
66000 0.00332579
67000 0.00334014
68000 0.00335416
69000 0.00336938
70000 0.00338582
71000 0.00340168
72000 0.0034171
73000 0.00343272
74000 0.00344881
75000 0.00346614
76000 0.00348306
77000 0.0034991
78000 0.0035152
79000 0.00352992
80000 0.00354188
81000 0.00355182
82000 0.00355977
83000 0.00356603
84000 0.00357145
85000 0.00357854
86000 0.0035861
87000 0.00359193
88000 0.00359721
89000 0.00360116
90000 0.00360543
91000 0.00360887
92000 0.0036139
93000 0.00361937
94000 0.00362434
95000 0.00362844
96000 0.00363222
97000 0.00363594
98000 0.00364012
99000 0.00364543
100000 0.00364895
101000 0.00365188
102000 0.00365469
103000 0.00365811
104000 0.00366125
105000 0.00366524
106000 0.00366946
107000 0.00367484
108000 0.00368162
109000 0.00368807
110000 0.00369519
111000 0.00370085
112000 0.00370692
113000 0.00371212
114000 0.00371439
115000 0.00371619
116000 0.00371819
117000 0.00371891
118000 0.00371929
119000 0.00371854
120000 0.00371711
121000 0.00371526
122000 0.00371365
123000 0.00371143
124000 0.00370953
125000 0.00370781
126000 0.00370749
127000 0.00370825
128000 0.00370893
129000 0.00370769
130000 0.00370608
131000 0.0037035
132000 0.00370042
133000 0.00369575
134000 0.00369131
135000 0.00368811
136000 0.00368543
137000 0.00368273
138000 0.00368014
139000 0.00367707
140000 0.00367393
141000 0.00367104
142000 0.00366783
143000 0.00366489
144000 0.00366211
145000 0.0036588
146000 0.00365572
147000 0.00365258
148000 0.00364983
149000 0.0036467
150000 0.00364393
151000 0.00364197
152000 0.00364092
153000 0.00364007
154000 0.00363987
155000 0.00364045
156000 0.00364167
157000 0.00364318
158000 0.00364527
159000 0.00364722
160000 0.00364807
161000 0.00364916
162000 0.00365103
163000 0.00365291
164000 0.00365496
165000 0.00365739
166000 0.00365959
167000 0.00366228
168000 0.00366546
169000 0.00366736
170000 0.00366882
171000 0.00367009
172000 0.00367141
173000 0.00367262
174000 0.00367338
175000 0.00367407
176000 0.00367524
177000 0.00367623
178000 0.00367686
179000 0.00367703
180000 0.00367619
181000 0.00367478
182000 0.00367353
183000 0.00367243
184000 0.00367151
185000 0.00367083
186000 0.00367069
187000 0.00367055
188000 0.0036705
189000 0.00367049
190000 0.0036702
191000 0.00366969
192000 0.00366901
193000 0.00366776
194000 0.00366697
195000 0.00366689
196000 0.00366745
197000 0.0036678
198000 0.00366816
199000 0.00366822
200000 0.00366854
201000 0.0036697
202000 0.00367102
203000 0.00367237
204000 0.00367365
205000 0.0036744
206000 0.00367425
207000 0.00367397
208000 0.00367368
209000 0.00367399
210000 0.00367419
211000 0.00367471
212000 0.00367587
213000 0.00367712
214000 0.00367876
215000 0.00368056
216000 0.00368245
217000 0.00368385
218000 0.00368522
219000 0.00368643
220000 0.00368796
221000 0.00368936
222000 0.00369072
223000 0.00369206
224000 0.00369323
225000 0.00369362
226000 0.00369407
227000 0.00369446
228000 0.00369507
229000 0.0036949
230000 0.00369451
231000 0.0036939
232000 0.00369328
233000 0.00369236
234000 0.00369142
235000 0.0036902
236000 0.00368917
237000 0.00368871
238000 0.00368803
239000 0.0036878
240000 0.0036879
241000 0.00368825
242000 0.00368902
243000 0.00368974
244000 0.00369048
245000 0.00369069
246000 0.00369111
247000 0.00369137
248000 0.00369221
249000 0.00369326
250000 0.00369356
251000 0.00369418
252000 0.0036946
253000 0.00369531
254000 0.00369635
255000 0.00369743
256000 0.00369872
257000 0.00370085
258000 0.00370291
259000 0.0037052
260000 0.00370679
261000 0.00370782
262000 0.00370865
263000 0.00370944
264000 0.00370984
265000 0.00370996
266000 0.00371035
267000 0.00371074
268000 0.00371108
269000 0.00371082
270000 0.0037107
271000 0.00371118
272000 0.00371156
273000 0.00371178
274000 0.00371324
275000 0.00371519
276000 0.00371694
277000 0.00371902
278000 0.00372096
279000 0.00372267
280000 0.0037245
281000 0.00372613
282000 0.0037279
283000 0.00372918
284000 0.00373033
285000 0.00373181
286000 0.00373293
287000 0.00373411
288000 0.00373519
289000 0.00373611
290000 0.00373717
291000 0.00373764
292000 0.00373838
293000 0.00373918
294000 0.00373992
295000 0.00374066
296000 0.00374122
297000 0.0037418
298000 0.00374265
299000 0.00374341
300000 0.00374415
301000 0.00374487
302000 0.0037459
303000 0.00374685
304000 0.00374745
305000 0.00374783
306000 0.00374834
307000 0.0037491
308000 0.00374959
309000 0.00375018
310000 0.00375035
311000 0.00375014
312000 0.00374997
313000 0.0037497
314000 0.00374938
315000 0.0037492
316000 0.00374916
317000 0.00374954
318000 0.00374999
319000 0.00375073
320000 0.00375169
321000 0.00375273
322000 0.00375415
323000 0.00375572
324000 0.00375752
325000 0.00375963
326000 0.00376193
327000 0.00376441
328000 0.0037666
329000 0.00376805
330000 0.00376936
331000 0.00377089
332000 0.00377267
333000 0.00377403
334000 0.00377569
335000 0.00377719
336000 0.00377863
337000 0.00378001
338000 0.0037818
339000 0.00378375
340000 0.003786
341000 0.00378811
342000 0.00378969
343000 0.00379122
344000 0.00379293
345000 0.00379499
346000 0.00379716
347000 0.0037995
348000 0.00380192
349000 0.00380433
350000 0.00380694
351000 0.00380982
352000 0.0038126
353000 0.00381518
354000 0.00381787
355000 0.003821
356000 0.0038243
357000 0.00382778
358000 0.00383142
359000 0.00383489
360000 0.00383807
361000 0.00384111
362000 0.00384331
363000 0.00384524
364000 0.00384687
365000 0.00384858
366000 0.0038496
367000 0.00385027
368000 0.00385046
369000 0.00385048
370000 0.00385079
371000 0.00385103
372000 0.00385133
373000 0.00385148
374000 0.00385123
375000 0.00385048
376000 0.00384935
377000 0.00384791
378000 0.00384631
379000 0.00384442
380000 0.00384233
381000 0.0038401
382000 0.00383751
383000 0.00383458
384000 0.0038314
385000 0.00382824
386000 0.00382545
387000 0.00382283
388000 0.00382042
389000 0.00381789
390000 0.0038155
391000 0.0038129
392000 0.00381012
393000 0.00380733
394000 0.00380486
395000 0.00380218
396000 0.00379964
397000 0.00379665
398000 0.00379386
399000 0.00379117
400000 0.00378865
401000 0.00378615
402000 0.00378388
403000 0.00378172
404000 0.00377956
405000 0.0037775
406000 0.00377568
407000 0.00377427
408000 0.00377321
409000 0.00377201
410000 0.00377052
411000 0.00376917
412000 0.00376767
413000 0.00376598
414000 0.0037642
415000 0.00376238
416000 0.00376037
417000 0.00375807
418000 0.00375576
419000 0.00375341
420000 0.00375108
421000 0.00374866
422000 0.0037461
423000 0.00374371
424000 0.00374157
425000 0.00373961
426000 0.00373754
427000 0.00373553
428000 0.00373369
429000 0.0037318
430000 0.00372996
431000 0.00372774
432000 0.00372526
433000 0.00372326
434000 0.00372129
435000 0.00371954
436000 0.00371769
437000 0.00371575
438000 0.0037138
439000 0.003712
440000 0.0037102
441000 0.00370856
442000 0.00370701
443000 0.00370509
444000 0.0037033
445000 0.00370128
446000 0.0036992
447000 0.0036974
448000 0.00369582
449000 0.00369412
450000 0.00369215
451000 0.00369004
452000 0.00368794
453000 0.00368589
454000 0.00368357
455000 0.00368095
456000 0.00367809
457000 0.00367519
458000 0.00367211
459000 0.00366892
460000 0.00366604
461000 0.00366314
462000 0.00366035
463000 0.00365767
464000 0.00365508
465000 0.00365234
466000 0.0036496
467000 0.00364661
468000 0.00364362
469000 0.00364065
470000 0.00363774
471000 0.00363466
472000 0.00363154
473000 0.00362849
474000 0.00362529
475000 0.00362186
476000 0.00361825
477000 0.00361422
478000 0.00361012
479000 0.00360599
480000 0.00360192
481000 0.00359796
482000 0.00359417
483000 0.00359048
484000 0.00358688
485000 0.00358346
486000 0.00358028
487000 0.00357723
488000 0.00357419
489000 0.00357115
490000 0.00356835
491000 0.0035658
492000 0.00356357
493000 0.00356123
494000 0.00355871
495000 0.00355599
496000 0.00355337
497000 0.00355057
498000 0.00354794
499000 0.00354521
500000 0.0035424
