1000 0.00401286
2000 0.0040102
3000 0.00403173
4000 0.00400233
5000 0.00397486
6000 0.00398239
7000 0.0040008
8000 0.00401097
9000 0.00399612
10000 0.00398686
11000 0.00397355
12000 0.00396664
13000 0.00395449
14000 0.00395076
15000 0.0039492
16000 0.00395688
17000 0.00397349
18000 0.00397587
19000 0.00397356
20000 0.00396823
21000 0.00395911
22000 0.00394651
23000 0.00393471
24000 0.00391526
25000 0.00388669
26000 0.0038563
27000 0.00382683
28000 0.00379509
29000 0.00376931
30000 0.00374644
31000 0.00372382
32000 0.00370367
33000 0.00368616
34000 0.00366182
35000 0.00363646
36000 0.00360868
37000 0.00358328
38000 0.00356072
39000 0.00353879
40000 0.00351891
41000 0.00350266
42000 0.00348988
43000 0.00347977
44000 0.00347229
45000 0.00346513
46000 0.00345765
47000 0.0034503
48000 0.00344406
49000 0.00343781
50000 0.00343395
51000 0.00343319
52000 0.00343555
53000 0.00343845
54000 0.00344045
55000 0.00343822
56000 0.00343711
57000 0.00343413
58000 0.00342905
59000 0.00342126
60000 0.00341396
61000 0.00340674
62000 0.00339906
63000 0.003392
64000 0.00338336
65000 0.00337468
66000 0.00336507
67000 0.00335688
68000 0.00334879
69000 0.00334146
70000 0.00333224
71000 0.00332311
72000 0.00331487
73000 0.00330683
74000 0.00330009
75000 0.00329469
76000 0.00328851
77000 0.00328344
78000 0.00327763
79000 0.00327114
80000 0.00326545
81000 0.00326082
82000 0.00325706
83000 0.00325362
84000 0.00324994
85000 0.0032442
86000 0.00323717
87000 0.00323006
88000 0.00322307
89000 0.00321639
90000 0.00321027
91000 0.00320471
92000 0.00319933
93000 0.00319389
94000 0.00318818
95000 0.0031842
96000 0.00318075
97000 0.00317745
98000 0.00317528
99000 0.00317328
100000 0.00317161
101000 0.00317146
102000 0.00317269
103000 0.00317339
104000 0.00317351
105000 0.00317415
106000 0.00317476
107000 0.003176
108000 0.00317836
109000 0.00318093
110000 0.00318387
111000 0.00318748
112000 0.0031915
113000 0.00319547
114000 0.00319841
115000 0.0032017
116000 0.00320468
117000 0.00320768
118000 0.00320909
119000 0.0032101
120000 0.00321077
121000 0.00321141
122000 0.00321167
123000 0.00321021
124000 0.00320846
125000 0.00320808
126000 0.00320807
127000 0.00320833
128000 0.00320951
129000 0.0032112
130000 0.00321336
131000 0.00321495
132000 0.00321731
133000 0.0032207
134000 0.00322369
135000 0.0032256
136000 0.00322698
137000 0.00322755
138000 0.00322811
139000 0.00322842
140000 0.00322902
141000 0.00323007
142000 0.00323165
143000 0.00323344
144000 0.00323536
145000 0.00323641
146000 0.00323609
147000 0.00323591
148000 0.00323578
149000 0.00323524
150000 0.00323454
151000 0.00323401
152000 0.00323325
153000 0.00323222
154000 0.00323256
155000 0.00323293
156000 0.00323349
157000 0.0032334
158000 0.00323303
159000 0.00323184
160000 0.00322995
161000 0.00322769
162000 0.00322558
163000 0.00322469
164000 0.00322407
165000 0.003224
166000 0.00322465
167000 0.00322583
168000 0.00322699
169000 0.00322684
170000 0.00322679
171000 0.00322622
172000 0.00322502
173000 0.00322435
174000 0.00322415
175000 0.00322437
176000 0.0032242
177000 0.00322336
178000 0.00322275
179000 0.00322257
180000 0.00322175
181000 0.0032208
182000 0.00321957
183000 0.00321778
184000 0.00321561
185000 0.00321391
186000 0.00321149
187000 0.00320921
188000 0.00320713
189000 0.00320455
190000 0.00320258
191000 0.00320115
192000 0.00319935
193000 0.00319818
194000 0.00319754
195000 0.00319761
196000 0.00319682
197000 0.00319527
198000 0.00319402
199000 0.00319348
200000 0.00319289
201000 0.00319246
202000 0.0031928
203000 0.00319404
204000 0.00319566
205000 0.00319782
206000 0.00319967
207000 0.00320124
208000 0.00320255
209000 0.00320373
210000 0.00320508
211000 0.00320621
212000 0.00320747
213000 0.00320934
214000 0.00321126
215000 0.00321305
216000 0.00321504
217000 0.00321749
218000 0.00322021
219000 0.00322317
220000 0.00322654
221000 0.0032303
222000 0.00323371
223000 0.00323592
224000 0.00323794
225000 0.00324037
226000 0.00324296
227000 0.00324496
228000 0.00324648
229000 0.00324729
230000 0.0032477
231000 0.00324802
232000 0.00324827
233000 0.00324835
234000 0.00324804
235000 0.00324765
236000 0.00324697
237000 0.00324636
238000 0.00324673
239000 0.00324741
240000 0.00324837
241000 0.00324909
242000 0.00324911
243000 0.00324925
244000 0.00324927
245000 0.00324936
246000 0.0032495
247000 0.00324917
248000 0.00324894
249000 0.00324831
250000 0.00324811
251000 0.00324804
252000 0.00324829
253000 0.00324845
254000 0.00324866
255000 0.00324927
256000 0.00324982
257000 0.00325039
258000 0.00325129
259000 0.00325199
260000 0.00325199
261000 0.00325202
262000 0.00325262
263000 0.00325362
264000 0.00325474
265000 0.00325646
266000 0.00325819
267000 0.00326022
268000 0.00326218
269000 0.00326419
270000 0.00326636
271000 0.00326878
272000 0.00327157
273000 0.0032747
274000 0.00327763
275000 0.0032805
276000 0.00328338
277000 0.00328624
278000 0.00328862
279000 0.00329163
280000 0.0032953
281000 0.00329921
282000 0.00330305
283000 0.00330667
284000 0.00331095
285000 0.00331549
286000 0.00331989
287000 0.00332424
288000 0.00332817
289000 0.00333182
290000 0.00333536
291000 0.00333932
292000 0.00334384
293000 0.00334837
294000 0.00335342
295000 0.00335899
296000 0.00336418
297000 0.00336861
298000 0.00337288
299000 0.00337698
300000 0.0033814
301000 0.0033857
302000 0.00338873
303000 0.00339204
304000 0.00339585
305000 0.00339971
306000 0.0034041
307000 0.00340834
308000 0.00341187
309000 0.00341539
310000 0.00341911
311000 0.0034228
312000 0.00342652
313000 0.00343087
314000 0.00343575
315000 0.00344011
316000 0.00344413
317000 0.00344786
318000 0.00345159
319000 0.00345544
320000 0.00345908
321000 0.00346216
322000 0.0034654
323000 0.00346847
324000 0.00347121
325000 0.00347371
326000 0.00347632
327000 0.00347933
328000 0.00348229
329000 0.00348491
330000 0.00348733
331000 0.00348998
332000 0.00349325
333000 0.00349713
334000 0.00350049
335000 0.00350369
336000 0.00350662
337000 0.00351
338000 0.00351328
339000 0.00351616
340000 0.00351919
341000 0.00352229
342000 0.00352557
343000 0.00352859
344000 0.00353117
345000 0.00353409
346000 0.00353668
347000 0.00353942
348000 0.00354224
349000 0.0035452
350000 0.00354815
351000 0.00355094
352000 0.00355344
353000 0.00355583
354000 0.0035582
355000 0.0035608
356000 0.00356384
357000 0.00356755
358000 0.00357076
359000 0.00357365
360000 0.00357706
361000 0.00358071
362000 0.0035839
363000 0.00358692
364000 0.00358964
365000 0.00359239
366000 0.00359563
367000 0.00359868
368000 0.0036016
369000 0.00360439
370000 0.00360698
371000 0.00360932
372000 0.00361109
373000 0.00361287
374000 0.00361375
375000 0.00361446
376000 0.00361482
377000 0.00361495
378000 0.00361499
379000 0.00361479
380000 0.00361487
381000 0.00361524
382000 0.0036154
383000 0.00361571
384000 0.00361588
385000 0.00361601
386000 0.00361612
387000 0.0036165
388000 0.00361722
389000 0.00361774
390000 0.00361825
391000 0.00361911
392000 0.00361992
393000 0.00362093
394000 0.00362213
395000 0.00362359
396000 0.00362489
397000 0.00362623
398000 0.00362785
399000 0.00362932
400000 0.00363065
401000 0.00363153
402000 0.00363206
403000 0.00363252
404000 0.00363294
405000 0.00363327
406000 0.00363379
407000 0.00363429
408000 0.00363494
409000 0.00363562
410000 0.00363622
411000 0.00363713
412000 0.0036381
413000 0.0036392
414000 0.00364038
415000 0.00364168
416000 0.00364295
417000 0.00364427
418000 0.00364517
419000 0.00364604
420000 0.00364677
421000 0.00364731
422000 0.00364793
423000 0.00364862
424000 0.00364913
425000 0.00364964
426000 0.0036501
427000 0.00365024
428000 0.00365043
429000 0.00365072
430000 0.00365125
431000 0.00365152
432000 0.00365168
433000 0.00365187
434000 0.00365224
435000 0.00365257
436000 0.0036527
437000 0.0036528
438000 0.0036528
439000 0.00365305
440000 0.00365351
441000 0.00365417
442000 0.00365486
443000 0.00365545
444000 0.00365631
445000 0.00365696
446000 0.00365746
447000 0.00365757
448000 0.00365758
449000 0.00365773
450000 0.0036581
451000 0.00365897
452000 0.00366009
453000 0.0036612
454000 0.00366213
455000 0.00366286
456000 0.00366345
457000 0.00366391
458000 0.00366389
459000 0.00366385
460000 0.00366406
461000 0.00366423
462000 0.00366464
463000 0.00366537
464000 0.00366587
465000 0.00366602
466000 0.00366622
467000 0.00366652
468000 0.0036668
469000 0.00366732
470000 0.00366792
471000 0.00366843
472000 0.00366882
473000 0.00366911
474000 0.00366948
475000 0.00366975
476000 0.00367042
477000 0.00367108
478000 0.00367167
479000 0.00367225
480000 0.00367298
481000 0.00367376
482000 0.0036747
483000 0.00367565
484000 0.00367666
485000 0.00367739
486000 0.00367804
487000 0.00367859
488000 0.00367906
489000 0.00367961
490000 0.00368035
491000 0.00368071
492000 0.00368085
493000 0.00368085
494000 0.00368082
495000 0.00368083
496000 0.0036809
497000 0.00368075
498000 0.00368063
499000 0.00368065
500000 0.00368061
