1000 0.00253359
2000 0.00241209
3000 0.00235724
4000 0.00230368
5000 0.00226437
6000 0.00224569
7000 0.00224235
8000 0.00224438
9000 0.00224119
10000 0.00224024
11000 0.00224638
12000 0.00225475
13000 0.00226583
14000 0.00228556
15000 0.00229552
16000 0.00229844
17000 0.00229516
18000 0.00229915
19000 0.00230295
20000 0.00231097
21000 0.00231446
22000 0.00231648
23000 0.00232124
24000 0.00232622
25000 0.00232765
26000 0.00233104
27000 0.00233631
28000 0.00234526
29000 0.00235322
30000 0.00236383
31000 0.0023749
32000 0.00237994
33000 0.00238251
34000 0.0023815
35000 0.00238082
36000 0.00237792
37000 0.00237341
38000 0.00236899
39000 0.00236309
40000 0.00235981
41000 0.00235771
42000 0.00235641
43000 0.00235653
44000 0.00235509
45000 0.00235303
46000 0.00235039
47000 0.00234767
48000 0.00234693
49000 0.00234556
50000 0.00234494
51000 0.00234663
52000 0.0023522
53000 0.00235947
54000 0.00236571
55000 0.00237078
56000 0.00237533
57000 0.00238283
58000 0.00238939
59000 0.00239602
60000 0.0024033
61000 0.00241005
62000 0.00241634
63000 0.0024216
64000 0.00242433
65000 0.00242568
66000 0.00242746
67000 0.0024281
68000 0.00242918
69000 0.00243021
70000 0.00242987
71000 0.00242936
72000 0.00242811
73000 0.00242521
74000 0.00242147
75000 0.00241968
76000 0.00241842
77000 0.00241759
78000 0.00241487
79000 0.00241163
80000 0.00240785
81000 0.00240331
82000 0.00239934
83000 0.00239739
84000 0.00239696
85000 0.00239746
86000 0.00239921
87000 0.00240012
88000 0.00240095
89000 0.00240177
90000 0.00240351
91000 0.00240383
92000 0.0024029
93000 0.00240113
94000 0.00240115
95000 0.00240271
96000 0.00240293
97000 0.00240223
98000 0.00240065
99000 0.00239886
100000 0.00239762
101000 0.0023959
102000 0.0023923
103000 0.00238739
104000 0.00238336
105000 0.00238023
106000 0.00237814
107000 0.00237662
108000 0.00237463
109000 0.00237243
110000 0.00237105
111000 0.00237026
112000 0.00236986
113000 0.00236856
114000 0.00236669
115000 0.00236483
116000 0.00236384
117000 0.00236357
118000 0.00236472
119000 0.00236611
120000 0.00236757
121000 0.00236989
122000 0.00237368
123000 0.00237698
124000 0.00237983
125000 0.00238187
126000 0.00238364
127000 0.00238537
128000 0.00238615
129000 0.00238722
130000 0.00238748
131000 0.00238682
132000 0.00238647
133000 0.00238638
134000 0.0023857
135000 0.00238512
136000 0.00238473
137000 0.00238483
138000 0.00238508
139000 0.0023846
140000 0.00238387
141000 0.00238331
142000 0.00238252
143000 0.0023826
144000 0.00238282
145000 0.00238335
146000 0.00238367
147000 0.00238357
148000 0.00238298
149000 0.00238128
150000 0.00237998
151000 0.00237911
152000 0.00237843
153000 0.00237782
154000 0.00237678
155000 0.00237639
156000 0.00237612
157000 0.00237571
158000 0.00237565
159000 0.00237634
160000 0.00237718
161000 0.00237769
162000 0.0023785
163000 0.00237959
164000 0.00238061
165000 0.0023817
166000 0.00238379
167000 0.00238637
168000 0.00238817
169000 0.00239057
170000 0.0023925
171000 0.00239464
172000 0.00239715
173000 0.00239951
174000 0.00240099
175000 0.00240249
176000 0.00240405
177000 0.00240511
178000 0.00240599
179000 0.00240784
180000 0.00240945
181000 0.00241091
182000 0.00241273
183000 0.00241503
184000 0.0024167
185000 0.00241775
186000 0.00241907
187000 0.0024207
188000 0.0024223
189000 0.00242396
190000 0.002426
191000 0.00242837
192000 0.00243034
193000 0.00243225
194000 0.00243358
195000 0.00243484
196000 0.00243586
197000 0.0024362
198000 0.00243545
199000 0.00243382
200000 0.0024322
201000 0.00243071
202000 0.00242937
203000 0.00242841
204000 0.00242683
205000 0.00242507
206000 0.00242324
207000 0.00242163
208000 0.00242026
209000 0.00241881
210000 0.00241719
211000 0.00241561
212000 0.00241405
213000 0.0024122
214000 0.00241036
215000 0.00240865
216000 0.00240748
217000 0.00240619
218000 0.00240467
219000 0.00240316
220000 0.00240164
221000 0.00240002
222000 0.00239826
223000 0.00239683
224000 0.00239563
225000 0.0023943
226000 0.00239267
227000 0.00239173
228000 0.00239112
229000 0.00239094
230000 0.0023911
231000 0.00239124
232000 0.00239164
233000 0.00239199
234000 0.00239221
235000 0.00239251
236000 0.0023933
237000 0.00239457
238000 0.00239566
239000 0.00239663
240000 0.00239736
241000 0.00239872
242000 0.00240013
243000 0.00240174
244000 0.00240376
245000 0.00240604
246000 0.00240807
247000 0.00240959
248000 0.00240984
249000 0.00240997
250000 0.00241017
251000 0.00241027
252000 0.00241062
253000 0.00241106
254000 0.00241117
255000 0.00241079
256000 0.00241033
257000 0.00240918
258000 0.00240799
259000 0.00240678
260000 0.0024055
261000 0.00240397
262000 0.00240261
263000 0.00240091
264000 0.00239955
265000 0.00239825
266000 0.00239665
267000 0.00239477
268000 0.00239295
269000 0.00239161
270000 0.00239055
271000 0.00238959
272000 0.00238872
273000 0.00238742
274000 0.00238644
275000 0.00238537
276000 0.00238375
277000 0.00238214
278000 0.00238084
279000 0.0023799
280000 0.00237935
281000 0.0023789
282000 0.00237817
283000 0.0023778
284000 0.00237755
285000 0.00237729
286000 0.00237728
287000 0.00237746
288000 0.00237758
289000 0.00237729
290000 0.00237694
291000 0.00237692
292000 0.00237704
293000 0.0023773
294000 0.00237805
295000 0.00237886
296000 0.0023799
297000 0.00238102
298000 0.00238173
299000 0.00238224
300000 0.00238251
301000 0.00238261
302000 0.0023825
303000 0.00238235
304000 0.00238254
305000 0.00238281
306000 0.00238289
307000 0.00238297
308000 0.00238326
309000 0.00238338
310000 0.00238332
311000 0.0023833
312000 0.00238323
313000 0.00238343
314000 0.00238387
315000 0.00238452
316000 0.00238516
317000 0.00238536
318000 0.00238558
319000 0.00238611
320000 0.00238682
321000 0.00238817
322000 0.00238958
323000 0.00239108
324000 0.00239282
325000 0.00239466
326000 0.00239679
327000 0.002399
328000 0.00240169
329000 0.00240354
330000 0.00240541
331000 0.00240764
332000 0.00240937
333000 0.00241112
334000 0.00241327
335000 0.00241565
336000 0.00241817
337000 0.0024211
338000 0.002424
339000 0.0024273
340000 0.00243067
341000 0.002434
342000 0.00243707
343000 0.00243972
344000 0.00244226
345000 0.00244486
346000 0.00244745
347000 0.00245
348000 0.00245229
349000 0.00245431
350000 0.00245635
351000 0.00245869
352000 0.0024609
353000 0.00246267
354000 0.00246413
355000 0.00246556
356000 0.00246704
357000 0.00246852
358000 0.00247026
359000 0.00247191
360000 0.00247325
361000 0.00247433
362000 0.00247516
363000 0.00247573
364000 0.00247617
365000 0.00247664
366000 0.00247736
367000 0.0024781
368000 0.0024789
369000 0.00247972
370000 0.00248066
371000 0.00248108
372000 0.00248144
373000 0.00248179
374000 0.00248226
375000 0.0024828
376000 0.00248342
377000 0.00248424
378000 0.00248481
379000 0.00248518
380000 0.00248578
381000 0.00248636
382000 0.00248678
383000 0.00248721
384000 0.00248729
385000 0.00248722
386000 0.00248741
387000 0.00248762
388000 0.00248767
389000 0.00248794
390000 0.00248804
391000 0.00248838
392000 0.00248879
393000 0.00248901
394000 0.00248914
395000 0.00248944
396000 0.00248988
397000 0.00249038
398000 0.00249088
399000 0.00249133
400000 0.00249162
401000 0.00249209
402000 0.00249262
403000 0.00249318
404000 0.00249357
405000 0.00249409
406000 0.00249487
407000 0.00249571
408000 0.00249602
409000 0.00249647
410000 0.00249675
411000 0.00249693
412000 0.00249735
413000 0.00249765
414000 0.00249779
415000 0.00249801
416000 0.00249824
417000 0.00249873
418000 0.00249944
419000 0.00250006
420000 0.00250058
421000 0.00250116
422000 0.00250171
423000 0.00250213
424000 0.00250267
425000 0.00250342
426000 0.00250432
427000 0.00250538
428000 0.00250644
429000 0.00250742
430000 0.00250848
431000 0.00250965
432000 0.0025109
433000 0.00251208
434000 0.00251343
435000 0.00251487
436000 0.00251616
437000 0.00251755
438000 0.00251892
439000 0.00252032
440000 0.00252181
441000 0.00252307
442000 0.00252393
443000 0.00252481
444000 0.00252584
445000 0.00252709
446000 0.00252859
447000 0.00253044
448000 0.00253257
449000 0.00253494
450000 0.00253698
451000 0.00253896
452000 0.00254102
453000 0.00254303
454000 0.00254517
455000 0.00254724
456000 0.00254949
457000 0.0025517
458000 0.00255381
459000 0.00255576
460000 0.00255734
461000 0.00255836
462000 0.00255941
463000 0.00256053
464000 0.00256158
465000 0.00256253
466000 0.00256346
467000 0.00256426
468000 0.00256503
469000 0.00256562
470000 0.00256605
471000 0.00256652
472000 0.0025666
473000 0.00256672
474000 0.00256712
475000 0.00256781
476000 0.00256882
477000 0.00257009
478000 0.00257143
479000 0.00257294
480000 0.00257452
481000 0.00257585
482000 0.0025772
483000 0.00257844
484000 0.00257944
485000 0.00258047
486000 0.00258123
487000 0.00258184
488000 0.00258278
489000 0.00258369
490000 0.00258466
491000 0.00258565
492000 0.00258661
493000 0.0025876
494000 0.00258832
495000 0.00258897
496000 0.00258964
497000 0.00259027
498000 0.0025912
499000 0.0025923
500000 0.0025931
