1000 0.00497195
2000 0.00487494
3000 0.00480199
4000 0.00474775
5000 0.00470837
6000 0.00468769
7000 0.00471129
8000 0.00473213
9000 0.00473476
10000 0.00473693
11000 0.00472008
12000 0.00471204
13000 0.00470834
14000 0.0047004
15000 0.00469547
16000 0.00470257
17000 0.00472425
18000 0.00475187
19000 0.00477358
20000 0.00479224
21000 0.00480287
22000 0.00481584
23000 0.00482951
24000 0.00483746
25000 0.00484359
26000 0.00484155
27000 0.00483496
28000 0.00482572
29000 0.00481607
30000 0.0048068
31000 0.00479262
32000 0.00477416
33000 0.00475608
34000 0.00473602
35000 0.00471145
36000 0.00468018
37000 0.00465201
38000 0.00462419
39000 0.00459691
40000 0.00457256
41000 0.00455171
42000 0.00453192
43000 0.00451123
44000 0.00449289
45000 0.00447711
46000 0.00446277
47000 0.00444895
48000 0.00443719
49000 0.00442533
50000 0.00441154
51000 0.00439619
52000 0.0043805
53000 0.00436232
54000 0.00434121
55000 0.00432089
56000 0.00429996
57000 0.00427765
58000 0.0042549
59000 0.00423325
60000 0.00421146
61000 0.00419093
62000 0.00417296
63000 0.00415477
64000 0.00413681
65000 0.00411965
66000 0.00410109
67000 0.00408254
68000 0.00406423
69000 0.00404562
70000 0.00402674
71000 0.0040067
72000 0.003985
73000 0.00396331
74000 0.00394317
75000 0.00392477
76000 0.00390813
77000 0.00389169
78000 0.00387399
79000 0.00385692
80000 0.00384135
81000 0.00382634
82000 0.00381189
83000 0.0037977
84000 0.0037846
85000 0.00377278
86000 0.00375961
87000 0.00374763
88000 0.00373675
89000 0.00372725
90000 0.00371777
91000 0.00370871
92000 0.00369945
93000 0.00368927
94000 0.00367977
95000 0.00367103
96000 0.0036631
97000 0.0036545
98000 0.00364579
99000 0.00363638
100000 0.00362652
101000 0.00361671
102000 0.00360626
103000 0.00359643
104000 0.00358802
105000 0.00358015
106000 0.00357362
107000 0.00356856
108000 0.00356458
109000 0.00356067
110000 0.00355847
111000 0.00355559
112000 0.0035517
113000 0.00354785
114000 0.00354303
115000 0.00353758
116000 0.0035309
117000 0.00352448
118000 0.00351796
119000 0.0035116
120000 0.00350548
121000 0.003499
122000 0.00349203
123000 0.00348566
124000 0.00347996
125000 0.00347541
126000 0.00347064
127000 0.00346602
128000 0.00346027
129000 0.00345467
130000 0.00344931
131000 0.00344341
132000 0.00343732
133000 0.0034317
134000 0.0034261
135000 0.00341911
136000 0.00341283
137000 0.00340811
138000 0.00340369
139000 0.00339961
140000 0.00339482
141000 0.00339024
142000 0.00338542
143000 0.0033804
144000 0.00337587
145000 0.00337203
146000 0.0033687
147000 0.00336485
148000 0.00336144
149000 0.00335731
150000 0.00335326
151000 0.00335018
152000 0.00334851
153000 0.00334629
154000 0.00334301
155000 0.00333895
156000 0.00333529
157000 0.00333227
158000 0.00333006
159000 0.00332715
160000 0.00332322
161000 0.00331885
162000 0.00331438
163000 0.00331047
164000 0.00330789
165000 0.00330518
166000 0.00330201
167000 0.00329827
168000 0.0032944
169000 0.00329096
170000 0.00328766
171000 0.00328395
172000 0.00328009
173000 0.00327638
174000 0.00327227
175000 0.00326829
176000 0.0032652
177000 0.00326162
178000 0.00325807
179000 0.00325503
180000 0.00325281
181000 0.00325
182000 0.00324739
183000 0.00324472
184000 0.00324185
185000 0.00323836
186000 0.00323489
187000 0.00323145
188000 0.00322829
189000 0.00322561
190000 0.00322346
191000 0.00322096
192000 0.00321857
193000 0.0032161
194000 0.00321404
195000 0.00321231
196000 0.00321076
197000 0.00320896
198000 0.00320703
199000 0.00320566
200000 0.00320424
201000 0.00320283
202000 0.00320193
203000 0.00320142
204000 0.00320085
205000 0.00320067
206000 0.00320113
207000 0.00320127
208000 0.00320178
209000 0.00320219
210000 0.00320261
211000 0.00320308
212000 0.00320342
213000 0.0032031
214000 0.00320236
215000 0.00320088
216000 0.00319979
217000 0.00319977
218000 0.00320032
219000 0.00320025
220000 0.0031997
221000 0.0031984
222000 0.00319736
223000 0.00319619
224000 0.00319478
225000 0.00319327
226000 0.00319283
227000 0.00319235
228000 0.0031921
229000 0.00319165
230000 0.00319093
231000 0.0031898
232000 0.00318855
233000 0.00318716
234000 0.00318548
235000 0.00318325
236000 0.00318116
237000 0.00317916
238000 0.00317751
239000 0.00317642
240000 0.00317562
241000 0.00317535
242000 0.00317482
243000 0.00317429
244000 0.00317321
245000 0.00317203
246000 0.00317141
247000 0.00317086
248000 0.00316985
249000 0.00316853
250000 0.00316784
251000 0.0031673
252000 0.0031667
253000 0.00316545
254000 0.00316444
255000 0.00316348
256000 0.00316267
257000 0.00316174
258000 0.00316078
259000 0.00316018
260000 0.00315955
261000 0.00315866
262000 0.00315767
263000 0.00315626
264000 0.00315424
265000 0.00315222
266000 0.00315027
267000 0.00314864
268000 0.00314748
269000 0.00314719
270000 0.00314724
271000 0.00314776
272000 0.00314862
273000 0.00314992
274000 0.00315086
275000 0.00315155
276000 0.00315208
277000 0.00315238
278000 0.00315251
279000 0.00315248
280000 0.00315276
281000 0.00315365
282000 0.00315484
283000 0.00315639
284000 0.0031584
285000 0.00316059
286000 0.00316309
287000 0.0031658
288000 0.00316868
289000 0.00317193
290000 0.00317539
291000 0.00317916
292000 0.00318288
293000 0.00318644
294000 0.00319014
295000 0.00319354
296000 0.00319674
297000 0.0032
298000 0.00320362
299000 0.00320731
300000 0.00321139
301000 0.00321518
302000 0.00321856
303000 0.0032215
304000 0.00322418
305000 0.00322694
306000 0.00322982
307000 0.00323271
308000 0.00323527
309000 0.0032372
310000 0.00323888
311000 0.00324014
312000 0.00324064
313000 0.00324119
314000 0.0032416
315000 0.00324228
316000 0.00324338
317000 0.00324428
318000 0.0032459
319000 0.0032479
320000 0.00324902
321000 0.00325019
322000 0.00325172
323000 0.00325324
324000 0.00325466
325000 0.00325623
326000 0.00325781
327000 0.00325915
328000 0.00326019
329000 0.00326093
330000 0.00326092
331000 0.00326074
332000 0.00326061
333000 0.00325987
334000 0.00325915
335000 0.00325886
336000 0.0032589
337000 0.00325918
338000 0.0032593
339000 0.00325953
340000 0.00325986
341000 0.00326014
342000 0.0032602
343000 0.00326025
344000 0.00326061
345000 0.00326032
346000 0.00325988
347000 0.00325941
348000 0.00325866
349000 0.00325766
350000 0.00325665
351000 0.00325586
352000 0.00325542
353000 0.0032551
354000 0.0032546
355000 0.00325393
356000 0.00325328
357000 0.00325247
358000 0.00325115
359000 0.00324949
360000 0.00324795
361000 0.00324645
362000 0.00324544
363000 0.00324469
364000 0.0032438
365000 0.00324299
366000 0.00324248
367000 0.00324188
368000 0.00324127
369000 0.00324042
370000 0.00323964
371000 0.00323906
372000 0.00323857
373000 0.00323836
374000 0.00323805
375000 0.00323745
376000 0.00323661
377000 0.00323572
378000 0.00323453
379000 0.00323323
380000 0.00323235
381000 0.00323164
382000 0.00323081
383000 0.00323009
384000 0.00322978
385000 0.0032295
386000 0.00322923
387000 0.00322935
388000 0.00322977
389000 0.0032304
390000 0.00323071
391000 0.00323068
392000 0.00323052
393000 0.00323032
394000 0.00322975
395000 0.00322914
396000 0.00322861
397000 0.00322813
398000 0.00322761
399000 0.00322673
400000 0.00322564
401000 0.0032248
402000 0.00322409
403000 0.0032236
404000 0.00322329
405000 0.00322306
406000 0.00322276
407000 0.00322266
408000 0.0032226
409000 0.00322247
410000 0.00322214
411000 0.0032215
412000 0.00322082
413000 0.00322012
414000 0.00321888
415000 0.00321735
416000 0.00321605
417000 0.00321467
418000 0.00321322
419000 0.00321191
420000 0.00321071
421000 0.0032093
422000 0.00320759
423000 0.00320575
424000 0.0032041
425000 0.0032025
426000 0.00320113
427000 0.00320002
428000 0.0031991
429000 0.00319822
430000 0.00319717
431000 0.00319649
432000 0.00319583
433000 0.00319456
434000 0.00319327
435000 0.00319193
436000 0.00319036
437000 0.00318888
438000 0.00318784
439000 0.00318683
440000 0.00318586
441000 0.00318518
442000 0.00318461
443000 0.00318395
444000 0.00318311
445000 0.00318241
446000 0.00318208
447000 0.00318209
448000 0.00318209
449000 0.00318185
450000 0.00318154
451000 0.00318114
452000 0.00318091
453000 0.00318049
454000 0.00318
455000 0.00317928
456000 0.00317879
457000 0.00317832
458000 0.00317803
459000 0.0031777
460000 0.00317729
461000 0.00317675
462000 0.00317639
463000 0.00317618
464000 0.00317609
465000 0.00317635
466000 0.00317672
467000 0.00317685
468000 0.0031767
469000 0.00317669
470000 0.00317679
471000 0.00317705
472000 0.00317764
473000 0.00317824
474000 0.00317867
475000 0.00317931
476000 0.00317993
477000 0.00318024
478000 0.00318061
479000 0.00318103
480000 0.00318143
481000 0.00318223
482000 0.00318333
483000 0.00318433
484000 0.00318535
485000 0.00318639
486000 0.00318736
487000 0.00318843
488000 0.00318971
489000 0.0031908
490000 0.00319193
491000 0.00319277
492000 0.00319349
493000 0.00319441
494000 0.0031958
495000 0.00319744
496000 0.0031992
497000 0.00320101
498000 0.00320277
499000 0.0032046
500000 0.00320648
