1000 0.00454941
2000 0.00451322
3000 0.00448883
4000 0.00443823
5000 0.00440513
6000 0.00441691
7000 0.00445163
8000 0.00446467
9000 0.00447229
10000 0.00446213
11000 0.00443935
12000 0.00441631
13000 0.00439095
14000 0.00437101
15000 0.00435292
16000 0.00434071
17000 0.0043248
18000 0.0043035
19000 0.00427482
20000 0.00425052
21000 0.00422615
22000 0.00419671
23000 0.00416548
24000 0.00413794
25000 0.00411549
26000 0.00409461
27000 0.00406744
28000 0.00403888
29000 0.00401203
30000 0.0039837
31000 0.00395784
32000 0.00393819
33000 0.00392077
34000 0.00390471
35000 0.00388846
36000 0.00387582
37000 0.00386524
38000 0.00385529
39000 0.00384973
40000 0.00384647
41000 0.00384314
42000 0.00383898
43000 0.00383876
44000 0.00384029
45000 0.00384119
46000 0.0038396
47000 0.00383855
48000 0.00383664
49000 0.00383526
50000 0.00383443
51000 0.00383346
52000 0.00383445
53000 0.00383677
54000 0.00383869
55000 0.00384068
56000 0.00384675
57000 0.0038543
58000 0.0038619
59000 0.00386863
60000 0.00387563
61000 0.00388056
62000 0.00388698
63000 0.00389269
64000 0.00389862
65000 0.00390251
66000 0.00390615
67000 0.00391128
68000 0.00391695
69000 0.00392387
70000 0.00392895
71000 0.0039321
72000 0.00393494
73000 0.00393498
74000 0.00393384
75000 0.00393294
76000 0.00393428
77000 0.00393577
78000 0.00393852
79000 0.00394482
80000 0.00395074
81000 0.00395628
82000 0.00396276
83000 0.00396581
84000 0.00396796
85000 0.00397023
86000 0.00397331
87000 0.00397633
88000 0.003979
89000 0.00398185
90000 0.00398406
91000 0.00398525
92000 0.00398594
93000 0.00398652
94000 0.0039872
95000 0.00398598
96000 0.00398439
97000 0.00398223
98000 0.00398045
99000 0.00397965
100000 0.00398033
101000 0.00398138
102000 0.00398406
103000 0.00398736
104000 0.00399041
105000 0.00399384
106000 0.00399713
107000 0.00400042
108000 0.00400383
109000 0.00400807
110000 0.00401249
111000 0.00401575
112000 0.0040188
113000 0.00402206
114000 0.00402464
115000 0.00402688
116000 0.00402893
117000 0.00402992
118000 0.00403153
119000 0.00403411
120000 0.00403699
121000 0.00403824
122000 0.0040391
123000 0.00404047
124000 0.00404165
125000 0.00404202
126000 0.00404076
127000 0.00403892
128000 0.00403772
129000 0.0040348
130000 0.00403133
131000 0.00402682
132000 0.00402191
133000 0.00401684
134000 0.00401235
135000 0.00400829
136000 0.00400433
137000 0.00400139
138000 0.00399867
139000 0.00399602
140000 0.00399261
141000 0.00398947
142000 0.00398705
143000 0.00398564
144000 0.00398429
145000 0.00398328
146000 0.00398267
147000 0.00398277
148000 0.00398275
149000 0.00398275
150000 0.00398395
151000 0.00398486
152000 0.00398579
153000 0.00398641
154000 0.00398703
155000 0.00398865
156000 0.00398928
157000 0.00398917
158000 0.00398832
159000 0.0039882
160000 0.00398822
161000 0.00398859
162000 0.00398953
163000 0.00399063
164000 0.00399182
165000 0.00399288
166000 0.00399293
167000 0.00399244
168000 0.00399203
169000 0.00399153
170000 0.00399066
171000 0.0039894
172000 0.00398816
173000 0.00398732
174000 0.00398645
175000 0.00398548
176000 0.00398415
177000 0.00398296
178000 0.0039823
179000 0.00398226
180000 0.0039826
181000 0.00398251
182000 0.00398218
183000 0.00398207
184000 0.00398139
185000 0.00398012
186000 0.0039789
187000 0.00397719
188000 0.00397568
189000 0.0039739
190000 0.00397186
191000 0.00397057
192000 0.00396935
193000 0.0039674
194000 0.0039651
195000 0.00396261
196000 0.00395996
197000 0.0039575
198000 0.00395503
199000 0.00395269
200000 0.00394985
201000 0.00394764
202000 0.00394551
203000 0.00394393
204000 0.00394199
205000 0.00393953
206000 0.00393721
207000 0.00393462
208000 0.00393169
209000 0.00392842
210000 0.00392504
211000 0.0039219
212000 0.00391916
213000 0.00391757
214000 0.00391615
215000 0.00391517
216000 0.00391366
217000 0.00391225
218000 0.0039112
219000 0.0039097
220000 0.00390775
221000 0.00390541
222000 0.00390251
223000 0.0038996
224000 0.00389668
225000 0.00389424
226000 0.00389175
227000 0.00388923
228000 0.00388719
229000 0.0038851
230000 0.00388251
231000 0.00387943
232000 0.0038763
233000 0.00387276
234000 0.00386939
235000 0.00386642
236000 0.00386338
237000 0.00386048
238000 0.00385732
239000 0.00385436
240000 0.00385186
241000 0.00385025
242000 0.00384884
243000 0.00384742
244000 0.00384628
245000 0.0038456
246000 0.003845
247000 0.00384456
248000 0.0038445
249000 0.00384475
250000 0.00384524
251000 0.00384563
252000 0.0038456
253000 0.00384487
254000 0.00384354
255000 0.00384224
256000 0.00384099
257000 0.00383934
258000 0.00383696
259000 0.0038341
260000 0.00383137
261000 0.00382884
262000 0.00382674
263000 0.00382503
264000 0.00382337
265000 0.003822
266000 0.00382103
267000 0.00381998
268000 0.00381895
269000 0.0038173
270000 0.0038154
271000 0.00381352
272000 0.00381157
273000 0.00380977
274000 0.00380793
275000 0.00380621
276000 0.00380476
277000 0.00380359
278000 0.00380208
279000 0.00380076
280000 0.00379945
281000 0.00379755
282000 0.00379532
283000 0.00379327
284000 0.00379146
285000 0.00378971
286000 0.00378801
287000 0.00378671
288000 0.00378564
289000 0.00378464
290000 0.00378347
291000 0.00378193
292000 0.0037805
293000 0.00377856
294000 0.00377651
295000 0.00377458
296000 0.00377248
297000 0.00377004
298000 0.0037675
299000 0.00376507
300000 0.00376209
301000 0.00375893
302000 0.00375571
303000 0.00375235
304000 0.00374873
305000 0.00374484
306000 0.00374084
307000 0.00373712
308000 0.00373343
309000 0.00372952
310000 0.00372569
311000 0.00372212
312000 0.00371846
313000 0.00371475
314000 0.00371115
315000 0.00370756
316000 0.00370396
317000 0.00370021
318000 0.00369626
319000 0.0036924
320000 0.00368871
321000 0.00368518
322000 0.0036814
323000 0.00367759
324000 0.00367318
325000 0.00366882
326000 0.00366473
327000 0.00366078
328000 0.00365705
329000 0.00365329
330000 0.00364957
331000 0.00364577
332000 0.00364191
333000 0.0036382
334000 0.00363468
335000 0.00363141
336000 0.00362832
337000 0.00362546
338000 0.00362275
339000 0.00361988
340000 0.0036167
341000 0.00361367
342000 0.00361088
343000 0.00360793
344000 0.00360529
345000 0.00360274
346000 0.00359976
347000 0.00359663
348000 0.0035938
349000 0.00359075
350000 0.00358729
351000 0.00358388
352000 0.00358093
353000 0.00357801
354000 0.00357521
355000 0.00357231
356000 0.00356937
357000 0.00356655
358000 0.00356361
359000 0.0035604
360000 0.00355718
361000 0.00355407
362000 0.00355117
363000 0.00354818
364000 0.00354535
365000 0.00354262
366000 0.00354015
367000 0.00353759
368000 0.0035354
369000 0.0035334
370000 0.00353157
371000 0.00352956
372000 0.00352737
373000 0.00352525
374000 0.00352332
375000 0.00352164
376000 0.00351969
377000 0.00351787
378000 0.00351627
379000 0.00351464
380000 0.00351301
381000 0.00351139
382000 0.00350987
383000 0.00350841
384000 0.00350686
385000 0.00350545
386000 0.00350413
387000 0.00350288
388000 0.00350153
389000 0.00349977
390000 0.00349824
391000 0.00349683
392000 0.00349542
393000 0.00349409
394000 0.00349289
395000 0.00349175
396000 0.00349066
397000 0.00348973
398000 0.00348887
399000 0.00348805
400000 0.00348707
401000 0.00348602
402000 0.00348504
403000 0.00348415
404000 0.00348341
405000 0.00348281
406000 0.00348197
407000 0.00348103
408000 0.00348024
409000 0.00347943
410000 0.00347878
411000 0.003478
412000 0.00347727
413000 0.00347658
414000 0.00347584
415000 0.00347517
416000 0.00347457
417000 0.00347421
418000 0.0034738
419000 0.00347348
420000 0.00347348
421000 0.0034734
422000 0.00347303
423000 0.00347259
424000 0.00347236
425000 0.00347219
426000 0.00347182
427000 0.00347125
428000 0.00347083
429000 0.00347064
430000 0.00347044
431000 0.00347014
432000 0.00346963
433000 0.0034692
434000 0.0034687
435000 0.00346834
436000 0.00346812
437000 0.00346785
438000 0.0034673
439000 0.00346643
440000 0.00346551
441000 0.00346481
442000 0.00346437
443000 0.00346456
444000 0.00346505
445000 0.00346579
446000 0.0034666
447000 0.00346709
448000 0.00346765
449000 0.00346808
450000 0.00346829
451000 0.00346849
452000 0.0034682
453000 0.00346774
454000 0.00346715
455000 0.00346684
456000 0.00346664
457000 0.0034664
458000 0.00346578
459000 0.00346481
460000 0.00346396
461000 0.00346349
462000 0.00346288
463000 0.00346212
464000 0.00346124
465000 0.00346027
466000 0.00345918
467000 0.00345799
468000 0.00345675
469000 0.00345545
470000 0.00345419
471000 0.00345278
472000 0.00345151
473000 0.0034504
474000 0.00344913
475000 0.00344761
476000 0.00344608
477000 0.0034443
478000 0.00344247
479000 0.00344066
480000 0.00343889
481000 0.00343697
482000 0.00343487
483000 0.00343271
484000 0.00343062
485000 0.00342846
486000 0.00342637
487000 0.00342421
488000 0.00342193
489000 0.00341958
490000 0.00341709
491000 0.00341418
492000 0.0034112
493000 0.00340812
494000 0.00340528
495000 0.00340253
496000 0.0034
497000 0.00339759
498000 0.00339514
499000 0.00339258
500000 0.00339011
