1000 0.00227242
2000 0.00234038
3000 0.00234241
4000 0.00234855
5000 0.00235314
6000 0.00235177
7000 0.0023662
8000 0.00239593
9000 0.00242486
10000 0.00245653
11000 0.00249903
12000 0.00254298
13000 0.00258251
14000 0.00261817
15000 0.00264543
16000 0.00267344
17000 0.00269898
18000 0.00272457
19000 0.00274853
20000 0.00277153
21000 0.00279143
22000 0.00280171
23000 0.00280466
24000 0.00280717
25000 0.00280962
26000 0.00281739
27000 0.00282912
28000 0.00284205
29000 0.00285005
30000 0.00286139
31000 0.00287337
32000 0.00288907
33000 0.00291168
34000 0.00293227
35000 0.00294955
36000 0.00296148
37000 0.00297126
38000 0.00298182
39000 0.00299048
40000 0.00299865
41000 0.00300713
42000 0.00301544
43000 0.00302305
44000 0.00303296
45000 0.00304336
46000 0.00305458
47000 0.00306539
48000 0.00307628
49000 0.00308978
50000 0.00310623
51000 0.00311807
52000 0.00313038
53000 0.00314616
54000 0.00316332
55000 0.0031803
56000 0.00319901
57000 0.00321737
58000 0.00323133
59000 0.00324226
60000 0.00325356
61000 0.00326387
62000 0.00327376
63000 0.00328387
64000 0.0032922
65000 0.00329755
66000 0.00330165
67000 0.00330714
68000 0.00331375
69000 0.0033187
70000 0.00332453
71000 0.00333119
72000 0.00333631
73000 0.00334099
74000 0.00334434
75000 0.0033468
76000 0.00334892
77000 0.00335081
78000 0.00335233
79000 0.0033522
80000 0.00335108
81000 0.00334951
82000 0.00334867
83000 0.00334711
84000 0.00334424
85000 0.00334149
86000 0.00333946
87000 0.00333522
88000 0.0033307
89000 0.00332438
90000 0.00331879
91000 0.00331461
92000 0.00331103
93000 0.00330804
94000 0.00330542
95000 0.00330448
96000 0.00330517
97000 0.00330754
98000 0.00331068
99000 0.00331422
100000 0.00331769
101000 0.00331886
102000 0.0033187
103000 0.00331949
104000 0.00331962
105000 0.00332013
106000 0.00331968
107000 0.0033197
108000 0.00332048
109000 0.00332181
110000 0.00332339
111000 0.00332689
112000 0.00332878
113000 0.00332907
114000 0.00332923
115000 0.00332884
116000 0.00332757
117000 0.00332459
118000 0.00332166
119000 0.00331895
120000 0.00331592
121000 0.00331421
122000 0.00331292
123000 0.00331112
124000 0.00330786
125000 0.0033029
126000 0.0032975
127000 0.0032923
128000 0.00328714
129000 0.00328239
130000 0.00327806
131000 0.00327376
132000 0.00327009
133000 0.00326563
134000 0.00326084
135000 0.0032559
136000 0.003252
137000 0.003249
138000 0.00324735
139000 0.00324576
140000 0.00324396
141000 0.00324212
142000 0.00324062
143000 0.00323954
144000 0.00323918
145000 0.00323848
146000 0.00323748
147000 0.00323532
148000 0.00323329
149000 0.00323045
150000 0.00322772
151000 0.00322636
152000 0.00322573
153000 0.00322502
154000 0.00322378
155000 0.00322261
156000 0.00322147
157000 0.00322012
158000 0.00321935
159000 0.00321933
160000 0.00321875
161000 0.00321829
162000 0.00321734
163000 0.00321592
164000 0.00321475
165000 0.00321316
166000 0.00321072
167000 0.00320794
168000 0.00320554
169000 0.00320331
170000 0.00320058
171000 0.00319867
172000 0.00319655
173000 0.00319481
174000 0.00319318
175000 0.00319142
176000 0.00318945
177000 0.00318775
178000 0.00318639
179000 0.00318597
180000 0.00318591
181000 0.00318625
182000 0.00318735
183000 0.00318823
184000 0.0031893
185000 0.00319023
186000 0.00319098
187000 0.00319174
188000 0.00319297
189000 0.00319453
190000 0.00319604
191000 0.00319642
192000 0.00319693
193000 0.00319688
194000 0.00319602
195000 0.00319464
196000 0.00319336
197000 0.00319123
198000 0.00318917
199000 0.00318666
200000 0.00318372
201000 0.00318034
202000 0.00317732
203000 0.0031743
204000 0.00317088
205000 0.00316746
206000 0.00316445
207000 0.00316163
208000 0.00315944
209000 0.00315781
210000 0.00315573
211000 0.00315305
212000 0.00315
213000 0.00314667
214000 0.00314358
215000 0.0031403
216000 0.00313679
217000 0.00313299
218000 0.00312975
219000 0.00312658
220000 0.0031238
221000 0.0031215
222000 0.00311873
223000 0.0031161
224000 0.003113
225000 0.00310982
226000 0.00310652
227000 0.00310354
228000 0.00310017
229000 0.00309729
230000 0.00309412
231000 0.00309116
232000 0.00308795
233000 0.00308455
234000 0.00308105
235000 0.0030774
236000 0.00307425
237000 0.003071
238000 0.00306789
239000 0.00306564
240000 0.00306404
241000 0.00306268
242000 0.00306125
243000 0.00305953
244000 0.00305814
245000 0.00305646
246000 0.00305493
247000 0.00305293
248000 0.00305072
249000 0.00304855
250000 0.00304638
251000 0.00304386
252000 0.0030416
253000 0.00303891
254000 0.00303574
255000 0.00303218
256000 0.00302866
257000 0.00302468
258000 0.00302015
259000 0.00301569
260000 0.00301163
261000 0.00300827
262000 0.00300526
263000 0.003002
264000 0.00299828
265000 0.00299475
266000 0.00299159
267000 0.00298885
268000 0.00298634
269000 0.00298367
270000 0.00298084
271000 0.00297837
272000 0.00297608
273000 0.00297409
274000 0.00297297
275000 0.00297212
276000 0.00297201
277000 0.00297165
278000 0.00297136
279000 0.00297159
280000 0.002972
281000 0.00297257
282000 0.00297294
283000 0.00297313
284000 0.00297335
285000 0.00297354
286000 0.00297353
287000 0.00297351
288000 0.00297379
289000 0.00297468
290000 0.00297595
291000 0.00297727
292000 0.00297843
293000 0.00297966
294000 0.00298048
295000 0.00298128
296000 0.00298237
297000 0.00298285
298000 0.00298333
299000 0.00298369
300000 0.00298447
301000 0.00298531
302000 0.0029863
303000 0.00298774
304000 0.00299028
305000 0.00299267
306000 0.00299468
307000 0.00299659
308000 0.00299858
309000 0.00300071
310000 0.00300347
311000 0.00300662
312000 0.00301003
313000 0.00301377
314000 0.00301715
315000 0.00302087
316000 0.00302461
317000 0.00302754
318000 0.00303016
319000 0.00303254
320000 0.00303455
321000 0.00303645
322000 0.00303898
323000 0.00304187
324000 0.00304486
325000 0.00304811
326000 0.00305155
327000 0.00305487
328000 0.00305848
329000 0.00306233
330000 0.00306651
331000 0.00307091
332000 0.00307488
333000 0.00307871
334000 0.00308235
335000 0.00308622
336000 0.00309029
337000 0.00309425
338000 0.00309797
339000 0.00310149
340000 0.00310521
341000 0.00310861
342000 0.00311204
343000 0.00311561
344000 0.00311939
345000 0.00312308
346000 0.00312638
347000 0.00312988
348000 0.00313311
349000 0.00313613
350000 0.00313929
351000 0.00314224
352000 0.0031448
353000 0.00314717
354000 0.00314968
355000 0.0031522
356000 0.00315487
357000 0.00315767
358000 0.00316056
359000 0.00316323
360000 0.00316551
361000 0.00316773
362000 0.00316941
363000 0.00317106
364000 0.00317281
365000 0.00317537
366000 0.00317765
367000 0.00317944
368000 0.00318104
369000 0.00318265
370000 0.00318465
371000 0.00318686
372000 0.00318928
373000 0.00319179
374000 0.00319487
375000 0.00319809
376000 0.00320131
377000 0.00320409
378000 0.00320689
379000 0.00320943
380000 0.00321176
381000 0.00321362
382000 0.00321519
383000 0.00321667
384000 0.00321822
385000 0.00321966
386000 0.00322079
387000 0.00322151
388000 0.00322188
389000 0.00322205
390000 0.00322218
391000 0.00322226
392000 0.00322249
393000 0.00322294
394000 0.00322345
395000 0.00322388
396000 0.00322424
397000 0.00322479
398000 0.00322531
399000 0.00322578
400000 0.00322629
401000 0.00322668
402000 0.00322736
403000 0.00322825
404000 0.00322938
405000 0.00323029
406000 0.0032315
407000 0.00323302
408000 0.00323456
409000 0.00323568
410000 0.00323654
411000 0.00323721
412000 0.00323774
413000 0.0032377
414000 0.00323789
415000 0.00323831
416000 0.00323894
417000 0.00323966
418000 0.00324072
419000 0.0032421
420000 0.00324385
421000 0.00324586
422000 0.00324835
423000 0.00325121
424000 0.00325431
425000 0.00325741
426000 0.00326038
427000 0.00326305
428000 0.00326554
429000 0.00326785
430000 0.00326995
431000 0.00327157
432000 0.00327296
433000 0.00327452
434000 0.00327582
435000 0.00327696
436000 0.00327825
437000 0.00327955
438000 0.00328047
439000 0.00328117
440000 0.00328141
441000 0.0032819
442000 0.00328281
443000 0.00328384
444000 0.00328474
445000 0.00328546
446000 0.00328606
447000 0.00328677
448000 0.00328719
449000 0.00328742
450000 0.00328768
451000 0.003288
452000 0.00328837
453000 0.00328846
454000 0.00328845
455000 0.0032884
456000 0.00328874
457000 0.00328952
458000 0.00329059
459000 0.00329165
460000 0.0032928
461000 0.00329406
462000 0.00329564
463000 0.00329728
464000 0.0032987
465000 0.00330014
466000 0.00330182
467000 0.00330337
468000 0.0033047
469000 0.00330596
470000 0.00330725
471000 0.00330848
472000 0.00330994
473000 0.00331159
474000 0.0033131
475000 0.00331461
476000 0.00331609
477000 0.00331768
478000 0.00331922
479000 0.00332067
480000 0.00332221
481000 0.00332356
482000 0.00332495
483000 0.00332645
484000 0.00332809
485000 0.00332983
486000 0.00333166
487000 0.00333352
488000 0.00333549
489000 0.00333769
490000 0.00333984
491000 0.00334209
492000 0.00334429
493000 0.00334638
494000 0.00334835
495000 0.00335058
496000 0.00335294
497000 0.00335527
498000 0.00335741
499000 0.00335944
500000 0.00336121
