1000 0.003097
2000 0.00310536
3000 0.00311782
4000 0.00311947
5000 0.00309991
6000 0.00307441
7000 0.00306848
8000 0.00306733
9000 0.00305713
10000 0.00304692
11000 0.00305264
12000 0.0030785
13000 0.00311017
14000 0.0031274
15000 0.00313798
16000 0.00313384
17000 0.00313221
18000 0.00312798
19000 0.00312013
20000 0.00311727
21000 0.00312096
22000 0.0031293
23000 0.00314016
24000 0.00315
25000 0.00316018
26000 0.00317143
27000 0.00318241
28000 0.00319747
29000 0.00321045
30000 0.00322194
31000 0.0032334
32000 0.00324508
33000 0.0032566
34000 0.00327049
35000 0.00328115
36000 0.00329037
37000 0.00329634
38000 0.00329496
39000 0.00329234
40000 0.00328794
41000 0.00328231
42000 0.00327686
43000 0.00327556
44000 0.00327092
45000 0.00326042
46000 0.00325131
47000 0.00324232
48000 0.00323437
49000 0.00322971
50000 0.00322593
51000 0.00322217
52000 0.00321927
53000 0.00321965
54000 0.00322195
55000 0.00322167
56000 0.00322139
57000 0.00322034
58000 0.00321738
59000 0.00321458
60000 0.00321344
61000 0.00321605
62000 0.00321987
63000 0.00322508
64000 0.00323424
65000 0.00324321
66000 0.00325131
67000 0.0032597
68000 0.00326686
69000 0.00327589
70000 0.00328303
71000 0.00329034
72000 0.00329979
73000 0.00330876
74000 0.00331692
75000 0.00332361
76000 0.00332904
77000 0.0033342
78000 0.00333893
79000 0.0033429
80000 0.00334621
81000 0.00334943
82000 0.00335199
83000 0.00335443
84000 0.00335439
85000 0.00335386
86000 0.0033524
87000 0.00335167
88000 0.00335001
89000 0.00334993
90000 0.00335069
91000 0.00335072
92000 0.00334881
93000 0.0033472
94000 0.00334642
95000 0.00334485
96000 0.0033438
97000 0.00334257
98000 0.00334097
99000 0.00333922
100000 0.00333768
101000 0.00333524
102000 0.00333285
103000 0.00333096
104000 0.00332941
105000 0.00332856
106000 0.00332882
107000 0.00332983
108000 0.00333017
109000 0.0033314
110000 0.00333188
111000 0.0033321
112000 0.00333223
113000 0.0033326
114000 0.00333291
115000 0.00333267
116000 0.00333203
117000 0.00333136
118000 0.00333129
119000 0.00333192
120000 0.00333374
121000 0.00333506
122000 0.0033345
123000 0.00333191
124000 0.00332957
125000 0.00332646
126000 0.00332405
127000 0.00332225
128000 0.00331943
129000 0.00331683
130000 0.0033139
131000 0.00331036
132000 0.00330614
133000 0.00330186
134000 0.00329821
135000 0.00329491
136000 0.00329211
137000 0.00328933
138000 0.00328625
139000 0.00328186
140000 0.00327729
141000 0.00327266
142000 0.00326778
143000 0.00326371
144000 0.00326039
145000 0.00325645
146000 0.00325188
147000 0.00324765
148000 0.00324317
149000 0.00323913
150000 0.00323457
151000 0.00322977
152000 0.00322514
153000 0.00322018
154000 0.00321476
155000 0.00321032
156000 0.00320588
157000 0.00320054
158000 0.00319459
159000 0.00318878
160000 0.00318332
161000 0.00317778
162000 0.00317269
163000 0.0031683
164000 0.00316405
165000 0.00315981
166000 0.00315561
167000 0.00315192
168000 0.00314847
169000 0.00314494
170000 0.00314134
171000 0.00313755
172000 0.00313356
173000 0.00312937
174000 0.00312476
175000 0.00312005
176000 0.00311584
177000 0.00311148
178000 0.00310735
179000 0.00310373
180000 0.00310005
181000 0.00309672
182000 0.00309381
183000 0.00309096
184000 0.0030881
185000 0.00308566
186000 0.0030838
187000 0.00308175
188000 0.00308025
189000 0.00307927
190000 0.00307795
191000 0.00307646
192000 0.00307583
193000 0.00307522
194000 0.0030747
195000 0.00307412
196000 0.00307325
197000 0.00307285
198000 0.00307271
199000 0.00307232
200000 0.00307206
201000 0.00307219
202000 0.00307228
203000 0.00307173
204000 0.00307145
205000 0.00307171
206000 0.00307182
207000 0.00307224
208000 0.00307321
209000 0.00307494
210000 0.00307716
211000 0.00307937
212000 0.00308174
213000 0.0030829
214000 0.00308385
215000 0.00308438
216000 0.00308468
217000 0.00308507
218000 0.00308566
219000 0.00308671
220000 0.0030882
221000 0.0030895
222000 0.0030912
223000 0.00309366
224000 0.00309725
225000 0.00310029
226000 0.00310351
227000 0.00310716
228000 0.00311101
229000 0.00311463
230000 0.00311816
231000 0.00312223
232000 0.00312655
233000 0.00313128
234000 0.00313517
235000 0.00313867
236000 0.00314173
237000 0.00314443
238000 0.00314733
239000 0.00314997
240000 0.00315229
241000 0.00315435
242000 0.00315666
243000 0.00315961
244000 0.00316189
245000 0.0031638
246000 0.00316495
247000 0.00316488
248000 0.00316429
249000 0.0031636
250000 0.00316318
251000 0.00316331
252000 0.00316373
253000 0.00316462
254000 0.00316547
255000 0.00316575
256000 0.00316471
257000 0.00316361
258000 0.00316287
259000 0.0031619
260000 0.00316116
261000 0.00316025
262000 0.00315934
263000 0.00315852
264000 0.00315762
265000 0.0031566
266000 0.00315549
267000 0.00315457
268000 0.00315404
269000 0.00315367
270000 0.00315289
271000 0.00315146
272000 0.0031497
273000 0.00314828
274000 0.00314664
275000 0.00314464
276000 0.00314262
277000 0.00314097
278000 0.0031391
279000 0.00313709
280000 0.00313517
281000 0.00313337
282000 0.00313152
283000 0.00312987
284000 0.00312833
285000 0.00312701
286000 0.0031255
287000 0.00312411
288000 0.00312244
289000 0.00312091
290000 0.00311919
291000 0.00311737
292000 0.00311586
293000 0.0031147
294000 0.00311373
295000 0.00311286
296000 0.00311223
297000 0.00311072
298000 0.00310916
299000 0.0031077
300000 0.00310667
301000 0.00310605
302000 0.00310537
303000 0.00310521
304000 0.00310535
305000 0.00310502
306000 0.00310535
307000 0.00310567
308000 0.00310556
309000 0.00310498
310000 0.00310456
311000 0.00310478
312000 0.00310524
313000 0.00310603
314000 0.00310708
315000 0.00310854
316000 0.00311089
317000 0.00311307
318000 0.00311515
319000 0.00311788
320000 0.00312085
321000 0.00312396
322000 0.00312672
323000 0.00312927
324000 0.00313208
325000 0.00313529
326000 0.00313865
327000 0.00314236
328000 0.00314665
329000 0.00315068
330000 0.00315431
331000 0.00315897
332000 0.00316396
333000 0.00316949
334000 0.00317487
335000 0.00317954
336000 0.00318411
337000 0.0031892
338000 0.00319477
339000 0.00320036
340000 0.00320592
341000 0.00321188
342000 0.00321759
343000 0.0032232
344000 0.00322913
345000 0.00323456
346000 0.00323958
347000 0.00324434
348000 0.00324948
349000 0.00325479
350000 0.00326024
351000 0.00326568
352000 0.00327121
353000 0.00327639
354000 0.00328179
355000 0.00328761
356000 0.00329286
357000 0.00329769
358000 0.00330296
359000 0.00330755
360000 0.00331102
361000 0.00331413
362000 0.00331658
363000 0.00331912
364000 0.00332179
365000 0.00332424
366000 0.00332728
367000 0.00333001
368000 0.0033323
369000 0.0033346
370000 0.00333717
371000 0.00334001
372000 0.00334275
373000 0.00334547
374000 0.00334823
375000 0.00335068
376000 0.0033533
377000 0.00335626
378000 0.0033589
379000 0.00336167
380000 0.00336491
381000 0.00336844
382000 0.00337184
383000 0.00337528
384000 0.00337895
385000 0.00338256
386000 0.00338544
387000 0.00338815
388000 0.00339051
389000 0.00339272
390000 0.00339482
391000 0.00339697
392000 0.0033992
393000 0.00340145
394000 0.0034037
395000 0.00340607
396000 0.00340804
397000 0.00341003
398000 0.00341161
399000 0.00341318
400000 0.00341447
401000 0.00341537
402000 0.00341625
403000 0.0034172
404000 0.00341785
405000 0.00341855
406000 0.00341978
407000 0.00342107
408000 0.00342246
409000 0.00342427
410000 0.00342672
411000 0.0034296
412000 0.00343278
413000 0.00343607
414000 0.00343981
415000 0.00344342
416000 0.00344673
417000 0.00344955
418000 0.00345159
419000 0.00345286
420000 0.00345366
421000 0.00345459
422000 0.00345576
423000 0.00345682
424000 0.00345828
425000 0.00346002
426000 0.00346171
427000 0.00346372
428000 0.00346572
429000 0.00346785
430000 0.00347
431000 0.00347256
432000 0.00347484
433000 0.00347735
434000 0.00348024
435000 0.0034834
436000 0.00348669
437000 0.00349019
438000 0.00349397
439000 0.00349783
440000 0.00350196
441000 0.003506
442000 0.00351042
443000 0.00351457
444000 0.00351851
445000 0.00352217
446000 0.00352536
447000 0.00352841
448000 0.0035317
449000 0.00353486
450000 0.00353811
451000 0.00354136
452000 0.00354424
453000 0.00354693
454000 0.00354948
455000 0.00355229
456000 0.00355473
457000 0.00355724
458000 0.00355989
459000 0.00356219
460000 0.00356419
461000 0.00356611
462000 0.00356813
463000 0.00356987
464000 0.00357103
465000 0.00357192
466000 0.00357231
467000 0.00357243
468000 0.00357245
469000 0.00357229
470000 0.00357205
471000 0.00357185
472000 0.00357158
473000 0.00357148
474000 0.00357119
475000 0.00357075
476000 0.00357025
477000 0.00356944
478000 0.00356852
479000 0.00356802
480000 0.00356754
481000 0.00356725
482000 0.00356716
483000 0.00356697
484000 0.00356682
485000 0.00356659
486000 0.00356628
487000 0.00356585
488000 0.00356537
489000 0.00356502
490000 0.00356474
491000 0.0035645
492000 0.00356444
493000 0.00356428
494000 0.00356427
495000 0.00356446
496000 0.0035647
497000 0.00356473
498000 0.00356458
499000 0.00356429
500000 0.00356411
