1000 0.00197799
2000 0.00190784
3000 0.00186194
4000 0.00182862
5000 0.00180084
6000 0.0017841
7000 0.00176741
8000 0.00177534
9000 0.00178368
10000 0.00179416
11000 0.00180719
12000 0.00181074
13000 0.00180954
14000 0.00181183
15000 0.00180762
16000 0.00179494
17000 0.00179062
18000 0.00178951
19000 0.00179241
20000 0.00179569
21000 0.0017994
22000 0.00180632
23000 0.00181285
24000 0.00182244
25000 0.00183629
26000 0.00185505
27000 0.00187298
28000 0.00188927
29000 0.0019097
30000 0.00192861
31000 0.0019426
32000 0.00195525
33000 0.00196789
34000 0.00197781
35000 0.00199205
36000 0.00200876
37000 0.0020243
38000 0.00203979
39000 0.00205579
40000 0.00207304
41000 0.002088
42000 0.00210097
43000 0.00211031
44000 0.00211925
45000 0.00212924
46000 0.00213864
47000 0.0021452
48000 0.00215254
49000 0.00216086
50000 0.00216927
51000 0.00217748
52000 0.00218525
53000 0.0021952
54000 0.00220497
55000 0.00221555
56000 0.00222324
57000 0.00222921
58000 0.00223399
59000 0.0022395
60000 0.00224638
61000 0.00225338
62000 0.00225977
63000 0.00226672
64000 0.00227318
65000 0.00227766
66000 0.00228088
67000 0.00228428
68000 0.00228776
69000 0.00229005
70000 0.00229266
71000 0.0022963
72000 0.00229909
73000 0.00230237
74000 0.00230523
75000 0.00230738
76000 0.0023106
77000 0.00231392
78000 0.0023167
79000 0.00231941
80000 0.0023219
81000 0.0023238
82000 0.00232674
83000 0.00233093
84000 0.00233531
85000 0.0023381
86000 0.00233886
87000 0.00233809
88000 0.0023365
89000 0.0023351
90000 0.00233494
91000 0.00233446
92000 0.00233351
93000 0.00233321
94000 0.00233347
95000 0.00233416
96000 0.00233477
97000 0.00233592
98000 0.00233856
99000 0.00234259
100000 0.00234676
101000 0.00235144
102000 0.0023553
103000 0.00235866
104000 0.00236235
105000 0.00236539
106000 0.00236839
107000 0.00237058
108000 0.00237241
109000 0.00237374
110000 0.00237416
111000 0.00237468
112000 0.00237478
113000 0.00237455
114000 0.00237381
115000 0.00237224
116000 0.00237088
117000 0.00236916
118000 0.00236744
119000 0.00236624
120000 0.00236602
121000 0.00236634
122000 0.0023665
123000 0.00236697
124000 0.00236789
125000 0.00236867
126000 0.00236841
127000 0.00236733
128000 0.00236664
129000 0.00236663
130000 0.00236653
131000 0.00236642
132000 0.00236584
133000 0.00236481
134000 0.00236342
135000 0.00236123
136000 0.00235906
137000 0.00235706
138000 0.00235497
139000 0.00235257
140000 0.0023508
141000 0.00234942
142000 0.00234771
143000 0.00234552
144000 0.00234243
145000 0.00233992
146000 0.00233829
147000 0.0023365
148000 0.0023351
149000 0.00233412
150000 0.00233289
151000 0.00233181
152000 0.00233059
153000 0.00232905
154000 0.00232718
155000 0.00232632
156000 0.00232666
157000 0.0023266
158000 0.0023267
159000 0.00232653
160000 0.0023269
161000 0.00232739
162000 0.00232835
163000 0.00233015
164000 0.0023326
165000 0.00233486
166000 0.00233783
167000 0.00234105
168000 0.00234496
169000 0.00234786
170000 0.00235038
171000 0.00235249
172000 0.00235439
173000 0.00235539
174000 0.00235598
175000 0.0023565
176000 0.00235684
177000 0.00235752
178000 0.00235806
179000 0.00235782
180000 0.00235788
181000 0.0023573
182000 0.00235643
183000 0.00235562
184000 0.00235486
185000 0.00235474
186000 0.00235435
187000 0.00235324
188000 0.00235221
189000 0.00235128
190000 0.00235095
191000 0.00235136
192000 0.00235201
193000 0.00235295
194000 0.00235339
195000 0.00235333
196000 0.00235322
197000 0.00235359
198000 0.00235389
199000 0.00235437
200000 0.00235469
201000 0.00235516
202000 0.00235531
203000 0.00235554
204000 0.0023559
205000 0.00235638
206000 0.00235737
207000 0.00235909
208000 0.00236072
209000 0.00236275
210000 0.00236473
211000 0.00236714
212000 0.00237025
213000 0.00237308
214000 0.00237596
215000 0.00237858
216000 0.00238047
217000 0.00238141
218000 0.0023818
219000 0.00238233
220000 0.00238259
221000 0.00238319
222000 0.00238352
223000 0.00238405
224000 0.0023847
225000 0.00238542
226000 0.00238617
227000 0.0023867
228000 0.00238729
229000 0.00238761
230000 0.00238741
231000 0.00238766
232000 0.00238795
233000 0.0023882
234000 0.00238819
235000 0.00238806
236000 0.00238769
237000 0.00238734
238000 0.00238728
239000 0.00238729
240000 0.00238743
241000 0.00238763
242000 0.00238783
243000 0.002388
244000 0.00238798
245000 0.0023873
246000 0.00238662
247000 0.00238615
248000 0.0023858
249000 0.00238576
250000 0.00238585
251000 0.00238619
252000 0.00238622
253000 0.00238618
254000 0.00238632
255000 0.00238697
256000 0.00238757
257000 0.00238773
258000 0.00238806
259000 0.0023882
260000 0.00238868
261000 0.00238955
262000 0.00239027
263000 0.00239099
264000 0.00239207
265000 0.00239309
266000 0.00239429
267000 0.00239595
268000 0.00239767
269000 0.00239905
270000 0.00240014
271000 0.00240109
272000 0.00240201
273000 0.00240309
274000 0.00240438
275000 0.00240576
276000 0.00240673
277000 0.00240787
278000 0.00240888
279000 0.00241
280000 0.00241085
281000 0.00241093
282000 0.00241087
283000 0.00241052
284000 0.00240981
285000 0.00240925
286000 0.00240871
287000 0.00240818
288000 0.0024073
289000 0.00240671
290000 0.00240645
291000 0.00240662
292000 0.00240671
293000 0.00240634
294000 0.00240536
295000 0.00240417
296000 0.0024029
297000 0.00240168
298000 0.0024008
299000 0.00240003
300000 0.00239971
301000 0.00239921
302000 0.00239855
303000 0.00239813
304000 0.00239741
305000 0.00239666
306000 0.00239602
307000 0.00239542
308000 0.00239459
309000 0.00239358
310000 0.00239186
311000 0.00239009
312000 0.00238833
313000 0.00238632
314000 0.00238413
315000 0.00238219
316000 0.00238039
317000 0.0023782
318000 0.00237611
319000 0.00237404
320000 0.00237165
321000 0.00236923
322000 0.00236711
323000 0.00236499
324000 0.00236305
325000 0.00236156
326000 0.00236035
327000 0.00235916
328000 0.00235789
329000 0.00235661
330000 0.00235537
331000 0.0023544
332000 0.00235386
333000 0.00235322
334000 0.00235227
335000 0.00235106
336000 0.00235002
337000 0.00234922
338000 0.00234849
339000 0.00234802
340000 0.00234744
341000 0.00234651
342000 0.00234565
343000 0.00234505
344000 0.00234435
345000 0.00234349
346000 0.00234283
347000 0.00234263
348000 0.00234248
349000 0.00234216
350000 0.00234185
351000 0.00234141
352000 0.00234094
353000 0.00234017
354000 0.00233954
355000 0.00233899
356000 0.00233834
357000 0.00233785
358000 0.00233726
359000 0.00233652
360000 0.00233591
361000 0.00233529
362000 0.00233484
363000 0.00233437
364000 0.00233391
365000 0.00233367
366000 0.00233357
367000 0.00233348
368000 0.00233296
369000 0.00233224
370000 0.00233148
371000 0.00233065
372000 0.00233001
373000 0.00232946
374000 0.00232885
375000 0.00232815
376000 0.00232742
377000 0.00232668
378000 0.00232607
379000 0.00232532
380000 0.00232485
381000 0.00232468
382000 0.00232447
383000 0.00232423
384000 0.00232416
385000 0.00232401
386000 0.00232379
387000 0.00232368
388000 0.00232369
389000 0.00232376
390000 0.00232361
391000 0.0023231
392000 0.00232264
393000 0.00232192
394000 0.00232093
395000 0.00231973
396000 0.00231826
397000 0.00231703
398000 0.00231574
399000 0.00231441
400000 0.00231309
401000 0.00231182
402000 0.0023106
403000 0.0023094
404000 0.00230847
405000 0.00230754
406000 0.00230663
407000 0.00230588
408000 0.00230535
409000 0.00230475
410000 0.00230414
411000 0.0023036
412000 0.00230309
413000 0.00230287
414000 0.00230313
415000 0.00230357
416000 0.00230418
417000 0.00230493
418000 0.00230561
419000 0.00230653
420000 0.00230749
421000 0.00230874
422000 0.00230984
423000 0.00231106
424000 0.00231237
425000 0.00231345
426000 0.00231439
427000 0.00231538
428000 0.00231626
429000 0.00231708
430000 0.0023178
431000 0.00231829
432000 0.00231869
433000 0.0023193
434000 0.00232004
435000 0.00232042
436000 0.00232057
437000 0.00232066
438000 0.00232048
439000 0.0023203
440000 0.00232015
441000 0.0023202
442000 0.00232027
443000 0.00232058
444000 0.00232077
445000 0.00232112
446000 0.00232174
447000 0.00232253
448000 0.00232315
449000 0.00232361
450000 0.00232409
451000 0.0023248
452000 0.00232543
453000 0.00232587
454000 0.00232599
455000 0.00232587
456000 0.00232565
457000 0.00232543
458000 0.00232501
459000 0.00232444
460000 0.0023239
461000 0.00232332
462000 0.00232266
463000 0.00232216
464000 0.00232189
465000 0.00232172
466000 0.00232153
467000 0.00232123
468000 0.00232097
469000 0.00232076
470000 0.00232049
471000 0.00232015
472000 0.00231971
473000 0.00231924
474000 0.00231863
475000 0.002318
476000 0.00231738
477000 0.00231678
478000 0.00231631
479000 0.00231558
480000 0.00231483
481000 0.00231413
482000 0.00231355
483000 0.00231312
484000 0.00231292
485000 0.00231294
486000 0.00231313
487000 0.00231335
488000 0.00231379
489000 0.00231407
490000 0.00231452
491000 0.00231515
492000 0.00231578
493000 0.0023165
494000 0.00231746
495000 0.00231855
496000 0.00232003
497000 0.00232212
498000 0.00232429
499000 0.00232659
500000 0.00232889
