1000 0.00360412
2000 0.0035825
3000 0.00353761
4000 0.0035224
5000 0.00350994
6000 0.00349636
7000 0.00349282
8000 0.00347615
9000 0.00348087
10000 0.00347488
11000 0.00346829
12000 0.00345447
13000 0.00343429
14000 0.00342163
15000 0.00340553
16000 0.00339077
17000 0.00337839
18000 0.00336618
19000 0.00335658
20000 0.00335032
21000 0.0033456
22000 0.00334049
23000 0.00333611
24000 0.00332889
25000 0.00332068
26000 0.00331185
27000 0.00330314
28000 0.00329562
29000 0.00328628
30000 0.00327749
31000 0.00326661
32000 0.00325615
33000 0.00324621
34000 0.0032357
35000 0.00322341
36000 0.00320739
37000 0.00319066
38000 0.00317619
39000 0.00316408
40000 0.00315388
41000 0.00314201
42000 0.00312823
43000 0.00311463
44000 0.00309938
45000 0.00308474
46000 0.0030736
47000 0.00306382
48000 0.00305405
49000 0.00304451
50000 0.00303562
51000 0.00302838
52000 0.00302266
53000 0.00301822
54000 0.00301328
55000 0.00300805
56000 0.00300332
57000 0.00299744
58000 0.00299282
59000 0.00298993
60000 0.00298805
61000 0.0029879
62000 0.00298654
63000 0.00298539
64000 0.00298353
65000 0.00298112
66000 0.00297892
67000 0.00297538
68000 0.00297295
69000 0.0029702
70000 0.00296536
71000 0.00295897
72000 0.00295329
73000 0.00294725
74000 0.00294119
75000 0.00293566
76000 0.00293104
77000 0.00292735
78000 0.00292279
79000 0.00291788
80000 0.00291103
81000 0.00290404
82000 0.00289602
83000 0.00288957
84000 0.00288473
85000 0.00288052
86000 0.00287583
87000 0.00287019
88000 0.00286651
89000 0.00286377
90000 0.00286103
91000 0.00285793
92000 0.00285324
93000 0.0028474
94000 0.00284176
95000 0.00283521
96000 0.00282876
97000 0.00282216
98000 0.00281511
99000 0.00280806
100000 0.00280173
101000 0.00279602
102000 0.00279069
103000 0.00278682
104000 0.00278483
105000 0.00278311
106000 0.00278126
107000 0.00277879
108000 0.00277571
109000 0.00277158
110000 0.00276748
111000 0.0027642
112000 0.00276081
113000 0.00275588
114000 0.00275117
115000 0.00274734
116000 0.00274406
117000 0.00274133
118000 0.00273925
119000 0.00273708
120000 0.00273422
121000 0.00273133
122000 0.00272896
123000 0.00272605
124000 0.00272314
125000 0.00272021
126000 0.00271753
127000 0.00271478
128000 0.00271175
129000 0.00270837
130000 0.00270507
131000 0.00270168
132000 0.00269934
133000 0.00269738
134000 0.00269559
135000 0.00269498
136000 0.00269515
137000 0.00269567
138000 0.00269633
139000 0.00269705
140000 0.00269825
141000 0.00269781
142000 0.00269668
143000 0.00269564
144000 0.00269474
145000 0.00269374
146000 0.00269255
147000 0.00269049
148000 0.00268794
149000 0.00268556
150000 0.00268379
151000 0.00268178
152000 0.00267999
153000 0.00267859
154000 0.00267749
155000 0.00267597
156000 0.00267478
157000 0.00267349
158000 0.00267218
159000 0.0026714
160000 0.00267045
161000 0.00266952
162000 0.00266863
163000 0.00266823
164000 0.00266757
165000 0.00266658
166000 0.0026662
167000 0.00266567
168000 0.00266507
169000 0.00266435
170000 0.00266331
171000 0.00266241
172000 0.00266177
173000 0.00266046
174000 0.00265917
175000 0.00265776
176000 0.00265708
177000 0.00265659
178000 0.00265617
179000 0.002656
180000 0.00265579
181000 0.00265529
182000 0.0026553
183000 0.002656
184000 0.00265717
185000 0.00265875
186000 0.00266033
187000 0.00266134
188000 0.0026619
189000 0.00266207
190000 0.00266296
191000 0.00266413
192000 0.00266506
193000 0.00266628
194000 0.00266813
195000 0.00267034
196000 0.00267185
197000 0.00267378
198000 0.00267556
199000 0.00267667
200000 0.00267831
201000 0.00268022
202000 0.0026825
203000 0.00268485
204000 0.00268642
205000 0.00268796
206000 0.00268886
207000 0.00268962
208000 0.00269084
209000 0.00269155
210000 0.00269268
211000 0.00269444
212000 0.00269535
213000 0.00269577
214000 0.00269604
215000 0.00269629
216000 0.00269628
217000 0.0026964
218000 0.00269672
219000 0.00269694
220000 0.00269691
221000 0.00269641
222000 0.00269628
223000 0.00269606
224000 0.00269547
225000 0.00269458
226000 0.00269358
227000 0.0026924
228000 0.00269133
229000 0.00269058
230000 0.00268971
231000 0.00268915
232000 0.00268865
233000 0.00268787
234000 0.0026872
235000 0.00268647
236000 0.00268524
237000 0.0026839
238000 0.00268248
239000 0.00268061
240000 0.00267844
241000 0.00267628
242000 0.00267453
243000 0.00267259
244000 0.00267092
245000 0.00266973
246000 0.00266888
247000 0.00266798
248000 0.00266752
249000 0.00266691
250000 0.00266592
251000 0.00266499
252000 0.00266461
253000 0.0026646
254000 0.00266478
255000 0.00266541
256000 0.00266588
257000 0.00266569
258000 0.00266548
259000 0.00266481
260000 0.0026637
261000 0.00266264
262000 0.00266106
263000 0.00265923
264000 0.00265737
265000 0.00265584
266000 0.00265471
267000 0.00265363
268000 0.00265255
269000 0.00265126
270000 0.00264974
271000 0.00264851
272000 0.00264726
273000 0.00264569
274000 0.00264392
275000 0.0026422
276000 0.00264025
277000 0.00263843
278000 0.00263642
279000 0.00263455
280000 0.00263267
281000 0.00263058
282000 0.00262818
283000 0.00262565
284000 0.00262278
285000 0.00261966
286000 0.00261658
287000 0.00261357
288000 0.0026106
289000 0.00260752
290000 0.00260437
291000 0.00260117
292000 0.0025981
293000 0.00259504
294000 0.00259215
295000 0.00258946
296000 0.00258677
297000 0.00258417
298000 0.00258157
299000 0.00257894
300000 0.0025765
301000 0.00257393
302000 0.00257131
303000 0.00256868
304000 0.00256597
305000 0.00256342
306000 0.00256106
307000 0.00255894
308000 0.00255639
309000 0.00255367
310000 0.00255095
311000 0.00254817
312000 0.0025452
313000 0.00254229
314000 0.00253949
315000 0.00253685
316000 0.00253428
317000 0.00253186
318000 0.00252935
319000 0.00252675
320000 0.0025242
321000 0.00252161
322000 0.00251897
323000 0.00251618
324000 0.0025135
325000 0.00251109
326000 0.00250878
327000 0.00250619
328000 0.00250374
329000 0.00250129
330000 0.0024988
331000 0.00249633
332000 0.00249378
333000 0.00249149
334000 0.0024893
335000 0.00248722
336000 0.00248511
337000 0.00248297
338000 0.00248088
339000 0.00247903
340000 0.0024774
341000 0.00247588
342000 0.00247464
343000 0.0024734
344000 0.00247228
345000 0.00247106
346000 0.00246988
347000 0.00246886
348000 0.00246795
349000 0.00246685
350000 0.00246588
351000 0.00246498
352000 0.00246377
353000 0.00246245
354000 0.00246113
355000 0.00245986
356000 0.00245915
357000 0.00245868
358000 0.00245859
359000 0.00245862
360000 0.00245891
361000 0.00245923
362000 0.0024597
363000 0.0024603
364000 0.00246063
365000 0.00246129
366000 0.00246203
367000 0.00246282
368000 0.00246338
369000 0.00246395
370000 0.00246448
371000 0.00246529
372000 0.00246627
373000 0.00246738
374000 0.00246867
375000 0.00246974
376000 0.00247082
377000 0.00247212
378000 0.00247362
379000 0.00247522
380000 0.00247721
381000 0.00247921
382000 0.00248098
383000 0.00248297
384000 0.00248509
385000 0.00248733
386000 0.0024899
387000 0.00249281
388000 0.0024956
389000 0.00249818
390000 0.00250095
391000 0.00250397
392000 0.00250673
393000 0.00250915
394000 0.0025117
395000 0.00251436
396000 0.00251714
397000 0.0025198
398000 0.00252245
399000 0.00252531
400000 0.0025279
401000 0.00253015
402000 0.00253254
403000 0.00253483
404000 0.00253733
405000 0.0025399
406000 0.00254255
407000 0.00254506
408000 0.00254791
409000 0.00255066
410000 0.00255357
411000 0.00255598
412000 0.00255851
413000 0.00256107
414000 0.00256353
415000 0.00256601
416000 0.00256853
417000 0.00257116
418000 0.00257397
419000 0.00257687
420000 0.00257979
421000 0.0025827
422000 0.00258526
423000 0.00258751
424000 0.00258942
425000 0.00259123
426000 0.00259308
427000 0.00259453
428000 0.00259559
429000 0.00259656
430000 0.0025978
431000 0.00259917
432000 0.00260047
433000 0.00260183
434000 0.00260334
435000 0.00260499
436000 0.00260632
437000 0.00260785
438000 0.00260954
439000 0.00261096
440000 0.00261196
441000 0.00261246
442000 0.00261288
443000 0.00261344
444000 0.00261424
445000 0.00261497
446000 0.00261553
447000 0.00261618
448000 0.00261696
449000 0.00261784
450000 0.00261862
451000 0.00261961
452000 0.00262069
453000 0.00262215
454000 0.00262378
455000 0.00262556
456000 0.00262767
457000 0.00262971
458000 0.00263204
459000 0.00263421
460000 0.00263627
461000 0.00263866
462000 0.00264124
463000 0.002644
464000 0.00264673
465000 0.00264907
466000 0.00265118
467000 0.00265334
468000 0.00265523
469000 0.00265744
470000 0.00266011
471000 0.00266298
472000 0.00266581
473000 0.00266908
474000 0.00267262
475000 0.00267668
476000 0.00268085
477000 0.00268508
478000 0.00268909
479000 0.00269306
480000 0.00269721
481000 0.002701
482000 0.00270433
483000 0.00270773
484000 0.00271075
485000 0.00271379
486000 0.00271727
487000 0.00272106
488000 0.00272478
489000 0.00272849
490000 0.00273234
491000 0.00273645
492000 0.00274039
493000 0.00274435
494000 0.00274786
495000 0.00275157
496000 0.00275533
497000 0.00275932
498000 0.00276328
499000 0.00276685
500000 0.00277018
