1000 0.00339152
2000 0.00343343
3000 0.00346774
4000 0.00347498
5000 0.00347741
6000 0.00347514
7000 0.0034835
8000 0.00348786
9000 0.00350726
10000 0.00353171
11000 0.00354695
12000 0.00355533
13000 0.00356079
14000 0.00355968
15000 0.00354964
16000 0.00353927
17000 0.00352768
18000 0.00351526
19000 0.00350191
20000 0.00349244
21000 0.00348381
22000 0.00347263
23000 0.00346172
24000 0.00345148
25000 0.00344274
26000 0.00343272
27000 0.0034217
28000 0.00341416
29000 0.00340454
30000 0.00339756
31000 0.00339602
32000 0.00339594
33000 0.00339386
34000 0.00339138
35000 0.00338789
36000 0.00338235
37000 0.00337682
38000 0.0033719
39000 0.00336734
40000 0.00336554
41000 0.00336403
42000 0.00336
43000 0.00335352
44000 0.00334873
45000 0.00334561
46000 0.00334402
47000 0.00334212
48000 0.00334097
49000 0.00333997
50000 0.00333783
51000 0.0033351
52000 0.00333251
53000 0.00332836
54000 0.00332402
55000 0.0033217
56000 0.00331887
57000 0.00331722
58000 0.00331823
59000 0.00331831
60000 0.00331589
61000 0.00330962
62000 0.0033028
63000 0.00329668
64000 0.00329313
65000 0.00328941
66000 0.00328482
67000 0.00327859
68000 0.00327167
69000 0.00326318
70000 0.0032533
71000 0.00324422
72000 0.00323584
73000 0.00322862
74000 0.00322123
75000 0.00321399
76000 0.0032081
77000 0.00320287
78000 0.00319802
79000 0.00319104
80000 0.00318433
81000 0.00317837
82000 0.00317161
83000 0.00316352
84000 0.00315507
85000 0.00314684
86000 0.00313955
87000 0.00313135
88000 0.00312383
89000 0.00311625
90000 0.00310822
91000 0.00309903
92000 0.00309062
93000 0.00308351
94000 0.00307741
95000 0.00307027
96000 0.00306189
97000 0.00305377
98000 0.00304597
99000 0.00303913
100000 0.00303167
101000 0.00302379
102000 0.00301521
103000 0.00300626
104000 0.00299763
105000 0.00298901
106000 0.0029806
107000 0.00297295
108000 0.00296675
109000 0.00296016
110000 0.00295277
111000 0.00294554
112000 0.00293866
113000 0.00293219
114000 0.00292595
115000 0.00291968
116000 0.00291379
117000 0.00290926
118000 0.00290563
119000 0.00290161
120000 0.00289749
121000 0.00289348
122000 0.00288977
123000 0.00288785
124000 0.0028866
125000 0.00288515
126000 0.00288311
127000 0.00288043
128000 0.00287781
129000 0.00287597
130000 0.0028742
131000 0.00287245
132000 0.00287149
133000 0.00286962
134000 0.00286773
135000 0.00286585
136000 0.00286452
137000 0.00286394
138000 0.00286397
139000 0.00286369
140000 0.00286299
141000 0.00286133
142000 0.00285966
143000 0.00285814
144000 0.00285717
145000 0.00285604
146000 0.0028551
147000 0.00285409
148000 0.0028529
149000 0.00285138
150000 0.00284995
151000 0.0028491
152000 0.00284853
153000 0.00284765
154000 0.00284731
155000 0.00284566
156000 0.00284359
157000 0.00284225
158000 0.00283973
159000 0.00283743
160000 0.00283491
161000 0.00283228
162000 0.00282977
163000 0.00282712
164000 0.00282528
165000 0.00282404
166000 0.00282295
167000 0.0028222
168000 0.0028221
169000 0.00282287
170000 0.00282379
171000 0.00282509
172000 0.00282608
173000 0.0028283
174000 0.0028311
175000 0.00283457
176000 0.0028396
177000 0.00284471
178000 0.00284949
179000 0.00285412
180000 0.0028582
181000 0.00286196
182000 0.00286531
183000 0.00286903
184000 0.00287276
185000 0.00287601
186000 0.0028789
187000 0.0028816
188000 0.0028831
189000 0.00288392
190000 0.00288466
191000 0.00288605
192000 0.0028875
193000 0.00288878
194000 0.00289024
195000 0.00289135
196000 0.00289157
197000 0.00289156
198000 0.00289162
199000 0.00289121
200000 0.00289083
201000 0.00289095
202000 0.00289109
203000 0.00289106
204000 0.00289154
205000 0.00289202
206000 0.00289159
207000 0.00289102
208000 0.00289055
209000 0.00288924
210000 0.00288775
211000 0.00288578
212000 0.00288369
213000 0.00288182
214000 0.00288009
215000 0.00287892
216000 0.00287775
217000 0.00287649
218000 0.00287548
219000 0.00287436
220000 0.00287349
221000 0.00287269
222000 0.00287165
223000 0.00287126
224000 0.00287136
225000 0.00287162
226000 0.0028717
227000 0.00287164
228000 0.00287141
229000 0.00287104
230000 0.00287038
231000 0.00286981
232000 0.0028685
233000 0.0028663
234000 0.00286371
235000 0.00286078
236000 0.00285783
237000 0.00285468
238000 0.00285123
239000 0.00284772
240000 0.00284381
241000 0.00283969
242000 0.00283561
243000 0.00283197
244000 0.00282788
245000 0.00282403
246000 0.00282024
247000 0.00281654
248000 0.002813
249000 0.0028093
250000 0.00280584
251000 0.00280256
252000 0.00279961
253000 0.00279713
254000 0.0027948
255000 0.00279301
256000 0.00279148
257000 0.00278996
258000 0.00278819
259000 0.00278608
260000 0.00278423
261000 0.002782
262000 0.00277886
263000 0.00277586
264000 0.00277319
265000 0.0027709
266000 0.00276848
267000 0.00276607
268000 0.00276378
269000 0.00276159
270000 0.00276008
271000 0.00275883
272000 0.00275783
273000 0.0027571
274000 0.00275628
275000 0.00275581
276000 0.00275557
277000 0.0027548
278000 0.00275372
279000 0.00275258
280000 0.00275153
281000 0.0027511
282000 0.0027514
283000 0.00275158
284000 0.00275176
285000 0.00275209
286000 0.00275284
287000 0.00275362
288000 0.00275468
289000 0.00275521
290000 0.00275594
291000 0.00275695
292000 0.00275758
293000 0.00275772
294000 0.00275788
295000 0.00275862
296000 0.00275992
297000 0.00276081
298000 0.00276136
299000 0.00276167
300000 0.00276196
301000 0.00276218
302000 0.00276169
303000 0.00276124
304000 0.00276104
305000 0.00276157
306000 0.00276256
307000 0.002763
308000 0.00276321
309000 0.00276362
310000 0.00276422
311000 0.002765
312000 0.00276575
313000 0.00276614
314000 0.00276613
315000 0.00276569
316000 0.00276481
317000 0.00276407
318000 0.00276323
319000 0.00276234
320000 0.00276151
321000 0.00276062
322000 0.00276002
323000 0.00275917
324000 0.00275833
325000 0.00275748
326000 0.00275627
327000 0.00275464
328000 0.00275268
329000 0.00275062
330000 0.00274843
331000 0.00274593
332000 0.00274331
333000 0.00274093
334000 0.002739
335000 0.00273708
336000 0.00273516
337000 0.00273336
338000 0.00273168
339000 0.00273022
340000 0.00272856
341000 0.00272677
342000 0.00272493
343000 0.00272282
344000 0.0027206
345000 0.00271818
346000 0.0027158
347000 0.00271329
348000 0.00271084
349000 0.00270887
350000 0.00270711
351000 0.00270555
352000 0.00270396
353000 0.00270225
354000 0.00270038
355000 0.00269853
356000 0.00269631
357000 0.00269395
358000 0.00269154
359000 0.00268911
360000 0.00268696
361000 0.00268496
362000 0.00268269
363000 0.00268024
364000 0.0026775
365000 0.00267444
366000 0.00267137
367000 0.0026681
368000 0.0026646
369000 0.00266084
370000 0.00265713
371000 0.00265333
372000 0.00264948
373000 0.00264585
374000 0.00264244
375000 0.0026389
376000 0.0026355
377000 0.0026322
378000 0.00262901
379000 0.0026261
380000 0.00262329
381000 0.00262025
382000 0.00261725
383000 0.00261449
384000 0.00261195
385000 0.0026093
386000 0.00260688
387000 0.0026046
388000 0.00260278
389000 0.00260083
390000 0.00259874
391000 0.00259672
392000 0.00259475
393000 0.0025928
394000 0.00259096
395000 0.00258925
396000 0.00258779
397000 0.00258646
398000 0.00258512
399000 0.00258374
400000 0.00258205
401000 0.00257989
402000 0.00257772
403000 0.00257575
404000 0.00257405
405000 0.00257276
406000 0.00257196
407000 0.00257122
408000 0.00257066
409000 0.00257024
410000 0.00257011
411000 0.00257008
412000 0.00257032
413000 0.00257046
414000 0.0025703
415000 0.0025699
416000 0.00256971
417000 0.00256946
418000 0.00256939
419000 0.00256942
420000 0.00256924
421000 0.00256911
422000 0.00256905
423000 0.00256926
424000 0.00256956
425000 0.00256991
426000 0.00257025
427000 0.0025707
428000 0.00257124
429000 0.0025715
430000 0.00257168
431000 0.00257169
432000 0.0025717
433000 0.00257165
434000 0.00257132
435000 0.00257104
436000 0.00257055
437000 0.00257006
438000 0.00256938
439000 0.00256886
440000 0.00256856
441000 0.00256844
442000 0.00256874
443000 0.0025694
444000 0.00257012
445000 0.00257072
446000 0.00257112
447000 0.0025713
448000 0.00257146
449000 0.00257181
450000 0.00257253
451000 0.00257345
452000 0.00257439
453000 0.00257574
454000 0.00257742
455000 0.00257907
456000 0.00258063
457000 0.00258212
458000 0.00258367
459000 0.00258513
460000 0.00258623
461000 0.00258665
462000 0.00258719
463000 0.00258811
464000 0.00258914
465000 0.00258989
466000 0.00259083
467000 0.00259209
468000 0.00259336
469000 0.00259446
470000 0.00259582
471000 0.00259741
472000 0.00259887
473000 0.00260011
474000 0.00260136
475000 0.00260261
476000 0.00260386
477000 0.0026049
478000 0.00260589
479000 0.00260651
480000 0.00260715
481000 0.00260787
482000 0.00260873
483000 0.00260995
484000 0.0026113
485000 0.00261287
486000 0.00261481
487000 0.00261662
488000 0.00261827
489000 0.0026199
490000 0.00262139
491000 0.00262261
492000 0.0026237
493000 0.00262507
494000 0.00262671
495000 0.00262811
496000 0.00262929
497000 0.00263039
498000 0.00263129
499000 0.00263243
500000 0.00263349
