1000 0.00409326
2000 0.00418808
3000 0.00421855
4000 0.00419819
5000 0.0041924
6000 0.0041825
7000 0.00416
8000 0.00412646
9000 0.00411097
10000 0.00410226
11000 0.00410457
12000 0.00410542
13000 0.00410975
14000 0.0041045
15000 0.00410571
16000 0.00410398
17000 0.00410262
18000 0.00409497
19000 0.00408905
20000 0.00408286
21000 0.00407867
22000 0.00407484
23000 0.00406251
24000 0.00405625
25000 0.00404586
26000 0.00403543
27000 0.00402254
28000 0.00400406
29000 0.00398737
30000 0.00397156
31000 0.00395891
32000 0.00394347
33000 0.00392998
34000 0.00392011
35000 0.00391205
36000 0.00390531
37000 0.00389253
38000 0.00387805
39000 0.003864
40000 0.00385451
41000 0.00384528
42000 0.00383934
43000 0.00383248
44000 0.0038243
45000 0.00381906
46000 0.00381218
47000 0.00380767
48000 0.00380252
49000 0.00379809
50000 0.00379801
51000 0.00379856
52000 0.00379957
53000 0.00379706
54000 0.0037912
55000 0.00378402
56000 0.00377505
57000 0.00376448
58000 0.00375531
59000 0.00374632
60000 0.0037384
61000 0.00373054
62000 0.00372483
63000 0.00372063
64000 0.00371956
65000 0.00372074
66000 0.0037219
67000 0.00372055
68000 0.00371997
69000 0.00371941
70000 0.00372077
71000 0.00371977
72000 0.00371958
73000 0.00371889
74000 0.00371645
75000 0.00371268
76000 0.00370703
77000 0.00370042
78000 0.00369418
79000 0.00368691
80000 0.00368052
81000 0.00367504
82000 0.00367066
83000 0.00366632
84000 0.00366111
85000 0.00365313
86000 0.00364566
87000 0.003639
88000 0.00363303
89000 0.00362883
90000 0.00362524
91000 0.00362291
92000 0.00362035
93000 0.00361679
94000 0.00361379
95000 0.00361025
96000 0.00360762
97000 0.00360461
98000 0.00360061
99000 0.00359478
100000 0.00358883
101000 0.00358391
102000 0.00357944
103000 0.00357482
104000 0.00357052
105000 0.00356711
106000 0.00356457
107000 0.00356208
108000 0.00355997
109000 0.00355813
110000 0.0035564
111000 0.00355495
112000 0.0035545
113000 0.00355455
114000 0.00355555
115000 0.00355613
116000 0.00355439
117000 0.0035521
118000 0.00354893
119000 0.00354487
120000 0.00354032
121000 0.00353532
122000 0.00352984
123000 0.00352442
124000 0.00351787
125000 0.00350959
126000 0.00350038
127000 0.00349164
128000 0.00348287
129000 0.00347394
130000 0.00346532
131000 0.00345716
132000 0.00344873
133000 0.00344153
134000 0.00343549
135000 0.00343043
136000 0.0034264
137000 0.00342262
138000 0.00341791
139000 0.0034129
140000 0.00340817
141000 0.0034025
142000 0.00339806
143000 0.0033945
144000 0.00339091
145000 0.00338757
146000 0.00338353
147000 0.00338013
148000 0.00337691
149000 0.00337307
150000 0.00336953
151000 0.0033658
152000 0.00336239
153000 0.00335946
154000 0.00335595
155000 0.00335255
156000 0.00334925
157000 0.00334654
158000 0.0033433
159000 0.00333993
160000 0.00333742
161000 0.00333574
162000 0.00333396
163000 0.0033323
164000 0.00333065
165000 0.00332907
166000 0.00332863
167000 0.00332854
168000 0.00332899
169000 0.00332999
170000 0.00333151
171000 0.00333356
172000 0.00333515
173000 0.00333715
174000 0.00333908
175000 0.00334017
176000 0.00334021
177000 0.00333972
178000 0.00333942
179000 0.00333922
180000 0.00333965
181000 0.00334042
182000 0.00334052
183000 0.0033407
184000 0.00334097
185000 0.00334143
186000 0.00334165
187000 0.00334177
188000 0.00334209
189000 0.00334312
190000 0.00334454
191000 0.00334613
192000 0.00334793
193000 0.00335056
194000 0.00335366
195000 0.00335699
196000 0.00336064
197000 0.00336369
198000 0.0033659
199000 0.00336788
200000 0.00336991
201000 0.00337141
202000 0.0033733
203000 0.00337518
204000 0.00337755
205000 0.00337989
206000 0.00338185
207000 0.00338339
208000 0.0033852
209000 0.00338724
210000 0.00338925
211000 0.003391
212000 0.00339274
213000 0.00339369
214000 0.00339418
215000 0.00339401
216000 0.00339419
217000 0.00339483
218000 0.00339617
219000 0.00339759
220000 0.00339925
221000 0.00340126
222000 0.0034039
223000 0.00340685
224000 0.00341035
225000 0.00341386
226000 0.00341789
227000 0.00342077
228000 0.00342277
229000 0.00342525
230000 0.00342725
231000 0.00342896
232000 0.00343022
233000 0.00343149
234000 0.0034321
235000 0.00343296
236000 0.00343425
237000 0.00343572
238000 0.00343683
239000 0.0034374
240000 0.00343727
241000 0.00343683
242000 0.00343686
243000 0.00343705
244000 0.00343722
245000 0.00343731
246000 0.0034371
247000 0.00343732
248000 0.00343791
249000 0.00343812
250000 0.00343766
251000 0.003438
252000 0.00343849
253000 0.00343951
254000 0.0034406
255000 0.00344229
256000 0.00344432
257000 0.00344649
258000 0.00344843
259000 0.00344942
260000 0.00344948
261000 0.00345025
262000 0.00345197
263000 0.00345494
264000 0.00345763
265000 0.00345981
266000 0.00346123
267000 0.00346225
268000 0.00346267
269000 0.00346331
270000 0.00346446
271000 0.00346599
272000 0.00346833
273000 0.00347073
274000 0.00347268
275000 0.0034749
276000 0.00347683
277000 0.00347928
278000 0.00348066
279000 0.00348234
280000 0.00348425
281000 0.00348714
282000 0.00348994
283000 0.00349295
284000 0.00349559
285000 0.00349811
286000 0.00350069
287000 0.00350343
288000 0.00350603
289000 0.00350849
290000 0.00351048
291000 0.00351258
292000 0.00351401
293000 0.0035151
294000 0.00351636
295000 0.00351742
296000 0.00351872
297000 0.00351993
298000 0.00352042
299000 0.00352049
300000 0.00352044
301000 0.00352089
302000 0.00352135
303000 0.00352193
304000 0.00352214
305000 0.00352138
306000 0.00352033
307000 0.00351908
308000 0.00351745
309000 0.00351566
310000 0.00351398
311000 0.00351219
312000 0.00351092
313000 0.00351041
314000 0.00351
315000 0.00350895
316000 0.00350786
317000 0.0035071
318000 0.00350649
319000 0.0035062
320000 0.0035059
321000 0.00350566
322000 0.0035058
323000 0.0035061
324000 0.00350658
325000 0.00350741
326000 0.00350816
327000 0.00350896
328000 0.00350971
329000 0.00351061
330000 0.00351115
331000 0.00351187
332000 0.00351216
333000 0.0035118
334000 0.00351097
335000 0.00351
336000 0.00350933
337000 0.00350846
338000 0.00350763
339000 0.00350649
340000 0.0035049
341000 0.00350312
342000 0.00350122
343000 0.00349932
344000 0.00349762
345000 0.00349599
346000 0.00349439
347000 0.00349332
348000 0.00349248
349000 0.00349162
350000 0.00349105
351000 0.00349014
352000 0.00348899
353000 0.00348772
354000 0.00348688
355000 0.00348638
356000 0.00348551
357000 0.00348464
358000 0.00348376
359000 0.00348277
360000 0.00348151
361000 0.00347986
362000 0.00347835
363000 0.00347699
364000 0.00347569
365000 0.0034743
366000 0.00347273
367000 0.0034715
368000 0.00347031
369000 0.00346876
370000 0.00346688
371000 0.00346504
372000 0.00346356
373000 0.00346239
374000 0.00346154
375000 0.00346074
376000 0.00346004
377000 0.0034593
378000 0.00345854
379000 0.00345767
380000 0.00345684
381000 0.00345599
382000 0.00345524
383000 0.00345449
384000 0.00345384
385000 0.00345323
386000 0.0034524
387000 0.00345158
388000 0.00345052
389000 0.00344924
390000 0.00344804
391000 0.0034469
392000 0.00344581
393000 0.00344465
394000 0.0034436
395000 0.0034421
396000 0.00344017
397000 0.00343805
398000 0.00343595
399000 0.00343409
400000 0.0034317
401000 0.00342939
402000 0.00342758
403000 0.00342622
404000 0.00342504
405000 0.00342373
406000 0.00342258
407000 0.00342164
408000 0.00342073
409000 0.00341978
410000 0.00341881
411000 0.00341765
412000 0.00341681
413000 0.00341589
414000 0.00341515
415000 0.00341447
416000 0.00341399
417000 0.00341396
418000 0.0034142
419000 0.0034145
420000 0.00341477
421000 0.00341517
422000 0.00341572
423000 0.00341614
424000 0.00341635
425000 0.00341688
426000 0.00341753
427000 0.00341782
428000 0.00341772
429000 0.00341739
430000 0.00341727
431000 0.00341717
432000 0.00341725
433000 0.00341744
434000 0.00341804
435000 0.00341867
436000 0.00341905
437000 0.00341991
438000 0.00342083
439000 0.00342164
440000 0.00342263
441000 0.00342377
442000 0.00342494
443000 0.00342667
444000 0.00342832
445000 0.00342964
446000 0.00343033
447000 0.00343108
448000 0.00343178
449000 0.0034321
450000 0.00343264
451000 0.00343302
452000 0.00343308
453000 0.00343323
454000 0.00343344
455000 0.00343382
456000 0.00343447
457000 0.00343508
458000 0.00343543
459000 0.00343559
460000 0.00343608
461000 0.00343631
462000 0.00343611
463000 0.00343582
464000 0.0034358
465000 0.00343577
466000 0.0034358
467000 0.00343603
468000 0.00343626
469000 0.00343636
470000 0.00343654
471000 0.00343676
472000 0.003437
473000 0.00343762
474000 0.00343856
475000 0.00343964
476000 0.00344044
477000 0.0034413
478000 0.00344217
479000 0.00344276
480000 0.00344313
481000 0.00344346
482000 0.00344389
483000 0.00344433
484000 0.00344471
485000 0.00344503
486000 0.00344526
487000 0.0034457
488000 0.00344641
489000 0.00344719
490000 0.00344812
491000 0.00344888
492000 0.00344951
493000 0.00344977
494000 0.00345018
495000 0.00345035
496000 0.00345029
497000 0.00345017
498000 0.00345029
499000 0.00345063
500000 0.00345095
