1000 0.00410209
2000 0.00405822
3000 0.00402948
4000 0.00400355
5000 0.00396237
6000 0.00392456
7000 0.0038919
8000 0.00388678
9000 0.00390503
10000 0.0039265
11000 0.0039459
12000 0.00395689
13000 0.00394068
14000 0.00392026
15000 0.00390455
16000 0.00388948
17000 0.00386909
18000 0.0038497
19000 0.00383735
20000 0.00382863
21000 0.00381863
22000 0.00380983
23000 0.00380628
24000 0.00380305
25000 0.00380044
26000 0.00379676
27000 0.0037922
28000 0.00379081
29000 0.00379643
30000 0.00380143
31000 0.00380878
32000 0.00381576
33000 0.00382515
34000 0.00383139
35000 0.00383246
36000 0.00383634
37000 0.00384258
38000 0.0038449
39000 0.00384494
40000 0.00384707
41000 0.00384876
42000 0.00384918
43000 0.00384804
44000 0.00384258
45000 0.00383573
46000 0.0038301
47000 0.00382463
48000 0.00381847
49000 0.00381124
50000 0.00380282
51000 0.00379769
52000 0.00379383
53000 0.00379162
54000 0.00378815
55000 0.00378487
56000 0.00378316
57000 0.00378239
58000 0.00378195
59000 0.00378161
60000 0.00378239
61000 0.00378305
62000 0.00378429
63000 0.00378432
64000 0.0037827
65000 0.00378111
66000 0.00377984
67000 0.00377967
68000 0.00378087
69000 0.00378177
70000 0.00378307
71000 0.00378181
72000 0.00378082
73000 0.00378048
74000 0.00377913
75000 0.00377653
76000 0.00377595
77000 0.00377646
78000 0.00377678
79000 0.00377552
80000 0.00377308
81000 0.00377133
82000 0.00376937
83000 0.00376717
84000 0.00376724
85000 0.00376869
86000 0.00376974
87000 0.00377031
88000 0.0037699
89000 0.00376809
90000 0.00376523
91000 0.00376293
92000 0.00376022
93000 0.00375714
94000 0.00375478
95000 0.00375244
96000 0.00375154
97000 0.00375152
98000 0.00375244
99000 0.00375511
100000 0.00375907
101000 0.00376336
102000 0.00376793
103000 0.00377194
104000 0.00377597
105000 0.00378037
106000 0.00378509
107000 0.00379067
108000 0.00379614
109000 0.0038008
110000 0.00380598
111000 0.0038112
112000 0.00381569
113000 0.00381956
114000 0.00382376
115000 0.00382729
116000 0.00382989
117000 0.0038328
118000 0.00383389
119000 0.00383442
120000 0.00383482
121000 0.00383488
122000 0.00383575
123000 0.00383681
124000 0.00383801
125000 0.0038397
126000 0.00384142
127000 0.00384232
128000 0.00384191
129000 0.00384185
130000 0.00384205
131000 0.00384245
132000 0.00384263
133000 0.00384254
134000 0.00384134
135000 0.00383928
136000 0.00383604
137000 0.00383294
138000 0.00383061
139000 0.00382811
140000 0.00382561
141000 0.00382274
142000 0.00382028
143000 0.0038164
144000 0.00381275
145000 0.0038103
146000 0.0038083
147000 0.00380521
148000 0.00380218
149000 0.00379911
150000 0.00379589
151000 0.00379301
152000 0.00379011
153000 0.00378701
154000 0.00378462
155000 0.00378299
156000 0.0037816
157000 0.00377904
158000 0.00377591
159000 0.00377242
160000 0.00376882
161000 0.00376572
162000 0.00376349
163000 0.00376157
164000 0.00376021
165000 0.00375877
166000 0.00375748
167000 0.00375645
168000 0.00375637
169000 0.00375641
170000 0.00375688
171000 0.00375768
172000 0.00375868
173000 0.0037601
174000 0.00376184
175000 0.00376359
176000 0.0037658
177000 0.00376788
178000 0.00376964
179000 0.00377148
180000 0.00377316
181000 0.00377423
182000 0.00377574
183000 0.00377685
184000 0.00377808
185000 0.00377892
186000 0.00378002
187000 0.00378106
188000 0.00378192
189000 0.00378249
190000 0.00378301
191000 0.0037844
192000 0.00378653
193000 0.00378885
194000 0.003791
195000 0.00379376
196000 0.00379728
197000 0.00380065
198000 0.00380402
199000 0.00380711
200000 0.00381027
201000 0.00381329
202000 0.0038157
203000 0.00381786
204000 0.00382044
205000 0.00382291
206000 0.00382636
207000 0.00383032
208000 0.00383414
209000 0.00383786
210000 0.00384191
211000 0.00384648
212000 0.00385074
213000 0.00385507
214000 0.00385944
215000 0.00386345
216000 0.00386757
217000 0.00387236
218000 0.00387715
219000 0.00388197
220000 0.00388759
221000 0.00389403
222000 0.00390086
223000 0.00390728
224000 0.00391428
225000 0.00392126
226000 0.00392843
227000 0.00393465
228000 0.0039407
229000 0.0039474
230000 0.00395431
231000 0.00396142
232000 0.00396854
233000 0.0039755
234000 0.00398202
235000 0.00398831
236000 0.00399449
237000 0.004
238000 0.00400527
239000 0.00401031
240000 0.00401423
241000 0.00401797
242000 0.00402174
243000 0.00402552
244000 0.0040289
245000 0.00403226
246000 0.00403586
247000 0.004039
248000 0.00404187
249000 0.0040445
250000 0.00404702
251000 0.00404944
252000 0.00405163
253000 0.0040538
254000 0.00405642
255000 0.00405935
256000 0.00406197
257000 0.00406428
258000 0.00406653
259000 0.00406894
260000 0.00407093
261000 0.00407287
262000 0.00407551
263000 0.00407853
264000 0.00408146
265000 0.00408436
266000 0.00408714
267000 0.00408994
268000 0.00409229
269000 0.00409445
270000 0.00409677
271000 0.00409895
272000 0.0041006
273000 0.00410228
274000 0.0041036
275000 0.00410473
276000 0.00410568
277000 0.00410615
278000 0.00410669
279000 0.00410755
280000 0.00410798
281000 0.00410826
282000 0.00410859
283000 0.00410881
284000 0.0041092
285000 0.00410936
286000 0.00410977
287000 0.00410983
288000 0.00411002
289000 0.00411012
290000 0.00410939
291000 0.0041086
292000 0.0041079
293000 0.00410705
294000 0.00410648
295000 0.00410632
296000 0.00410657
297000 0.00410664
298000 0.00410693
299000 0.00410745
300000 0.00410767
301000 0.0041079
302000 0.0041084
303000 0.00410911
304000 0.00410928
305000 0.00410935
306000 0.00410997
307000 0.00411047
308000 0.00411085
309000 0.00411131
310000 0.0041116
311000 0.0041121
312000 0.00411266
313000 0.00411302
314000 0.00411372
315000 0.00411455
316000 0.00411524
317000 0.00411604
318000 0.00411684
319000 0.00411761
320000 0.00411835
321000 0.00411872
322000 0.00411893
323000 0.00411962
324000 0.00412019
325000 0.0041206
326000 0.00412089
327000 0.00412156
328000 0.00412248
329000 0.00412362
330000 0.00412475
331000 0.00412594
332000 0.00412755
333000 0.00412931
334000 0.00413091
335000 0.00413227
336000 0.00413319
337000 0.0041341
338000 0.004135
339000 0.00413545
340000 0.00413598
341000 0.00413685
342000 0.00413763
343000 0.00413879
344000 0.00414009
345000 0.00414119
346000 0.00414213
347000 0.0041431
348000 0.00414401
349000 0.00414468
350000 0.00414539
351000 0.00414612
352000 0.00414685
353000 0.0041478
354000 0.00414868
355000 0.00414962
356000 0.00415036
357000 0.00415114
358000 0.00415243
359000 0.00415387
360000 0.00415527
361000 0.00415662
362000 0.00415782
363000 0.00415932
364000 0.00416102
365000 0.00416288
366000 0.00416504
367000 0.0041669
368000 0.00416858
369000 0.00417021
370000 0.00417194
371000 0.00417391
372000 0.00417624
373000 0.00417879
374000 0.00418147
375000 0.00418442
376000 0.00418708
377000 0.00419004
378000 0.00419337
379000 0.00419696
380000 0.00420041
381000 0.00420354
382000 0.00420658
383000 0.00420966
384000 0.00421276
385000 0.00421571
386000 0.00421855
387000 0.00422159
388000 0.00422515
389000 0.0042287
390000 0.0042323
391000 0.00423606
392000 0.00424019
393000 0.00424456
394000 0.00424917
395000 0.00425331
396000 0.00425722
397000 0.004261
398000 0.00426507
399000 0.00426877
400000 0.00427235
401000 0.00427612
402000 0.00428068
403000 0.00428511
404000 0.00428937
405000 0.00429361
406000 0.0042976
407000 0.00430112
408000 0.00430431
409000 0.00430749
410000 0.00431065
411000 0.00431335
412000 0.00431642
413000 0.0043198
414000 0.00432346
415000 0.00432699
416000 0.00433056
417000 0.00433418
418000 0.00433739
419000 0.00434042
420000 0.00434327
421000 0.00434614
422000 0.00434914
423000 0.00435179
424000 0.00435461
425000 0.00435755
426000 0.00436109
427000 0.0043646
428000 0.00436829
429000 0.00437223
430000 0.00437622
431000 0.00437979
432000 0.00438369
433000 0.00438715
434000 0.00439068
435000 0.00439426
436000 0.00439774
437000 0.0044011
438000 0.00440445
439000 0.00440746
440000 0.00441041
441000 0.00441385
442000 0.00441717
443000 0.00442003
444000 0.00442284
445000 0.00442558
446000 0.00442817
447000 0.00443097
448000 0.00443421
449000 0.00443738
450000 0.00444031
451000 0.00444302
452000 0.00444575
453000 0.00444815
454000 0.00445044
455000 0.00445269
456000 0.00445458
457000 0.00445617
458000 0.00445766
459000 0.00445953
460000 0.00446144
461000 0.00446362
462000 0.00446612
463000 0.00446898
464000 0.00447179
465000 0.0044747
466000 0.00447752
467000 0.00448042
468000 0.00448339
469000 0.00448661
470000 0.00448973
471000 0.00449235
472000 0.00449484
473000 0.0044971
474000 0.0044994
475000 0.00450187
476000 0.00450366
477000 0.00450506
478000 0.00450656
479000 0.00450807
480000 0.00450948
481000 0.00451101
482000 0.00451271
483000 0.0045142
484000 0.0045158
485000 0.00451723
486000 0.0045187
487000 0.00452017
488000 0.00452153
489000 0.00452285
490000 0.00452398
491000 0.00452534
492000 0.00452696
493000 0.00452848
494000 0.00452991
495000 0.00453104
496000 0.00453186
497000 0.00453264
498000 0.00453345
499000 0.00453434
500000 0.00453516
