1000 0.00313228
2000 0.00314692
3000 0.00313903
4000 0.00310763
5000 0.00310777
6000 0.00312586
7000 0.00314058
8000 0.00312832
9000 0.00311571
10000 0.00310138
11000 0.00308367
12000 0.00306573
13000 0.00304346
14000 0.00300801
15000 0.00297916
16000 0.00296119
17000 0.00295129
18000 0.00294373
19000 0.00293508
20000 0.00292741
21000 0.00292405
22000 0.00291951
23000 0.00291455
24000 0.00290881
25000 0.00290111
26000 0.00289488
27000 0.00289157
28000 0.00289378
29000 0.00289508
30000 0.00289521
31000 0.00289414
32000 0.00289507
33000 0.00289359
34000 0.00289176
35000 0.00289568
36000 0.00289996
37000 0.00290476
38000 0.00291192
39000 0.00291759
40000 0.0029195
41000 0.00291936
42000 0.00291805
43000 0.0029166
44000 0.00292055
45000 0.00292935
46000 0.00293803
47000 0.00294774
48000 0.00295878
49000 0.00297138
50000 0.0029846
51000 0.00299754
52000 0.00300523
53000 0.00301248
54000 0.00301812
55000 0.00302292
56000 0.00302801
57000 0.00303557
58000 0.00304292
59000 0.003048
60000 0.0030531
61000 0.00305786
62000 0.00306094
63000 0.00306181
64000 0.00306302
65000 0.0030671
66000 0.00307113
67000 0.00307482
68000 0.00307716
69000 0.00307699
70000 0.00307461
71000 0.00307032
72000 0.00306491
73000 0.00306023
74000 0.00305553
75000 0.00305281
76000 0.00305086
77000 0.00304935
78000 0.00304859
79000 0.00304615
80000 0.00304449
81000 0.00304205
82000 0.00303893
83000 0.00303605
84000 0.00303191
85000 0.00302872
86000 0.00302507
87000 0.00302035
88000 0.00301406
89000 0.00300721
90000 0.00300135
91000 0.00299696
92000 0.00299321
93000 0.0029889
94000 0.00298324
95000 0.00297787
96000 0.00297142
97000 0.00296431
98000 0.00295674
99000 0.00294938
100000 0.00294259
101000 0.0029357
102000 0.00292937
103000 0.00292267
104000 0.00291538
105000 0.00290805
106000 0.00290046
107000 0.00289391
108000 0.00288718
109000 0.00288184
110000 0.00287684
111000 0.00287134
112000 0.00286644
113000 0.0028629
114000 0.00286048
115000 0.00285796
116000 0.00285521
117000 0.00285318
118000 0.00285034
119000 0.00284819
120000 0.00284709
121000 0.00284564
122000 0.00284372
123000 0.00284093
124000 0.00283759
125000 0.0028344
126000 0.00283168
127000 0.00282845
128000 0.00282552
129000 0.00282278
130000 0.00281931
131000 0.00281614
132000 0.0028133
133000 0.00281068
134000 0.0028081
135000 0.00280524
136000 0.00280194
137000 0.00279862
138000 0.002796
139000 0.00279445
140000 0.00279378
141000 0.00279307
142000 0.0027921
143000 0.00279118
144000 0.00279
145000 0.00278918
146000 0.00278867
147000 0.00278878
148000 0.00278884
149000 0.00278762
150000 0.00278661
151000 0.00278565
152000 0.00278529
153000 0.00278523
154000 0.00278547
155000 0.00278565
156000 0.00278635
157000 0.00278686
158000 0.00278692
159000 0.00278634
160000 0.00278451
161000 0.00278324
162000 0.00278258
163000 0.00278163
164000 0.00278144
165000 0.00278171
166000 0.002782
167000 0.00278211
168000 0.00278304
169000 0.00278362
170000 0.00278322
171000 0.00278317
172000 0.00278307
173000 0.00278305
174000 0.00278227
175000 0.00278182
176000 0.00278247
177000 0.0027843
178000 0.00278635
179000 0.00278852
180000 0.00279008
181000 0.00279093
182000 0.002792
183000 0.00279196
184000 0.00279153
185000 0.00279151
186000 0.00279189
187000 0.00279234
188000 0.00279236
189000 0.00279251
190000 0.00279292
191000 0.00279457
192000 0.00279658
193000 0.00279852
194000 0.00280051
195000 0.00280217
196000 0.00280339
197000 0.0028045
198000 0.00280571
199000 0.00280719
200000 0.00280915
201000 0.00281158
202000 0.00281425
203000 0.00281723
204000 0.00282068
205000 0.00282409
206000 0.00282736
207000 0.00283112
208000 0.00283442
209000 0.0028374
210000 0.00283938
211000 0.00284154
212000 0.00284379
213000 0.00284622
214000 0.0028486
215000 0.00285093
216000 0.00285261
217000 0.00285411
218000 0.0028552
219000 0.00285642
220000 0.00285753
221000 0.00285871
222000 0.0028597
223000 0.00286063
224000 0.00286078
225000 0.00286071
226000 0.00286109
227000 0.00286179
228000 0.00286271
229000 0.00286285
230000 0.00286259
231000 0.00286238
232000 0.00286259
233000 0.00286276
234000 0.00286333
235000 0.00286448
236000 0.00286571
237000 0.00286718
238000 0.00286847
239000 0.00286891
240000 0.00286915
241000 0.00286914
242000 0.00286919
243000 0.00286956
244000 0.00286917
245000 0.00286876
246000 0.00286907
247000 0.00286957
248000 0.00286993
249000 0.00287073
250000 0.00287152
251000 0.00287285
252000 0.00287413
253000 0.00287569
254000 0.00287716
255000 0.00287858
256000 0.00287986
257000 0.00288116
258000 0.00288292
259000 0.00288477
260000 0.00288679
261000 0.00288905
262000 0.00289118
263000 0.00289289
264000 0.00289412
265000 0.00289485
266000 0.00289543
267000 0.00289678
268000 0.00289829
269000 0.00289963
270000 0.00290105
271000 0.00290246
272000 0.00290383
273000 0.00290508
274000 0.00290597
275000 0.00290689
276000 0.00290733
277000 0.00290774
278000 0.00290865
279000 0.00290984
280000 0.00291148
281000 0.00291327
282000 0.00291523
283000 0.00291756
284000 0.00291993
285000 0.00292257
286000 0.00292495
287000 0.00292673
288000 0.00292811
289000 0.00292986
290000 0.00293146
291000 0.00293315
292000 0.00293529
293000 0.00293764
294000 0.00294003
295000 0.00294246
296000 0.00294475
297000 0.00294741
298000 0.00294988
299000 0.00295246
300000 0.0029552
301000 0.00295774
302000 0.00296072
303000 0.0029632
304000 0.00296553
305000 0.00296776
306000 0.0029694
307000 0.00297091
308000 0.00297176
309000 0.00297241
310000 0.00297289
311000 0.00297312
312000 0.00297372
313000 0.00297461
314000 0.00297554
315000 0.00297671
316000 0.0029781
317000 0.00297913
318000 0.00298009
319000 0.00298099
320000 0.00298154
321000 0.00298189
322000 0.00298237
323000 0.0029828
324000 0.00298357
325000 0.00298448
326000 0.00298552
327000 0.00298655
328000 0.00298772
329000 0.00298866
330000 0.00298962
331000 0.00299067
332000 0.00299166
333000 0.00299298
334000 0.00299446
335000 0.00299603
336000 0.00299772
337000 0.00299951
338000 0.00300165
339000 0.00300314
340000 0.00300433
341000 0.00300526
342000 0.00300623
343000 0.00300697
344000 0.00300792
345000 0.00300884
346000 0.00300963
347000 0.00301056
348000 0.00301205
349000 0.00301384
350000 0.00301547
351000 0.00301696
352000 0.00301862
353000 0.00302014
354000 0.00302167
355000 0.00302322
356000 0.00302466
357000 0.00302617
358000 0.00302791
359000 0.00302991
360000 0.00303154
361000 0.00303306
362000 0.00303403
363000 0.00303499
364000 0.0030352
365000 0.00303508
366000 0.00303543
367000 0.00303582
368000 0.00303636
369000 0.00303705
370000 0.0030379
371000 0.00303863
372000 0.00303904
373000 0.00303957
374000 0.00304022
375000 0.00304125
376000 0.00304208
377000 0.00304283
378000 0.0030435
379000 0.00304439
380000 0.00304571
381000 0.00304679
382000 0.00304774
383000 0.00304873
384000 0.00304994
385000 0.00305085
386000 0.00305187
387000 0.00305302
388000 0.003054
389000 0.00305438
390000 0.00305482
391000 0.00305579
392000 0.00305673
393000 0.00305751
394000 0.00305796
395000 0.00305812
396000 0.00305812
397000 0.00305816
398000 0.00305798
399000 0.00305762
400000 0.00305769
401000 0.00305818
402000 0.00305881
403000 0.0030592
404000 0.00305981
405000 0.00305994
406000 0.00305964
407000 0.00305912
408000 0.00305823
409000 0.00305751
410000 0.00305642
411000 0.00305541
412000 0.00305408
413000 0.00305247
414000 0.00305087
415000 0.00304911
416000 0.00304774
417000 0.00304629
418000 0.0030447
419000 0.00304313
420000 0.00304146
421000 0.00304006
422000 0.00303888
423000 0.00303772
424000 0.00303684
425000 0.00303602
426000 0.00303529
427000 0.00303448
428000 0.00303368
429000 0.00303287
430000 0.00303194
431000 0.00303098
432000 0.00303029
433000 0.00303017
434000 0.0030302
435000 0.00303003
436000 0.00303007
437000 0.00302982
438000 0.00302933
439000 0.00302875
440000 0.00302803
441000 0.00302715
442000 0.00302621
443000 0.00302532
444000 0.00302443
445000 0.00302346
446000 0.00302243
447000 0.00302152
448000 0.00302078
449000 0.00301992
450000 0.00301915
451000 0.0030186
452000 0.00301796
453000 0.00301786
454000 0.00301782
455000 0.00301759
456000 0.00301743
457000 0.00301722
458000 0.00301727
459000 0.00301742
460000 0.00301755
461000 0.00301736
462000 0.00301728
463000 0.0030169
464000 0.00301646
465000 0.0030155
466000 0.00301442
467000 0.00301361
468000 0.00301284
469000 0.00301215
470000 0.00301169
471000 0.00301097
472000 0.00301025
473000 0.00300958
474000 0.00300905
475000 0.00300843
476000 0.00300774
477000 0.00300684
478000 0.00300588
479000 0.00300521
480000 0.0030046
481000 0.00300381
482000 0.00300318
483000 0.00300254
484000 0.003002
485000 0.00300179
486000 0.0030013
487000 0.00300043
488000 0.00299957
489000 0.00299856
490000 0.0029975
491000 0.00299659
492000 0.0029958
493000 0.00299494
494000 0.00299408
495000 0.00299336
496000 0.00299256
497000 0.00299128
498000 0.00298976
499000 0.00298833
500000 0.00298696
