1000 0.00432302
2000 0.00437726
3000 0.00439394
4000 0.00440212
5000 0.00436207
6000 0.00434667
7000 0.0043274
8000 0.00431472
9000 0.0043098
10000 0.00429565
11000 0.00427175
12000 0.00425475
13000 0.00423682
14000 0.00421983
15000 0.00419394
16000 0.00415737
17000 0.00411876
18000 0.00407682
19000 0.0040257
20000 0.00397976
21000 0.00393807
22000 0.00389894
23000 0.00386504
24000 0.00382673
25000 0.00379104
26000 0.00376014
27000 0.00373155
28000 0.00370224
29000 0.00367612
30000 0.0036512
31000 0.00362321
32000 0.00359754
33000 0.00357842
34000 0.00356309
35000 0.0035475
36000 0.00353708
37000 0.0035233
38000 0.00350629
39000 0.00348884
40000 0.00346964
41000 0.00345133
42000 0.00343131
43000 0.00341074
44000 0.00339117
45000 0.00337104
46000 0.00335283
47000 0.00333733
48000 0.00332504
49000 0.0033147
50000 0.00330551
51000 0.00329721
52000 0.00328986
53000 0.00328333
54000 0.00327628
55000 0.00326873
56000 0.00326186
57000 0.00325658
58000 0.00325377
59000 0.00325026
60000 0.00324518
61000 0.00324017
62000 0.00323963
63000 0.00323939
64000 0.00323966
65000 0.00324397
66000 0.00325032
67000 0.00325815
68000 0.00326652
69000 0.0032763
70000 0.00328612
71000 0.00329706
72000 0.00330554
73000 0.00331382
74000 0.00332101
75000 0.00332934
76000 0.00333697
77000 0.00334444
78000 0.00335333
79000 0.00336355
80000 0.00337233
81000 0.0033806
82000 0.00338968
83000 0.00339949
84000 0.00341014
85000 0.00342136
86000 0.00343314
87000 0.00344257
88000 0.00345296
89000 0.00346267
90000 0.00347319
91000 0.00348484
92000 0.00349562
93000 0.00350627
94000 0.00351733
95000 0.00352782
96000 0.0035378
97000 0.00354643
98000 0.0035556
99000 0.003565
100000 0.00357441
101000 0.00358365
102000 0.00359263
103000 0.00360089
104000 0.00360824
105000 0.00361683
106000 0.0036268
107000 0.00363625
108000 0.00364547
109000 0.00365316
110000 0.00366086
111000 0.0036696
112000 0.00367739
113000 0.00368496
114000 0.00369256
115000 0.0037003
116000 0.00370779
117000 0.00371462
118000 0.00372085
119000 0.00372718
120000 0.00373341
121000 0.00373852
122000 0.00374321
123000 0.00374845
124000 0.00375361
125000 0.00375917
126000 0.00376418
127000 0.00376814
128000 0.0037724
129000 0.00377831
130000 0.00378463
131000 0.0037905
132000 0.00379584
133000 0.00380082
134000 0.00380588
135000 0.00381071
136000 0.00381619
137000 0.0038227
138000 0.00382894
139000 0.00383468
140000 0.00383991
141000 0.00384557
142000 0.00385014
143000 0.00385321
144000 0.00385619
145000 0.00385968
146000 0.00386288
147000 0.00386663
148000 0.00387166
149000 0.00387674
150000 0.00388143
151000 0.0038855
152000 0.00388982
153000 0.00389424
154000 0.0038986
155000 0.00390351
156000 0.00390857
157000 0.00391318
158000 0.00391814
159000 0.00392193
160000 0.00392568
161000 0.00392978
162000 0.00393376
163000 0.00393752
164000 0.00394149
165000 0.00394524
166000 0.00394877
167000 0.00395241
168000 0.00395522
169000 0.0039574
170000 0.00396052
171000 0.00396341
172000 0.0039659
173000 0.00396847
174000 0.00397085
175000 0.00397209
176000 0.00397295
177000 0.00397408
178000 0.00397504
179000 0.0039768
180000 0.00397889
181000 0.00398091
182000 0.00398213
183000 0.0039831
184000 0.00398366
185000 0.00398425
186000 0.00398534
187000 0.00398721
188000 0.00398882
189000 0.00399006
190000 0.0039912
191000 0.00399254
192000 0.0039945
193000 0.00399565
194000 0.00399695
195000 0.00399807
196000 0.0039986
197000 0.00399932
198000 0.004
199000 0.00400145
200000 0.00400326
201000 0.00400504
202000 0.00400722
203000 0.00400966
204000 0.00401243
205000 0.00401555
206000 0.00401936
207000 0.00402293
208000 0.00402585
209000 0.00402815
210000 0.00403012
211000 0.00403246
212000 0.00403407
213000 0.00403525
214000 0.0040366
215000 0.00403818
216000 0.00403987
217000 0.00404189
218000 0.0040438
219000 0.00404549
220000 0.00404669
221000 0.00404825
222000 0.00405025
223000 0.00405221
224000 0.00405473
225000 0.00405701
226000 0.0040593
227000 0.00406064
228000 0.00406134
229000 0.0040621
230000 0.00406322
231000 0.00406401
232000 0.0040648
233000 0.00406596
234000 0.00406722
235000 0.00406854
236000 0.00406966
237000 0.00407012
238000 0.00407069
239000 0.00407069
240000 0.00407043
241000 0.00407051
242000 0.00407117
243000 0.00407236
244000 0.00407389
245000 0.00407499
246000 0.00407662
247000 0.00407777
248000 0.00407834
249000 0.00407918
250000 0.00408051
251000 0.00408154
252000 0.00408202
253000 0.00408199
254000 0.00408118
255000 0.00408029
256000 0.00407975
257000 0.00407943
258000 0.00407857
259000 0.00407747
260000 0.00407631
261000 0.00407563
262000 0.00407452
263000 0.00407283
264000 0.00407034
265000 0.00406778
266000 0.00406566
267000 0.00406342
268000 0.00406095
269000 0.00405888
270000 0.00405673
271000 0.004054
272000 0.00405076
273000 0.00404742
274000 0.00404389
275000 0.00404063
276000 0.00403812
277000 0.00403561
278000 0.00403252
279000 0.00402971
280000 0.00402696
281000 0.00402423
282000 0.00402187
283000 0.00401999
284000 0.00401745
285000 0.00401478
286000 0.00401241
287000 0.00401058
288000 0.00400861
289000 0.00400661
290000 0.00400503
291000 0.00400341
292000 0.00400163
293000 0.00399979
294000 0.00399766
295000 0.00399555
296000 0.00399343
297000 0.00399169
298000 0.00398996
299000 0.00398845
300000 0.00398723
301000 0.0039862
302000 0.00398492
303000 0.00398368
304000 0.0039825
305000 0.00398148
306000 0.00398064
307000 0.00397959
308000 0.00397814
309000 0.00397726
310000 0.00397675
311000 0.00397626
312000 0.00397591
313000 0.00397613
314000 0.00397633
315000 0.00397621
316000 0.00397586
317000 0.00397512
318000 0.00397384
319000 0.00397248
320000 0.00397131
321000 0.00396987
322000 0.00396785
323000 0.00396594
324000 0.00396365
325000 0.003961
326000 0.00395861
327000 0.00395656
328000 0.00395463
329000 0.0039528
330000 0.00395094
331000 0.00394851
332000 0.00394578
333000 0.00394313
334000 0.00394074
335000 0.00393821
336000 0.00393536
337000 0.00393256
338000 0.00392975
339000 0.00392662
340000 0.00392293
341000 0.00391926
342000 0.00391543
343000 0.00391174
344000 0.00390855
345000 0.00390535
346000 0.0039021
347000 0.00389874
348000 0.0038952
349000 0.00389158
350000 0.00388795
351000 0.00388444
352000 0.0038811
353000 0.00387767
354000 0.00387444
355000 0.00387109
356000 0.00386802
357000 0.00386444
358000 0.00386107
359000 0.003858
360000 0.0038549
361000 0.00385209
362000 0.00384943
363000 0.00384686
364000 0.00384435
365000 0.00384176
366000 0.0038392
367000 0.00383674
368000 0.00383446
369000 0.00383223
370000 0.00382971
371000 0.0038273
372000 0.00382464
373000 0.0038214
374000 0.00381845
375000 0.00381551
376000 0.00381256
377000 0.00380967
378000 0.00380668
379000 0.00380409
380000 0.00380161
381000 0.00379927
382000 0.00379736
383000 0.0037953
384000 0.00379313
385000 0.00379072
386000 0.00378799
387000 0.0037851
388000 0.00378211
389000 0.00377908
390000 0.0037764
391000 0.00377386
392000 0.00377194
393000 0.00376978
394000 0.00376695
395000 0.00376389
396000 0.00376076
397000 0.00375725
398000 0.00375348
399000 0.00375001
400000 0.00374667
401000 0.00374328
402000 0.00373988
403000 0.00373632
404000 0.00373303
405000 0.00372988
406000 0.00372649
407000 0.00372319
408000 0.00371953
409000 0.00371592
410000 0.00371243
411000 0.00370901
412000 0.00370552
413000 0.00370188
414000 0.00369819
415000 0.00369464
416000 0.00369109
417000 0.00368782
418000 0.00368467
419000 0.00368148
420000 0.00367823
421000 0.00367498
422000 0.00367164
423000 0.00366847
424000 0.00366538
425000 0.00366251
426000 0.00365971
427000 0.00365685
428000 0.00365388
429000 0.00365085
430000 0.0036478
431000 0.00364494
432000 0.00364209
433000 0.00363913
434000 0.00363582
435000 0.00363231
436000 0.0036289
437000 0.00362578
438000 0.00362274
439000 0.00361979
440000 0.00361651
441000 0.00361283
442000 0.00360927
443000 0.00360562
444000 0.00360188
445000 0.00359818
446000 0.00359451
447000 0.00359083
448000 0.00358668
449000 0.0035824
450000 0.00357816
451000 0.00357383
452000 0.00356967
453000 0.00356546
454000 0.00356124
455000 0.00355717
456000 0.00355335
457000 0.00354973
458000 0.00354608
459000 0.0035426
460000 0.00353911
461000 0.00353582
462000 0.00353275
463000 0.00352964
464000 0.00352652
465000 0.00352341
466000 0.0035204
467000 0.00351752
468000 0.00351483
469000 0.00351237
470000 0.00350999
471000 0.00350781
472000 0.00350565
473000 0.00350352
474000 0.00350156
475000 0.00349945
476000 0.00349719
477000 0.00349487
478000 0.00349219
479000 0.00348912
480000 0.00348579
481000 0.00348248
482000 0.00347906
483000 0.00347545
484000 0.00347179
485000 0.00346814
486000 0.00346465
487000 0.00346118
488000 0.0034578
489000 0.00345459
490000 0.00345139
491000 0.00344825
492000 0.00344502
493000 0.00344165
494000 0.00343828
495000 0.00343491
496000 0.00343157
497000 0.00342849
498000 0.00342565
499000 0.00342265
500000 0.00341965
