1000 0.00275146
2000 0.00274929
3000 0.00271092
4000 0.00267679
5000 0.00266941
6000 0.00265611
7000 0.00264715
8000 0.00264303
9000 0.00264591
10000 0.00264444
11000 0.00264321
12000 0.00264709
13000 0.0026575
14000 0.00265827
15000 0.00264648
16000 0.00263235
17000 0.0026268
18000 0.00262308
19000 0.00262676
20000 0.00263064
21000 0.00264391
22000 0.00266209
23000 0.00267994
24000 0.0026914
25000 0.00270399
26000 0.00271719
27000 0.00273069
28000 0.00274205
29000 0.00275129
30000 0.00275912
31000 0.00276801
32000 0.00277728
33000 0.00278956
34000 0.00280362
35000 0.00282065
36000 0.0028363
37000 0.00284779
38000 0.00285862
39000 0.00287395
40000 0.0028896
41000 0.00290764
42000 0.0029235
43000 0.00293797
44000 0.00294994
45000 0.00296111
46000 0.00297299
47000 0.00298405
48000 0.0029961
49000 0.00300504
50000 0.00301315
51000 0.00302262
52000 0.00303076
53000 0.00304147
54000 0.00305125
55000 0.00306085
56000 0.00306897
57000 0.00307794
58000 0.00308446
59000 0.00309236
60000 0.00310262
61000 0.00311224
62000 0.00312333
63000 0.00313477
64000 0.0031482
65000 0.0031616
66000 0.00317579
67000 0.00318976
68000 0.00320213
69000 0.00321573
70000 0.00323176
71000 0.00324635
72000 0.00325933
73000 0.003271
74000 0.00327977
75000 0.00328831
76000 0.00329953
77000 0.00331229
78000 0.00332536
79000 0.00333903
80000 0.00335277
81000 0.00336738
82000 0.00337978
83000 0.00339047
84000 0.00340113
85000 0.00341198
86000 0.00342068
87000 0.00342884
88000 0.00343636
89000 0.00344277
90000 0.00344868
91000 0.0034531
92000 0.00345693
93000 0.00346097
94000 0.00346377
95000 0.00346673
96000 0.00346876
97000 0.0034693
98000 0.00347025
99000 0.00347097
100000 0.00347076
101000 0.00347019
102000 0.00346887
103000 0.00346721
104000 0.00346633
105000 0.00346549
106000 0.00346472
107000 0.00346471
108000 0.00346335
109000 0.00346228
110000 0.00346282
111000 0.00346416
112000 0.00346591
113000 0.00346864
114000 0.00347132
115000 0.00347378
116000 0.00347562
117000 0.00347646
118000 0.00347711
119000 0.00347909
120000 0.00348172
121000 0.00348496
122000 0.00348976
123000 0.00349456
124000 0.00349914
125000 0.00350274
126000 0.00350644
127000 0.00351073
128000 0.00351494
129000 0.00351904
130000 0.00352359
131000 0.00352809
132000 0.00353201
133000 0.00353692
134000 0.00354209
135000 0.0035459
136000 0.00355039
137000 0.00355467
138000 0.00355863
139000 0.00356192
140000 0.00356545
141000 0.00356904
142000 0.00357424
143000 0.00357933
144000 0.00358422
145000 0.00359011
146000 0.00359693
147000 0.00360283
148000 0.00360913
149000 0.00361597
150000 0.00362204
151000 0.0036266
152000 0.00363
153000 0.00363433
154000 0.00363914
155000 0.00364345
156000 0.00364702
157000 0.00365127
158000 0.00365586
159000 0.00366039
160000 0.00366452
161000 0.00366787
162000 0.00367111
163000 0.00367433
164000 0.00367744
165000 0.00368049
166000 0.00368388
167000 0.00368745
168000 0.00369116
169000 0.00369428
170000 0.00369686
171000 0.00369978
172000 0.00370427
173000 0.00370822
174000 0.00371181
175000 0.00371544
176000 0.00371881
177000 0.0037226
178000 0.0037271
179000 0.00373227
180000 0.00373713
181000 0.00374038
182000 0.00374319
183000 0.00374592
184000 0.00374873
185000 0.00375161
186000 0.00375474
187000 0.00375793
188000 0.00376154
189000 0.00376483
190000 0.00376857
191000 0.00377168
192000 0.00377438
193000 0.00377692
194000 0.003779
195000 0.00378098
196000 0.00378303
197000 0.00378524
198000 0.0037877
199000 0.00379014
200000 0.00379295
201000 0.00379537
202000 0.00379819
203000 0.00380084
204000 0.00380313
205000 0.00380559
206000 0.00380718
207000 0.00380856
208000 0.00380906
209000 0.00380889
210000 0.00380914
211000 0.00380999
212000 0.00381134
213000 0.00381366
214000 0.00381644
215000 0.0038197
216000 0.00382305
217000 0.00382601
218000 0.00382905
219000 0.00383182
220000 0.00383533
221000 0.0038391
222000 0.0038429
223000 0.00384614
224000 0.00384895
225000 0.00385164
226000 0.00385427
227000 0.00385694
228000 0.00385997
229000 0.00386304
230000 0.00386618
231000 0.0038687
232000 0.00387148
233000 0.00387444
234000 0.00387756
235000 0.00388068
236000 0.00388301
237000 0.00388462
238000 0.00388569
239000 0.00388659
240000 0.00388649
241000 0.00388598
242000 0.00388546
243000 0.00388494
244000 0.00388491
245000 0.00388499
246000 0.00388551
247000 0.00388589
248000 0.0038858
249000 0.00388532
250000 0.00388558
251000 0.00388569
252000 0.003886
253000 0.00388682
254000 0.00388831
255000 0.00388981
256000 0.00389047
257000 0.00389107
258000 0.00389177
259000 0.00389277
260000 0.00389424
261000 0.00389564
262000 0.00389712
263000 0.00389865
264000 0.00390093
265000 0.00390327
266000 0.00390551
267000 0.00390803
268000 0.00391077
269000 0.00391334
270000 0.00391533
271000 0.00391752
272000 0.0039203
273000 0.0039228
274000 0.00392525
275000 0.00392751
276000 0.00392991
277000 0.00393227
278000 0.00393397
279000 0.00393557
280000 0.00393731
281000 0.0039397
282000 0.00394204
283000 0.00394426
284000 0.00394669
285000 0.00394916
286000 0.00395128
287000 0.00395366
288000 0.00395682
289000 0.00396006
290000 0.00396367
291000 0.00396776
292000 0.00397205
293000 0.00397617
294000 0.00398046
295000 0.00398488
296000 0.00398829
297000 0.00399118
298000 0.00399397
299000 0.00399665
300000 0.00399965
301000 0.00400253
302000 0.00400456
303000 0.00400575
304000 0.00400664
305000 0.00400732
306000 0.00400837
307000 0.00400975
308000 0.00401104
309000 0.0040122
310000 0.00401363
311000 0.0040153
312000 0.00401712
313000 0.004019
314000 0.00402093
315000 0.00402281
316000 0.00402451
317000 0.00402576
318000 0.00402669
319000 0.00402754
320000 0.00402826
321000 0.00402869
322000 0.00402893
323000 0.00402941
324000 0.00402985
325000 0.00403043
326000 0.00403062
327000 0.00403064
328000 0.00403089
329000 0.00403078
330000 0.00403036
331000 0.00402987
332000 0.00402923
333000 0.0040291
334000 0.00402959
335000 0.00403053
336000 0.00403148
337000 0.00403284
338000 0.00403466
339000 0.00403655
340000 0.00403907
341000 0.00404188
342000 0.00404522
343000 0.00404862
344000 0.0040523
345000 0.00405601
346000 0.00405965
347000 0.00406336
348000 0.00406699
349000 0.0040703
350000 0.00407301
351000 0.0040752
352000 0.00407712
353000 0.00407856
354000 0.00407993
355000 0.00408126
356000 0.0040824
357000 0.00408398
358000 0.0040853
359000 0.00408629
360000 0.00408699
361000 0.00408765
362000 0.00408827
363000 0.00408891
364000 0.00408932
365000 0.00408952
366000 0.00408946
367000 0.00408925
368000 0.00408905
369000 0.00408872
370000 0.0040884
371000 0.00408767
372000 0.00408662
373000 0.00408508
374000 0.00408317
375000 0.00408112
376000 0.0040792
377000 0.00407714
378000 0.0040751
379000 0.00407292
380000 0.0040704
381000 0.00406812
382000 0.00406581
383000 0.00406359
384000 0.00406106
385000 0.0040585
386000 0.00405599
387000 0.00405388
388000 0.0040519
389000 0.0040503
390000 0.00404892
391000 0.00404773
392000 0.00404651
393000 0.00404511
394000 0.00404325
395000 0.00404071
396000 0.00403803
397000 0.00403556
398000 0.00403317
399000 0.00403092
400000 0.00402882
401000 0.00402716
402000 0.0040256
403000 0.00402418
404000 0.00402312
405000 0.00402237
406000 0.0040215
407000 0.00402032
408000 0.00401931
409000 0.00401818
410000 0.0040171
411000 0.00401573
412000 0.00401411
413000 0.00401258
414000 0.00401089
415000 0.00400857
416000 0.00400621
417000 0.00400396
418000 0.00400221
419000 0.00400068
420000 0.00399899
421000 0.00399742
422000 0.00399592
423000 0.0039943
424000 0.00399254
425000 0.00399052
426000 0.00398869
427000 0.00398713
428000 0.00398595
429000 0.00398512
430000 0.00398438
431000 0.00398357
432000 0.00398268
433000 0.00398174
434000 0.00398088
435000 0.00397997
436000 0.00397917
437000 0.00397843
438000 0.00397791
439000 0.0039775
440000 0.00397701
441000 0.00397633
442000 0.00397553
443000 0.00397424
444000 0.00397274
445000 0.00397166
446000 0.00397038
447000 0.00396854
448000 0.00396653
449000 0.00396459
450000 0.00396256
451000 0.0039605
452000 0.00395853
453000 0.00395638
454000 0.00395412
455000 0.00395196
456000 0.00394956
457000 0.00394723
458000 0.00394524
459000 0.00394344
460000 0.00394139
461000 0.00393918
462000 0.00393729
463000 0.00393526
464000 0.00393321
465000 0.00393115
466000 0.00392912
467000 0.00392739
468000 0.00392528
469000 0.00392284
470000 0.00391995
471000 0.00391692
472000 0.00391407
473000 0.0039114
474000 0.00390854
475000 0.0039057
476000 0.00390298
477000 0.00390048
478000 0.00389804
479000 0.00389582
480000 0.00389368
481000 0.00389201
482000 0.00389029
483000 0.00388836
484000 0.00388644
485000 0.00388461
486000 0.00388276
487000 0.00388095
488000 0.00387931
489000 0.00387764
490000 0.00387583
491000 0.00387421
492000 0.00387253
493000 0.00387064
494000 0.00386874
495000 0.00386674
496000 0.00386478
497000 0.003863
498000 0.00386151
499000 0.00385981
500000 0.00385817
