1000 0.0026767
2000 0.00266342
3000 0.00270256
4000 0.00272549
5000 0.00272155
6000 0.00273052
7000 0.00274979
8000 0.00275085
9000 0.00275026
10000 0.00276312
11000 0.00277627
12000 0.00278177
13000 0.00278958
14000 0.00279312
15000 0.00280495
16000 0.00281716
17000 0.00282459
18000 0.00283765
19000 0.00285763
20000 0.00287956
21000 0.00289572
22000 0.00291441
23000 0.0029315
24000 0.00294301
25000 0.00295426
26000 0.00296265
27000 0.00296837
28000 0.00297502
29000 0.00298074
30000 0.00298273
31000 0.00298801
32000 0.00300078
33000 0.00302113
34000 0.00304521
35000 0.00306528
36000 0.00308735
37000 0.00311066
38000 0.00313192
39000 0.00314529
40000 0.00315522
41000 0.00316549
42000 0.00317881
43000 0.00319553
44000 0.00321177
45000 0.00322916
46000 0.0032461
47000 0.00326195
48000 0.00327537
49000 0.00328755
50000 0.00329785
51000 0.00330494
52000 0.00331167
53000 0.00331883
54000 0.00332318
55000 0.00332646
56000 0.00332959
57000 0.00333272
58000 0.00333877
59000 0.00334459
60000 0.00335064
61000 0.0033581
62000 0.00336332
63000 0.00336643
64000 0.00336921
65000 0.00337209
66000 0.0033744
67000 0.00337682
68000 0.00337695
69000 0.00337417
70000 0.00337025
71000 0.00336681
72000 0.0033616
73000 0.00335875
74000 0.00335591
75000 0.00335338
76000 0.00334917
77000 0.00334522
78000 0.00334279
79000 0.0033402
80000 0.00333906
81000 0.0033379
82000 0.00333584
83000 0.00333164
84000 0.00332688
85000 0.00332339
86000 0.00331973
87000 0.00331614
88000 0.00331133
89000 0.00330822
90000 0.00330628
91000 0.00330382
92000 0.00330081
93000 0.00329906
94000 0.00329652
95000 0.00329413
96000 0.00329284
97000 0.00329241
98000 0.00329198
99000 0.00329209
100000 0.00329324
101000 0.0032952
102000 0.00329739
103000 0.00329728
104000 0.00329737
105000 0.00329675
106000 0.00329641
107000 0.00329501
108000 0.00329339
109000 0.00329201
110000 0.00328928
111000 0.00328633
112000 0.00328192
113000 0.00327747
114000 0.00327275
115000 0.00326858
116000 0.00326528
117000 0.00326133
118000 0.00325714
119000 0.00325284
120000 0.0032492
121000 0.00324585
122000 0.0032421
123000 0.00323794
124000 0.00323363
125000 0.00322959
126000 0.00322466
127000 0.00322038
128000 0.00321671
129000 0.0032132
130000 0.00320954
131000 0.00320661
132000 0.00320417
133000 0.0032019
134000 0.00319924
135000 0.00319672
136000 0.00319383
137000 0.00319099
138000 0.00318768
139000 0.00318478
140000 0.00318211
141000 0.00317928
142000 0.00317654
143000 0.00317428
144000 0.00317186
145000 0.00316893
146000 0.0031662
147000 0.00316259
148000 0.00315874
149000 0.00315524
150000 0.00315206
151000 0.00314922
152000 0.00314648
153000 0.0031437
154000 0.00314149
155000 0.0031384
156000 0.00313495
157000 0.0031311
158000 0.00312689
159000 0.00312299
160000 0.00311972
161000 0.00311681
162000 0.00311314
163000 0.00310863
164000 0.00310432
165000 0.00309983
166000 0.00309566
167000 0.00309197
168000 0.00308809
169000 0.00308426
170000 0.00308118
171000 0.00307789
172000 0.00307438
173000 0.00307067
174000 0.00306655
175000 0.00306266
176000 0.00305808
177000 0.00305299
178000 0.00304803
179000 0.0030431
180000 0.00303824
181000 0.00303315
182000 0.00302848
183000 0.00302441
184000 0.0030204
185000 0.00301634
186000 0.00301218
187000 0.00300756
188000 0.00300305
189000 0.00299857
190000 0.00299374
191000 0.00298909
192000 0.0029846
193000 0.00298037
194000 0.00297629
195000 0.0029727
196000 0.00296957
197000 0.00296634
198000 0.00296322
199000 0.0029602
200000 0.00295737
201000 0.0029549
202000 0.00295202
203000 0.00294896
204000 0.00294549
205000 0.00294211
206000 0.00293838
207000 0.00293475
208000 0.0029309
209000 0.00292777
210000 0.00292479
211000 0.00292144
212000 0.00291845
213000 0.00291573
214000 0.00291345
215000 0.00291097
216000 0.00290876
217000 0.0029064
218000 0.00290373
219000 0.00290154
220000 0.00289918
221000 0.0028967
222000 0.0028941
223000 0.0028912
224000 0.00288836
225000 0.0028857
226000 0.00288289
227000 0.00287954
228000 0.00287629
229000 0.00287294
230000 0.00286917
231000 0.00286586
232000 0.00286298
233000 0.00286036
234000 0.00285834
235000 0.00285608
236000 0.00285413
237000 0.00285201
238000 0.0028498
239000 0.00284821
240000 0.00284654
241000 0.00284396
242000 0.00284056
243000 0.00283678
244000 0.00283287
245000 0.00282869
246000 0.00282467
247000 0.00282061
248000 0.00281694
249000 0.00281339
250000 0.00280965
251000 0.00280613
252000 0.00280309
253000 0.00280021
254000 0.00279774
255000 0.0027956
256000 0.00279332
257000 0.00279108
258000 0.00278897
259000 0.00278707
260000 0.00278581
261000 0.00278492
262000 0.00278385
263000 0.00278319
264000 0.00278275
265000 0.0027824
266000 0.00278253
267000 0.00278255
268000 0.00278228
269000 0.00278161
270000 0.00278123
271000 0.0027808
272000 0.00278094
273000 0.0027815
274000 0.00278208
275000 0.00278287
276000 0.00278343
277000 0.00278405
278000 0.00278522
279000 0.0027864
280000 0.00278763
281000 0.0027884
282000 0.00278909
283000 0.00278944
284000 0.00278951
285000 0.00278901
286000 0.00278846
287000 0.00278766
288000 0.00278683
289000 0.00278587
290000 0.00278477
291000 0.00278392
292000 0.00278328
293000 0.00278271
294000 0.00278208
295000 0.00278115
296000 0.00278034
297000 0.00277942
298000 0.00277761
299000 0.00277573
300000 0.00277401
301000 0.002773
302000 0.00277212
303000 0.00277112
304000 0.00277027
305000 0.00276939
306000 0.0027686
307000 0.00276828
308000 0.00276805
309000 0.00276775
310000 0.00276717
311000 0.00276693
312000 0.00276691
313000 0.00276678
314000 0.00276644
315000 0.00276593
316000 0.00276541
317000 0.00276519
318000 0.00276482
319000 0.00276432
320000 0.00276354
321000 0.00276222
322000 0.00276094
323000 0.0027595
324000 0.0027579
325000 0.00275648
326000 0.00275488
327000 0.00275339
328000 0.00275175
329000 0.00275
330000 0.00274821
331000 0.00274646
332000 0.00274502
333000 0.002744
334000 0.00274315
335000 0.00274251
336000 0.00274237
337000 0.00274232
338000 0.00274247
339000 0.00274284
340000 0.00274332
341000 0.00274379
342000 0.00274454
343000 0.0027452
344000 0.00274547
345000 0.0027457
346000 0.00274576
347000 0.00274587
348000 0.00274608
349000 0.00274648
350000 0.00274722
351000 0.0027477
352000 0.00274832
353000 0.00274919
354000 0.00275036
355000 0.00275188
356000 0.00275317
357000 0.00275442
358000 0.00275536
359000 0.00275623
360000 0.00275708
361000 0.00275763
362000 0.00275849
363000 0.00275943
364000 0.0027603
365000 0.00276102
366000 0.00276193
367000 0.00276288
368000 0.00276394
369000 0.00276508
370000 0.00276645
371000 0.00276801
372000 0.00276928
373000 0.00277077
374000 0.00277285
375000 0.00277497
376000 0.00277683
377000 0.00277829
378000 0.00277931
379000 0.00278022
380000 0.00278101
381000 0.00278191
382000 0.00278272
383000 0.0027836
384000 0.00278454
385000 0.0027854
386000 0.00278608
387000 0.0027865
388000 0.00278639
389000 0.00278637
390000 0.00278668
391000 0.00278681
392000 0.00278682
393000 0.00278669
394000 0.00278639
395000 0.00278598
396000 0.0027853
397000 0.00278468
398000 0.0027838
399000 0.00278294
400000 0.00278215
401000 0.00278152
402000 0.00278104
403000 0.0027809
404000 0.00278088
405000 0.00278111
406000 0.00278127
407000 0.00278137
408000 0.00278155
409000 0.00278159
410000 0.00278167
411000 0.00278195
412000 0.00278241
413000 0.00278308
414000 0.00278372
415000 0.0027844
416000 0.0027853
417000 0.00278605
418000 0.00278684
419000 0.00278786
420000 0.00278895
421000 0.00278984
422000 0.00279089
423000 0.00279175
424000 0.00279264
425000 0.00279316
426000 0.00279371
427000 0.00279419
428000 0.00279475
429000 0.00279541
430000 0.00279594
431000 0.00279624
432000 0.00279623
433000 0.002796
434000 0.00279589
435000 0.0027956
436000 0.0027953
437000 0.00279513
438000 0.00279493
439000 0.00279441
440000 0.00279374
441000 0.00279312
442000 0.00279263
443000 0.002792
444000 0.00279109
445000 0.00279033
446000 0.00278968
447000 0.00278915
448000 0.00278857
449000 0.00278794
450000 0.00278745
451000 0.00278702
452000 0.00278666
453000 0.00278637
454000 0.00278597
455000 0.00278574
456000 0.00278568
457000 0.00278566
458000 0.00278545
459000 0.00278514
460000 0.00278478
461000 0.00278445
462000 0.00278434
463000 0.00278448
464000 0.0027845
465000 0.00278436
466000 0.00278418
467000 0.00278426
468000 0.0027846
469000 0.00278506
470000 0.00278537
471000 0.00278556
472000 0.0027857
473000 0.00278613
474000 0.0027868
475000 0.00278756
476000 0.00278851
477000 0.00278955
478000 0.00279069
479000 0.00279191
480000 0.00279295
481000 0.00279381
482000 0.00279466
483000 0.0027958
484000 0.00279704
485000 0.00279844
486000 0.00279943
487000 0.00280036
488000 0.00280149
489000 0.00280246
490000 0.00280341
491000 0.00280427
492000 0.00280523
493000 0.00280634
494000 0.00280741
495000 0.00280845
496000 0.0028093
497000 0.00281025
498000 0.00281129
499000 0.00281224
500000 0.00281316
