1000 0.00247272
2000 0.00244734
3000 0.0024385
4000 0.00245757
5000 0.00246792
6000 0.00247313
7000 0.00250534
8000 0.00253438
9000 0.00255434
10000 0.0025671
11000 0.0025613
12000 0.00256114
13000 0.00256537
14000 0.00256281
15000 0.00256452
16000 0.0025654
17000 0.00256561
18000 0.00256102
19000 0.00255338
20000 0.00254294
21000 0.00253146
22000 0.00251942
23000 0.00251033
24000 0.00250479
25000 0.00249997
26000 0.00249333
27000 0.00248812
28000 0.00248713
29000 0.00248395
30000 0.00247894
31000 0.00247748
32000 0.00247573
33000 0.00247441
34000 0.0024726
35000 0.00246903
36000 0.00246509
37000 0.00246028
38000 0.00245509
39000 0.00244959
40000 0.00244253
41000 0.00243439
42000 0.00242468
43000 0.00241712
44000 0.00240886
45000 0.00239988
46000 0.00239184
47000 0.00238485
48000 0.00237863
49000 0.00237086
50000 0.00236195
51000 0.00235163
52000 0.0023435
53000 0.00233739
54000 0.00233208
55000 0.00232682
56000 0.00232194
57000 0.00231633
58000 0.00231095
59000 0.00230517
60000 0.00229812
61000 0.00229121
62000 0.00228372
63000 0.00227636
64000 0.00226978
65000 0.00226292
66000 0.00225678
67000 0.00225193
68000 0.00224769
69000 0.00224365
70000 0.00224098
71000 0.00224023
72000 0.00223976
73000 0.00223862
74000 0.00223844
75000 0.00223895
76000 0.00224078
77000 0.00224234
78000 0.00224498
79000 0.00224864
80000 0.00225129
81000 0.00225393
82000 0.00225746
83000 0.00226188
84000 0.00226494
85000 0.00226596
86000 0.002267
87000 0.00226971
88000 0.00227172
89000 0.00227381
90000 0.0022765
91000 0.0022782
92000 0.0022788
93000 0.00227871
94000 0.00227942
95000 0.00227981
96000 0.00228033
97000 0.00228145
98000 0.00228367
99000 0.00228532
100000 0.00228674
101000 0.00228829
102000 0.00229105
103000 0.00229406
104000 0.00229649
105000 0.00229911
106000 0.0023021
107000 0.00230551
108000 0.00230889
109000 0.00231292
110000 0.00231587
111000 0.00231922
112000 0.00232209
113000 0.00232428
114000 0.00232558
115000 0.00232657
116000 0.00232756
117000 0.00232903
118000 0.00233137
119000 0.00233372
120000 0.0023363
121000 0.00233859
122000 0.00234095
123000 0.00234346
124000 0.0023447
125000 0.00234621
126000 0.00234747
127000 0.00234923
128000 0.00235193
129000 0.00235557
130000 0.00235977
131000 0.002364
132000 0.0023691
133000 0.00237298
134000 0.00237588
135000 0.00237879
136000 0.00238152
137000 0.00238424
138000 0.00238738
139000 0.00239065
140000 0.00239429
141000 0.00239853
142000 0.00240361
143000 0.00240921
144000 0.00241506
145000 0.00242001
146000 0.00242486
147000 0.00242968
148000 0.0024328
149000 0.00243512
150000 0.00243735
151000 0.00243994
152000 0.00244227
153000 0.00244595
154000 0.00244924
155000 0.00245231
156000 0.0024548
157000 0.00245708
158000 0.00245957
159000 0.00246182
160000 0.00246429
161000 0.0024681
162000 0.00247209
163000 0.00247655
164000 0.00248163
165000 0.00248662
166000 0.00249154
167000 0.00249605
168000 0.00250021
169000 0.00250431
170000 0.00250788
171000 0.00250982
172000 0.00251185
173000 0.00251439
174000 0.0025157
175000 0.0025166
176000 0.0025172
177000 0.00251711
178000 0.00251687
179000 0.00251691
180000 0.0025177
181000 0.00251899
182000 0.00252015
183000 0.00252188
184000 0.00252425
185000 0.00252664
186000 0.00252865
187000 0.00252997
188000 0.00253137
189000 0.00253283
190000 0.00253449
191000 0.0025358
192000 0.00253708
193000 0.00253824
194000 0.00253911
195000 0.00254013
196000 0.00254072
197000 0.00254155
198000 0.00254292
199000 0.00254484
200000 0.00254629
201000 0.00254805
202000 0.00255028
203000 0.00255246
204000 0.00255535
205000 0.00255958
206000 0.0025644
207000 0.00256908
208000 0.00257353
209000 0.00257747
210000 0.00258069
211000 0.00258303
212000 0.00258482
213000 0.00258603
214000 0.00258723
215000 0.00258798
216000 0.00258896
217000 0.00259017
218000 0.00259111
219000 0.00259225
220000 0.00259354
221000 0.00259498
222000 0.00259647
223000 0.00259775
224000 0.00259886
225000 0.00260037
226000 0.00260214
227000 0.00260368
228000 0.00260528
229000 0.00260717
230000 0.00260932
231000 0.0026115
232000 0.00261356
233000 0.00261552
234000 0.00261668
235000 0.00261742
236000 0.00261759
237000 0.00261755
238000 0.00261726
239000 0.00261764
240000 0.00261845
241000 0.00261873
242000 0.0026189
243000 0.00261858
244000 0.00261807
245000 0.00261787
246000 0.00261824
247000 0.00261868
248000 0.00261941
249000 0.00262029
250000 0.00262159
251000 0.00262295
252000 0.0026246
253000 0.00262596
254000 0.00262736
255000 0.00262896
256000 0.00263056
257000 0.00263204
258000 0.0026339
259000 0.00263591
260000 0.00263897
261000 0.00264259
262000 0.00264594
263000 0.00264956
264000 0.00265299
265000 0.00265624
266000 0.00265939
267000 0.00266303
268000 0.00266652
269000 0.00267027
270000 0.00267438
271000 0.00267814
272000 0.00268129
273000 0.00268407
274000 0.00268668
275000 0.00268892
276000 0.00269113
277000 0.00269325
278000 0.002695
279000 0.00269653
280000 0.00269848
281000 0.00270016
282000 0.00270164
283000 0.00270307
284000 0.00270432
285000 0.00270536
286000 0.00270713
287000 0.00270836
288000 0.00270944
289000 0.00271011
290000 0.00271098
291000 0.00271197
292000 0.00271268
293000 0.0027134
294000 0.00271422
295000 0.00271525
296000 0.0027164
297000 0.00271763
298000 0.00271907
299000 0.00272053
300000 0.00272135
301000 0.00272216
302000 0.00272301
303000 0.00272415
304000 0.00272589
305000 0.00272804
306000 0.00272999
307000 0.00273148
308000 0.00273333
309000 0.00273532
310000 0.00273728
311000 0.00273886
312000 0.00274043
313000 0.00274213
314000 0.00274384
315000 0.00274584
316000 0.00274758
317000 0.00274909
318000 0.00275046
319000 0.00275206
320000 0.00275362
321000 0.00275523
322000 0.00275676
323000 0.00275796
324000 0.00275874
325000 0.00275986
326000 0.00276116
327000 0.00276238
328000 0.00276354
329000 0.00276411
330000 0.0027644
331000 0.0027647
332000 0.00276463
333000 0.00276469
334000 0.00276469
335000 0.00276461
336000 0.00276515
337000 0.00276576
338000 0.00276633
339000 0.00276687
340000 0.0027675
341000 0.00276829
342000 0.00276922
343000 0.00277012
344000 0.00277154
345000 0.00277335
346000 0.00277517
347000 0.00277739
348000 0.00277911
349000 0.00277981
350000 0.00278046
351000 0.00278139
352000 0.002782
353000 0.0027822
354000 0.00278261
355000 0.00278301
356000 0.00278325
357000 0.00278318
358000 0.00278286
359000 0.00278268
360000 0.00278236
361000 0.00278189
362000 0.00278154
363000 0.00278118
364000 0.00278088
365000 0.00278091
366000 0.00278082
367000 0.00278067
368000 0.00278064
369000 0.00278055
370000 0.00278069
371000 0.00278084
372000 0.00278049
373000 0.00277975
374000 0.00277884
375000 0.00277784
376000 0.00277699
377000 0.00277627
378000 0.00277566
379000 0.00277478
380000 0.00277388
381000 0.00277309
382000 0.00277235
383000 0.00277156
384000 0.00277069
385000 0.0027699
386000 0.00276926
387000 0.00276897
388000 0.00276886
389000 0.00276889
390000 0.00276911
391000 0.00276948
392000 0.00276973
393000 0.00277003
394000 0.00277027
395000 0.0027707
396000 0.00277133
397000 0.00277205
398000 0.00277296
399000 0.0027739
400000 0.00277497
401000 0.00277588
402000 0.0027767
403000 0.00277745
404000 0.00277829
405000 0.00277929
406000 0.0027806
407000 0.00278201
408000 0.00278303
409000 0.00278375
410000 0.0027843
411000 0.00278475
412000 0.00278499
413000 0.00278514
414000 0.00278532
415000 0.00278538
416000 0.00278545
417000 0.00278563
418000 0.00278589
419000 0.00278607
420000 0.00278636
421000 0.002787
422000 0.00278807
423000 0.00278873
424000 0.00278943
425000 0.00279054
426000 0.00279181
427000 0.00279313
428000 0.00279411
429000 0.00279517
430000 0.00279629
431000 0.00279776
432000 0.00279911
433000 0.00280022
434000 0.00280148
435000 0.00280288
436000 0.00280457
437000 0.00280636
438000 0.00280803
439000 0.00280963
440000 0.00281131
441000 0.00281317
442000 0.00281508
443000 0.002817
444000 0.00281898
445000 0.00282106
446000 0.00282352
447000 0.00282621
448000 0.00282853
449000 0.002831
450000 0.00283364
451000 0.00283649
452000 0.00283918
453000 0.00284161
454000 0.00284405
455000 0.0028465
456000 0.00284884
457000 0.00285112
458000 0.00285346
459000 0.00285591
460000 0.00285851
461000 0.00286096
462000 0.00286321
463000 0.00286513
464000 0.00286657
465000 0.00286771
466000 0.00286866
467000 0.00286963
468000 0.00287047
469000 0.00287148
470000 0.00287255
471000 0.00287357
472000 0.00287442
473000 0.00287521
474000 0.00287594
475000 0.00287657
476000 0.00287712
477000 0.00287767
478000 0.0028779
479000 0.00287808
480000 0.00287822
481000 0.00287844
482000 0.00287882
483000 0.00287956
484000 0.00288063
485000 0.00288191
486000 0.00288337
487000 0.00288507
488000 0.00288713
489000 0.00288902
490000 0.00289068
491000 0.00289243
492000 0.0028938
493000 0.00289525
494000 0.00289676
495000 0.00289818
496000 0.0028997
497000 0.00290115
498000 0.00290263
499000 0.00290387
500000 0.00290547
