1000 0.00318979
2000 0.00317498
3000 0.00319327
4000 0.00319167
5000 0.00321375
6000 0.00322574
7000 0.00324829
8000 0.00325538
9000 0.0032646
10000 0.00327875
11000 0.00328506
12000 0.00328908
13000 0.00329603
14000 0.00329548
15000 0.00329009
16000 0.0032896
17000 0.00329824
18000 0.00331317
19000 0.00332722
20000 0.0033419
21000 0.00336005
22000 0.00337569
23000 0.00338886
24000 0.00340157
25000 0.00341165
26000 0.00342533
27000 0.00344159
28000 0.00346167
29000 0.00348437
30000 0.00350484
31000 0.0035195
32000 0.00352848
33000 0.00354013
34000 0.00355334
35000 0.00356025
36000 0.00356647
37000 0.0035699
38000 0.00357065
39000 0.00357388
40000 0.00357832
41000 0.00357794
42000 0.00357508
43000 0.00356961
44000 0.00356299
45000 0.00355562
46000 0.00354763
47000 0.00353981
48000 0.00353115
49000 0.00352217
50000 0.0035161
51000 0.00351432
52000 0.0035131
53000 0.00351144
54000 0.0035091
55000 0.003509
56000 0.00350793
57000 0.0035089
58000 0.00350936
59000 0.00350781
60000 0.00350669
61000 0.00350669
62000 0.00350832
63000 0.00351266
64000 0.00351643
65000 0.00351961
66000 0.00352171
67000 0.00352525
68000 0.00353093
69000 0.00353663
70000 0.00354153
71000 0.00354648
72000 0.00355241
73000 0.00355951
74000 0.00356952
75000 0.00358005
76000 0.0035889
77000 0.00359778
78000 0.00360699
79000 0.00361635
80000 0.00362646
81000 0.00363403
82000 0.00364106
83000 0.00364851
84000 0.00365521
85000 0.00366159
86000 0.00366624
87000 0.00366891
88000 0.00367193
89000 0.00367556
90000 0.00367848
91000 0.00367923
92000 0.00368008
93000 0.00367874
94000 0.00367729
95000 0.00367525
96000 0.00367359
97000 0.00367372
98000 0.00367266
99000 0.00366921
100000 0.00366494
101000 0.00365964
102000 0.00365316
103000 0.0036458
104000 0.00363875
105000 0.00363149
106000 0.00362475
107000 0.00361689
108000 0.00360785
109000 0.00359889
110000 0.00358972
111000 0.0035813
112000 0.00357341
113000 0.00356514
114000 0.00355683
115000 0.0035489
116000 0.00354068
117000 0.00353215
118000 0.0035241
119000 0.003516
120000 0.0035087
121000 0.00350204
122000 0.00349491
123000 0.00348814
124000 0.00348167
125000 0.00347546
126000 0.00347025
127000 0.00346592
128000 0.00346261
129000 0.00346031
130000 0.00345799
131000 0.00345597
132000 0.00345504
133000 0.00345508
134000 0.00345493
135000 0.00345362
136000 0.00345117
137000 0.00344793
138000 0.00344512
139000 0.00344278
140000 0.00344046
141000 0.0034375
142000 0.00343454
143000 0.00343144
144000 0.00342872
145000 0.00342592
146000 0.00342338
147000 0.0034215
148000 0.00341989
149000 0.00341813
150000 0.00341556
151000 0.00341229
152000 0.00340899
153000 0.00340541
154000 0.00340157
155000 0.00339797
156000 0.00339462
157000 0.00339221
158000 0.00338997
159000 0.00338763
160000 0.00338578
161000 0.00338424
162000 0.00338385
163000 0.00338277
164000 0.00338219
165000 0.00338145
166000 0.00338071
167000 0.00337944
168000 0.00337676
169000 0.00337426
170000 0.00337155
171000 0.00336898
172000 0.00336643
173000 0.00336344
174000 0.00336021
175000 0.00335636
176000 0.00335264
177000 0.00334926
178000 0.00334624
179000 0.00334393
180000 0.00334102
181000 0.00333729
182000 0.00333396
183000 0.00333114
184000 0.00332845
185000 0.00332585
186000 0.00332305
187000 0.00332075
188000 0.00331856
189000 0.00331636
190000 0.00331419
191000 0.00331195
192000 0.00331014
193000 0.00330851
194000 0.0033074
195000 0.00330644
196000 0.00330529
197000 0.00330406
198000 0.00330299
199000 0.00330194
200000 0.00330075
201000 0.00329932
202000 0.00329813
203000 0.00329684
204000 0.00329452
205000 0.00329138
206000 0.00328858
207000 0.00328614
208000 0.00328346
209000 0.00328028
210000 0.00327694
211000 0.00327375
212000 0.00326982
213000 0.00326566
214000 0.0032617
215000 0.00325739
216000 0.00325272
217000 0.00324805
218000 0.00324332
219000 0.00323876
220000 0.00323435
221000 0.00322971
222000 0.00322526
223000 0.00322117
224000 0.00321698
225000 0.00321319
226000 0.0032097
227000 0.0032058
228000 0.00320156
229000 0.00319763
230000 0.00319322
231000 0.00318846
232000 0.00318396
233000 0.00317962
234000 0.00317514
235000 0.00317078
236000 0.00316668
237000 0.00316277
238000 0.00315854
239000 0.00315413
240000 0.00315013
241000 0.00314636
242000 0.00314293
243000 0.0031396
244000 0.00313621
245000 0.00313303
246000 0.0031303
247000 0.00312809
248000 0.00312566
249000 0.00312331
250000 0.00312085
251000 0.00311892
252000 0.00311706
253000 0.00311477
254000 0.00311263
255000 0.00311042
256000 0.00310809
257000 0.00310574
258000 0.00310325
259000 0.00310099
260000 0.00309873
261000 0.0030966
262000 0.00309458
263000 0.00309283
264000 0.00309134
265000 0.0030896
266000 0.00308779
267000 0.00308583
268000 0.00308382
269000 0.0030817
270000 0.0030796
271000 0.00307732
272000 0.00307543
273000 0.00307397
274000 0.00307246
275000 0.00307068
276000 0.0030689
277000 0.00306743
278000 0.00306608
279000 0.00306417
280000 0.00306194
281000 0.00305961
282000 0.0030573
283000 0.00305508
284000 0.00305279
285000 0.00305044
286000 0.00304821
287000 0.00304619
288000 0.00304433
289000 0.00304256
290000 0.00304135
291000 0.00304029
292000 0.00303981
293000 0.00303944
294000 0.00303924
295000 0.00303933
296000 0.0030395
297000 0.00303994
298000 0.00304052
299000 0.00304105
300000 0.00304166
301000 0.00304195
302000 0.00304188
303000 0.00304208
304000 0.00304227
305000 0.00304263
306000 0.00304313
307000 0.00304368
308000 0.00304386
309000 0.00304388
310000 0.00304343
311000 0.00304292
312000 0.00304294
313000 0.00304271
314000 0.00304211
315000 0.00304161
316000 0.00304143
317000 0.00304113
318000 0.00304123
319000 0.00304114
320000 0.00304101
321000 0.0030411
322000 0.00304123
323000 0.00304133
324000 0.00304168
325000 0.00304229
326000 0.00304258
327000 0.00304303
328000 0.00304364
329000 0.00304457
330000 0.00304572
331000 0.00304682
332000 0.00304784
333000 0.00304894
334000 0.0030498
335000 0.00305089
336000 0.00305195
337000 0.00305325
338000 0.00305455
339000 0.00305525
340000 0.00305547
341000 0.00305576
342000 0.00305603
343000 0.0030565
344000 0.00305712
345000 0.00305789
346000 0.00305928
347000 0.00306117
348000 0.00306339
349000 0.00306553
350000 0.00306727
351000 0.00306874
352000 0.00306919
353000 0.00306922
354000 0.00306884
355000 0.00306831
356000 0.00306751
357000 0.00306627
358000 0.00306501
359000 0.00306374
360000 0.00306258
361000 0.00306183
362000 0.00306112
363000 0.00306045
364000 0.00305986
365000 0.00305924
366000 0.00305896
367000 0.00305879
368000 0.00305856
369000 0.00305854
370000 0.00305877
371000 0.00305923
372000 0.00305942
373000 0.00305872
374000 0.00305773
375000 0.00305697
376000 0.00305609
377000 0.00305502
378000 0.00305394
379000 0.00305282
380000 0.00305176
381000 0.00305099
382000 0.00305024
383000 0.00304969
384000 0.00304959
385000 0.00304964
386000 0.00304964
387000 0.00304961
388000 0.00304959
389000 0.00304934
390000 0.00304854
391000 0.00304766
392000 0.00304663
393000 0.00304592
394000 0.00304532
395000 0.00304478
396000 0.00304451
397000 0.00304409
398000 0.00304361
399000 0.00304313
400000 0.00304269
401000 0.00304277
402000 0.00304276
403000 0.00304249
404000 0.00304214
405000 0.00304234
406000 0.00304253
407000 0.00304263
408000 0.00304258
409000 0.00304282
410000 0.00304323
411000 0.00304351
412000 0.00304369
413000 0.00304382
414000 0.00304397
415000 0.00304417
416000 0.00304403
417000 0.0030438
418000 0.00304348
419000 0.00304309
420000 0.00304246
421000 0.00304204
422000 0.00304187
423000 0.00304198
424000 0.00304205
425000 0.00304202
426000 0.00304173
427000 0.00304165
428000 0.00304155
429000 0.00304144
430000 0.00304109
431000 0.00304056
432000 0.00303969
433000 0.00303866
434000 0.00303771
435000 0.0030369
436000 0.00303615
437000 0.00303534
438000 0.00303459
439000 0.00303387
440000 0.00303334
441000 0.00303277
442000 0.00303228
443000 0.00303188
444000 0.00303152
445000 0.00303096
446000 0.0030306
447000 0.00303011
448000 0.00302934
449000 0.00302871
450000 0.0030283
451000 0.00302786
452000 0.00302745
453000 0.00302706
454000 0.00302676
455000 0.00302636
456000 0.00302551
457000 0.00302468
458000 0.00302394
459000 0.0030232
460000 0.00302274
461000 0.00302193
462000 0.00302106
463000 0.00302023
464000 0.0030193
465000 0.00301804
466000 0.0030167
467000 0.00301516
468000 0.00301359
469000 0.00301188
470000 0.00301052
471000 0.00300921
472000 0.00300808
473000 0.00300671
474000 0.00300546
475000 0.00300425
476000 0.00300302
477000 0.00300188
478000 0.00300069
479000 0.00299951
480000 0.00299845
481000 0.00299755
482000 0.00299669
483000 0.00299601
484000 0.002995
485000 0.00299408
486000 0.00299327
487000 0.00299207
488000 0.00299084
489000 0.00298969
490000 0.00298885
491000 0.00298796
492000 0.00298699
493000 0.00298598
494000 0.00298495
495000 0.00298409
496000 0.00298331
497000 0.0029828
498000 0.00298229
499000 0.00298189
500000 0.00298135
