1000 0.00337383
2000 0.00333325
3000 0.00324574
4000 0.00318961
5000 0.00316625
6000 0.00314377
7000 0.00312176
8000 0.0031057
9000 0.00311279
10000 0.00311545
11000 0.00311395
12000 0.00312089
13000 0.00312979
14000 0.0031409
15000 0.00314066
16000 0.00313511
17000 0.00312646
18000 0.0031237
19000 0.0031222
20000 0.00311562
21000 0.00310628
22000 0.00310776
23000 0.00310605
24000 0.0031034
25000 0.00310665
26000 0.00311034
27000 0.00311121
28000 0.00311369
29000 0.00311034
30000 0.00310267
31000 0.00309447
32000 0.00308471
33000 0.00307474
34000 0.00306534
35000 0.0030575
36000 0.00305334
37000 0.0030479
38000 0.00304493
39000 0.00304279
40000 0.00304299
41000 0.00304518
42000 0.00304571
43000 0.00304764
44000 0.00304822
45000 0.00305153
46000 0.00305879
47000 0.00307215
48000 0.00308495
49000 0.0030937
50000 0.00309895
51000 0.00310252
52000 0.00310707
53000 0.00311178
54000 0.00311286
55000 0.00310972
56000 0.00310439
57000 0.00309854
58000 0.00309266
59000 0.00308769
60000 0.00308275
61000 0.00307709
62000 0.00307244
63000 0.00307101
64000 0.003071
65000 0.0030708
66000 0.0030707
67000 0.00306805
68000 0.00306686
69000 0.00306603
70000 0.00306358
71000 0.00306111
72000 0.00305802
73000 0.00305565
74000 0.003054
75000 0.00305109
76000 0.00304888
77000 0.00304659
78000 0.00304424
79000 0.00304088
80000 0.00303756
81000 0.00303391
82000 0.00303019
83000 0.00302652
84000 0.00302163
85000 0.00301545
86000 0.00300912
87000 0.00300246
88000 0.00299646
89000 0.0029902
90000 0.00298454
91000 0.00298084
92000 0.00297599
93000 0.00296907
94000 0.00296164
95000 0.00295373
96000 0.00294639
97000 0.00293922
98000 0.00293219
99000 0.00292587
100000 0.0029191
101000 0.00291184
102000 0.00290476
103000 0.00289985
104000 0.00289466
105000 0.00288875
106000 0.00288462
107000 0.00288174
108000 0.00287918
109000 0.00287782
110000 0.00287598
111000 0.00287438
112000 0.00287282
113000 0.00287046
114000 0.00286677
115000 0.00286286
116000 0.00285882
117000 0.00285519
118000 0.00285042
119000 0.00284629
120000 0.00284319
121000 0.00284056
122000 0.00283738
123000 0.00283452
124000 0.00282998
125000 0.00282574
126000 0.00282193
127000 0.0028178
128000 0.00281464
129000 0.00281188
130000 0.00280865
131000 0.00280429
132000 0.0027995
133000 0.0027947
134000 0.00278932
135000 0.00278402
136000 0.00277869
137000 0.00277388
138000 0.00276997
139000 0.00276631
140000 0.00276293
141000 0.00275906
142000 0.00275492
143000 0.0027515
144000 0.00274824
145000 0.00274597
146000 0.00274455
147000 0.00274415
148000 0.00274429
149000 0.00274416
150000 0.00274411
151000 0.00274443
152000 0.00274524
153000 0.00274631
154000 0.00274731
155000 0.00274747
156000 0.002748
157000 0.00274811
158000 0.00274792
159000 0.00274828
160000 0.00274917
161000 0.00275012
162000 0.00274964
163000 0.00274887
164000 0.00274868
165000 0.00274786
166000 0.0027463
167000 0.00274456
168000 0.00274261
169000 0.00274174
170000 0.00274075
171000 0.00274023
172000 0.00273947
173000 0.0027374
174000 0.00273487
175000 0.0027316
176000 0.00272897
177000 0.00272684
178000 0.0027245
179000 0.00272217
180000 0.0027202
181000 0.00271826
182000 0.00271574
183000 0.00271381
184000 0.00271228
185000 0.00271005
186000 0.00270749
187000 0.00270564
188000 0.00270542
189000 0.00270607
190000 0.00270668
191000 0.00270763
192000 0.00270828
193000 0.0027095
194000 0.00271015
195000 0.00271093
196000 0.00271215
197000 0.00271322
198000 0.00271445
199000 0.00271602
200000 0.00271746
201000 0.00271817
202000 0.00271852
203000 0.00271925
204000 0.00272009
205000 0.00272147
206000 0.00272332
207000 0.00272578
208000 0.00272828
209000 0.00273066
210000 0.00273279
211000 0.00273415
212000 0.00273527
213000 0.00273619
214000 0.0027371
215000 0.002738
216000 0.00273938
217000 0.00274034
218000 0.00274194
219000 0.00274375
220000 0.00274478
221000 0.00274563
222000 0.00274601
223000 0.00274654
224000 0.00274718
225000 0.00274794
226000 0.00274845
227000 0.00274992
228000 0.0027515
229000 0.0027528
230000 0.00275358
231000 0.00275434
232000 0.00275483
233000 0.00275467
234000 0.00275431
235000 0.00275378
236000 0.00275375
237000 0.00275371
238000 0.0027543
239000 0.00275479
240000 0.00275485
241000 0.00275496
242000 0.00275501
243000 0.00275474
244000 0.00275479
245000 0.0027548
246000 0.00275498
247000 0.00275534
248000 0.0027561
249000 0.00275751
250000 0.00275846
251000 0.00275961
252000 0.00276089
253000 0.0027621
254000 0.00276374
255000 0.00276565
256000 0.00276721
257000 0.00276896
258000 0.0027709
259000 0.00277255
260000 0.00277399
261000 0.00277562
262000 0.00277725
263000 0.0027784
264000 0.0027795
265000 0.00278057
266000 0.0027815
267000 0.00278227
268000 0.00278312
269000 0.00278407
270000 0.00278556
271000 0.00278636
272000 0.0027868
273000 0.00278713
274000 0.0027871
275000 0.00278696
276000 0.00278711
277000 0.00278791
278000 0.00278953
279000 0.00279169
280000 0.00279405
281000 0.0027956
282000 0.00279675
283000 0.00279738
284000 0.00279759
285000 0.00279717
286000 0.00279673
287000 0.00279626
288000 0.00279545
289000 0.0027949
290000 0.00279399
291000 0.0027929
292000 0.00279129
293000 0.00278952
294000 0.00278789
295000 0.00278646
296000 0.00278495
297000 0.00278376
298000 0.00278233
299000 0.0027809
300000 0.00277949
301000 0.00277791
302000 0.0027762
303000 0.002775
304000 0.00277375
305000 0.00277229
306000 0.00277104
307000 0.00276961
308000 0.00276853
309000 0.00276729
310000 0.00276609
311000 0.00276485
312000 0.00276352
313000 0.00276231
314000 0.00276086
315000 0.00275918
316000 0.00275719
317000 0.00275526
318000 0.00275357
319000 0.00275184
320000 0.0027499
321000 0.00274772
322000 0.00274562
323000 0.00274372
324000 0.0027416
325000 0.0027393
326000 0.00273663
327000 0.00273386
328000 0.00273119
329000 0.00272867
330000 0.00272648
331000 0.00272448
332000 0.00272279
333000 0.00272096
334000 0.00271954
335000 0.00271858
336000 0.00271761
337000 0.0027165
338000 0.00271531
339000 0.00271439
340000 0.00271347
341000 0.00271301
342000 0.00271269
343000 0.00271193
344000 0.00271112
345000 0.00271042
346000 0.00270992
347000 0.00270947
348000 0.00270907
349000 0.00270899
350000 0.00270867
351000 0.00270851
352000 0.00270824
353000 0.00270818
354000 0.00270825
355000 0.00270828
356000 0.00270819
357000 0.00270813
358000 0.00270774
359000 0.00270758
360000 0.00270762
361000 0.00270788
362000 0.00270834
363000 0.00270894
364000 0.0027098
365000 0.00271087
366000 0.00271203
367000 0.00271302
368000 0.00271371
369000 0.00271447
370000 0.00271509
371000 0.00271578
372000 0.00271639
373000 0.00271692
374000 0.00271727
375000 0.00271762
376000 0.00271837
377000 0.00271935
378000 0.00272049
379000 0.00272103
380000 0.00272105
381000 0.0027212
382000 0.00272119
383000 0.00272117
384000 0.00272133
385000 0.00272163
386000 0.0027218
387000 0.00272181
388000 0.00272198
389000 0.00272235
390000 0.00272271
391000 0.00272316
392000 0.00272384
393000 0.00272442
394000 0.00272504
395000 0.00272566
396000 0.00272622
397000 0.00272708
398000 0.00272815
399000 0.00272938
400000 0.00273087
401000 0.00273274
402000 0.00273484
403000 0.00273687
404000 0.00273846
405000 0.00273963
406000 0.002741
407000 0.00274236
408000 0.00274382
409000 0.00274537
410000 0.00274688
411000 0.00274867
412000 0.00275051
413000 0.0027522
414000 0.00275365
415000 0.00275459
416000 0.00275525
417000 0.00275603
418000 0.00275702
419000 0.00275809
420000 0.00275892
421000 0.00275941
422000 0.00275921
423000 0.00275885
424000 0.0027584
425000 0.00275816
426000 0.00275804
427000 0.00275784
428000 0.0027574
429000 0.0027572
430000 0.00275697
431000 0.00275612
432000 0.00275527
433000 0.00275464
434000 0.00275401
435000 0.00275335
436000 0.00275246
437000 0.0027517
438000 0.00275041
439000 0.00274918
440000 0.00274826
441000 0.00274729
442000 0.0027463
443000 0.002745
444000 0.0027437
445000 0.00274254
446000 0.00274134
447000 0.00274013
448000 0.00273892
449000 0.00273783
450000 0.0027368
451000 0.0027361
452000 0.00273561
453000 0.00273525
454000 0.00273504
455000 0.0027346
456000 0.00273413
457000 0.00273332
458000 0.00273232
459000 0.00273138
460000 0.00273046
461000 0.00272944
462000 0.00272825
463000 0.00272698
464000 0.00272585
465000 0.00272481
466000 0.00272385
467000 0.00272308
468000 0.00272243
469000 0.00272207
470000 0.00272167
471000 0.00272136
472000 0.00272108
473000 0.00272099
474000 0.00272068
475000 0.00272034
476000 0.00272015
477000 0.00271974
478000 0.00271924
479000 0.00271889
480000 0.00271859
481000 0.00271828
482000 0.00271806
483000 0.00271794
484000 0.00271771
485000 0.00271747
486000 0.00271733
487000 0.00271701
488000 0.0027167
489000 0.0027162
490000 0.00271558
491000 0.00271493
492000 0.00271432
493000 0.00271372
494000 0.00271313
495000 0.00271254
496000 0.00271202
497000 0.00271133
498000 0.00271045
499000 0.00270967
500000 0.00270872
