1000 0.0037582
2000 0.00371469
3000 0.00370517
4000 0.00364883
5000 0.00363532
6000 0.0036183
7000 0.00360647
8000 0.00360574
9000 0.00360579
10000 0.00360624
11000 0.00361067
12000 0.00360333
13000 0.00359242
14000 0.00359764
15000 0.00360717
16000 0.00361559
17000 0.00362134
18000 0.00363391
19000 0.00365506
20000 0.00367979
21000 0.00370434
22000 0.00372781
23000 0.00374554
24000 0.00376079
25000 0.00377243
26000 0.00378801
27000 0.00380347
28000 0.00381682
29000 0.00383208
30000 0.00385336
31000 0.0038679
32000 0.00388085
33000 0.00389604
34000 0.00390953
35000 0.00391811
36000 0.00392965
37000 0.00394061
38000 0.0039546
39000 0.00396674
40000 0.00397609
41000 0.00398921
42000 0.00399839
43000 0.0040058
44000 0.00401538
45000 0.00402539
46000 0.00403743
47000 0.00404758
48000 0.00405896
49000 0.00406963
50000 0.00407637
51000 0.00408327
52000 0.00408972
53000 0.00409507
54000 0.00410194
55000 0.00410645
56000 0.0041109
57000 0.00411791
58000 0.00412519
59000 0.00413242
60000 0.00414197
61000 0.00415324
62000 0.00416576
63000 0.00417556
64000 0.00418493
65000 0.00419329
66000 0.00420226
67000 0.00421383
68000 0.00422487
69000 0.00423422
70000 0.00424285
71000 0.00425164
72000 0.00426133
73000 0.00427281
74000 0.00428656
75000 0.00430188
76000 0.00431795
77000 0.00433077
78000 0.004343
79000 0.00435415
80000 0.00436438
81000 0.0043742
82000 0.00438444
83000 0.00439439
84000 0.00440401
85000 0.00441259
86000 0.00442212
87000 0.00443201
88000 0.00444271
89000 0.00445438
90000 0.00446526
91000 0.00447501
92000 0.00448467
93000 0.0044928
94000 0.00449983
95000 0.00450572
96000 0.00451089
97000 0.00451651
98000 0.00452048
99000 0.00452075
100000 0.0045216
101000 0.00452191
102000 0.00452175
103000 0.00452022
104000 0.00451883
105000 0.0045176
106000 0.0045168
107000 0.00451492
108000 0.00451369
109000 0.00451172
110000 0.00450976
111000 0.00450823
112000 0.00450569
113000 0.00450241
114000 0.00449931
115000 0.00449732
116000 0.00449463
117000 0.00449125
118000 0.00448819
119000 0.00448431
120000 0.00448037
121000 0.0044761
122000 0.00447033
123000 0.00446511
124000 0.00446043
125000 0.00445513
126000 0.00445075
127000 0.00444682
128000 0.00444307
129000 0.0044394
130000 0.0044352
131000 0.00443043
132000 0.00442547
133000 0.00442134
134000 0.00441696
135000 0.00441298
136000 0.00440924
137000 0.00440702
138000 0.00440482
139000 0.00440268
140000 0.00440116
141000 0.00440009
142000 0.0043991
143000 0.00439811
144000 0.00439682
145000 0.00439581
146000 0.00439556
147000 0.00439627
148000 0.00439759
149000 0.00439812
150000 0.00439806
151000 0.00439806
152000 0.00439873
153000 0.00439942
154000 0.00440011
155000 0.00440164
156000 0.00440269
157000 0.00440379
158000 0.0044045
159000 0.00440524
160000 0.00440502
161000 0.00440311
162000 0.00440016
163000 0.00439648
164000 0.00439328
165000 0.00439017
166000 0.00438719
167000 0.00438485
168000 0.00438328
169000 0.00438224
170000 0.00438093
171000 0.00437969
172000 0.00437775
173000 0.00437584
174000 0.00437403
175000 0.00437205
176000 0.0043702
177000 0.00436834
178000 0.00436649
179000 0.00436405
180000 0.00436161
181000 0.00435954
182000 0.00435649
183000 0.00435437
184000 0.00435265
185000 0.0043508
186000 0.00434846
187000 0.00434535
188000 0.00434221
189000 0.00433937
190000 0.0043368
191000 0.00433386
192000 0.00433166
193000 0.00432953
194000 0.00432757
195000 0.00432536
196000 0.00432299
197000 0.00432088
198000 0.00431806
199000 0.00431521
200000 0.0043125
201000 0.00430897
202000 0.00430609
203000 0.00430449
204000 0.0043033
205000 0.00430319
206000 0.00430301
207000 0.00430226
208000 0.00430142
209000 0.00429999
210000 0.00429726
211000 0.0042933
212000 0.00428944
213000 0.00428571
214000 0.00428215
215000 0.00427896
216000 0.00427504
217000 0.004271
218000 0.00426657
219000 0.00426216
220000 0.00425734
221000 0.00425232
222000 0.00424747
223000 0.00424239
224000 0.00423716
225000 0.00423257
226000 0.00422842
227000 0.00422366
228000 0.00421858
229000 0.00421405
230000 0.00420958
231000 0.00420511
232000 0.00420025
233000 0.00419548
234000 0.00419077
235000 0.00418668
236000 0.00418267
237000 0.00417892
238000 0.00417555
239000 0.00417267
240000 0.00416985
241000 0.00416689
242000 0.00416377
243000 0.00416011
244000 0.00415676
245000 0.00415338
246000 0.00414981
247000 0.00414653
248000 0.00414357
249000 0.00414009
250000 0.00413646
251000 0.00413302
252000 0.00412937
253000 0.00412585
254000 0.00412232
255000 0.00411939
256000 0.00411673
257000 0.00411378
258000 0.00411047
259000 0.00410685
260000 0.00410337
261000 0.0040992
262000 0.00409482
263000 0.0040904
264000 0.00408564
265000 0.0040808
266000 0.0040759
267000 0.00407101
268000 0.00406592
269000 0.00406045
270000 0.00405411
271000 0.00404735
272000 0.00404042
273000 0.00403369
274000 0.00402718
275000 0.00402088
276000 0.00401507
277000 0.00400934
278000 0.00400369
279000 0.00399831
280000 0.00399338
281000 0.0039884
282000 0.00398341
283000 0.00397842
284000 0.00397322
285000 0.00396804
286000 0.00396264
287000 0.00395738
288000 0.0039524
289000 0.00394766
290000 0.00394323
291000 0.0039389
292000 0.00393481
293000 0.00393124
294000 0.00392782
295000 0.00392434
296000 0.00392051
297000 0.00391617
298000 0.00391176
299000 0.00390756
300000 0.00390388
301000 0.00390057
302000 0.00389703
303000 0.00389365
304000 0.00389071
305000 0.00388825
306000 0.00388593
307000 0.00388355
308000 0.00388082
309000 0.00387799
310000 0.00387494
311000 0.00387165
312000 0.00386875
313000 0.00386645
314000 0.00386448
315000 0.00386267
316000 0.00386103
317000 0.00385913
318000 0.0038574
319000 0.00385569
320000 0.00385402
321000 0.00385241
322000 0.00385053
323000 0.00384861
324000 0.003847
325000 0.00384564
326000 0.00384423
327000 0.00384293
328000 0.00384246
329000 0.00384187
330000 0.00384082
331000 0.00383975
332000 0.00383872
333000 0.00383793
334000 0.00383704
335000 0.003836
336000 0.00383515
337000 0.00383428
338000 0.00383325
339000 0.00383308
340000 0.00383319
341000 0.00383354
342000 0.00383308
343000 0.00383198
344000 0.00383115
345000 0.00383021
346000 0.00382933
347000 0.00382874
348000 0.00382847
349000 0.00382891
350000 0.00382974
351000 0.00383065
352000 0.00383185
353000 0.00383378
354000 0.00383556
355000 0.00383755
356000 0.0038393
357000 0.00384172
358000 0.00384447
359000 0.00384802
360000 0.00385173
361000 0.00385503
362000 0.00385865
363000 0.00386218
364000 0.00386533
365000 0.00386841
366000 0.0038712
367000 0.00387366
368000 0.0038761
369000 0.00387844
370000 0.00388072
371000 0.00388263
372000 0.00388384
373000 0.00388462
374000 0.00388483
375000 0.00388479
376000 0.00388465
377000 0.00388439
378000 0.00388365
379000 0.003883
380000 0.0038824
381000 0.00388156
382000 0.00388052
383000 0.00387943
384000 0.00387806
385000 0.00387734
386000 0.00387662
387000 0.00387565
388000 0.00387448
389000 0.00387336
390000 0.00387226
391000 0.00387064
392000 0.00386876
393000 0.00386682
394000 0.00386508
395000 0.0038633
396000 0.00386126
397000 0.00385926
398000 0.00385703
399000 0.00385466
400000 0.00385228
401000 0.00385007
402000 0.00384819
403000 0.00384644
404000 0.00384452
405000 0.00384196
406000 0.00383972
407000 0.00383795
408000 0.00383608
409000 0.00383398
410000 0.00383181
411000 0.00382977
412000 0.00382823
413000 0.00382667
414000 0.00382466
415000 0.00382228
416000 0.00381992
417000 0.00381753
418000 0.00381521
419000 0.00381249
420000 0.00380967
421000 0.00380702
422000 0.00380462
423000 0.00380232
424000 0.00380019
425000 0.00379816
426000 0.0037959
427000 0.00379368
428000 0.00379115
429000 0.00378867
430000 0.00378631
431000 0.00378407
432000 0.00378185
433000 0.00377944
434000 0.00377722
435000 0.00377507
436000 0.00377271
437000 0.0037706
438000 0.00376873
439000 0.00376695
440000 0.00376494
441000 0.00376277
442000 0.00376048
443000 0.0037585
444000 0.00375668
445000 0.003755
446000 0.0037535
447000 0.00375212
448000 0.00375047
449000 0.00374852
450000 0.00374647
451000 0.0037447
452000 0.00374292
453000 0.00374113
454000 0.00373944
455000 0.00373826
456000 0.00373697
457000 0.00373593
458000 0.00373507
459000 0.00373453
460000 0.00373378
461000 0.00373294
462000 0.00373227
463000 0.00373149
464000 0.00373034
465000 0.00372923
466000 0.00372792
467000 0.00372651
468000 0.00372531
469000 0.00372404
470000 0.00372269
471000 0.00372164
472000 0.00372054
473000 0.00371939
474000 0.00371832
475000 0.00371725
476000 0.0037164
477000 0.00371534
478000 0.00371454
479000 0.00371421
480000 0.00371405
481000 0.00371376
482000 0.00371367
483000 0.00371337
484000 0.00371273
485000 0.00371173
486000 0.00371074
487000 0.00371028
488000 0.00370976
489000 0.00370918
490000 0.003709
491000 0.00370911
492000 0.00370912
493000 0.00370899
494000 0.00370894
495000 0.00370899
496000 0.00370929
497000 0.00370935
498000 0.00370956
499000 0.00371021
500000 0.00371103
