1000 0.00280037
2000 0.00282473
3000 0.00285727
4000 0.00285596
5000 0.00283991
6000 0.00283432
7000 0.00281594
8000 0.00280034
9000 0.00278748
10000 0.00277754
11000 0.00277146
12000 0.00275951
13000 0.0027344
14000 0.00271175
15000 0.0026907
16000 0.00267093
17000 0.00266041
18000 0.00265245
19000 0.0026491
20000 0.00265114
21000 0.00265194
22000 0.0026535
23000 0.00265513
24000 0.00264976
25000 0.00264569
26000 0.00263817
27000 0.00263081
28000 0.00262352
29000 0.00261458
30000 0.00260604
31000 0.00259836
32000 0.00259333
33000 0.0025909
34000 0.00258771
35000 0.00258237
36000 0.00257893
37000 0.00257673
38000 0.00257257
39000 0.0025694
40000 0.00256814
41000 0.00256524
42000 0.00255979
43000 0.00255448
44000 0.00255138
45000 0.00255188
46000 0.00255237
47000 0.00255424
48000 0.00255529
49000 0.00255985
50000 0.00256829
51000 0.00257733
52000 0.00258672
53000 0.00259703
54000 0.00260846
55000 0.00262168
56000 0.00263577
57000 0.00264767
58000 0.00265987
59000 0.00267085
60000 0.00268217
61000 0.00269192
62000 0.00270011
63000 0.00270815
64000 0.00271685
65000 0.0027254
66000 0.00273229
67000 0.00273866
68000 0.00274619
69000 0.00275451
70000 0.00276102
71000 0.00276669
72000 0.00277392
73000 0.00278388
74000 0.00279389
75000 0.00280392
76000 0.00281319
77000 0.00282206
78000 0.00283054
79000 0.00283997
80000 0.00284928
81000 0.00285941
82000 0.00286957
83000 0.00287863
84000 0.00288621
85000 0.00289288
86000 0.00289813
87000 0.00290126
88000 0.00290371
89000 0.0029051
90000 0.00290676
91000 0.00290762
92000 0.00290789
93000 0.00290862
94000 0.0029102
95000 0.00291191
96000 0.00291413
97000 0.00291635
98000 0.00291819
99000 0.00292005
100000 0.00292122
101000 0.0029219
102000 0.00292282
103000 0.0029237
104000 0.00292551
105000 0.00292846
106000 0.00293212
107000 0.0029367
108000 0.00294321
109000 0.00294932
110000 0.00295547
111000 0.00296221
112000 0.00296974
113000 0.00297904
114000 0.00298769
115000 0.00299759
116000 0.0030088
117000 0.00302122
118000 0.00303421
119000 0.00304632
120000 0.00305897
121000 0.00307229
122000 0.00308408
123000 0.00309409
124000 0.00310297
125000 0.00311031
126000 0.00311735
127000 0.00312444
128000 0.00313175
129000 0.00313874
130000 0.00314509
131000 0.00315157
132000 0.00315649
133000 0.00316028
134000 0.00316459
135000 0.00316879
136000 0.00317437
137000 0.00318016
138000 0.00318577
139000 0.00319094
140000 0.00319528
141000 0.00319777
142000 0.00320005
143000 0.00320217
144000 0.00320327
145000 0.00320408
146000 0.0032054
147000 0.00320752
148000 0.00320952
149000 0.00321056
150000 0.00321155
151000 0.0032121
152000 0.00321251
153000 0.00321226
154000 0.00321178
155000 0.00321168
156000 0.00321199
157000 0.00321232
158000 0.00321264
159000 0.00321221
160000 0.00321148
161000 0.00321082
162000 0.00321116
163000 0.00321083
164000 0.00320976
165000 0.00320859
166000 0.0032072
167000 0.00320559
168000 0.00320474
169000 0.00320376
170000 0.00320246
171000 0.00320097
172000 0.00319965
173000 0.00319799
174000 0.00319712
175000 0.00319618
176000 0.00319495
177000 0.00319384
178000 0.00319302
179000 0.00319263
180000 0.00319259
181000 0.00319246
182000 0.00319211
183000 0.00319232
184000 0.00319334
185000 0.0031942
186000 0.00319605
187000 0.00319878
188000 0.00320172
189000 0.00320487
190000 0.00320867
191000 0.00321311
192000 0.00321881
193000 0.00322415
194000 0.00322896
195000 0.00323352
196000 0.00323704
197000 0.00324016
198000 0.00324261
199000 0.00324503
200000 0.00324774
201000 0.00325057
202000 0.00325389
203000 0.00325679
204000 0.00325952
205000 0.00326243
206000 0.00326562
207000 0.00326898
208000 0.00327188
209000 0.00327461
210000 0.00327777
211000 0.00328039
212000 0.00328251
213000 0.00328413
214000 0.00328587
215000 0.00328792
216000 0.00328953
217000 0.00329038
218000 0.00329048
219000 0.00329011
220000 0.00328948
221000 0.00328896
222000 0.00328797
223000 0.00328634
224000 0.00328454
225000 0.0032831
226000 0.00328152
227000 0.00328011
228000 0.00327918
229000 0.00327821
230000 0.0032776
231000 0.00327679
232000 0.00327589
233000 0.00327502
234000 0.00327408
235000 0.00327365
236000 0.00327394
237000 0.00327401
238000 0.0032739
239000 0.00327426
240000 0.00327473
241000 0.00327497
242000 0.00327442
243000 0.00327406
244000 0.00327437
245000 0.00327478
246000 0.00327504
247000 0.00327523
248000 0.00327579
249000 0.00327713
250000 0.0032783
251000 0.0032798
252000 0.0032813
253000 0.00328241
254000 0.00328348
255000 0.00328446
256000 0.00328604
257000 0.00328772
258000 0.00328993
259000 0.00329233
260000 0.00329536
261000 0.00329813
262000 0.00330087
263000 0.0033034
264000 0.00330598
265000 0.0033085
266000 0.00331126
267000 0.00331421
268000 0.00331727
269000 0.00332095
270000 0.00332513
271000 0.00332934
272000 0.0033339
273000 0.003338
274000 0.00334248
275000 0.0033472
276000 0.00335157
277000 0.003356
278000 0.0033608
279000 0.00336558
280000 0.00337096
281000 0.00337687
282000 0.00338295
283000 0.00338926
284000 0.00339565
285000 0.00340128
286000 0.0034066
287000 0.00341224
288000 0.00341856
289000 0.00342471
290000 0.00343049
291000 0.00343615
292000 0.00344129
293000 0.00344592
294000 0.00345045
295000 0.00345435
296000 0.00345837
297000 0.00346202
298000 0.00346539
299000 0.00346868
300000 0.00347179
301000 0.00347464
302000 0.00347626
303000 0.00347759
304000 0.00347852
305000 0.00347978
306000 0.00348115
307000 0.00348255
308000 0.00348362
309000 0.00348446
310000 0.00348494
311000 0.00348583
312000 0.00348695
313000 0.00348789
314000 0.00348836
315000 0.00348863
316000 0.00348913
317000 0.00348978
318000 0.00349072
319000 0.00349169
320000 0.00349286
321000 0.00349339
322000 0.00349335
323000 0.00349303
324000 0.00349266
325000 0.00349242
326000 0.00349222
327000 0.0034919
328000 0.00349182
329000 0.00349197
330000 0.00349222
331000 0.00349246
332000 0.00349254
333000 0.00349296
334000 0.0034936
335000 0.00349445
336000 0.00349508
337000 0.00349597
338000 0.00349697
339000 0.00349794
340000 0.00349911
341000 0.00349971
342000 0.00350011
343000 0.00350019
344000 0.00350006
345000 0.0034998
346000 0.00349922
347000 0.00349828
348000 0.0034974
349000 0.00349679
350000 0.00349635
351000 0.003496
352000 0.00349572
353000 0.00349514
354000 0.00349482
355000 0.00349472
356000 0.00349464
357000 0.00349403
358000 0.00349268
359000 0.00349133
360000 0.00349027
361000 0.00348948
362000 0.0034889
363000 0.00348815
364000 0.00348719
365000 0.00348627
366000 0.00348571
367000 0.0034854
368000 0.0034854
369000 0.00348515
370000 0.00348487
371000 0.00348446
372000 0.0034839
373000 0.00348341
374000 0.00348309
375000 0.0034831
376000 0.00348291
377000 0.0034823
378000 0.00348137
379000 0.00348047
380000 0.00347999
381000 0.00347972
382000 0.00347948
383000 0.00347936
384000 0.00347907
385000 0.0034787
386000 0.00347786
387000 0.00347682
388000 0.00347572
389000 0.0034746
390000 0.00347366
391000 0.00347242
392000 0.00347111
393000 0.00346988
394000 0.00346889
395000 0.00346788
396000 0.00346644
397000 0.00346481
398000 0.00346321
399000 0.0034617
400000 0.00346016
401000 0.00345841
402000 0.00345658
403000 0.00345486
404000 0.00345333
405000 0.00345217
406000 0.00345098
407000 0.00344987
408000 0.00344892
409000 0.00344813
410000 0.00344735
411000 0.00344668
412000 0.00344632
413000 0.00344602
414000 0.00344559
415000 0.00344526
416000 0.00344505
417000 0.00344462
418000 0.0034441
419000 0.00344359
420000 0.00344295
421000 0.00344243
422000 0.00344195
423000 0.00344155
424000 0.00344129
425000 0.00344121
426000 0.00344098
427000 0.00344057
428000 0.0034403
429000 0.00344019
430000 0.00344001
431000 0.00343967
432000 0.00343951
433000 0.00343918
434000 0.00343895
435000 0.00343883
436000 0.00343881
437000 0.00343874
438000 0.00343879
439000 0.00343893
440000 0.00343907
441000 0.00343908
442000 0.00343899
443000 0.00343905
444000 0.00343909
445000 0.00343884
446000 0.0034385
447000 0.00343805
448000 0.00343746
449000 0.00343677
450000 0.00343581
451000 0.00343477
452000 0.00343368
453000 0.00343273
454000 0.00343187
455000 0.0034309
456000 0.00342974
457000 0.00342847
458000 0.0034271
459000 0.00342561
460000 0.00342424
461000 0.003423
462000 0.00342224
463000 0.00342172
464000 0.0034215
465000 0.0034212
466000 0.00342095
467000 0.00342073
468000 0.00342046
469000 0.00342007
470000 0.00341944
471000 0.00341892
472000 0.00341888
473000 0.00341893
474000 0.00341873
475000 0.00341846
476000 0.00341842
477000 0.00341835
478000 0.0034183
479000 0.00341841
480000 0.00341848
481000 0.00341847
482000 0.00341851
483000 0.00341877
484000 0.00341911
485000 0.00341934
486000 0.00341973
487000 0.00342032
488000 0.00342113
489000 0.00342208
490000 0.00342298
491000 0.00342376
492000 0.00342455
493000 0.00342558
494000 0.00342636
495000 0.00342699
496000 0.00342746
497000 0.00342777
498000 0.00342782
499000 0.00342769
500000 0.00342777
