1000 0.00327389
2000 0.00323485
3000 0.00323121
4000 0.00322649
5000 0.00323658
6000 0.00326974
7000 0.00331615
8000 0.00335207
9000 0.00336854
10000 0.00337342
11000 0.00338455
12000 0.00340104
13000 0.00341873
14000 0.00343534
15000 0.00345151
16000 0.00346205
17000 0.00347819
18000 0.00349437
19000 0.00349749
20000 0.00350713
21000 0.00351042
22000 0.00351458
23000 0.00352577
24000 0.00353974
25000 0.0035539
26000 0.00356799
27000 0.00358488
28000 0.00360221
29000 0.00361336
30000 0.00361799
31000 0.00362192
32000 0.00362789
33000 0.00363343
34000 0.00363686
35000 0.00364088
36000 0.00364383
37000 0.00364972
38000 0.00365522
39000 0.003662
40000 0.00366593
41000 0.00367061
42000 0.00367657
43000 0.00368479
44000 0.0036914
45000 0.00369998
46000 0.00370768
47000 0.00371421
48000 0.00371913
49000 0.00372167
50000 0.00372407
51000 0.0037261
52000 0.00373141
53000 0.00373584
54000 0.00374138
55000 0.00374578
56000 0.0037486
57000 0.00374919
58000 0.00374962
59000 0.00375033
60000 0.00374737
61000 0.00374293
62000 0.00373782
63000 0.00373415
64000 0.00372926
65000 0.00372379
66000 0.00371726
67000 0.0037091
68000 0.00370267
69000 0.00369866
70000 0.00369736
71000 0.00369555
72000 0.00369327
73000 0.00368907
74000 0.00368732
75000 0.00368794
76000 0.00368876
77000 0.00368854
78000 0.00368782
79000 0.00368405
80000 0.00368182
81000 0.00367848
82000 0.00367467
83000 0.00367014
84000 0.00366498
85000 0.00366154
86000 0.00365899
87000 0.00365666
88000 0.00365324
89000 0.00364941
90000 0.0036447
91000 0.00364117
92000 0.00363793
93000 0.00363596
94000 0.00363525
95000 0.00363402
96000 0.00363285
97000 0.00363071
98000 0.0036317
99000 0.00363287
100000 0.00363349
101000 0.00363585
102000 0.00363677
103000 0.00363518
104000 0.00363194
105000 0.00362845
106000 0.0036243
107000 0.00361988
108000 0.00361632
109000 0.00361413
110000 0.00361113
111000 0.00361
112000 0.00360997
113000 0.00361076
114000 0.00361076
115000 0.00361088
116000 0.00361082
117000 0.00360859
118000 0.00360528
119000 0.00360211
120000 0.00359862
121000 0.00359477
122000 0.00359123
123000 0.00358812
124000 0.00358567
125000 0.0035838
126000 0.00358125
127000 0.00357916
128000 0.00357755
129000 0.00357565
130000 0.0035737
131000 0.0035727
132000 0.00357147
133000 0.0035689
134000 0.00356664
135000 0.00356444
136000 0.00356223
137000 0.00356013
138000 0.00355848
139000 0.00355735
140000 0.00355695
141000 0.00355509
142000 0.00355346
143000 0.00355118
144000 0.00354882
145000 0.00354577
146000 0.00354194
147000 0.00353708
148000 0.00353227
149000 0.0035266
150000 0.0035213
151000 0.00351602
152000 0.00351046
153000 0.00350506
154000 0.00350023
155000 0.0034948
156000 0.00348897
157000 0.00348215
158000 0.00347533
159000 0.00346792
160000 0.003461
161000 0.00345412
162000 0.00344682
163000 0.00343855
164000 0.00343049
165000 0.00342308
166000 0.00341521
167000 0.00340697
168000 0.00339883
169000 0.00339032
170000 0.00338222
171000 0.00337493
172000 0.00336763
173000 0.00336014
174000 0.00335264
175000 0.00334536
176000 0.0033381
177000 0.00333106
178000 0.00332376
179000 0.00331642
180000 0.00330901
181000 0.00330151
182000 0.00329458
183000 0.00328798
184000 0.00328159
185000 0.0032752
186000 0.00326931
187000 0.00326341
188000 0.00325842
189000 0.0032543
190000 0.0032504
191000 0.00324724
192000 0.00324462
193000 0.00324235
194000 0.00324058
195000 0.00323819
196000 0.00323548
197000 0.00323218
198000 0.00322851
199000 0.00322511
200000 0.00322128
201000 0.00321709
202000 0.00321237
203000 0.0032077
204000 0.00320285
205000 0.00319786
206000 0.00319196
207000 0.00318556
208000 0.00317941
209000 0.00317275
210000 0.00316559
211000 0.00315838
212000 0.00315096
213000 0.0031435
214000 0.00313552
215000 0.00312765
216000 0.00311996
217000 0.00311156
218000 0.00310346
219000 0.00309567
220000 0.00308779
221000 0.00307981
222000 0.00307174
223000 0.0030638
224000 0.00305601
225000 0.00304862
226000 0.00304136
227000 0.0030341
228000 0.00302713
229000 0.00302071
230000 0.00301446
231000 0.0030084
232000 0.00300236
233000 0.0029966
234000 0.00299121
235000 0.00298611
236000 0.00298095
237000 0.00297578
238000 0.00297044
239000 0.00296512
240000 0.00295977
241000 0.00295471
242000 0.00295009
243000 0.00294551
244000 0.00294084
245000 0.00293587
246000 0.00293112
247000 0.00292631
248000 0.00292118
249000 0.00291637
250000 0.00291149
251000 0.00290677
252000 0.00290226
253000 0.00289718
254000 0.00289181
255000 0.00288666
256000 0.00288171
257000 0.00287696
258000 0.00287235
259000 0.00286776
260000 0.00286339
261000 0.00285865
262000 0.00285395
263000 0.0028495
264000 0.0028455
265000 0.00284127
266000 0.00283713
267000 0.00283346
268000 0.00282939
269000 0.00282538
270000 0.00282159
271000 0.00281826
272000 0.00281526
273000 0.00281228
274000 0.00280944
275000 0.00280667
276000 0.00280422
277000 0.00280224
278000 0.00280036
279000 0.00279841
280000 0.00279573
281000 0.00279316
282000 0.00279093
283000 0.00278917
284000 0.00278729
285000 0.0027857
286000 0.00278462
287000 0.00278407
288000 0.00278352
289000 0.00278284
290000 0.00278275
291000 0.00278282
292000 0.00278284
293000 0.00278334
294000 0.00278442
295000 0.00278509
296000 0.00278599
297000 0.00278646
298000 0.00278668
299000 0.00278717
300000 0.00278775
301000 0.00278774
302000 0.00278763
303000 0.00278773
304000 0.00278779
305000 0.00278739
306000 0.00278657
307000 0.00278537
308000 0.00278428
309000 0.002783
310000 0.00278194
311000 0.00278124
312000 0.00278086
313000 0.00278096
314000 0.00278098
315000 0.00278101
316000 0.00278145
317000 0.00278188
318000 0.00278228
319000 0.0027821
320000 0.00278145
321000 0.00277975
322000 0.00277735
323000 0.00277467
324000 0.00277212
325000 0.00276974
326000 0.0027673
327000 0.00276532
328000 0.00276339
329000 0.00276159
330000 0.0027599
331000 0.00275854
332000 0.00275722
333000 0.00275564
334000 0.0027542
335000 0.00275299
336000 0.00275193
337000 0.00275099
338000 0.00275028
339000 0.00274931
340000 0.00274854
341000 0.00274779
342000 0.00274704
343000 0.00274671
344000 0.00274679
345000 0.00274718
346000 0.00274766
347000 0.00274788
348000 0.00274797
349000 0.00274783
350000 0.00274735
351000 0.00274705
352000 0.00274687
353000 0.002747
354000 0.00274706
355000 0.00274686
356000 0.00274629
357000 0.00274563
358000 0.00274473
359000 0.00274372
360000 0.00274271
361000 0.00274193
362000 0.00274127
363000 0.00274047
364000 0.00273929
365000 0.00273851
366000 0.0027379
367000 0.00273711
368000 0.00273641
369000 0.00273595
370000 0.0027358
371000 0.00273569
372000 0.00273581
373000 0.00273574
374000 0.0027356
375000 0.00273531
376000 0.00273501
377000 0.00273461
378000 0.00273436
379000 0.00273435
380000 0.00273477
381000 0.00273527
382000 0.00273587
383000 0.00273648
384000 0.00273726
385000 0.00273795
386000 0.0027388
387000 0.00273979
388000 0.00274143
389000 0.00274346
390000 0.0027457
391000 0.00274769
392000 0.00274985
393000 0.00275228
394000 0.00275467
395000 0.00275693
396000 0.00275938
397000 0.00276179
398000 0.00276374
399000 0.002766
400000 0.00276793
401000 0.00276966
402000 0.00277103
403000 0.00277249
404000 0.00277406
405000 0.00277569
406000 0.00277726
407000 0.0027787
408000 0.00277996
409000 0.00278121
410000 0.00278221
411000 0.00278302
412000 0.00278373
413000 0.00278425
414000 0.00278479
415000 0.00278529
416000 0.00278588
417000 0.00278629
418000 0.00278682
419000 0.00278739
420000 0.00278781
421000 0.00278839
422000 0.00278884
423000 0.00278927
424000 0.00278979
425000 0.00279021
426000 0.00279047
427000 0.00279075
428000 0.00279093
429000 0.00279093
430000 0.00279108
431000 0.00279113
432000 0.0027909
433000 0.00279029
434000 0.00278973
435000 0.00278919
436000 0.00278856
437000 0.00278806
438000 0.00278797
439000 0.00278816
440000 0.00278806
441000 0.00278769
442000 0.00278732
443000 0.00278724
444000 0.00278742
445000 0.002788
446000 0.00278904
447000 0.00279002
448000 0.00279074
449000 0.00279158
450000 0.00279262
451000 0.00279382
452000 0.00279487
453000 0.00279585
454000 0.0027968
455000 0.00279737
456000 0.0027977
457000 0.00279797
458000 0.00279824
459000 0.00279855
460000 0.00279911
461000 0.00279964
462000 0.00280023
463000 0.00280074
464000 0.00280138
465000 0.00280219
466000 0.00280269
467000 0.0028032
468000 0.00280401
469000 0.00280492
470000 0.0028062
471000 0.00280766
472000 0.00280927
473000 0.00281069
474000 0.00281156
475000 0.00281202
476000 0.00281272
477000 0.0028131
478000 0.00281354
479000 0.00281418
480000 0.00281509
481000 0.00281606
482000 0.00281692
483000 0.0028178
484000 0.00281872
485000 0.00281976
486000 0.00282083
487000 0.00282205
488000 0.00282314
489000 0.00282437
490000 0.00282543
491000 0.00282627
492000 0.00282697
493000 0.00282754
494000 0.00282799
495000 0.0028283
496000 0.00282898
497000 0.00283007
498000 0.00283097
499000 0.00283166
500000 0.00283211
