1000 0.00336587
2000 0.00338105
3000 0.00344044
4000 0.00349853
5000 0.00349574
6000 0.00349532
7000 0.00348909
8000 0.00345973
9000 0.00343831
10000 0.00343907
11000 0.00344728
12000 0.00345257
13000 0.00345326
14000 0.00345871
15000 0.00345434
16000 0.00344258
17000 0.00343249
18000 0.00343489
19000 0.00343507
20000 0.00343085
21000 0.003425
22000 0.00342166
23000 0.00342196
24000 0.00342197
25000 0.00341445
26000 0.0034094
27000 0.00341319
28000 0.00341604
29000 0.00341939
30000 0.00342302
31000 0.00342383
32000 0.00342325
33000 0.00342365
34000 0.00342133
35000 0.00341886
36000 0.00342125
37000 0.00342297
38000 0.00342479
39000 0.00343058
40000 0.00343799
41000 0.00344302
42000 0.00344776
43000 0.00345359
44000 0.00346024
45000 0.00346401
46000 0.0034674
47000 0.00347193
48000 0.00347527
49000 0.00347728
50000 0.00347833
51000 0.00347945
52000 0.00347798
53000 0.00347654
54000 0.00347814
55000 0.00348228
56000 0.00348612
57000 0.00348853
58000 0.00349061
59000 0.0034948
60000 0.00350059
61000 0.00350373
62000 0.0035065
63000 0.00351092
64000 0.00351664
65000 0.00352174
66000 0.00352504
67000 0.00352743
68000 0.00353091
69000 0.003532
70000 0.00353391
71000 0.00353543
72000 0.00353818
73000 0.0035406
74000 0.00354432
75000 0.00355025
76000 0.00355819
77000 0.00356606
78000 0.00357468
79000 0.00358355
80000 0.00359263
81000 0.00360059
82000 0.00360841
83000 0.00361709
84000 0.00362793
85000 0.0036411
86000 0.0036539
87000 0.00366613
88000 0.0036771
89000 0.00368639
90000 0.00369411
91000 0.00370183
92000 0.00370884
93000 0.00371442
94000 0.00371809
95000 0.00371997
96000 0.00372042
97000 0.00372029
98000 0.0037209
99000 0.00372027
100000 0.00371982
101000 0.00372026
102000 0.00372243
103000 0.00372512
104000 0.00372678
105000 0.00372651
106000 0.00372621
107000 0.00372777
108000 0.00372942
109000 0.00373064
110000 0.00373159
111000 0.00373325
112000 0.00373506
113000 0.00373602
114000 0.00373604
115000 0.00373651
116000 0.00373554
117000 0.003734
118000 0.00373279
119000 0.00373231
120000 0.00373275
121000 0.00373259
122000 0.00373204
123000 0.00373051
124000 0.00372914
125000 0.00372848
126000 0.00372766
127000 0.00372632
128000 0.00372473
129000 0.00372391
130000 0.00372366
131000 0.00372186
132000 0.00371999
133000 0.00371815
134000 0.00371755
135000 0.00371756
136000 0.0037188
137000 0.00372061
138000 0.00372155
139000 0.00372134
140000 0.00372099
141000 0.00372085
142000 0.00372137
143000 0.00372268
144000 0.00372387
145000 0.00372561
146000 0.00372623
147000 0.00372626
148000 0.00372559
149000 0.00372664
150000 0.00372904
151000 0.00373166
152000 0.00373572
153000 0.00373947
154000 0.0037426
155000 0.00374621
156000 0.00375016
157000 0.00375476
158000 0.00375991
159000 0.00376519
160000 0.00376988
161000 0.00377456
162000 0.00377849
163000 0.00378238
164000 0.0037862
165000 0.00378965
166000 0.00379309
167000 0.00379613
168000 0.00379972
169000 0.00380442
170000 0.00381034
171000 0.00381634
172000 0.00382296
173000 0.0038284
174000 0.00383376
175000 0.00383878
176000 0.00384387
177000 0.00384879
178000 0.00385346
179000 0.00385791
180000 0.00386176
181000 0.00386563
182000 0.00386931
183000 0.00387321
184000 0.00387598
185000 0.00387898
186000 0.00388236
187000 0.00388512
188000 0.00388771
189000 0.00389006
190000 0.00389189
191000 0.00389421
192000 0.00389723
193000 0.00390048
194000 0.00390362
195000 0.00390604
196000 0.00390868
197000 0.00391089
198000 0.00391278
199000 0.00391451
200000 0.0039163
201000 0.0039178
202000 0.0039195
203000 0.00392053
204000 0.00392103
205000 0.00392127
206000 0.00392168
207000 0.00392265
208000 0.00392444
209000 0.00392613
210000 0.00392735
211000 0.00392846
212000 0.0039295
213000 0.00393038
214000 0.00393168
215000 0.00393284
216000 0.00393459
217000 0.00393621
218000 0.00393753
219000 0.00393846
220000 0.0039394
221000 0.00394056
222000 0.00394167
223000 0.00394341
224000 0.00394484
225000 0.00394627
226000 0.00394762
227000 0.00394901
228000 0.00395037
229000 0.00395164
230000 0.00395357
231000 0.00395555
232000 0.00395795
233000 0.00396062
234000 0.00396351
235000 0.00396635
236000 0.00396938
237000 0.00397199
238000 0.003975
239000 0.00397851
240000 0.00398222
241000 0.00398607
242000 0.00399011
243000 0.00399457
244000 0.00399932
245000 0.00400452
246000 0.00400912
247000 0.0040141
248000 0.00401812
249000 0.00402147
250000 0.00402392
251000 0.00402565
252000 0.00402747
253000 0.00402894
254000 0.00403073
255000 0.00403295
256000 0.00403527
257000 0.00403775
258000 0.00404042
259000 0.0040425
260000 0.00404405
261000 0.00404546
262000 0.00404765
263000 0.00404919
264000 0.00405023
265000 0.0040517
266000 0.00405356
267000 0.00405498
268000 0.00405551
269000 0.00405587
270000 0.0040562
271000 0.0040562
272000 0.00405619
273000 0.00405621
274000 0.00405602
275000 0.00405579
276000 0.00405554
277000 0.00405572
278000 0.00405611
279000 0.00405638
280000 0.00405653
281000 0.00405711
282000 0.00405807
283000 0.00405889
284000 0.00405973
285000 0.00406026
286000 0.00406089
287000 0.00406183
288000 0.00406266
289000 0.00406334
290000 0.00406404
291000 0.00406525
292000 0.00406669
293000 0.00406822
294000 0.00406958
295000 0.00407097
296000 0.00407249
297000 0.00407433
298000 0.00407669
299000 0.00407917
300000 0.0040817
301000 0.00408423
302000 0.00408645
303000 0.00408871
304000 0.00409131
305000 0.00409449
306000 0.00409761
307000 0.00410067
308000 0.00410402
309000 0.00410751
310000 0.0041108
311000 0.00411443
312000 0.00411879
313000 0.00412355
314000 0.00412796
315000 0.00413268
316000 0.00413765
317000 0.00414274
318000 0.00414854
319000 0.00415414
320000 0.00415951
321000 0.00416408
322000 0.00416789
323000 0.00417122
324000 0.00417371
325000 0.00417607
326000 0.0041784
327000 0.0041809
328000 0.00418387
329000 0.00418766
330000 0.00419197
331000 0.00419592
332000 0.00419968
333000 0.00420396
334000 0.00420818
335000 0.00421283
336000 0.00421798
337000 0.00422362
338000 0.00422874
339000 0.00423283
340000 0.0042365
341000 0.00423998
342000 0.00424403
343000 0.00424839
344000 0.00425297
345000 0.00425707
346000 0.00426161
347000 0.00426651
348000 0.00427162
349000 0.00427717
350000 0.0042826
351000 0.00428737
352000 0.00429182
353000 0.00429658
354000 0.00430125
355000 0.00430625
356000 0.00431142
357000 0.00431724
358000 0.00432363
359000 0.00432991
360000 0.00433551
361000 0.00434006
362000 0.00434458
363000 0.00434966
364000 0.00435467
365000 0.00435948
366000 0.00436389
367000 0.0043677
368000 0.00437136
369000 0.0043751
370000 0.00437864
371000 0.00438212
372000 0.00438568
373000 0.00438959
374000 0.00439335
375000 0.00439673
376000 0.00439954
377000 0.00440233
378000 0.00440526
379000 0.0044082
380000 0.00441129
381000 0.00441502
382000 0.00441871
383000 0.00442202
384000 0.00442528
385000 0.00442885
386000 0.00443288
387000 0.00443683
388000 0.00444009
389000 0.0044432
390000 0.00444637
391000 0.00444972
392000 0.00445341
393000 0.00445748
394000 0.00446164
395000 0.00446536
396000 0.0044692
397000 0.00447298
398000 0.00447688
399000 0.00448133
400000 0.00448545
401000 0.00448928
402000 0.00449232
403000 0.00449514
404000 0.00449767
405000 0.0044998
406000 0.00450231
407000 0.00450516
408000 0.00450802
409000 0.00451066
410000 0.00451331
411000 0.00451601
412000 0.00451805
413000 0.00451952
414000 0.00452045
415000 0.00452094
416000 0.00452142
417000 0.00452198
418000 0.00452245
419000 0.00452256
420000 0.0045233
421000 0.00452404
422000 0.00452442
423000 0.00452507
424000 0.00452529
425000 0.00452548
426000 0.00452531
427000 0.00452506
428000 0.00452477
429000 0.00452469
430000 0.00452504
431000 0.00452568
432000 0.00452632
433000 0.00452714
434000 0.0045281
435000 0.00452895
436000 0.00452971
437000 0.00453046
438000 0.00453119
439000 0.00453155
440000 0.00453162
441000 0.00453172
442000 0.00453151
443000 0.00453117
444000 0.00453087
445000 0.00453033
446000 0.00452928
447000 0.00452788
448000 0.00452635
449000 0.00452485
450000 0.00452344
451000 0.00452157
452000 0.0045199
453000 0.00451835
454000 0.00451681
455000 0.00451558
456000 0.00451464
457000 0.00451361
458000 0.00451285
459000 0.0045127
460000 0.00451257
461000 0.00451244
462000 0.00451159
463000 0.00451015
464000 0.00450855
465000 0.00450705
466000 0.00450515
467000 0.00450287
468000 0.00450041
469000 0.00449773
470000 0.00449486
471000 0.00449178
472000 0.00448857
473000 0.00448534
474000 0.00448213
475000 0.00447886
476000 0.00447567
477000 0.0044725
478000 0.00446917
479000 0.00446602
480000 0.00446267
481000 0.0044598
482000 0.00445706
483000 0.00445454
484000 0.00445233
485000 0.00444962
486000 0.004447
487000 0.00444433
488000 0.00444161
489000 0.00443916
490000 0.0044367
491000 0.00443453
492000 0.00443269
493000 0.00443105
494000 0.00442928
495000 0.00442762
496000 0.00442606
497000 0.00442449
498000 0.004423
499000 0.00442156
500000 0.00441995
