1000 0.00325638
2000 0.00323486
3000 0.0032298
4000 0.00324909
5000 0.00325619
6000 0.00324744
7000 0.0032544
8000 0.00324001
9000 0.00321375
10000 0.00317501
11000 0.00313916
12000 0.00310494
13000 0.00306668
14000 0.00303149
15000 0.00299305
16000 0.00295414
17000 0.00291888
18000 0.0028853
19000 0.00286171
20000 0.00284474
21000 0.0028325
22000 0.00282178
23000 0.00281353
24000 0.00280574
25000 0.00279626
26000 0.0027854
27000 0.0027758
28000 0.0027694
29000 0.00276301
30000 0.0027604
31000 0.00275518
32000 0.00274617
33000 0.00274087
34000 0.00273698
35000 0.00273472
36000 0.00273517
37000 0.00273466
38000 0.00273657
39000 0.00274245
40000 0.00274953
41000 0.00275756
42000 0.00276386
43000 0.00277036
44000 0.00277815
45000 0.00278666
46000 0.00279706
47000 0.00281017
48000 0.00282224
49000 0.0028338
50000 0.00284734
51000 0.00286069
52000 0.00287304
53000 0.00288691
54000 0.00290093
55000 0.00291304
56000 0.0029253
57000 0.00293653
58000 0.0029479
59000 0.00295591
60000 0.00296191
61000 0.0029651
62000 0.00296634
63000 0.00296788
64000 0.00296915
65000 0.00297056
66000 0.00297104
67000 0.00296969
68000 0.00296673
69000 0.00296384
70000 0.00296026
71000 0.00295664
72000 0.00295223
73000 0.00294807
74000 0.00294328
75000 0.00293634
76000 0.00292892
77000 0.00292148
78000 0.00291498
79000 0.00290779
80000 0.00289948
81000 0.00289172
82000 0.00288322
83000 0.00287491
84000 0.00286714
85000 0.00285964
86000 0.0028527
87000 0.00284571
88000 0.00283796
89000 0.00283074
90000 0.00282425
91000 0.00281732
92000 0.00281011
93000 0.00280351
94000 0.00279664
95000 0.0027912
96000 0.00278612
97000 0.00278168
98000 0.00277741
99000 0.00277305
100000 0.00276846
101000 0.00276387
102000 0.00275815
103000 0.00275235
104000 0.00274666
105000 0.00274111
106000 0.00273568
107000 0.00272991
108000 0.00272427
109000 0.00271964
110000 0.00271467
111000 0.00271021
112000 0.0027059
113000 0.0027017
114000 0.00269716
115000 0.00269353
116000 0.00269047
117000 0.00268725
118000 0.00268483
119000 0.00268249
120000 0.00268026
121000 0.00267806
122000 0.00267642
123000 0.00267421
124000 0.00267265
125000 0.00267158
126000 0.00266994
127000 0.00266857
128000 0.00266804
129000 0.00266775
130000 0.00266809
131000 0.00266872
132000 0.00267016
133000 0.00267188
134000 0.00267347
135000 0.00267525
136000 0.00267796
137000 0.00267979
138000 0.0026812
139000 0.0026826
140000 0.0026835
141000 0.00268358
142000 0.00268314
143000 0.00268246
144000 0.00268182
145000 0.00268081
146000 0.00268056
147000 0.00267984
148000 0.00267978
149000 0.00268031
150000 0.00268139
151000 0.00268327
152000 0.00268523
153000 0.0026861
154000 0.00268732
155000 0.00268865
156000 0.00269049
157000 0.00269297
158000 0.00269481
159000 0.00269677
160000 0.00269832
161000 0.00269899
162000 0.00269924
163000 0.00269934
164000 0.00269932
165000 0.00269943
166000 0.00269891
167000 0.0026989
168000 0.00269982
169000 0.00270059
170000 0.00270078
171000 0.00270042
172000 0.00270059
173000 0.00270134
174000 0.00270156
175000 0.00270215
176000 0.00270242
177000 0.00270254
178000 0.0027033
179000 0.00270435
180000 0.00270556
181000 0.00270649
182000 0.00270728
183000 0.00270818
184000 0.00270871
185000 0.00270915
186000 0.00271043
187000 0.00271202
188000 0.00271285
189000 0.00271336
190000 0.0027141
191000 0.00271553
192000 0.0027177
193000 0.00271976
194000 0.00272185
195000 0.00272334
196000 0.00272526
197000 0.00272773
198000 0.00273041
199000 0.0027324
200000 0.00273379
201000 0.00273564
202000 0.00273737
203000 0.00273935
204000 0.0027416
205000 0.00274425
206000 0.00274716
207000 0.00274984
208000 0.00275335
209000 0.00275732
210000 0.00276072
211000 0.00276388
212000 0.00276672
213000 0.00276913
214000 0.00277103
215000 0.00277257
216000 0.00277394
217000 0.00277468
218000 0.0027754
219000 0.00277664
220000 0.00277777
221000 0.00277896
222000 0.00277994
223000 0.00278037
224000 0.00278008
225000 0.00277896
226000 0.0027783
227000 0.00277786
228000 0.00277782
229000 0.00277738
230000 0.00277703
231000 0.0027771
232000 0.00277761
233000 0.00277774
234000 0.00277803
235000 0.00277807
236000 0.00277749
237000 0.00277714
238000 0.00277711
239000 0.00277765
240000 0.00277783
241000 0.00277717
242000 0.00277727
243000 0.00277813
244000 0.00277909
245000 0.00277949
246000 0.00277906
247000 0.00277784
248000 0.00277709
249000 0.00277633
250000 0.00277581
251000 0.00277527
252000 0.00277404
253000 0.00277285
254000 0.00277169
255000 0.00277099
256000 0.00277054
257000 0.00276991
258000 0.00276864
259000 0.00276724
260000 0.0027657
261000 0.00276387
262000 0.00276197
263000 0.00276029
264000 0.00275869
265000 0.00275702
266000 0.00275516
267000 0.00275327
268000 0.00275158
269000 0.00274999
270000 0.00274841
271000 0.00274654
272000 0.00274511
273000 0.0027437
274000 0.00274226
275000 0.00274096
276000 0.00273944
277000 0.00273753
278000 0.00273548
279000 0.00273366
280000 0.00273222
281000 0.00273119
282000 0.00273032
283000 0.00272914
284000 0.00272735
285000 0.00272554
286000 0.00272404
287000 0.00272262
288000 0.00272128
289000 0.00271961
290000 0.00271789
291000 0.00271619
292000 0.00271434
293000 0.00271237
294000 0.00271097
295000 0.00270999
296000 0.00270956
297000 0.00270938
298000 0.00270901
299000 0.00270867
300000 0.00270861
301000 0.00270852
302000 0.00270831
303000 0.00270811
304000 0.0027074
305000 0.00270625
306000 0.00270482
307000 0.00270328
308000 0.00270191
309000 0.00270062
310000 0.00269891
311000 0.00269665
312000 0.00269422
313000 0.00269131
314000 0.00268848
315000 0.00268596
316000 0.00268358
317000 0.00268182
318000 0.00268058
319000 0.00267933
320000 0.00267798
321000 0.00267667
322000 0.00267561
323000 0.00267458
324000 0.00267355
325000 0.00267256
326000 0.00267141
327000 0.00266988
328000 0.00266856
329000 0.00266744
330000 0.00266613
331000 0.00266457
332000 0.00266294
333000 0.00266163
334000 0.00266003
335000 0.00265804
336000 0.00265599
337000 0.00265383
338000 0.00265165
339000 0.00264949
340000 0.00264779
341000 0.00264618
342000 0.00264448
343000 0.00264309
344000 0.00264216
345000 0.00264126
346000 0.00264008
347000 0.00263889
348000 0.00263747
349000 0.00263592
350000 0.00263469
351000 0.00263354
352000 0.00263235
353000 0.00263142
354000 0.00263061
355000 0.00262947
356000 0.00262832
357000 0.00262748
358000 0.00262671
359000 0.00262607
360000 0.00262556
361000 0.00262542
362000 0.00262526
363000 0.00262491
364000 0.00262439
365000 0.00262369
366000 0.00262314
367000 0.00262288
368000 0.00262263
369000 0.00262261
370000 0.00262267
371000 0.00262285
372000 0.00262313
373000 0.00262334
374000 0.00262329
375000 0.00262323
376000 0.00262327
377000 0.0026234
378000 0.00262349
379000 0.00262385
380000 0.00262415
381000 0.00262451
382000 0.00262449
383000 0.00262467
384000 0.00262523
385000 0.00262566
386000 0.00262604
387000 0.00262622
388000 0.00262599
389000 0.00262563
390000 0.00262529
391000 0.00262476
392000 0.00262436
393000 0.00262408
394000 0.00262378
395000 0.00262351
396000 0.00262324
397000 0.00262267
398000 0.00262207
399000 0.00262151
400000 0.00262075
401000 0.00261996
402000 0.00261914
403000 0.00261819
404000 0.00261729
405000 0.00261677
406000 0.00261653
407000 0.00261651
408000 0.00261661
409000 0.00261667
410000 0.00261677
411000 0.00261682
412000 0.0026169
413000 0.00261706
414000 0.00261742
415000 0.00261769
416000 0.00261755
417000 0.00261721
418000 0.00261643
419000 0.00261551
420000 0.0026144
421000 0.00261327
422000 0.00261176
423000 0.00261013
424000 0.00260836
425000 0.00260633
426000 0.00260432
427000 0.00260238
428000 0.00260045
429000 0.00259861
430000 0.00259684
431000 0.0025952
432000 0.00259357
433000 0.00259209
434000 0.00259053
435000 0.00258878
436000 0.00258717
437000 0.00258567
438000 0.00258426
439000 0.00258259
440000 0.00258095
441000 0.00257908
442000 0.00257715
443000 0.00257532
444000 0.0025733
445000 0.0025713
446000 0.00256938
447000 0.00256756
448000 0.00256596
449000 0.00256456
450000 0.00256336
451000 0.00256195
452000 0.00256068
453000 0.00255945
454000 0.00255841
455000 0.00255712
456000 0.00255554
457000 0.00255404
458000 0.0025527
459000 0.0025512
460000 0.00254981
461000 0.00254859
462000 0.00254745
463000 0.00254638
464000 0.00254536
465000 0.00254452
466000 0.00254397
467000 0.00254343
468000 0.00254289
469000 0.00254239
470000 0.00254185
471000 0.00254122
472000 0.00254049
473000 0.00253982
474000 0.0025391
475000 0.00253852
476000 0.00253806
477000 0.00253771
478000 0.00253725
479000 0.00253674
480000 0.00253622
481000 0.00253567
482000 0.00253493
483000 0.00253425
484000 0.0025337
485000 0.00253313
486000 0.0025327
487000 0.00253225
488000 0.002532
489000 0.00253186
490000 0.00253182
491000 0.00253173
492000 0.00253118
493000 0.0025308
494000 0.00253062
495000 0.00253063
496000 0.00253048
497000 0.00253033
498000 0.00253023
499000 0.00253006
500000 0.00252984
