1000 0.0031396
2000 0.00317335
3000 0.00316876
4000 0.00315466
5000 0.00312796
6000 0.00308144
7000 0.00307239
8000 0.00307387
9000 0.00306639
10000 0.00306426
11000 0.00304531
12000 0.00302781
13000 0.00301299
14000 0.00298832
15000 0.00296038
16000 0.00293801
17000 0.00291661
18000 0.00289219
19000 0.00286937
20000 0.00284601
21000 0.00282674
22000 0.00281478
23000 0.00280411
24000 0.0027937
25000 0.00278439
26000 0.00277141
27000 0.00275388
28000 0.00273479
29000 0.00271871
30000 0.0027027
31000 0.0026864
32000 0.00267174
33000 0.00265829
34000 0.00264781
35000 0.00264186
36000 0.00264126
37000 0.00263905
38000 0.00263704
39000 0.00263548
40000 0.00263364
41000 0.0026303
42000 0.00262093
43000 0.00261315
44000 0.0026062
45000 0.00260048
46000 0.00259797
47000 0.00259618
48000 0.00259308
49000 0.00259302
50000 0.00259439
51000 0.00259509
52000 0.00259567
53000 0.00259573
54000 0.00259603
55000 0.00259443
56000 0.00259233
57000 0.00259094
58000 0.00258956
59000 0.00258723
60000 0.00258437
61000 0.00257824
62000 0.00257293
63000 0.00256888
64000 0.0025651
65000 0.0025593
66000 0.00255393
67000 0.00254958
68000 0.00254488
69000 0.00254045
70000 0.0025357
71000 0.00253023
72000 0.00252425
73000 0.00251873
74000 0.00251239
75000 0.00250519
76000 0.00249859
77000 0.00249171
78000 0.00248389
79000 0.00247617
80000 0.00246817
81000 0.00246042
82000 0.00245311
83000 0.0024465
84000 0.00244058
85000 0.00243566
86000 0.00243046
87000 0.00242428
88000 0.00241873
89000 0.00241339
90000 0.00240762
91000 0.00240208
92000 0.00239579
93000 0.00239052
94000 0.00238723
95000 0.00238498
96000 0.00238287
97000 0.00238063
98000 0.00237906
99000 0.00237813
100000 0.00237616
101000 0.0023751
102000 0.00237519
103000 0.00237518
104000 0.00237505
105000 0.00237328
106000 0.00237123
107000 0.00236962
108000 0.00236845
109000 0.0023679
110000 0.0023672
111000 0.00236595
112000 0.0023647
113000 0.00236398
114000 0.00236362
115000 0.00236377
116000 0.00236392
117000 0.0023632
118000 0.00236284
119000 0.00236195
120000 0.00236162
121000 0.00236253
122000 0.00236409
123000 0.0023651
124000 0.00236595
125000 0.00236684
126000 0.00236819
127000 0.00236957
128000 0.0023699
129000 0.00236999
130000 0.0023689
131000 0.00236708
132000 0.00236442
133000 0.00236204
134000 0.00236012
135000 0.00235975
136000 0.00235994
137000 0.00236063
138000 0.00236138
139000 0.00236192
140000 0.0023616
141000 0.00236148
142000 0.00236138
143000 0.00236112
144000 0.00236165
145000 0.00236263
146000 0.00236319
147000 0.00236392
148000 0.00236461
149000 0.00236622
150000 0.00236994
151000 0.00237329
152000 0.002377
153000 0.0023819
154000 0.00238824
155000 0.00239667
156000 0.00240451
157000 0.00241265
158000 0.00242196
159000 0.0024314
160000 0.0024401
161000 0.00244859
162000 0.00245707
163000 0.00246558
164000 0.00247409
165000 0.00248131
166000 0.00248985
167000 0.00249787
168000 0.0025052
169000 0.00251241
170000 0.0025193
171000 0.00252575
172000 0.00253186
173000 0.00253842
174000 0.00254413
175000 0.00255045
176000 0.00255692
177000 0.00256351
178000 0.00256969
179000 0.00257553
180000 0.00258074
181000 0.00258565
182000 0.00258975
183000 0.00259296
184000 0.00259618
185000 0.00259899
186000 0.00260186
187000 0.00260565
188000 0.00260854
189000 0.00261247
190000 0.00261641
191000 0.0026197
192000 0.00262186
193000 0.0026239
194000 0.00262566
195000 0.00262818
196000 0.00263142
197000 0.00263577
198000 0.00264062
199000 0.00264551
200000 0.00264973
201000 0.00265291
202000 0.00265528
203000 0.00265715
204000 0.00265856
205000 0.00266042
206000 0.00266241
207000 0.00266431
208000 0.00266648
209000 0.00266924
210000 0.00267185
211000 0.00267357
212000 0.00267588
213000 0.00267901
214000 0.00268241
215000 0.00268605
216000 0.00268993
217000 0.00269381
218000 0.00269834
219000 0.00270232
220000 0.00270669
221000 0.00271058
222000 0.00271375
223000 0.00271608
224000 0.00271879
225000 0.00272097
226000 0.00272301
227000 0.00272477
228000 0.00272643
229000 0.00272767
230000 0.002729
231000 0.00273048
232000 0.00273153
233000 0.00273205
234000 0.00273237
235000 0.00273269
236000 0.0027333
237000 0.00273449
238000 0.002736
239000 0.00273761
240000 0.00273914
241000 0.00274088
242000 0.00274211
243000 0.00274322
244000 0.0027439
245000 0.00274433
246000 0.00274475
247000 0.00274595
248000 0.00274736
249000 0.00274865
250000 0.00275028
251000 0.00275173
252000 0.0027531
253000 0.00275424
254000 0.00275537
255000 0.00275671
256000 0.0027573
257000 0.00275773
258000 0.00275763
259000 0.0027573
260000 0.00275715
261000 0.00275746
262000 0.00275715
263000 0.00275694
264000 0.00275675
265000 0.00275686
266000 0.00275673
267000 0.00275671
268000 0.00275644
269000 0.00275671
270000 0.00275722
271000 0.00275803
272000 0.00275859
273000 0.002759
274000 0.00275905
275000 0.00275883
276000 0.00275878
277000 0.00275879
278000 0.00275865
279000 0.00275849
280000 0.00275874
281000 0.00275842
282000 0.00275825
283000 0.00275807
284000 0.00275776
285000 0.00275694
286000 0.00275547
287000 0.00275415
288000 0.00275257
289000 0.00275057
290000 0.00274931
291000 0.00274813
292000 0.00274675
293000 0.00274585
294000 0.00274472
295000 0.00274336
296000 0.00274201
297000 0.00274076
298000 0.00273923
299000 0.00273748
300000 0.00273549
301000 0.00273315
302000 0.0027308
303000 0.00272838
304000 0.00272616
305000 0.00272426
306000 0.00272242
307000 0.00272071
308000 0.0027188
309000 0.00271675
310000 0.00271503
311000 0.00271365
312000 0.00271239
313000 0.00271122
314000 0.0027104
315000 0.00270961
316000 0.00270852
317000 0.00270787
318000 0.00270747
319000 0.00270724
320000 0.00270725
321000 0.00270723
322000 0.00270741
323000 0.00270766
324000 0.0027081
325000 0.00270868
326000 0.00270922
327000 0.00270999
328000 0.00271034
329000 0.00271085
330000 0.00271164
331000 0.00271266
332000 0.00271386
333000 0.0027148
334000 0.00271581
335000 0.00271707
336000 0.00271936
337000 0.00272236
338000 0.00272558
339000 0.0027288
340000 0.0027321
341000 0.00273587
342000 0.00273935
343000 0.00274271
344000 0.00274637
345000 0.00275034
346000 0.00275391
347000 0.00275759
348000 0.00276116
349000 0.00276449
350000 0.00276765
351000 0.00277052
352000 0.00277329
353000 0.00277561
354000 0.00277787
355000 0.00278059
356000 0.00278343
357000 0.00278638
358000 0.00278974
359000 0.00279344
360000 0.00279684
361000 0.00279977
362000 0.00280313
363000 0.00280657
364000 0.00280966
365000 0.00281237
366000 0.00281511
367000 0.00281792
368000 0.00282025
369000 0.00282275
370000 0.00282474
371000 0.0028264
372000 0.00282799
373000 0.00282959
374000 0.00283095
375000 0.00283267
376000 0.0028345
377000 0.00283669
378000 0.00283902
379000 0.0028411
380000 0.00284287
381000 0.00284417
382000 0.00284524
383000 0.00284617
384000 0.00284718
385000 0.00284832
386000 0.00284976
387000 0.00285133
388000 0.00285283
389000 0.00285441
390000 0.00285612
391000 0.00285806
392000 0.00286018
393000 0.00286259
394000 0.00286512
395000 0.00286786
396000 0.00287047
397000 0.00287298
398000 0.00287545
399000 0.00287772
400000 0.00287974
401000 0.00288164
402000 0.00288381
403000 0.00288637
404000 0.00288939
405000 0.0028921
406000 0.00289435
407000 0.00289631
408000 0.00289773
409000 0.00289895
410000 0.00290014
411000 0.00290077
412000 0.00290132
413000 0.00290195
414000 0.00290257
415000 0.00290331
416000 0.00290407
417000 0.00290516
418000 0.00290629
419000 0.00290747
420000 0.00290869
421000 0.00290985
422000 0.002911
423000 0.00291226
424000 0.00291344
425000 0.00291487
426000 0.00291579
427000 0.00291633
428000 0.00291677
429000 0.00291719
430000 0.0029176
431000 0.00291777
432000 0.00291763
433000 0.00291757
434000 0.00291754
435000 0.00291722
436000 0.00291675
437000 0.00291631
438000 0.00291576
439000 0.00291531
440000 0.00291481
441000 0.00291472
442000 0.00291488
443000 0.00291526
444000 0.00291552
445000 0.00291581
446000 0.00291652
447000 0.0029174
448000 0.00291799
449000 0.00291825
450000 0.00291851
451000 0.00291877
452000 0.00291894
453000 0.00291881
454000 0.00291877
455000 0.00291882
456000 0.00291891
457000 0.002919
458000 0.00291914
459000 0.00291964
460000 0.00291987
461000 0.00291995
462000 0.00292022
463000 0.00292042
464000 0.0029203
465000 0.00292028
466000 0.00292047
467000 0.00292077
468000 0.00292104
469000 0.00292123
470000 0.00292098
471000 0.00292066
472000 0.00292052
473000 0.00292057
474000 0.00292069
475000 0.00292084
476000 0.00292107
477000 0.00292113
478000 0.00292108
479000 0.00292088
480000 0.00292051
481000 0.00292014
482000 0.00291974
483000 0.00291946
484000 0.00291913
485000 0.00291885
486000 0.00291849
487000 0.00291842
488000 0.00291855
489000 0.00291876
490000 0.00291873
491000 0.00291879
492000 0.00291871
493000 0.00291865
494000 0.00291867
495000 0.00291882
496000 0.00291918
497000 0.00291987
498000 0.00292073
499000 0.00292131
500000 0.00292186
