1000 0.00463666
2000 0.00457951
3000 0.00460072
4000 0.00464459
5000 0.0046699
6000 0.0046834
7000 0.00469656
8000 0.00468578
9000 0.00467063
10000 0.00465706
11000 0.00464086
12000 0.00463037
13000 0.00462965
14000 0.00463491
15000 0.00464931
16000 0.00465797
17000 0.00466523
18000 0.00467116
19000 0.00467915
20000 0.00468438
21000 0.00468978
22000 0.00469511
23000 0.0046947
24000 0.00470135
25000 0.00470943
26000 0.00471982
27000 0.00473177
28000 0.00474257
29000 0.0047559
30000 0.00477357
31000 0.00478949
32000 0.00480178
33000 0.00481011
34000 0.00481521
35000 0.0048173
36000 0.00482257
37000 0.00483429
38000 0.00484846
39000 0.00486509
40000 0.00487865
41000 0.00488925
42000 0.00489921
43000 0.00490877
44000 0.00491432
45000 0.00491654
46000 0.00491891
47000 0.00492095
48000 0.00492027
49000 0.00491828
50000 0.00491571
51000 0.00491294
52000 0.00490895
53000 0.00490626
54000 0.00490358
55000 0.00490168
56000 0.00490021
57000 0.00489966
58000 0.00490039
59000 0.00489959
60000 0.00489846
61000 0.00489919
62000 0.00489928
63000 0.00490004
64000 0.00490144
65000 0.00490237
66000 0.00490431
67000 0.00490625
68000 0.00490991
69000 0.00491404
70000 0.00491723
71000 0.00491724
72000 0.00491748
73000 0.00491812
74000 0.00492018
75000 0.00492324
76000 0.00492589
77000 0.00493006
78000 0.00493394
79000 0.00493951
80000 0.00494584
81000 0.00495318
82000 0.00496102
83000 0.00496875
84000 0.00497684
85000 0.00498468
86000 0.00499329
87000 0.00500119
88000 0.00500777
89000 0.00501199
90000 0.00501571
91000 0.00501945
92000 0.00502233
93000 0.00502611
94000 0.00503097
95000 0.00503682
96000 0.0050432
97000 0.00504919
98000 0.005054
99000 0.00505869
100000 0.00506309
101000 0.00506803
102000 0.00507386
103000 0.00507969
104000 0.00508773
105000 0.00509655
106000 0.00510563
107000 0.00511579
108000 0.00512606
109000 0.00513667
110000 0.00514478
111000 0.00515061
112000 0.00515589
113000 0.00516039
114000 0.00516457
115000 0.00516889
116000 0.00517081
117000 0.00517152
118000 0.00517341
119000 0.00517575
120000 0.00517854
121000 0.00517905
122000 0.00517902
123000 0.00517877
124000 0.00517995
125000 0.00518085
126000 0.00518221
127000 0.00518361
128000 0.00518636
129000 0.00518961
130000 0.00519415
131000 0.00519927
132000 0.00520553
133000 0.00521303
134000 0.00522135
135000 0.00522825
136000 0.00523529
137000 0.00524168
138000 0.00524908
139000 0.00525784
140000 0.00526691
141000 0.00527551
142000 0.00528344
143000 0.00529147
144000 0.00529942
145000 0.00530719
146000 0.00531555
147000 0.0053215
148000 0.00532871
149000 0.00533672
150000 0.00534489
151000 0.00535258
152000 0.0053598
153000 0.00536632
154000 0.00537186
155000 0.00537599
156000 0.0053787
157000 0.00538098
158000 0.005383
159000 0.00538444
160000 0.00538526
161000 0.00538484
162000 0.00538392
163000 0.00538317
164000 0.00538135
165000 0.00537831
166000 0.00537526
167000 0.00537216
168000 0.00536912
169000 0.00536604
170000 0.00536191
171000 0.00535744
172000 0.00535237
173000 0.00534708
174000 0.00534237
175000 0.005338
176000 0.00533502
177000 0.0053326
178000 0.00532996
179000 0.00532891
180000 0.00532859
181000 0.00532819
182000 0.0053282
183000 0.00532791
184000 0.00532782
185000 0.00532781
186000 0.00532777
187000 0.00532769
188000 0.0053276
189000 0.00532732
190000 0.0053272
191000 0.00532727
192000 0.00532625
193000 0.00532465
194000 0.00532303
195000 0.00532127
196000 0.00531963
197000 0.00531809
198000 0.00531584
199000 0.00531342
200000 0.00531067
201000 0.00530861
202000 0.00530728
203000 0.00530615
204000 0.00530532
205000 0.00530452
206000 0.00530372
207000 0.00530313
208000 0.00530259
209000 0.00530159
210000 0.00530013
211000 0.00529824
212000 0.00529641
213000 0.00529451
214000 0.00529263
215000 0.00529083
216000 0.00528917
217000 0.00528745
218000 0.00528595
219000 0.00528418
220000 0.00528267
221000 0.00528107
222000 0.00527935
223000 0.00527763
224000 0.0052761
225000 0.00527441
226000 0.00527269
227000 0.00527021
228000 0.0052673
229000 0.00526438
230000 0.00526145
231000 0.00525827
232000 0.00525475
233000 0.00525179
234000 0.00524927
235000 0.00524665
236000 0.00524363
237000 0.00524032
238000 0.00523691
239000 0.00523383
240000 0.00523002
241000 0.0052258
242000 0.0052217
243000 0.00521764
244000 0.00521322
245000 0.00520895
246000 0.00520495
247000 0.00520135
248000 0.00519774
249000 0.00519442
250000 0.00519149
251000 0.00518866
252000 0.00518608
253000 0.00518352
254000 0.00518103
255000 0.00517903
256000 0.00517679
257000 0.00517399
258000 0.00517097
259000 0.00516827
260000 0.00516567
261000 0.00516324
262000 0.00516132
263000 0.00515956
264000 0.00515789
265000 0.00515615
266000 0.00515417
267000 0.00515208
268000 0.00515009
269000 0.00514823
270000 0.00514633
271000 0.00514439
272000 0.00514246
273000 0.00514037
274000 0.00513825
275000 0.00513603
276000 0.00513393
277000 0.00513147
278000 0.00512906
279000 0.00512596
280000 0.00512291
281000 0.00512016
282000 0.00511729
283000 0.0051139
284000 0.00510973
285000 0.0051055
286000 0.00510128
287000 0.00509719
288000 0.00509324
289000 0.00508909
290000 0.00508451
291000 0.00507963
292000 0.00507491
293000 0.00507024
294000 0.00506587
295000 0.00506171
296000 0.00505742
297000 0.00505298
298000 0.00504848
299000 0.00504442
300000 0.00504043
301000 0.00503637
302000 0.00503261
303000 0.00502886
304000 0.00502534
305000 0.00502169
306000 0.0050179
307000 0.00501422
308000 0.0050106
309000 0.00500671
310000 0.00500336
311000 0.00500065
312000 0.00499814
313000 0.00499538
314000 0.00499306
315000 0.00499061
316000 0.00498793
317000 0.00498563
318000 0.00498359
319000 0.00498141
320000 0.00497872
321000 0.00497583
322000 0.0049728
323000 0.00496995
324000 0.00496734
325000 0.00496493
326000 0.00496304
327000 0.00496149
328000 0.00495996
329000 0.00495872
330000 0.00495747
331000 0.00495619
332000 0.00495508
333000 0.00495421
334000 0.00495359
335000 0.00495276
336000 0.00495217
337000 0.00495148
338000 0.00495105
339000 0.0049506
340000 0.00494987
341000 0.00494896
342000 0.0049485
343000 0.00494817
344000 0.0049473
345000 0.00494611
346000 0.00494503
347000 0.00494402
348000 0.00494342
349000 0.00494307
350000 0.00494287
351000 0.00494327
352000 0.00494389
353000 0.00494383
354000 0.00494347
355000 0.00494285
356000 0.00494192
357000 0.00494071
358000 0.00493956
359000 0.00493816
360000 0.00493663
361000 0.00493508
362000 0.0049335
363000 0.00493251
364000 0.00493179
365000 0.00493107
366000 0.00493077
367000 0.0049307
368000 0.00493083
369000 0.00493135
370000 0.00493214
371000 0.00493225
372000 0.00493226
373000 0.00493186
374000 0.00493122
375000 0.00493096
376000 0.00492992
377000 0.00492815
378000 0.00492628
379000 0.00492419
380000 0.00492194
381000 0.0049194
382000 0.0049172
383000 0.00491503
384000 0.00491326
385000 0.00491147
386000 0.00490987
387000 0.00490834
388000 0.00490667
389000 0.00490504
390000 0.00490366
391000 0.00490243
392000 0.00490164
393000 0.00490086
394000 0.00490011
395000 0.00489934
396000 0.00489809
397000 0.0048972
398000 0.00489645
399000 0.00489578
400000 0.00489506
401000 0.00489444
402000 0.00489405
403000 0.00489365
404000 0.00489318
405000 0.00489301
406000 0.00489266
407000 0.004892
408000 0.00489131
409000 0.00489033
410000 0.00488904
411000 0.00488779
412000 0.00488648
413000 0.00488448
414000 0.00488175
415000 0.00487821
416000 0.00487435
417000 0.00487075
418000 0.00486704
419000 0.00486377
420000 0.00486086
421000 0.00485734
422000 0.00485352
423000 0.00484928
424000 0.00484521
425000 0.00484138
426000 0.00483745
427000 0.0048335
428000 0.00482969
429000 0.00482597
430000 0.00482233
431000 0.00481891
432000 0.00481535
433000 0.00481158
434000 0.00480791
435000 0.00480432
436000 0.0048005
437000 0.00479657
438000 0.00479284
439000 0.00478888
440000 0.00478473
441000 0.0047808
442000 0.0047773
443000 0.00477403
444000 0.00477061
445000 0.0047671
446000 0.00476324
447000 0.00475946
448000 0.00475596
449000 0.0047523
450000 0.00474852
451000 0.0047451
452000 0.00474181
453000 0.00473861
454000 0.00473536
455000 0.00473206
456000 0.00472881
457000 0.00472566
458000 0.00472234
459000 0.00471917
460000 0.00471562
461000 0.00471173
462000 0.00470762
463000 0.00470342
464000 0.00469921
465000 0.00469514
466000 0.0046911
467000 0.00468703
468000 0.00468307
469000 0.00467917
470000 0.0046755
471000 0.0046718
472000 0.00466791
473000 0.00466404
474000 0.00466013
475000 0.00465617
476000 0.00465225
477000 0.00464856
478000 0.00464497
479000 0.0046412
480000 0.00463725
481000 0.00463307
482000 0.00462871
483000 0.00462418
484000 0.0046198
485000 0.00461553
486000 0.00461133
487000 0.00460716
488000 0.00460321
489000 0.00459956
490000 0.00459613
491000 0.00459289
492000 0.00458968
493000 0.00458657
494000 0.00458349
495000 0.00458045
496000 0.0045776
497000 0.00457496
498000 0.00457263
499000 0.00457008
500000 0.00456754
