1000 0.00226495
2000 0.00234122
3000 0.00236676
4000 0.0023966
5000 0.00245042
6000 0.00249271
7000 0.00252498
8000 0.00256101
9000 0.00260508
10000 0.00264391
11000 0.00266188
12000 0.00266894
13000 0.00265371
14000 0.00263166
15000 0.00260767
16000 0.00258779
17000 0.00257639
18000 0.00256753
19000 0.00256127
20000 0.00255639
21000 0.00254771
22000 0.00254064
23000 0.00253124
24000 0.00252151
25000 0.00251409
26000 0.00250656
27000 0.00250134
28000 0.00249829
29000 0.00249549
30000 0.0024964
31000 0.00249482
32000 0.00249377
33000 0.00249298
34000 0.00248885
35000 0.00248271
36000 0.00247889
37000 0.00247015
38000 0.00246294
39000 0.00245688
40000 0.00245188
41000 0.0024467
42000 0.00244201
43000 0.00243748
44000 0.00243313
45000 0.00242942
46000 0.00242641
47000 0.00242417
48000 0.00242156
49000 0.00241997
50000 0.00242021
51000 0.00241809
52000 0.00241674
53000 0.00241709
54000 0.00241771
55000 0.00241712
56000 0.00241742
57000 0.00241623
58000 0.00241796
59000 0.00242051
60000 0.0024218
61000 0.00242302
62000 0.00242451
63000 0.00242524
64000 0.00242664
65000 0.00242802
66000 0.0024307
67000 0.00243341
68000 0.00243537
69000 0.00243828
70000 0.0024387
71000 0.00243692
72000 0.00243373
73000 0.00243196
74000 0.00243151
75000 0.00242991
76000 0.00242837
77000 0.00242841
78000 0.00242841
79000 0.00242879
80000 0.00242871
81000 0.00242727
82000 0.00242507
83000 0.00242063
84000 0.0024166
85000 0.00241325
86000 0.00241003
87000 0.00240609
88000 0.0024031
89000 0.00240024
90000 0.00239707
91000 0.00239359
92000 0.00239053
93000 0.00238824
94000 0.00238579
95000 0.00238295
96000 0.0023803
97000 0.00237821
98000 0.00237564
99000 0.00237257
100000 0.00236836
101000 0.00236456
102000 0.00236092
103000 0.0023567
104000 0.00235288
105000 0.00234964
106000 0.00234703
107000 0.00234551
108000 0.00234457
109000 0.00234407
110000 0.00234444
111000 0.00234483
112000 0.00234476
113000 0.00234482
114000 0.00234483
115000 0.00234518
116000 0.00234497
117000 0.00234452
118000 0.00234396
119000 0.00234228
120000 0.00234044
121000 0.00233853
122000 0.00233682
123000 0.00233541
124000 0.00233404
125000 0.00233271
126000 0.00233104
127000 0.00232966
128000 0.00232859
129000 0.00232693
130000 0.00232442
131000 0.00232163
132000 0.00231853
133000 0.00231649
134000 0.00231469
135000 0.00231236
136000 0.00230922
137000 0.00230574
138000 0.00230135
139000 0.00229695
140000 0.00229254
141000 0.00228838
142000 0.00228396
143000 0.00227976
144000 0.00227624
145000 0.0022731
146000 0.00227029
147000 0.00226716
148000 0.0022636
149000 0.00226091
150000 0.00225821
151000 0.00225567
152000 0.00225329
153000 0.00225088
154000 0.00224898
155000 0.00224651
156000 0.0022436
157000 0.00224101
158000 0.00223823
159000 0.00223523
160000 0.00223259
161000 0.0022301
162000 0.00222761
163000 0.0022252
164000 0.00222287
165000 0.00222068
166000 0.00221882
167000 0.00221664
168000 0.00221388
169000 0.00221094
170000 0.00220776
171000 0.00220416
172000 0.00220092
173000 0.00219817
174000 0.00219583
175000 0.00219317
176000 0.00219029
177000 0.00218721
178000 0.00218389
179000 0.00218094
180000 0.00217793
181000 0.0021757
182000 0.00217342
183000 0.00217161
184000 0.00216954
185000 0.00216724
186000 0.00216505
187000 0.00216344
188000 0.00216154
189000 0.00215992
190000 0.00215902
191000 0.00215837
192000 0.00215771
193000 0.00215685
194000 0.00215587
195000 0.00215541
196000 0.00215578
197000 0.00215609
198000 0.0021567
199000 0.00215766
200000 0.00215884
201000 0.00216071
202000 0.00216217
203000 0.00216372
204000 0.0021647
205000 0.00216548
206000 0.00216676
207000 0.00216828
208000 0.00217002
209000 0.00217132
210000 0.00217274
211000 0.0021743
212000 0.00217614
213000 0.0021784
214000 0.00218054
215000 0.00218275
216000 0.00218452
217000 0.00218647
218000 0.00218902
219000 0.00219222
220000 0.00219566
221000 0.00219838
222000 0.00220092
223000 0.00220373
224000 0.00220723
225000 0.00221078
226000 0.00221515
227000 0.00221914
228000 0.00222388
229000 0.00222917
230000 0.00223482
231000 0.0022415
232000 0.0022488
233000 0.00225589
234000 0.00226206
235000 0.00226769
236000 0.00227288
237000 0.00227765
238000 0.00228267
239000 0.00228762
240000 0.00229236
241000 0.00229668
242000 0.00230095
243000 0.00230599
244000 0.00231188
245000 0.00231837
246000 0.00232447
247000 0.00233029
248000 0.00233594
249000 0.00234101
250000 0.00234627
251000 0.00235173
252000 0.00235733
253000 0.00236356
254000 0.00237024
255000 0.00237679
256000 0.00238298
257000 0.00238904
258000 0.00239448
259000 0.00240018
260000 0.00240591
261000 0.00241167
262000 0.00241787
263000 0.0024248
264000 0.00243156
265000 0.00243738
266000 0.00244273
267000 0.00244757
268000 0.00245234
269000 0.00245711
270000 0.00246242
271000 0.00246762
272000 0.00247304
273000 0.00247898
274000 0.00248489
275000 0.00249066
276000 0.00249682
277000 0.00250382
278000 0.002511
279000 0.00251786
280000 0.00252425
281000 0.00252993
282000 0.0025356
283000 0.00254214
284000 0.00254931
285000 0.00255656
286000 0.00256438
287000 0.0025715
288000 0.00257794
289000 0.002584
290000 0.00258943
291000 0.00259461
292000 0.00259975
293000 0.00260481
294000 0.00260957
295000 0.00261374
296000 0.00261744
297000 0.00262086
298000 0.0026245
299000 0.00262795
300000 0.00263148
301000 0.00263543
302000 0.00263972
303000 0.00264341
304000 0.00264685
305000 0.00265063
306000 0.00265429
307000 0.00265838
308000 0.00266284
309000 0.0026672
310000 0.00267171
311000 0.00267666
312000 0.00268127
313000 0.00268554
314000 0.00268986
315000 0.0026948
316000 0.00270031
317000 0.00270617
318000 0.00271264
319000 0.00271956
320000 0.0027262
321000 0.00273243
322000 0.00273884
323000 0.00274563
324000 0.00275231
325000 0.00275877
326000 0.00276477
327000 0.00277109
328000 0.00277673
329000 0.00278213
330000 0.00278714
331000 0.00279149
332000 0.00279579
333000 0.00280002
334000 0.00280413
335000 0.00280819
336000 0.00281171
337000 0.00281569
338000 0.00281912
339000 0.00282248
340000 0.00282629
341000 0.00283025
342000 0.00283339
343000 0.00283645
344000 0.00283932
345000 0.00284152
346000 0.00284327
347000 0.00284521
348000 0.00284684
349000 0.00284856
350000 0.00284966
351000 0.00285087
352000 0.00285197
353000 0.00285332
354000 0.00285471
355000 0.00285609
356000 0.00285704
357000 0.00285774
358000 0.0028582
359000 0.00285838
360000 0.00285832
361000 0.00285813
362000 0.00285795
363000 0.00285765
364000 0.00285682
365000 0.0028561
366000 0.00285555
367000 0.00285526
368000 0.00285472
369000 0.00285447
370000 0.00285415
371000 0.00285395
372000 0.00285401
373000 0.0028536
374000 0.00285283
375000 0.00285198
376000 0.00285087
377000 0.00284958
378000 0.00284851
379000 0.00284757
380000 0.00284643
381000 0.00284516
382000 0.00284393
383000 0.00284245
384000 0.00284089
385000 0.00283921
386000 0.0028375
387000 0.00283574
388000 0.00283378
389000 0.00283191
390000 0.0028301
391000 0.00282803
392000 0.00282607
393000 0.00282413
394000 0.00282203
395000 0.00281988
396000 0.00281758
397000 0.0028152
398000 0.00281305
399000 0.00281119
400000 0.00280957
401000 0.00280785
402000 0.00280599
403000 0.00280397
404000 0.0028019
405000 0.00279943
406000 0.00279668
407000 0.00279371
408000 0.00279066
409000 0.0027879
410000 0.00278546
411000 0.0027831
412000 0.00278115
413000 0.00277956
414000 0.0027781
415000 0.00277679
416000 0.00277591
417000 0.00277515
418000 0.0027744
419000 0.00277379
420000 0.00277294
421000 0.00277189
422000 0.00277088
423000 0.00277007
424000 0.00276931
425000 0.00276866
426000 0.00276772
427000 0.00276669
428000 0.00276549
429000 0.00276376
430000 0.00276198
431000 0.00275984
432000 0.00275803
433000 0.00275606
434000 0.00275396
435000 0.00275192
436000 0.00274989
437000 0.00274775
438000 0.00274566
439000 0.00274386
440000 0.00274223
441000 0.00274081
442000 0.00273936
443000 0.00273808
444000 0.00273697
445000 0.00273545
446000 0.00273389
447000 0.00273247
448000 0.00273129
449000 0.00272991
450000 0.00272836
451000 0.00272679
452000 0.00272522
453000 0.00272329
454000 0.00272139
455000 0.00271943
456000 0.00271733
457000 0.00271517
458000 0.00271303
459000 0.00271097
460000 0.00270883
461000 0.00270701
462000 0.00270537
463000 0.00270381
464000 0.00270236
465000 0.00270107
466000 0.0026997
467000 0.00269816
468000 0.00269617
469000 0.002694
470000 0.0026919
471000 0.00268986
472000 0.00268774
473000 0.00268554
474000 0.00268313
475000 0.00268079
476000 0.0026785
477000 0.00267632
478000 0.00267419
479000 0.00267221
480000 0.00267018
481000 0.00266836
482000 0.00266662
483000 0.00266505
484000 0.0026635
485000 0.00266198
486000 0.00266059
487000 0.00265913
488000 0.00265738
489000 0.00265535
490000 0.00265328
491000 0.00265121
492000 0.0026491
493000 0.00264706
494000 0.00264504
495000 0.0026431
496000 0.00264118
497000 0.00263921
498000 0.00263728
499000 0.00263538
500000 0.00263348
