1000 0.00249504
2000 0.00248742
3000 0.00253001
4000 0.00254163
5000 0.00253236
6000 0.00252003
7000 0.002525
8000 0.00252219
9000 0.00250445
10000 0.00249593
11000 0.00249509
12000 0.00249772
13000 0.00249418
14000 0.00249619
15000 0.00250522
16000 0.00252114
17000 0.00253371
18000 0.00254206
19000 0.00255049
20000 0.0025569
21000 0.00256237
22000 0.00256341
23000 0.00256318
24000 0.00256046
25000 0.00255535
26000 0.00255097
27000 0.00254945
28000 0.00254982
29000 0.00255372
30000 0.00255735
31000 0.00255771
32000 0.0025596
33000 0.00256265
34000 0.0025688
35000 0.00257367
36000 0.0025788
37000 0.00258526
38000 0.00258678
39000 0.00258707
40000 0.00258862
41000 0.00258842
42000 0.00258785
43000 0.00258601
44000 0.00258123
45000 0.00257672
46000 0.00257362
47000 0.00257087
48000 0.00256856
49000 0.00256461
50000 0.00255972
51000 0.00255388
52000 0.00254779
53000 0.00254158
54000 0.0025389
55000 0.00253873
56000 0.00253795
57000 0.00253916
58000 0.00254145
59000 0.00254582
60000 0.0025502
61000 0.0025563
62000 0.00256233
63000 0.00257082
64000 0.00257906
65000 0.0025857
66000 0.00259234
67000 0.00259732
68000 0.00260134
69000 0.00260566
70000 0.00261147
71000 0.00261631
72000 0.00261995
73000 0.00262234
74000 0.00262301
75000 0.00262149
76000 0.00261887
77000 0.00261661
78000 0.0026131
79000 0.00260741
80000 0.00260147
81000 0.00259591
82000 0.00258941
83000 0.00258318
84000 0.0025779
85000 0.00257278
86000 0.00256583
87000 0.0025586
88000 0.00255161
89000 0.0025458
90000 0.00254098
91000 0.00253502
92000 0.00252866
93000 0.00252318
94000 0.00252054
95000 0.00251834
96000 0.00251663
97000 0.00251313
98000 0.00251004
99000 0.00250716
100000 0.00250392
101000 0.00250131
102000 0.00249976
103000 0.00249962
104000 0.00250005
105000 0.00250155
106000 0.00250316
107000 0.00250442
108000 0.00250561
109000 0.00250602
110000 0.00250667
111000 0.0025078
112000 0.00251018
113000 0.00251353
114000 0.00251734
115000 0.00252146
116000 0.00252535
117000 0.00252802
118000 0.00252965
119000 0.00253119
120000 0.00253221
121000 0.00253241
122000 0.00253187
123000 0.00253171
124000 0.0025317
125000 0.00253225
126000 0.00253276
127000 0.00253261
128000 0.00253333
129000 0.00253408
130000 0.00253457
131000 0.00253559
132000 0.00253629
133000 0.00253746
134000 0.00253881
135000 0.00253903
136000 0.00253804
137000 0.00253709
138000 0.00253765
139000 0.00253918
140000 0.00254092
141000 0.00254274
142000 0.002545
143000 0.00254766
144000 0.00255047
145000 0.00255267
146000 0.00255416
147000 0.00255569
148000 0.00255769
149000 0.00256033
150000 0.00256261
151000 0.00256364
152000 0.0025649
153000 0.00256707
154000 0.00256955
155000 0.00257201
156000 0.00257474
157000 0.00257745
158000 0.00257937
159000 0.0025815
160000 0.00258384
161000 0.00258648
162000 0.00258923
163000 0.00259161
164000 0.0025931
165000 0.00259406
166000 0.00259411
167000 0.00259408
168000 0.00259439
169000 0.00259385
170000 0.00259285
171000 0.00259247
172000 0.00259285
173000 0.0025941
174000 0.00259483
175000 0.00259609
176000 0.00259811
177000 0.00260031
178000 0.0026024
179000 0.00260401
180000 0.00260503
181000 0.00260541
182000 0.00260537
183000 0.00260539
184000 0.00260521
185000 0.00260569
186000 0.00260682
187000 0.00260787
188000 0.00260867
189000 0.0026104
190000 0.0026129
191000 0.0026156
192000 0.00261835
193000 0.00262172
194000 0.00262537
195000 0.00262845
196000 0.00263059
197000 0.00263237
198000 0.0026339
199000 0.002635
200000 0.00263692
201000 0.00263974
202000 0.00264346
203000 0.00264819
204000 0.00265355
205000 0.00265843
206000 0.0026633
207000 0.00266892
208000 0.00267513
209000 0.00268133
210000 0.00268774
211000 0.0026948
212000 0.00270221
213000 0.00270824
214000 0.00271441
215000 0.00272054
216000 0.00272577
217000 0.00273129
218000 0.00273611
219000 0.00273985
220000 0.00274305
221000 0.00274646
222000 0.00275006
223000 0.00275396
224000 0.00275687
225000 0.00275976
226000 0.00276259
227000 0.00276494
228000 0.00276685
229000 0.00276942
230000 0.00277252
231000 0.00277596
232000 0.00277999
233000 0.00278466
234000 0.00278985
235000 0.00279603
236000 0.00280201
237000 0.0028086
238000 0.00281581
239000 0.00282281
240000 0.00282983
241000 0.00283609
242000 0.00284236
243000 0.00284876
244000 0.00285594
245000 0.0028633
246000 0.00287107
247000 0.00287906
248000 0.00288697
249000 0.00289392
250000 0.00290082
251000 0.00290826
252000 0.00291614
253000 0.00292357
254000 0.00292982
255000 0.00293636
256000 0.00294443
257000 0.00295294
258000 0.0029616
259000 0.00296984
260000 0.00297874
261000 0.00298772
262000 0.0029963
263000 0.00300426
264000 0.00301158
265000 0.00301843
266000 0.00302536
267000 0.00303254
268000 0.00303979
269000 0.00304708
270000 0.00305429
271000 0.0030613
272000 0.00306846
273000 0.00307579
274000 0.00308322
275000 0.00309111
276000 0.00309891
277000 0.00310582
278000 0.00311259
279000 0.00311878
280000 0.00312507
281000 0.00313166
282000 0.00313883
283000 0.00314623
284000 0.00315362
285000 0.00316132
286000 0.00316958
287000 0.00317764
288000 0.00318571
289000 0.00319347
290000 0.00320082
291000 0.00320774
292000 0.00321449
293000 0.00322054
294000 0.00322598
295000 0.00323161
296000 0.00323689
297000 0.00324228
298000 0.00324809
299000 0.00325424
300000 0.0032609
301000 0.00326796
302000 0.0032753
303000 0.00328206
304000 0.0032879
305000 0.0032935
306000 0.00329879
307000 0.00330381
308000 0.00330751
309000 0.00331089
310000 0.00331463
311000 0.00331869
312000 0.00332287
313000 0.0033273
314000 0.00333127
315000 0.00333514
316000 0.00333939
317000 0.00334337
318000 0.00334761
319000 0.00335212
320000 0.00335664
321000 0.00336101
322000 0.00336548
323000 0.00337016
324000 0.00337519
325000 0.00338019
326000 0.00338495
327000 0.00338907
328000 0.00339266
329000 0.00339689
330000 0.003401
331000 0.00340536
332000 0.00340961
333000 0.00341415
334000 0.00341848
335000 0.00342265
336000 0.00342669
337000 0.0034308
338000 0.00343486
339000 0.00343878
340000 0.00344254
341000 0.0034468
342000 0.00345101
343000 0.00345497
344000 0.0034587
345000 0.00346219
346000 0.00346512
347000 0.00346805
348000 0.00347059
349000 0.00347287
350000 0.00347522
351000 0.00347791
352000 0.00348045
353000 0.00348304
354000 0.0034861
355000 0.00348927
356000 0.00349186
357000 0.00349393
358000 0.00349582
359000 0.00349701
360000 0.00349782
361000 0.00349807
362000 0.00349828
363000 0.00349847
364000 0.00349818
365000 0.00349741
366000 0.00349624
367000 0.00349491
368000 0.0034935
369000 0.00349181
370000 0.00349048
371000 0.00348923
372000 0.00348809
373000 0.00348717
374000 0.00348638
375000 0.00348506
376000 0.0034836
377000 0.00348196
378000 0.00347984
379000 0.00347765
380000 0.00347528
381000 0.00347267
382000 0.00347051
383000 0.0034685
384000 0.00346627
385000 0.00346401
386000 0.00346145
387000 0.0034587
388000 0.00345591
389000 0.00345334
390000 0.00345079
391000 0.00344817
392000 0.00344545
393000 0.00344276
394000 0.00344016
395000 0.00343746
396000 0.00343454
397000 0.0034316
398000 0.00342877
399000 0.0034258
400000 0.0034227
401000 0.00341954
402000 0.00341633
403000 0.00341319
404000 0.00341005
405000 0.00340711
406000 0.00340405
407000 0.00340106
408000 0.00339785
409000 0.00339456
410000 0.00339125
411000 0.00338788
412000 0.00338435
413000 0.00338094
414000 0.00337772
415000 0.00337457
416000 0.00337147
417000 0.00336844
418000 0.00336564
419000 0.00336292
420000 0.00336043
421000 0.00335779
422000 0.00335484
423000 0.00335166
424000 0.00334844
425000 0.00334528
426000 0.00334213
427000 0.00333908
428000 0.00333637
429000 0.00333405
430000 0.00333184
431000 0.0033297
432000 0.00332772
433000 0.00332579
434000 0.00332428
435000 0.00332304
436000 0.0033216
437000 0.0033197
438000 0.00331782
439000 0.00331604
440000 0.00331423
441000 0.00331233
442000 0.00331057
443000 0.00330894
444000 0.00330715
445000 0.00330541
446000 0.00330378
447000 0.00330186
448000 0.00329965
449000 0.00329712
450000 0.00329462
451000 0.00329215
452000 0.00328961
453000 0.00328718
454000 0.00328469
455000 0.00328218
456000 0.00327976
457000 0.00327712
458000 0.00327437
459000 0.0032716
460000 0.00326896
461000 0.00326614
462000 0.00326331
463000 0.00326039
464000 0.0032574
465000 0.00325453
466000 0.00325158
467000 0.00324887
468000 0.00324641
469000 0.00324414
470000 0.00324146
471000 0.00323856
472000 0.00323581
473000 0.00323298
474000 0.00323015
475000 0.00322758
476000 0.00322505
477000 0.00322268
478000 0.00322031
479000 0.00321804
480000 0.00321586
481000 0.00321354
482000 0.0032112
483000 0.00320913
484000 0.00320704
485000 0.00320485
486000 0.00320275
487000 0.0032007
488000 0.00319856
489000 0.00319675
490000 0.00319524
491000 0.00319394
492000 0.00319239
493000 0.0031908
494000 0.00318936
495000 0.00318785
496000 0.0031864
497000 0.00318514
498000 0.00318375
499000 0.00318204
500000 0.00318027
