1000 0.0021575
2000 0.00211678
3000 0.00210063
4000 0.00209407
5000 0.00210176
6000 0.00211357
7000 0.0021302
8000 0.00214623
9000 0.00216347
10000 0.00218433
11000 0.00221408
12000 0.00225061
13000 0.00228681
14000 0.00232201
15000 0.0023488
16000 0.00237245
17000 0.00239604
18000 0.00241751
19000 0.0024378
20000 0.00245334
21000 0.00246499
22000 0.00247626
23000 0.00247962
24000 0.00248231
25000 0.002484
26000 0.00248786
27000 0.00249054
28000 0.00249274
29000 0.00249636
30000 0.00249823
31000 0.00249903
32000 0.00249998
33000 0.00250044
34000 0.00250025
35000 0.00249939
36000 0.00249774
37000 0.00249553
38000 0.00249329
39000 0.00249182
40000 0.00249207
41000 0.00249412
42000 0.00249749
43000 0.00250095
44000 0.00250435
45000 0.00250793
46000 0.00251005
47000 0.00251301
48000 0.00251842
49000 0.00252204
50000 0.00252631
51000 0.00253337
52000 0.00253838
53000 0.00254258
54000 0.00254713
55000 0.00255196
56000 0.00255735
57000 0.00256428
58000 0.00257328
59000 0.00258365
60000 0.00259392
61000 0.00260268
62000 0.00261027
63000 0.00261621
64000 0.00262297
65000 0.00263061
66000 0.00263925
67000 0.00264658
68000 0.00265429
69000 0.00266271
70000 0.00267125
71000 0.00267954
72000 0.00268635
73000 0.00269607
74000 0.00270558
75000 0.00271344
76000 0.00271954
77000 0.00272542
78000 0.00273061
79000 0.0027365
80000 0.00274202
81000 0.0027475
82000 0.00275177
83000 0.00275299
84000 0.00275258
85000 0.0027509
86000 0.0027478
87000 0.00274456
88000 0.0027418
89000 0.0027397
90000 0.00273854
91000 0.00273742
92000 0.00273635
93000 0.00273508
94000 0.00273361
95000 0.0027323
96000 0.00273267
97000 0.00273374
98000 0.00273467
99000 0.00273549
100000 0.00273579
101000 0.00273703
102000 0.00273885
103000 0.0027407
104000 0.00274177
105000 0.00274359
106000 0.00274393
107000 0.00274373
108000 0.00274346
109000 0.00274323
110000 0.00274413
111000 0.00274517
112000 0.00274599
113000 0.00274743
114000 0.00274904
115000 0.00275058
116000 0.00275232
117000 0.00275473
118000 0.0027562
119000 0.00275731
120000 0.00275868
121000 0.00275945
122000 0.00276008
123000 0.00276058
124000 0.00275964
125000 0.0027584
126000 0.00275715
127000 0.00275601
128000 0.00275528
129000 0.00275466
130000 0.00275458
131000 0.00275472
132000 0.00275531
133000 0.00275614
134000 0.00275674
135000 0.002757
136000 0.00275757
137000 0.00275833
138000 0.00275916
139000 0.00276011
140000 0.00276099
141000 0.00276236
142000 0.00276329
143000 0.00276449
144000 0.00276565
145000 0.0027664
146000 0.00276663
147000 0.00276777
148000 0.0027697
149000 0.00277139
150000 0.00277267
151000 0.0027738
152000 0.00277473
153000 0.00277573
154000 0.00277668
155000 0.0027771
156000 0.00277719
157000 0.00277619
158000 0.00277605
159000 0.00277658
160000 0.00277666
161000 0.00277673
162000 0.00277726
163000 0.00277792
164000 0.0027785
165000 0.00277851
166000 0.00277901
167000 0.00278052
168000 0.00278287
169000 0.00278536
170000 0.00278748
171000 0.00278984
172000 0.00279223
173000 0.00279477
174000 0.00279717
175000 0.00279891
176000 0.00280051
177000 0.00280098
178000 0.00280112
179000 0.00280091
180000 0.0028003
181000 0.00280049
182000 0.00280109
183000 0.00280211
184000 0.00280382
185000 0.00280562
186000 0.00280851
187000 0.00281144
188000 0.00281465
189000 0.00281848
190000 0.00282237
191000 0.00282594
192000 0.00282797
193000 0.00282962
194000 0.00283114
195000 0.00283288
196000 0.00283432
197000 0.00283576
198000 0.00283825
199000 0.00284103
200000 0.00284423
201000 0.00284716
202000 0.00284912
203000 0.00285157
204000 0.00285398
205000 0.00285667
206000 0.00285982
207000 0.00286201
208000 0.00286345
209000 0.00286487
210000 0.00286633
211000 0.00286827
212000 0.00287029
213000 0.00287205
214000 0.00287356
215000 0.00287532
216000 0.00287692
217000 0.0028783
218000 0.00288052
219000 0.00288286
220000 0.0028852
221000 0.00288709
222000 0.00288819
223000 0.00288967
224000 0.00289225
225000 0.00289506
226000 0.00289718
227000 0.00289995
228000 0.00290328
229000 0.00290686
230000 0.00291054
231000 0.00291432
232000 0.00291862
233000 0.00292263
234000 0.00292672
235000 0.00293127
236000 0.00293613
237000 0.00294057
238000 0.00294574
239000 0.00295041
240000 0.00295446
241000 0.0029581
242000 0.00296143
243000 0.00296451
244000 0.00296788
245000 0.00297091
246000 0.00297475
247000 0.00297859
248000 0.00298288
249000 0.00298677
250000 0.00299076
251000 0.00299505
252000 0.00299923
253000 0.00300337
254000 0.00300736
255000 0.00301096
256000 0.00301467
257000 0.00301893
258000 0.00302366
259000 0.00302864
260000 0.00303315
261000 0.0030369
262000 0.00304142
263000 0.00304572
264000 0.00304975
265000 0.0030534
266000 0.00305736
267000 0.00306203
268000 0.00306724
269000 0.00307231
270000 0.0030778
271000 0.00308333
272000 0.00308858
273000 0.00309352
274000 0.0030978
275000 0.00310161
276000 0.00310534
277000 0.00310908
278000 0.00311312
279000 0.00311719
280000 0.00312078
281000 0.00312423
282000 0.00312821
283000 0.00313187
284000 0.00313515
285000 0.00313846
286000 0.003142
287000 0.00314628
288000 0.00315041
289000 0.00315485
290000 0.00315937
291000 0.00316397
292000 0.0031687
293000 0.0031732
294000 0.00317823
295000 0.00318341
296000 0.00318871
297000 0.00319372
298000 0.00319847
299000 0.00320331
300000 0.00320826
301000 0.00321292
302000 0.00321779
303000 0.00322326
304000 0.00322864
305000 0.00323389
306000 0.00323892
307000 0.00324425
308000 0.00324928
309000 0.00325424
310000 0.00325913
311000 0.00326314
312000 0.00326678
313000 0.00327039
314000 0.00327361
315000 0.0032768
316000 0.00327984
317000 0.00328304
318000 0.00328603
319000 0.00328891
320000 0.00329144
321000 0.00329354
322000 0.00329536
323000 0.0032968
324000 0.00329792
325000 0.00329866
326000 0.00329874
327000 0.00329845
328000 0.00329832
329000 0.00329847
330000 0.00329837
331000 0.00329805
332000 0.00329751
333000 0.00329717
334000 0.0032967
335000 0.00329628
336000 0.00329554
337000 0.00329457
338000 0.00329375
339000 0.00329296
340000 0.00329223
341000 0.00329117
342000 0.00328974
343000 0.00328834
344000 0.00328738
345000 0.00328674
346000 0.00328618
347000 0.00328618
348000 0.0032866
349000 0.00328704
350000 0.00328782
351000 0.00328834
352000 0.00328849
353000 0.00328865
354000 0.00328902
355000 0.00328934
356000 0.00328967
357000 0.00328986
358000 0.00328958
359000 0.00328882
360000 0.00328784
361000 0.00328707
362000 0.00328652
363000 0.00328574
364000 0.00328496
365000 0.00328446
366000 0.00328424
367000 0.00328365
368000 0.00328352
369000 0.00328372
370000 0.0032837
371000 0.00328311
372000 0.0032825
373000 0.00328173
374000 0.0032808
375000 0.00327986
376000 0.0032789
377000 0.00327814
378000 0.00327697
379000 0.00327588
380000 0.0032748
381000 0.00327336
382000 0.00327191
383000 0.00327063
384000 0.00326919
385000 0.00326755
386000 0.00326589
387000 0.00326441
388000 0.00326244
389000 0.00326029
390000 0.0032579
391000 0.00325555
392000 0.00325348
393000 0.00325163
394000 0.00324964
395000 0.00324778
396000 0.00324628
397000 0.00324476
398000 0.00324328
399000 0.00324167
400000 0.00323991
401000 0.00323808
402000 0.00323615
403000 0.00323416
404000 0.00323198
405000 0.00322991
406000 0.00322808
407000 0.00322637
408000 0.00322441
409000 0.0032225
410000 0.00322071
411000 0.00321924
412000 0.00321772
413000 0.00321626
414000 0.00321505
415000 0.0032141
416000 0.00321346
417000 0.00321321
418000 0.00321309
419000 0.00321338
420000 0.00321373
421000 0.00321417
422000 0.00321483
423000 0.00321509
424000 0.00321555
425000 0.00321606
426000 0.00321641
427000 0.00321668
428000 0.00321703
429000 0.00321764
430000 0.00321838
431000 0.00321918
432000 0.00322025
433000 0.00322139
434000 0.00322235
435000 0.0032232
436000 0.00322424
437000 0.00322522
438000 0.003226
439000 0.00322678
440000 0.00322748
441000 0.00322838
442000 0.00322939
443000 0.00323064
444000 0.00323208
445000 0.00323343
446000 0.00323463
447000 0.00323598
448000 0.00323726
449000 0.00323863
450000 0.0032397
451000 0.00324027
452000 0.00324049
453000 0.0032406
454000 0.00324092
455000 0.00324131
456000 0.00324171
457000 0.00324191
458000 0.00324177
459000 0.0032416
460000 0.00324136
461000 0.00324109
462000 0.00324048
463000 0.00323982
464000 0.00323903
465000 0.00323798
466000 0.00323696
467000 0.00323582
468000 0.00323515
469000 0.00323436
470000 0.0032334
471000 0.00323236
472000 0.00323173
473000 0.00323134
474000 0.00323123
475000 0.00323122
476000 0.00323141
477000 0.00323134
478000 0.00323108
479000 0.00323088
480000 0.00323056
481000 0.00323024
482000 0.00323033
483000 0.00323031
484000 0.00323043
485000 0.00323042
486000 0.00323037
487000 0.00323053
488000 0.00323059
489000 0.0032308
490000 0.00323068
491000 0.00323066
492000 0.00323062
493000 0.00323095
494000 0.00323138
495000 0.00323194
496000 0.00323244
497000 0.00323271
498000 0.00323268
499000 0.00323249
500000 0.00323212
