1000 0.00226142
2000 0.0023277
3000 0.00235501
4000 0.00238294
5000 0.00241419
6000 0.0024385
7000 0.00244564
8000 0.00244772
9000 0.00244819
10000 0.00243457
11000 0.00240654
12000 0.00238699
13000 0.00237482
14000 0.00237306
15000 0.00237697
16000 0.00237836
17000 0.00236947
18000 0.00235709
19000 0.00234869
20000 0.00235022
21000 0.0023525
22000 0.00235043
23000 0.00234691
24000 0.00234443
25000 0.00234429
26000 0.00233952
27000 0.00233408
28000 0.00233216
29000 0.00233307
30000 0.00233118
31000 0.00232685
32000 0.00232142
33000 0.00231731
34000 0.00231489
35000 0.00231449
36000 0.00231368
37000 0.00231008
38000 0.00230762
39000 0.00230759
40000 0.00230572
41000 0.00230474
42000 0.00230349
43000 0.00230068
44000 0.00229804
45000 0.00229663
46000 0.00229497
47000 0.00229254
48000 0.00229152
49000 0.00229408
50000 0.00229582
51000 0.00229684
52000 0.00229907
53000 0.00230081
54000 0.00230284
55000 0.00230264
56000 0.00230275
57000 0.00230545
58000 0.00230761
59000 0.0023107
60000 0.00231275
61000 0.00231238
62000 0.00231021
63000 0.00230814
64000 0.00230723
65000 0.00230707
66000 0.00230562
67000 0.00230428
68000 0.00230448
69000 0.00230542
70000 0.00230813
71000 0.0023107
72000 0.00231273
73000 0.00231575
74000 0.00231723
75000 0.00232007
76000 0.00232304
77000 0.00232619
78000 0.00232998
79000 0.00233488
80000 0.00234124
81000 0.00234708
82000 0.00235001
83000 0.00235181
84000 0.00235312
85000 0.00235417
86000 0.00235472
87000 0.00235587
88000 0.00235776
89000 0.00235883
90000 0.00235959
91000 0.00236027
92000 0.00236108
93000 0.00236259
94000 0.00236633
95000 0.00237089
96000 0.00237588
97000 0.00238205
98000 0.00238759
99000 0.00239321
100000 0.00239771
101000 0.00240372
102000 0.00240999
103000 0.00241626
104000 0.00242455
105000 0.00243291
106000 0.00244111
107000 0.00245073
108000 0.0024609
109000 0.00247148
110000 0.00248189
111000 0.00249299
112000 0.00250407
113000 0.00251526
114000 0.00252434
115000 0.00253319
116000 0.00254107
117000 0.00254823
118000 0.00255522
119000 0.00256283
120000 0.00256971
121000 0.00257647
122000 0.00258373
123000 0.00259102
124000 0.002598
125000 0.00260547
126000 0.00261224
127000 0.00261755
128000 0.00262151
129000 0.0026236
130000 0.00262649
131000 0.0026283
132000 0.0026298
133000 0.00263209
134000 0.00263631
135000 0.00264134
136000 0.0026467
137000 0.00265179
138000 0.00265587
139000 0.00265935
140000 0.00266293
141000 0.00266667
142000 0.00267092
143000 0.00267566
144000 0.00268021
145000 0.00268442
146000 0.00268849
147000 0.00269279
148000 0.00269739
149000 0.00270266
150000 0.00270781
151000 0.00271168
152000 0.00271537
153000 0.00271892
154000 0.00272228
155000 0.00272586
156000 0.00272941
157000 0.00273254
158000 0.00273453
159000 0.00273698
160000 0.00274002
161000 0.00274299
162000 0.00274687
163000 0.00275063
164000 0.00275521
165000 0.00276012
166000 0.00276485
167000 0.00276907
168000 0.00277279
169000 0.00277643
170000 0.00278059
171000 0.00278513
172000 0.00278924
173000 0.00279323
174000 0.00279666
175000 0.0027992
176000 0.00279974
177000 0.0028
178000 0.00280088
179000 0.00280193
180000 0.00280273
181000 0.00280328
182000 0.00280457
183000 0.00280667
184000 0.00280854
185000 0.00281071
186000 0.00281334
187000 0.00281571
188000 0.00281722
189000 0.00281829
190000 0.00281982
191000 0.00282099
192000 0.00282167
193000 0.00282148
194000 0.00282074
195000 0.00282083
196000 0.00282147
197000 0.00282211
198000 0.00282275
199000 0.00282266
200000 0.00282198
201000 0.00282145
202000 0.00282167
203000 0.00282219
204000 0.00282211
205000 0.00282206
206000 0.00282227
207000 0.00282221
208000 0.00282234
209000 0.00282241
210000 0.00282208
211000 0.00282146
212000 0.00282139
213000 0.00282188
214000 0.00282229
215000 0.00282265
216000 0.0028232
217000 0.00282302
218000 0.00282235
219000 0.00282166
220000 0.00282043
221000 0.00281863
222000 0.00281707
223000 0.00281534
224000 0.00281367
225000 0.00281219
226000 0.00281042
227000 0.00280871
228000 0.00280734
229000 0.0028062
230000 0.00280506
231000 0.00280372
232000 0.00280207
233000 0.00280021
234000 0.00279841
235000 0.00279622
236000 0.00279346
237000 0.00279062
238000 0.0027881
239000 0.00278582
240000 0.00278355
241000 0.00278128
242000 0.00277929
243000 0.00277759
244000 0.00277613
245000 0.00277445
246000 0.00277295
247000 0.00277199
248000 0.00277073
249000 0.00276899
250000 0.00276731
251000 0.00276615
252000 0.00276483
253000 0.00276331
254000 0.00276181
255000 0.00276039
256000 0.00275915
257000 0.00275829
258000 0.00275728
259000 0.0027563
260000 0.00275483
261000 0.00275374
262000 0.00275283
263000 0.00275218
264000 0.00275148
265000 0.00275059
266000 0.00274959
267000 0.00274822
268000 0.00274686
269000 0.00274566
270000 0.00274472
271000 0.00274426
272000 0.00274445
273000 0.00274488
274000 0.00274554
275000 0.00274637
276000 0.00274725
277000 0.0027487
278000 0.0027501
279000 0.00275205
280000 0.00275415
281000 0.00275643
282000 0.00275876
283000 0.00276129
284000 0.00276389
285000 0.00276629
286000 0.00276857
287000 0.00277099
288000 0.00277405
289000 0.00277712
290000 0.00277982
291000 0.00278236
292000 0.00278478
293000 0.00278709
294000 0.00279002
295000 0.00279329
296000 0.00279673
297000 0.00279985
298000 0.00280289
299000 0.00280617
300000 0.00280933
301000 0.0028129
302000 0.00281637
303000 0.00281988
304000 0.00282254
305000 0.00282488
306000 0.00282693
307000 0.0028287
308000 0.00283023
309000 0.00283176
310000 0.00283259
311000 0.00283313
312000 0.00283358
313000 0.00283375
314000 0.00283384
315000 0.00283369
316000 0.00283348
317000 0.00283373
318000 0.00283424
319000 0.00283481
320000 0.0028348
321000 0.00283483
322000 0.00283463
323000 0.00283437
324000 0.00283433
325000 0.00283387
326000 0.00283325
327000 0.00283281
328000 0.00283248
329000 0.00283223
330000 0.00283219
331000 0.00283191
332000 0.00283139
333000 0.00283083
334000 0.0028304
335000 0.00282978
336000 0.00282907
337000 0.00282847
338000 0.00282813
339000 0.00282784
340000 0.00282771
341000 0.00282766
342000 0.00282715
343000 0.0028261
344000 0.00282527
345000 0.0028244
346000 0.00282323
347000 0.00282187
348000 0.00282072
349000 0.00281946
350000 0.002818
351000 0.00281656
352000 0.0028154
353000 0.00281433
354000 0.00281348
355000 0.00281297
356000 0.0028129
357000 0.00281318
358000 0.00281377
359000 0.00281441
360000 0.00281509
361000 0.00281578
362000 0.00281664
363000 0.0028178
364000 0.00281898
365000 0.00281988
366000 0.00282069
367000 0.0028217
368000 0.0028227
369000 0.0028236
370000 0.00282493
371000 0.0028264
372000 0.00282786
373000 0.00282975
374000 0.00283159
375000 0.00283337
376000 0.00283511
377000 0.00283674
378000 0.00283851
379000 0.00284027
380000 0.0028415
381000 0.00284251
382000 0.0028434
383000 0.00284441
384000 0.00284541
385000 0.00284601
386000 0.00284639
387000 0.002847
388000 0.00284785
389000 0.00284826
390000 0.00284869
391000 0.00284908
392000 0.00284962
393000 0.00284986
394000 0.00285012
395000 0.00285046
396000 0.00285116
397000 0.00285224
398000 0.00285327
399000 0.00285428
400000 0.00285511
401000 0.0028557
402000 0.00285612
403000 0.00285658
404000 0.00285717
405000 0.00285773
406000 0.00285854
407000 0.00285954
408000 0.00286072
409000 0.00286203
410000 0.00286302
411000 0.00286438
412000 0.00286571
413000 0.00286732
414000 0.00286852
415000 0.00286991
416000 0.00287158
417000 0.00287356
418000 0.00287577
419000 0.00287795
420000 0.00288033
421000 0.00288262
422000 0.00288467
423000 0.00288675
424000 0.00288916
425000 0.00289129
426000 0.00289354
427000 0.00289592
428000 0.00289831
429000 0.00290061
430000 0.00290265
431000 0.00290439
432000 0.00290592
433000 0.00290765
434000 0.00290947
435000 0.00291128
436000 0.00291273
437000 0.00291414
438000 0.00291559
439000 0.00291693
440000 0.00291806
441000 0.00291948
442000 0.0029214
443000 0.00292343
444000 0.00292544
445000 0.00292755
446000 0.00292985
447000 0.0029321
448000 0.00293424
449000 0.00293651
450000 0.00293895
451000 0.0029416
452000 0.00294429
453000 0.0029469
454000 0.00294908
455000 0.00295126
456000 0.00295358
457000 0.00295586
458000 0.00295802
459000 0.00296013
460000 0.00296217
461000 0.0029643
462000 0.00296658
463000 0.00296879
464000 0.00297153
465000 0.00297434
466000 0.00297653
467000 0.00297875
468000 0.00298085
469000 0.00298313
470000 0.0029856
471000 0.00298809
472000 0.00299028
473000 0.00299233
474000 0.00299449
475000 0.00299653
476000 0.00299856
477000 0.00300076
478000 0.00300277
479000 0.00300457
480000 0.00300648
481000 0.00300838
482000 0.00301007
483000 0.00301162
484000 0.00301324
485000 0.00301507
486000 0.00301683
487000 0.00301857
488000 0.00301968
489000 0.00302059
490000 0.00302132
491000 0.00302156
492000 0.00302177
493000 0.00302214
494000 0.00302199
495000 0.00302193
496000 0.00302191
497000 0.0030215
498000 0.00302106
499000 0.00302058
500000 0.00302001
