1000 0.00294025
2000 0.00294016
3000 0.00291679
4000 0.0029061
5000 0.00292608
6000 0.00292429
7000 0.00294123
8000 0.00297064
9000 0.00299525
10000 0.00302615
11000 0.00305631
12000 0.00307931
13000 0.00309823
14000 0.00310228
15000 0.0031042
16000 0.00310374
17000 0.00310357
18000 0.00310741
19000 0.00311177
20000 0.00311651
21000 0.00311032
22000 0.00310028
23000 0.00308921
24000 0.00307826
25000 0.00306694
26000 0.00305669
27000 0.00305141
28000 0.00305
29000 0.00305246
30000 0.00305299
31000 0.00305315
32000 0.00305841
33000 0.00306303
34000 0.00305969
35000 0.00306016
36000 0.00306254
37000 0.00306309
38000 0.00306032
39000 0.00305613
40000 0.0030458
41000 0.00303492
42000 0.00302293
43000 0.00301266
44000 0.00300323
45000 0.00299411
46000 0.00298842
47000 0.00298462
48000 0.00297968
49000 0.00297518
50000 0.00296978
51000 0.00296252
52000 0.0029538
53000 0.00294695
54000 0.00294213
55000 0.0029376
56000 0.00293228
57000 0.00292784
58000 0.00292562
59000 0.00292543
60000 0.00292585
61000 0.00292918
62000 0.00293343
63000 0.00293818
64000 0.00294406
65000 0.00295079
66000 0.00295648
67000 0.00296053
68000 0.00296364
69000 0.00296422
70000 0.00296607
71000 0.00296926
72000 0.00297281
73000 0.00297458
74000 0.00297771
75000 0.00298149
76000 0.00298525
77000 0.00298764
78000 0.0029909
79000 0.00299191
80000 0.0029936
81000 0.00299666
82000 0.00299853
83000 0.00299991
84000 0.0030018
85000 0.00300456
86000 0.00300668
87000 0.00300934
88000 0.00301333
89000 0.00301774
90000 0.00302331
91000 0.00302995
92000 0.00303665
93000 0.00304213
94000 0.00304825
95000 0.00305432
96000 0.00306119
97000 0.00306973
98000 0.00307856
99000 0.00308773
100000 0.00309704
101000 0.00310612
102000 0.00311441
103000 0.00312163
104000 0.00312843
105000 0.00313141
106000 0.00313314
107000 0.00313525
108000 0.0031377
109000 0.00314084
110000 0.00314416
111000 0.00314769
112000 0.00315042
113000 0.00315508
114000 0.00315961
115000 0.00316544
116000 0.00317144
117000 0.00317793
118000 0.00318572
119000 0.00319379
120000 0.00320123
121000 0.00320679
122000 0.00320862
123000 0.00321027
124000 0.00321176
125000 0.00321145
126000 0.0032095
127000 0.00320656
128000 0.00320248
129000 0.00319767
130000 0.00319235
131000 0.00318679
132000 0.00318158
133000 0.00317633
134000 0.00317137
135000 0.00316618
136000 0.0031602
137000 0.00315362
138000 0.00314716
139000 0.0031412
140000 0.00313615
141000 0.00313091
142000 0.00312526
143000 0.00311975
144000 0.00311405
145000 0.00310875
146000 0.00310318
147000 0.00309843
148000 0.00309348
149000 0.00308905
150000 0.00308505
151000 0.00308118
152000 0.00307681
153000 0.00307293
154000 0.00306907
155000 0.00306541
156000 0.00306087
157000 0.00305584
158000 0.00305021
159000 0.00304452
160000 0.00303933
161000 0.00303402
162000 0.00302917
163000 0.0030252
164000 0.00302156
165000 0.00301866
166000 0.00301559
167000 0.00301267
168000 0.00300984
169000 0.00300746
170000 0.0030058
171000 0.00300508
172000 0.00300457
173000 0.00300359
174000 0.00300128
175000 0.00299884
176000 0.00299701
177000 0.00299431
178000 0.00299137
179000 0.00298884
180000 0.00298638
181000 0.00298362
182000 0.00298028
183000 0.0029772
184000 0.00297465
185000 0.00297185
186000 0.00296882
187000 0.00296516
188000 0.00296118
189000 0.00295734
190000 0.0029539
191000 0.00295002
192000 0.0029458
193000 0.00294187
194000 0.00293828
195000 0.00293524
196000 0.00293309
197000 0.00293105
198000 0.00292896
199000 0.00292686
200000 0.00292462
201000 0.00292266
202000 0.00292126
203000 0.00292009
204000 0.00291842
205000 0.0029174
206000 0.00291634
207000 0.00291529
208000 0.00291399
209000 0.00291281
210000 0.0029118
211000 0.00291081
212000 0.00290892
213000 0.00290632
214000 0.00290434
215000 0.00290317
216000 0.00290233
217000 0.00290177
218000 0.00290051
219000 0.00289889
220000 0.00289741
221000 0.00289601
222000 0.00289489
223000 0.00289375
224000 0.00289244
225000 0.00289131
226000 0.00288971
227000 0.00288789
228000 0.00288584
229000 0.00288357
230000 0.00288113
231000 0.00287827
232000 0.00287552
233000 0.00287287
234000 0.00286991
235000 0.00286704
236000 0.00286413
237000 0.00286115
238000 0.00285823
239000 0.00285561
240000 0.00285343
241000 0.00285073
242000 0.00284828
243000 0.00284599
244000 0.00284377
245000 0.0028416
246000 0.00283976
247000 0.00283833
248000 0.00283696
249000 0.00283558
250000 0.00283495
251000 0.00283453
252000 0.00283358
253000 0.00283251
254000 0.00283149
255000 0.00283089
256000 0.00283015
257000 0.00282956
258000 0.00282869
259000 0.00282721
260000 0.00282624
261000 0.00282535
262000 0.00282468
263000 0.00282421
264000 0.00282364
265000 0.00282327
266000 0.00282252
267000 0.00282196
268000 0.00282141
269000 0.00282091
270000 0.0028207
271000 0.00282081
272000 0.00282054
273000 0.00282033
274000 0.00282023
275000 0.00282042
276000 0.00282078
277000 0.00282111
278000 0.00282173
279000 0.00282281
280000 0.00282378
281000 0.0028248
282000 0.0028247
283000 0.00282381
284000 0.00282289
285000 0.00282222
286000 0.00282231
287000 0.00282268
288000 0.00282291
289000 0.00282296
290000 0.00282293
291000 0.00282259
292000 0.00282198
293000 0.0028212
294000 0.00282042
295000 0.002819
296000 0.00281725
297000 0.00281586
298000 0.00281476
299000 0.00281385
300000 0.00281299
301000 0.00281248
302000 0.00281274
303000 0.0028131
304000 0.00281325
305000 0.0028127
306000 0.00281168
307000 0.00281067
308000 0.00280971
309000 0.00280847
310000 0.00280694
311000 0.00280526
312000 0.00280357
313000 0.00280168
314000 0.00279986
315000 0.00279771
316000 0.00279562
317000 0.00279372
318000 0.00279206
319000 0.00279034
320000 0.00278821
321000 0.0027863
322000 0.00278455
323000 0.00278272
324000 0.00278107
325000 0.00277915
326000 0.00277757
327000 0.0027766
328000 0.00277548
329000 0.00277477
330000 0.00277413
331000 0.00277331
332000 0.0027725
333000 0.0027716
334000 0.00277074
335000 0.00276956
336000 0.00276838
337000 0.0027675
338000 0.00276695
339000 0.00276617
340000 0.00276529
341000 0.00276413
342000 0.00276302
343000 0.00276179
344000 0.00276033
345000 0.00275883
346000 0.0027574
347000 0.0027561
348000 0.00275475
349000 0.00275334
350000 0.00275182
351000 0.00275015
352000 0.0027488
353000 0.00274739
354000 0.00274628
355000 0.00274543
356000 0.00274479
357000 0.0027442
358000 0.00274348
359000 0.00274277
360000 0.00274189
361000 0.00274084
362000 0.00273964
363000 0.00273852
364000 0.00273748
365000 0.00273653
366000 0.00273568
367000 0.0027346
368000 0.00273354
369000 0.00273228
370000 0.00273114
371000 0.00272989
372000 0.00272857
373000 0.00272713
374000 0.00272567
375000 0.00272427
376000 0.0027229
377000 0.00272152
378000 0.00271983
379000 0.00271799
380000 0.00271583
381000 0.0027135
382000 0.00271108
383000 0.00270865
384000 0.00270621
385000 0.00270397
386000 0.0027016
387000 0.00269915
388000 0.00269681
389000 0.00269454
390000 0.00269229
391000 0.00269022
392000 0.00268847
393000 0.00268645
394000 0.0026846
395000 0.00268307
396000 0.00268166
397000 0.00268036
398000 0.00267928
399000 0.00267848
400000 0.00267799
401000 0.00267768
402000 0.00267753
403000 0.00267725
404000 0.0026764
405000 0.00267528
406000 0.00267417
407000 0.00267332
408000 0.00267282
409000 0.00267253
410000 0.002672
411000 0.00267141
412000 0.00267082
413000 0.00267023
414000 0.00266928
415000 0.00266837
416000 0.00266721
417000 0.00266585
418000 0.00266457
419000 0.00266346
420000 0.00266242
421000 0.00266146
422000 0.00266043
423000 0.00265929
424000 0.00265806
425000 0.00265698
426000 0.00265583
427000 0.00265465
428000 0.00265343
429000 0.00265243
430000 0.00265136
431000 0.00265028
432000 0.00264949
433000 0.00264875
434000 0.00264801
435000 0.00264707
436000 0.00264602
437000 0.0026449
438000 0.00264365
439000 0.00264253
440000 0.00264156
441000 0.0026405
442000 0.00263945
443000 0.00263831
444000 0.00263739
445000 0.00263649
446000 0.00263557
447000 0.0026346
448000 0.00263368
449000 0.00263289
450000 0.00263181
451000 0.00263082
452000 0.00262979
453000 0.00262867
454000 0.00262762
455000 0.00262671
456000 0.00262574
457000 0.00262486
458000 0.00262408
459000 0.00262325
460000 0.00262244
461000 0.00262168
462000 0.00262076
463000 0.00261979
464000 0.00261896
465000 0.00261795
466000 0.00261714
467000 0.00261661
468000 0.0026162
469000 0.0026159
470000 0.00261571
471000 0.00261571
472000 0.00261574
473000 0.00261582
474000 0.00261576
475000 0.00261572
476000 0.00261574
477000 0.00261573
478000 0.00261562
479000 0.00261539
480000 0.00261519
481000 0.00261488
482000 0.00261464
483000 0.00261444
484000 0.00261454
485000 0.00261478
486000 0.00261509
487000 0.00261533
488000 0.00261561
489000 0.00261558
490000 0.00261565
491000 0.00261587
492000 0.00261606
493000 0.0026165
494000 0.00261713
495000 0.002618
496000 0.00261875
497000 0.00261941
498000 0.00262007
499000 0.00262071
500000 0.00262121
