1000 0.00175279
2000 0.00174229
3000 0.00176735
4000 0.00179426
5000 0.00179732
6000 0.00179887
7000 0.00180465
8000 0.00181312
9000 0.00181387
10000 0.00180876
11000 0.00181297
12000 0.00182009
13000 0.00182382
14000 0.00182468
15000 0.00182539
16000 0.00182747
17000 0.00183512
18000 0.00184773
19000 0.0018662
20000 0.00188473
21000 0.00190275
22000 0.00191864
23000 0.00193014
24000 0.00193514
25000 0.00193266
26000 0.00192318
27000 0.00191372
28000 0.00190917
29000 0.00190459
30000 0.00189926
31000 0.00189317
32000 0.00188907
33000 0.00188555
34000 0.00188441
35000 0.00188243
36000 0.00188034
37000 0.00188178
38000 0.00188372
39000 0.00188383
40000 0.00188174
41000 0.00187805
42000 0.0018754
43000 0.00187544
44000 0.00187546
45000 0.0018746
46000 0.00187498
47000 0.00187614
48000 0.00187817
49000 0.00187888
50000 0.00188038
51000 0.00188044
52000 0.00187917
53000 0.00188043
54000 0.0018839
55000 0.00188803
56000 0.00189111
57000 0.00189448
58000 0.00189811
59000 0.00190196
60000 0.00190601
61000 0.00190951
62000 0.00191206
63000 0.00191453
64000 0.00191475
65000 0.00191346
66000 0.00191314
67000 0.00191456
68000 0.00191622
69000 0.00191834
70000 0.00192185
71000 0.00192663
72000 0.00193194
73000 0.00193586
74000 0.00193789
75000 0.00193843
76000 0.00193857
77000 0.00193886
78000 0.00193938
79000 0.00194127
80000 0.00194541
81000 0.0019502
82000 0.00195377
83000 0.00195721
84000 0.00195934
85000 0.0019603
86000 0.00196142
87000 0.00196319
88000 0.00196483
89000 0.00196588
90000 0.00196741
91000 0.0019687
92000 0.00197041
93000 0.00197127
94000 0.0019727
95000 0.00197436
96000 0.00197652
97000 0.00197845
98000 0.00198113
99000 0.0019837
100000 0.00198512
101000 0.00198704
102000 0.00199045
103000 0.00199359
104000 0.00199657
105000 0.00199978
106000 0.0020029
107000 0.00200504
108000 0.002007
109000 0.00200876
110000 0.00201002
111000 0.00201184
112000 0.00201362
113000 0.00201562
114000 0.00201849
115000 0.00202162
116000 0.00202614
117000 0.00203077
118000 0.00203615
119000 0.0020421
120000 0.00204732
121000 0.00205324
122000 0.00205917
123000 0.00206434
124000 0.00206872
125000 0.00207407
126000 0.0020807
127000 0.00208711
128000 0.00209476
129000 0.0021027
130000 0.00210972
131000 0.00211572
132000 0.00212107
133000 0.00212607
134000 0.00213113
135000 0.00213564
136000 0.00213987
137000 0.00214509
138000 0.00215087
139000 0.0021565
140000 0.00216252
141000 0.00216766
142000 0.00217294
143000 0.00217764
144000 0.00218342
145000 0.00219022
146000 0.00219749
147000 0.00220617
148000 0.00221508
149000 0.00222416
150000 0.00223306
151000 0.00224125
152000 0.00224967
153000 0.00225909
154000 0.00226843
155000 0.00227814
156000 0.00228713
157000 0.00229614
158000 0.00230586
159000 0.00231513
160000 0.00232316
161000 0.00233102
162000 0.00233826
163000 0.00234445
164000 0.00235093
165000 0.00235765
166000 0.00236336
167000 0.00236955
168000 0.00237515
169000 0.00237979
170000 0.00238347
171000 0.00238653
172000 0.00239003
173000 0.00239315
174000 0.00239627
175000 0.0023995
176000 0.00240249
177000 0.00240473
178000 0.00240743
179000 0.00240968
180000 0.00241156
181000 0.00241321
182000 0.00241482
183000 0.00241621
184000 0.00241765
185000 0.00241902
186000 0.00242004
187000 0.00242116
188000 0.00242282
189000 0.00242457
190000 0.0024266
191000 0.00242788
192000 0.00242891
193000 0.00243011
194000 0.00243111
195000 0.00243248
196000 0.00243419
197000 0.00243508
198000 0.00243578
199000 0.00243659
200000 0.00243777
201000 0.00243868
202000 0.00243897
203000 0.00243881
204000 0.00243817
205000 0.00243751
206000 0.00243686
207000 0.00243646
208000 0.00243637
209000 0.00243608
210000 0.00243549
211000 0.00243497
212000 0.00243497
213000 0.00243504
214000 0.00243527
215000 0.00243549
216000 0.0024358
217000 0.00243616
218000 0.00243654
219000 0.00243714
220000 0.00243764
221000 0.00243812
222000 0.0024388
223000 0.00243914
224000 0.00243943
225000 0.00244001
226000 0.00244091
227000 0.00244164
228000 0.00244179
229000 0.00244183
230000 0.00244208
231000 0.00244256
232000 0.0024433
233000 0.00244412
234000 0.00244501
235000 0.00244564
236000 0.00244641
237000 0.00244754
238000 0.00244893
239000 0.00245071
240000 0.00245212
241000 0.0024543
242000 0.00245679
243000 0.00245935
244000 0.00246158
245000 0.002464
246000 0.00246636
247000 0.00246844
248000 0.00247047
249000 0.00247228
250000 0.00247379
251000 0.0024746
252000 0.00247441
253000 0.00247398
254000 0.00247386
255000 0.00247343
256000 0.00247243
257000 0.00247181
258000 0.00247183
259000 0.00247195
260000 0.00247281
261000 0.00247332
262000 0.00247402
263000 0.00247439
264000 0.00247513
265000 0.00247619
266000 0.00247729
267000 0.00247828
268000 0.00247948
269000 0.00248036
270000 0.00248155
271000 0.00248313
272000 0.00248474
273000 0.00248691
274000 0.00248898
275000 0.00249099
276000 0.00249268
277000 0.0024943
278000 0.00249456
279000 0.00249418
280000 0.00249361
281000 0.00249287
282000 0.0024919
283000 0.00249069
284000 0.00248932
285000 0.00248791
286000 0.00248636
287000 0.00248477
288000 0.00248351
289000 0.00248262
290000 0.00248149
291000 0.00248042
292000 0.00247899
293000 0.0024775
294000 0.00247592
295000 0.00247421
296000 0.00247214
297000 0.00247022
298000 0.00246844
299000 0.00246696
300000 0.00246591
301000 0.00246508
302000 0.0024643
303000 0.00246334
304000 0.00246265
305000 0.00246183
306000 0.00246099
307000 0.00245992
308000 0.00245869
309000 0.0024577
310000 0.00245667
311000 0.00245559
312000 0.00245458
313000 0.00245327
314000 0.00245227
315000 0.00245161
316000 0.00245081
317000 0.00245008
318000 0.00244951
319000 0.002449
320000 0.00244877
321000 0.0024486
322000 0.00244825
323000 0.00244775
324000 0.00244675
325000 0.0024455
326000 0.00244454
327000 0.0024438
328000 0.00244307
329000 0.00244259
330000 0.0024424
331000 0.00244232
332000 0.00244269
333000 0.00244372
334000 0.00244519
335000 0.00244693
336000 0.00244852
337000 0.00245025
338000 0.00245217
339000 0.0024537
340000 0.00245475
341000 0.00245608
342000 0.0024574
343000 0.00245891
344000 0.00245975
345000 0.0024606
346000 0.00246136
347000 0.00246228
348000 0.00246309
349000 0.00246345
350000 0.00246363
351000 0.00246406
352000 0.00246456
353000 0.00246516
354000 0.00246591
355000 0.0024667
356000 0.00246778
357000 0.00246871
358000 0.00246934
359000 0.00247
360000 0.00247055
361000 0.00247064
362000 0.00247044
363000 0.00247042
364000 0.00247029
365000 0.00247014
366000 0.00247024
367000 0.00247035
368000 0.0024706
369000 0.00247116
370000 0.00247169
371000 0.00247185
372000 0.00247215
373000 0.00247255
374000 0.00247296
375000 0.00247351
376000 0.00247425
377000 0.00247505
378000 0.00247599
379000 0.00247717
380000 0.00247898
381000 0.00248094
382000 0.00248264
383000 0.00248417
384000 0.00248578
385000 0.00248718
386000 0.00248881
387000 0.00249032
388000 0.0024917
389000 0.00249288
390000 0.00249411
391000 0.00249524
392000 0.00249636
393000 0.00249774
394000 0.00249927
395000 0.00250075
396000 0.0025022
397000 0.00250341
398000 0.00250495
399000 0.00250694
400000 0.00250892
401000 0.00251095
402000 0.0025128
403000 0.0025145
404000 0.00251634
405000 0.00251833
406000 0.00252031
407000 0.00252241
408000 0.00252499
409000 0.00252801
410000 0.00253075
411000 0.00253309
412000 0.0025351
413000 0.00253733
414000 0.00253951
415000 0.00254151
416000 0.00254346
417000 0.00254521
418000 0.00254716
419000 0.00254922
420000 0.00255151
421000 0.00255423
422000 0.00255686
423000 0.00255921
424000 0.00256121
425000 0.00256327
426000 0.00256532
427000 0.00256775
428000 0.00257011
429000 0.00257254
430000 0.00257494
431000 0.00257744
432000 0.00257974
433000 0.00258226
434000 0.00258509
435000 0.00258817
436000 0.00259105
437000 0.00259403
438000 0.00259708
439000 0.00259968
440000 0.0026022
441000 0.00260491
442000 0.0026077
443000 0.00261068
444000 0.0026138
445000 0.00261697
446000 0.00261972
447000 0.00262238
448000 0.00262473
449000 0.00262689
450000 0.00262927
451000 0.00263164
452000 0.00263396
453000 0.00263647
454000 0.00263894
455000 0.00264163
456000 0.0026445
457000 0.00264752
458000 0.00265077
459000 0.00265383
460000 0.00265653
461000 0.00265884
462000 0.00266124
463000 0.00266399
464000 0.00266673
465000 0.00266993
466000 0.00267315
467000 0.002677
468000 0.00268065
469000 0.00268428
470000 0.00268754
471000 0.00269081
472000 0.00269418
473000 0.00269772
474000 0.00270111
475000 0.00270451
476000 0.00270835
477000 0.0027122
478000 0.00271571
479000 0.00271888
480000 0.00272213
481000 0.00272522
482000 0.00272832
483000 0.00273109
484000 0.00273385
485000 0.00273653
486000 0.00273936
487000 0.00274154
488000 0.00274353
489000 0.0027453
490000 0.00274733
491000 0.00274909
492000 0.00275085
493000 0.00275267
494000 0.00275427
495000 0.00275563
496000 0.00275695
497000 0.00275846
498000 0.00276004
499000 0.00276128
500000 0.00276239
