1000 0.00472398
2000 0.00479016
3000 0.00488472
4000 0.00491664
5000 0.00495632
6000 0.00496738
7000 0.00497071
8000 0.00497447
9000 0.00496393
10000 0.00495263
11000 0.00495627
12000 0.00496666
13000 0.00496605
14000 0.00496069
15000 0.00495622
16000 0.00496294
17000 0.0049751
18000 0.00497996
19000 0.00498489
20000 0.00499104
21000 0.00500088
22000 0.0050194
23000 0.0050357
24000 0.00505324
25000 0.00506721
26000 0.00507953
27000 0.00508132
28000 0.00508046
29000 0.00507899
30000 0.00507168
31000 0.00506732
32000 0.00506666
33000 0.00506047
34000 0.00505144
35000 0.00503892
36000 0.00502585
37000 0.00501759
38000 0.00501434
39000 0.00501007
40000 0.00500571
41000 0.00500109
42000 0.00499497
43000 0.00498736
44000 0.004981
45000 0.00497825
46000 0.00497785
47000 0.0049793
48000 0.00497994
49000 0.00497823
50000 0.0049754
51000 0.00497122
52000 0.00496706
53000 0.00496023
54000 0.00495207
55000 0.00494378
56000 0.00493807
57000 0.00493248
58000 0.00492566
59000 0.00491242
60000 0.00489597
61000 0.00487886
62000 0.00486243
63000 0.00484659
64000 0.00483078
65000 0.00481553
66000 0.00480096
67000 0.00478655
68000 0.00477274
69000 0.00475726
70000 0.00474285
71000 0.00473003
72000 0.00471698
73000 0.00470504
74000 0.00469473
75000 0.00468582
76000 0.00467824
77000 0.00466927
78000 0.00465971
79000 0.00465063
80000 0.00464105
81000 0.0046344
82000 0.00462833
83000 0.00462268
84000 0.00461602
85000 0.00460902
86000 0.00460086
87000 0.00459176
88000 0.00458279
89000 0.00457364
90000 0.00456548
91000 0.00455644
92000 0.0045481
93000 0.00454012
94000 0.00453312
95000 0.00452651
96000 0.00452064
97000 0.00451477
98000 0.00450848
99000 0.00450096
100000 0.00449258
101000 0.00448589
102000 0.00448
103000 0.00447545
104000 0.00447044
105000 0.00446614
106000 0.00446137
107000 0.00445595
108000 0.00445082
109000 0.00444641
110000 0.00444265
111000 0.00443674
112000 0.00442986
113000 0.00442121
114000 0.00441323
115000 0.00440558
116000 0.00439841
117000 0.00439104
118000 0.00438256
119000 0.0043744
120000 0.00436624
121000 0.00435813
122000 0.0043508
123000 0.00434381
124000 0.00433697
125000 0.00433143
126000 0.00432663
127000 0.00432199
128000 0.00431811
129000 0.00431582
130000 0.00431269
131000 0.00430954
132000 0.00430664
133000 0.004304
134000 0.00430128
135000 0.00429841
136000 0.00429676
137000 0.0042958
138000 0.00429507
139000 0.00429588
140000 0.0042979
141000 0.00429953
142000 0.00430184
143000 0.00430446
144000 0.00430763
145000 0.0043105
146000 0.00431347
147000 0.00431716
148000 0.00432189
149000 0.00432784
150000 0.00433307
151000 0.00433918
152000 0.00434553
153000 0.00435087
154000 0.00435664
155000 0.004363
156000 0.00436943
157000 0.0043755
158000 0.00438182
159000 0.00438751
160000 0.00439286
161000 0.00439878
162000 0.00440552
163000 0.00441218
164000 0.00441849
165000 0.00442401
166000 0.00442923
167000 0.00443406
168000 0.00443924
169000 0.00444394
170000 0.00444793
171000 0.00445122
172000 0.00445354
173000 0.00445507
174000 0.00445639
175000 0.00445642
176000 0.00445645
177000 0.00445643
178000 0.004456
179000 0.00445477
180000 0.0044538
181000 0.00445217
182000 0.00445083
183000 0.00444943
184000 0.00444852
185000 0.00444775
186000 0.0044473
187000 0.00444661
188000 0.00444606
189000 0.00444558
190000 0.00444439
191000 0.00444358
192000 0.00444263
193000 0.00444205
194000 0.00444118
195000 0.00444046
196000 0.00444022
197000 0.00443959
198000 0.0044393
199000 0.00443846
200000 0.00443812
201000 0.00443712
202000 0.00443613
203000 0.00443472
204000 0.00443257
205000 0.00443055
206000 0.00442852
207000 0.00442633
208000 0.0044242
209000 0.00442222
210000 0.00441972
211000 0.00441678
212000 0.00441318
213000 0.00440975
214000 0.00440673
215000 0.00440375
216000 0.00440067
217000 0.00439729
218000 0.0043935
219000 0.00438973
220000 0.00438564
221000 0.00438159
222000 0.00437719
223000 0.00437312
224000 0.00436894
225000 0.00436423
226000 0.00435971
227000 0.00435571
228000 0.00435213
229000 0.00434846
230000 0.00434454
231000 0.00434014
232000 0.00433516
233000 0.00433019
234000 0.00432552
235000 0.00432099
236000 0.00431629
237000 0.00431196
238000 0.00430729
239000 0.00430261
240000 0.00429816
241000 0.00429412
242000 0.00428994
243000 0.00428542
244000 0.00428103
245000 0.00427681
246000 0.00427269
247000 0.00426849
248000 0.00426454
249000 0.00426068
250000 0.00425692
251000 0.00425296
252000 0.00424875
253000 0.00424449
254000 0.00423986
255000 0.0042354
256000 0.00423112
257000 0.00422701
258000 0.00422322
259000 0.00421979
260000 0.0042164
261000 0.0042132
262000 0.00420998
263000 0.00420693
264000 0.0042037
265000 0.00420092
266000 0.00419791
267000 0.00419453
268000 0.00419045
269000 0.00418543
270000 0.00418026
271000 0.00417484
272000 0.00416982
273000 0.00416488
274000 0.00416008
275000 0.00415528
276000 0.00415039
277000 0.00414538
278000 0.00414061
279000 0.00413619
280000 0.00413212
281000 0.00412813
282000 0.0041242
283000 0.00412001
284000 0.00411559
285000 0.00411106
286000 0.0041064
287000 0.00410152
288000 0.00409659
289000 0.00409161
290000 0.00408666
291000 0.00408191
292000 0.00407736
293000 0.00407291
294000 0.00406861
295000 0.00406461
296000 0.00406035
297000 0.00405642
298000 0.00405297
299000 0.00405022
300000 0.00404778
301000 0.00404509
302000 0.00404245
303000 0.00404006
304000 0.00403769
305000 0.0040352
306000 0.00403284
307000 0.00403038
308000 0.00402805
309000 0.00402574
310000 0.00402323
311000 0.0040206
312000 0.0040182
313000 0.0040158
314000 0.00401313
315000 0.00401048
316000 0.0040077
317000 0.00400472
318000 0.00400182
319000 0.0039989
320000 0.00399614
321000 0.00399377
322000 0.00399143
323000 0.00398933
324000 0.00398751
325000 0.00398571
326000 0.003984
327000 0.00398202
328000 0.00398037
329000 0.00397852
330000 0.00397658
331000 0.00397448
332000 0.00397261
333000 0.00397075
334000 0.00396892
335000 0.00396699
336000 0.00396509
337000 0.00396361
338000 0.0039622
339000 0.00396052
340000 0.00395867
341000 0.0039564
342000 0.00395407
343000 0.00395181
344000 0.00394978
345000 0.00394785
346000 0.00394576
347000 0.00394386
348000 0.00394215
349000 0.00394041
350000 0.00393883
351000 0.00393722
352000 0.00393517
353000 0.0039328
354000 0.00393043
355000 0.00392783
356000 0.00392491
357000 0.00392199
358000 0.00391903
359000 0.00391611
360000 0.00391323
361000 0.00391036
362000 0.00390789
363000 0.0039058
364000 0.0039037
365000 0.00390151
366000 0.00389963
367000 0.0038977
368000 0.00389579
369000 0.00389397
370000 0.00389171
371000 0.0038893
372000 0.0038865
373000 0.0038837
374000 0.00388098
375000 0.00387822
376000 0.00387546
377000 0.00387261
378000 0.00386976
379000 0.00386676
380000 0.00386355
381000 0.00386018
382000 0.00385693
383000 0.003854
384000 0.003851
385000 0.0038478
386000 0.00384466
387000 0.00384167
388000 0.00383883
389000 0.00383606
390000 0.00383369
391000 0.00383126
392000 0.00382865
393000 0.00382594
394000 0.00382349
395000 0.00382118
396000 0.00381879
397000 0.00381681
398000 0.00381495
399000 0.0038133
400000 0.00381166
401000 0.00381023
402000 0.003809
403000 0.00380761
404000 0.00380615
405000 0.00380466
406000 0.00380343
407000 0.00380249
408000 0.00380175
409000 0.00380093
410000 0.00379993
411000 0.00379927
412000 0.00379899
413000 0.00379903
414000 0.00379894
415000 0.00379881
416000 0.00379869
417000 0.00379869
418000 0.00379889
419000 0.00379922
420000 0.00379991
421000 0.00380096
422000 0.00380214
423000 0.00380285
424000 0.00380329
425000 0.00380312
426000 0.00380297
427000 0.00380261
428000 0.00380175
429000 0.0038007
430000 0.0037999
431000 0.0037989
432000 0.00379758
433000 0.00379623
434000 0.00379499
435000 0.00379408
436000 0.00379341
437000 0.00379269
438000 0.00379224
439000 0.00379202
440000 0.00379176
441000 0.00379129
442000 0.00379094
443000 0.00379097
444000 0.00379159
445000 0.00379223
446000 0.00379286
447000 0.00379374
448000 0.00379467
449000 0.00379557
450000 0.00379631
451000 0.00379703
452000 0.00379738
453000 0.00379754
454000 0.00379768
455000 0.00379786
456000 0.00379772
457000 0.00379722
458000 0.00379656
459000 0.00379566
460000 0.00379471
461000 0.00379385
462000 0.00379316
463000 0.00379247
464000 0.00379167
465000 0.00379043
466000 0.00378935
467000 0.00378826
468000 0.00378733
469000 0.00378643
470000 0.00378543
471000 0.00378419
472000 0.00378264
473000 0.00378112
474000 0.00377951
475000 0.00377746
476000 0.00377524
477000 0.00377279
478000 0.00377009
479000 0.00376742
480000 0.0037649
481000 0.00376247
482000 0.00376016
483000 0.00375798
484000 0.00375595
485000 0.00375393
486000 0.00375216
487000 0.00375053
488000 0.00374898
489000 0.00374743
490000 0.00374576
491000 0.00374402
492000 0.00374233
493000 0.00374053
494000 0.00373864
495000 0.00373653
496000 0.0037342
497000 0.00373188
498000 0.00372959
499000 0.00372739
500000 0.00372526
