1000 0.0034066
2000 0.003389
3000 0.00336596
4000 0.00336485
5000 0.00335086
6000 0.00334676
7000 0.00334918
8000 0.00336359
9000 0.00335807
10000 0.00333621
11000 0.00331829
12000 0.00330871
13000 0.00330194
14000 0.00330137
15000 0.00330145
16000 0.0033093
17000 0.00331725
18000 0.00333434
19000 0.00335657
20000 0.00337936
21000 0.00340488
22000 0.00342722
23000 0.00344818
24000 0.00347262
25000 0.00349432
26000 0.0035106
27000 0.0035271
28000 0.00353824
29000 0.00355213
30000 0.0035668
31000 0.00358195
32000 0.00359564
33000 0.00360537
34000 0.00361228
35000 0.00361349
36000 0.00361622
37000 0.00361898
38000 0.00361825
39000 0.00361563
40000 0.0036102
41000 0.00360329
42000 0.00360147
43000 0.0036028
44000 0.00360749
45000 0.00360869
46000 0.00361008
47000 0.00361495
48000 0.00361746
49000 0.0036178
50000 0.00361801
51000 0.00361797
52000 0.00361592
53000 0.00361491
54000 0.00361729
55000 0.00361999
56000 0.00362298
57000 0.00362557
58000 0.00362693
59000 0.00363081
60000 0.00363519
61000 0.00363738
62000 0.00363898
63000 0.0036412
64000 0.00364623
65000 0.00364991
66000 0.00365228
67000 0.00365535
68000 0.00366177
69000 0.0036711
70000 0.00368135
71000 0.0036908
72000 0.00369862
73000 0.00370386
74000 0.00370806
75000 0.00371197
76000 0.00371401
77000 0.00371651
78000 0.00372097
79000 0.00372484
80000 0.0037265
81000 0.00372711
82000 0.00372775
83000 0.00372674
84000 0.00372382
85000 0.00372037
86000 0.00371515
87000 0.00370925
88000 0.00370524
89000 0.00370034
90000 0.00369398
91000 0.00368717
92000 0.00367989
93000 0.00367349
94000 0.00366714
95000 0.00366043
96000 0.00365369
97000 0.00364803
98000 0.00364234
99000 0.00363808
100000 0.0036344
101000 0.00363035
102000 0.00362576
103000 0.00362137
104000 0.00361672
105000 0.00361269
106000 0.00360924
107000 0.00360656
108000 0.00360374
109000 0.0036016
110000 0.00360022
111000 0.00359961
112000 0.00359925
113000 0.00359811
114000 0.00359622
115000 0.0035954
116000 0.00359337
117000 0.00359253
118000 0.00359272
119000 0.00359333
120000 0.00359319
121000 0.00359372
122000 0.00359455
123000 0.00359707
124000 0.00359862
125000 0.00359966
126000 0.00360043
127000 0.0036016
128000 0.0036038
129000 0.00360644
130000 0.00360965
131000 0.00361282
132000 0.00361648
133000 0.00362084
134000 0.00362537
135000 0.00362997
136000 0.00363465
137000 0.00364003
138000 0.00364583
139000 0.00365242
140000 0.0036589
141000 0.00366618
142000 0.00367287
143000 0.00367799
144000 0.00368302
145000 0.00368877
146000 0.00369391
147000 0.00369894
148000 0.00370359
149000 0.00370654
150000 0.00370898
151000 0.00371117
152000 0.00371303
153000 0.00371518
154000 0.00371754
155000 0.00372003
156000 0.00372321
157000 0.00372669
158000 0.00372953
159000 0.00373164
160000 0.00373368
161000 0.00373679
162000 0.00374018
163000 0.00374264
164000 0.00374576
165000 0.00375053
166000 0.00375487
167000 0.00375903
168000 0.00376259
169000 0.00376648
170000 0.00376946
171000 0.00377126
172000 0.00377106
173000 0.00376936
174000 0.00376762
175000 0.00376596
176000 0.00376435
177000 0.00376281
178000 0.00376087
179000 0.00375841
180000 0.00375528
181000 0.00375241
182000 0.00374966
183000 0.00374655
184000 0.0037439
185000 0.00374081
186000 0.00373709
187000 0.00373393
188000 0.00373032
189000 0.00372682
190000 0.00372382
191000 0.00372094
192000 0.00371844
193000 0.00371518
194000 0.00371124
195000 0.0037062
196000 0.00370097
197000 0.00369598
198000 0.00369118
199000 0.00368684
200000 0.00368245
201000 0.00367829
202000 0.00367448
203000 0.00367098
204000 0.0036681
205000 0.00366539
206000 0.00366326
207000 0.0036611
208000 0.00365897
209000 0.00365661
210000 0.0036542
211000 0.00365173
212000 0.00364906
213000 0.00364653
214000 0.0036445
215000 0.00364279
216000 0.00364088
217000 0.00363995
218000 0.00363916
219000 0.00363779
220000 0.00363622
221000 0.00363472
222000 0.00363321
223000 0.00363167
224000 0.0036311
225000 0.00363088
226000 0.00363045
227000 0.00363013
228000 0.00362953
229000 0.00362886
230000 0.00362776
231000 0.00362703
232000 0.00362638
233000 0.00362622
234000 0.00362602
235000 0.00362559
236000 0.00362527
237000 0.00362468
238000 0.0036237
239000 0.0036227
240000 0.00362189
241000 0.00362101
242000 0.0036206
243000 0.00362007
244000 0.00361944
245000 0.00361922
246000 0.00361892
247000 0.00361866
248000 0.00361862
249000 0.0036188
250000 0.00361929
251000 0.00361984
252000 0.00361965
253000 0.00361978
254000 0.00362011
255000 0.00361996
256000 0.00361919
257000 0.00361842
258000 0.00361795
259000 0.00361734
260000 0.00361713
261000 0.00361748
262000 0.00361759
263000 0.00361712
264000 0.00361689
265000 0.00361775
266000 0.0036191
267000 0.00362023
268000 0.00362157
269000 0.00362285
270000 0.00362455
271000 0.00362686
272000 0.00362908
273000 0.0036301
274000 0.00363109
275000 0.00363142
276000 0.00363155
277000 0.0036318
278000 0.00363234
279000 0.00363317
280000 0.00363422
281000 0.00363504
282000 0.00363546
283000 0.00363592
284000 0.00363672
285000 0.00363804
286000 0.00363923
287000 0.00364006
288000 0.00364095
289000 0.0036419
290000 0.00364255
291000 0.00364349
292000 0.00364455
293000 0.00364579
294000 0.00364704
295000 0.003648
296000 0.00364879
297000 0.00364955
298000 0.0036504
299000 0.00365157
300000 0.00365293
301000 0.0036541
302000 0.00365547
303000 0.00365676
304000 0.00365801
305000 0.0036595
306000 0.00366072
307000 0.00366166
308000 0.00366246
309000 0.00366258
310000 0.00366258
311000 0.00366281
312000 0.00366327
313000 0.00366337
314000 0.00366411
315000 0.00366533
316000 0.00366667
317000 0.00366807
318000 0.00366937
319000 0.00367118
320000 0.00367353
321000 0.00367619
322000 0.00367875
323000 0.00368059
324000 0.00368274
325000 0.00368519
326000 0.00368743
327000 0.00369025
328000 0.00369323
329000 0.00369623
330000 0.00369914
331000 0.00370155
332000 0.00370411
333000 0.00370702
334000 0.00370992
335000 0.0037129
336000 0.0037159
337000 0.00371909
338000 0.00372203
339000 0.00372427
340000 0.00372597
341000 0.00372776
342000 0.00372983
343000 0.00373088
344000 0.00373189
345000 0.00373231
346000 0.00373251
347000 0.0037323
348000 0.00373202
349000 0.00373151
350000 0.00373071
351000 0.0037302
352000 0.00373039
353000 0.00373073
354000 0.00373132
355000 0.00373193
356000 0.00373249
357000 0.00373273
358000 0.00373265
359000 0.00373203
360000 0.00373123
361000 0.00373025
362000 0.00372928
363000 0.00372806
364000 0.0037268
365000 0.00372576
366000 0.00372464
367000 0.00372377
368000 0.00372282
369000 0.00372203
370000 0.0037214
371000 0.00372121
372000 0.00372129
373000 0.00372143
374000 0.00372204
375000 0.00372286
376000 0.00372358
377000 0.00372409
378000 0.00372438
379000 0.00372452
380000 0.00372433
381000 0.0037244
382000 0.00372474
383000 0.00372518
384000 0.00372594
385000 0.00372644
386000 0.00372693
387000 0.00372715
388000 0.00372677
389000 0.00372633
390000 0.00372616
391000 0.0037262
392000 0.00372608
393000 0.00372608
394000 0.00372587
395000 0.00372556
396000 0.00372511
397000 0.00372434
398000 0.00372376
399000 0.00372312
400000 0.0037228
401000 0.00372272
402000 0.00372254
403000 0.00372232
404000 0.00372211
405000 0.00372164
406000 0.00372138
407000 0.00372107
408000 0.00372075
409000 0.0037202
410000 0.0037194
411000 0.00371887
412000 0.00371843
413000 0.00371777
414000 0.00371728
415000 0.00371662
416000 0.0037167
417000 0.00371704
418000 0.00371713
419000 0.00371748
420000 0.00371776
421000 0.00371806
422000 0.00371844
423000 0.00371874
424000 0.00371931
425000 0.00372007
426000 0.00372082
427000 0.00372199
428000 0.00372308
429000 0.00372432
430000 0.00372532
431000 0.0037261
432000 0.00372679
433000 0.00372726
434000 0.00372724
435000 0.00372712
436000 0.00372674
437000 0.00372627
438000 0.00372576
439000 0.00372525
440000 0.00372463
441000 0.0037242
442000 0.00372384
443000 0.00372337
444000 0.00372323
445000 0.00372295
446000 0.0037223
447000 0.00372115
448000 0.00371992
449000 0.00371896
450000 0.00371821
451000 0.00371762
452000 0.00371702
453000 0.00371648
454000 0.003716
455000 0.00371571
456000 0.0037154
457000 0.00371502
458000 0.00371443
459000 0.00371353
460000 0.00371268
461000 0.00371154
462000 0.00371072
463000 0.00370955
464000 0.00370803
465000 0.00370634
466000 0.00370467
467000 0.00370297
468000 0.00370145
469000 0.00369992
470000 0.00369844
471000 0.00369689
472000 0.00369502
473000 0.00369286
474000 0.00369042
475000 0.00368782
476000 0.00368553
477000 0.00368308
478000 0.00368043
479000 0.00367751
480000 0.00367451
481000 0.00367127
482000 0.00366819
483000 0.00366524
484000 0.00366239
485000 0.00365966
486000 0.00365695
487000 0.0036543
488000 0.00365179
489000 0.00364938
490000 0.00364706
491000 0.00364504
492000 0.00364328
493000 0.00364155
494000 0.00363973
495000 0.00363796
496000 0.00363611
497000 0.00363439
498000 0.00363245
499000 0.00363023
500000 0.00362813
