1000 0.00378173
2000 0.00364946
3000 0.0035924
4000 0.0035866
5000 0.00357282
6000 0.00356189
7000 0.00354308
8000 0.0035379
9000 0.00351799
10000 0.00348884
11000 0.0034507
12000 0.00342041
13000 0.00339633
14000 0.00337454
15000 0.00334917
16000 0.00333141
17000 0.0033247
18000 0.00331874
19000 0.00331204
20000 0.00330311
21000 0.00328956
22000 0.00326604
23000 0.00324602
24000 0.00322814
25000 0.00321872
26000 0.00321742
27000 0.00321255
28000 0.00320431
29000 0.00319352
30000 0.00317854
31000 0.00316088
32000 0.00314597
33000 0.00313707
34000 0.00313258
35000 0.00312749
36000 0.00312336
37000 0.00312028
38000 0.00311472
39000 0.00311204
40000 0.00311217
41000 0.00311004
42000 0.00310719
43000 0.00310247
44000 0.00310048
45000 0.00310008
46000 0.00309904
47000 0.00309565
48000 0.00309213
49000 0.00308824
50000 0.00308704
51000 0.00308753
52000 0.00308866
53000 0.00308905
54000 0.00309029
55000 0.0030924
56000 0.00309307
57000 0.00309189
58000 0.00309289
59000 0.00309451
60000 0.00309375
61000 0.00309245
62000 0.00309111
63000 0.00308844
64000 0.00308688
65000 0.00308561
66000 0.00308376
67000 0.00308377
68000 0.0030835
69000 0.00308254
70000 0.00308274
71000 0.0030818
72000 0.00308103
73000 0.00308014
74000 0.00307778
75000 0.003074
76000 0.00306984
77000 0.00306803
78000 0.00306738
79000 0.00306772
80000 0.00306973
81000 0.00307184
82000 0.00307511
83000 0.00307763
84000 0.0030793
85000 0.00308019
86000 0.00308137
87000 0.003083
88000 0.00308151
89000 0.00308089
90000 0.0030812
91000 0.00308054
92000 0.00308067
93000 0.00308035
94000 0.00308076
95000 0.00308313
96000 0.00308658
97000 0.00309064
98000 0.00309576
99000 0.00310274
100000 0.00311144
101000 0.00312136
102000 0.00313134
103000 0.00314127
104000 0.00315021
105000 0.00315969
106000 0.00317061
107000 0.00318122
108000 0.0031916
109000 0.00320234
110000 0.00321359
111000 0.00322437
112000 0.00323442
113000 0.00324518
114000 0.00325887
115000 0.0032735
116000 0.00328775
117000 0.00330112
118000 0.00331429
119000 0.00332827
120000 0.0033411
121000 0.00335221
122000 0.00336431
123000 0.00337625
124000 0.00338803
125000 0.00339887
126000 0.00341078
127000 0.00342428
128000 0.00343855
129000 0.00345352
130000 0.00346811
131000 0.00348166
132000 0.00349362
133000 0.00350451
134000 0.00351406
135000 0.00352267
136000 0.00353101
137000 0.00353825
138000 0.0035444
139000 0.00354999
140000 0.00355502
141000 0.00356087
142000 0.00356769
143000 0.00357402
144000 0.00357817
145000 0.00358269
146000 0.00358798
147000 0.00359387
148000 0.0036001
149000 0.00360624
150000 0.00361217
151000 0.00361861
152000 0.00362604
153000 0.00363422
154000 0.00364201
155000 0.00364934
156000 0.00365558
157000 0.00366054
158000 0.00366556
159000 0.0036716
160000 0.00367659
161000 0.00368118
162000 0.00368569
163000 0.00369013
164000 0.00369487
165000 0.00369822
166000 0.00370245
167000 0.00370726
168000 0.00371129
169000 0.00371629
170000 0.0037216
171000 0.00372651
172000 0.00373089
173000 0.00373495
174000 0.0037393
175000 0.00374308
176000 0.00374637
177000 0.00374922
178000 0.00375098
179000 0.00375219
180000 0.00375279
181000 0.00375309
182000 0.00375312
183000 0.00375274
184000 0.00375189
185000 0.00375105
186000 0.00374965
187000 0.00374805
188000 0.00374654
189000 0.0037452
190000 0.00374369
191000 0.00374146
192000 0.00374038
193000 0.00374011
194000 0.00373987
195000 0.00373924
196000 0.00373855
197000 0.0037376
198000 0.00373626
199000 0.00373503
200000 0.00373516
201000 0.0037349
202000 0.00373381
203000 0.00373209
204000 0.00372932
205000 0.00372617
206000 0.00372248
207000 0.00371899
208000 0.00371543
209000 0.00371247
210000 0.00370972
211000 0.00370723
212000 0.00370491
213000 0.00370276
214000 0.00370052
215000 0.0036984
216000 0.00369628
217000 0.00369352
218000 0.00369024
219000 0.0036876
220000 0.00368515
221000 0.00368296
222000 0.00368089
223000 0.00367826
224000 0.00367533
225000 0.00367265
226000 0.00366983
227000 0.00366663
228000 0.00366384
229000 0.00366156
230000 0.00365979
231000 0.00365833
232000 0.00365706
233000 0.00365606
234000 0.00365506
235000 0.00365412
236000 0.00365304
237000 0.00365185
238000 0.0036503
239000 0.00364855
240000 0.00364701
241000 0.00364572
242000 0.00364387
243000 0.00364199
244000 0.00364022
245000 0.00363844
246000 0.00363669
247000 0.00363499
248000 0.00363343
249000 0.00363174
250000 0.00362985
251000 0.00362785
252000 0.00362617
253000 0.00362452
254000 0.00362358
255000 0.00362297
256000 0.00362243
257000 0.00362219
258000 0.00362185
259000 0.00362169
260000 0.0036216
261000 0.00362111
262000 0.00362005
263000 0.00361927
264000 0.00361854
265000 0.00361773
266000 0.0036168
267000 0.00361575
268000 0.00361435
269000 0.0036135
270000 0.00361236
271000 0.00361042
272000 0.00360842
273000 0.00360662
274000 0.00360515
275000 0.00360347
276000 0.00360187
277000 0.00360006
278000 0.00359814
279000 0.00359588
280000 0.00359354
281000 0.00359177
282000 0.0035905
283000 0.00358921
284000 0.00358777
285000 0.00358667
286000 0.00358565
287000 0.00358482
288000 0.00358427
289000 0.00358406
290000 0.00358425
291000 0.00358454
292000 0.0035847
293000 0.00358538
294000 0.00358659
295000 0.00358757
296000 0.00358883
297000 0.00359007
298000 0.00359168
299000 0.00359284
300000 0.00359418
301000 0.00359635
302000 0.0035984
303000 0.00360101
304000 0.00360352
305000 0.00360593
306000 0.00360836
307000 0.00361075
308000 0.00361305
309000 0.00361485
310000 0.00361649
311000 0.00361803
312000 0.00361991
313000 0.00362173
314000 0.0036237
315000 0.0036256
316000 0.00362758
317000 0.00362954
318000 0.00363172
319000 0.00363389
320000 0.00363562
321000 0.00363739
322000 0.00363973
323000 0.00364219
324000 0.00364409
325000 0.00364578
326000 0.0036475
327000 0.00364947
328000 0.00365156
329000 0.00365342
330000 0.00365512
331000 0.00365687
332000 0.00365853
333000 0.00365973
334000 0.0036609
335000 0.00366228
336000 0.00366279
337000 0.00366293
338000 0.00366322
339000 0.00366385
340000 0.00366424
341000 0.00366431
342000 0.0036641
343000 0.00366422
344000 0.00366395
345000 0.0036635
346000 0.00366327
347000 0.00366353
348000 0.00366439
349000 0.00366524
350000 0.0036658
351000 0.00366632
352000 0.00366704
353000 0.00366759
354000 0.0036676
355000 0.00366787
356000 0.00366807
357000 0.00366769
358000 0.00366689
359000 0.00366604
360000 0.00366506
361000 0.00366423
362000 0.00366333
363000 0.00366274
364000 0.0036627
365000 0.00366288
366000 0.00366313
367000 0.00366325
368000 0.00366325
369000 0.00366298
370000 0.00366263
371000 0.00366227
372000 0.00366195
373000 0.00366142
374000 0.00366074
375000 0.00365985
376000 0.00365872
377000 0.0036574
378000 0.00365595
379000 0.00365472
380000 0.00365341
381000 0.00365217
382000 0.00365109
383000 0.00365023
384000 0.00364969
385000 0.003649
386000 0.00364827
387000 0.00364773
388000 0.0036472
389000 0.00364677
390000 0.00364628
391000 0.00364604
392000 0.00364589
393000 0.0036461
394000 0.00364687
395000 0.00364766
396000 0.00364854
397000 0.00364908
398000 0.00364955
399000 0.00365009
400000 0.00365067
401000 0.00365087
402000 0.00365119
403000 0.0036517
404000 0.00365245
405000 0.00365315
406000 0.00365347
407000 0.00365362
408000 0.00365352
409000 0.00365341
410000 0.00365355
411000 0.00365372
412000 0.00365392
413000 0.00365437
414000 0.00365472
415000 0.00365505
416000 0.00365553
417000 0.00365615
418000 0.00365718
419000 0.00365844
420000 0.00365959
421000 0.00366135
422000 0.00366329
423000 0.00366532
424000 0.00366727
425000 0.00366891
426000 0.00367057
427000 0.00367193
428000 0.00367305
429000 0.00367385
430000 0.00367462
431000 0.00367537
432000 0.00367604
433000 0.00367639
434000 0.00367666
435000 0.00367726
436000 0.00367815
437000 0.00367898
438000 0.00367986
439000 0.00368082
440000 0.00368183
441000 0.0036829
442000 0.00368388
443000 0.00368457
444000 0.00368518
445000 0.00368564
446000 0.00368631
447000 0.0036868
448000 0.00368735
449000 0.00368786
450000 0.00368814
451000 0.00368834
452000 0.00368849
453000 0.00368817
454000 0.00368729
455000 0.00368646
456000 0.00368547
457000 0.00368429
458000 0.00368307
459000 0.00368184
460000 0.00368061
461000 0.00367951
462000 0.00367869
463000 0.00367828
464000 0.00367813
465000 0.00367806
466000 0.00367808
467000 0.00367796
468000 0.003678
469000 0.0036782
470000 0.00367829
471000 0.00367843
472000 0.0036783
473000 0.00367799
474000 0.00367782
475000 0.00367771
476000 0.00367755
477000 0.00367732
478000 0.0036769
479000 0.0036762
480000 0.00367529
481000 0.00367445
482000 0.00367355
483000 0.00367284
484000 0.0036719
485000 0.00367078
486000 0.00366978
487000 0.00366908
488000 0.00366858
489000 0.00366766
490000 0.00366672
491000 0.0036659
492000 0.00366534
493000 0.00366495
494000 0.00366429
495000 0.00366347
496000 0.00366264
497000 0.0036619
498000 0.00366129
499000 0.00366091
500000 0.00366061
