1000 0.00367628
2000 0.00370177
3000 0.00372469
4000 0.00373591
5000 0.00377579
6000 0.00383401
7000 0.00388866
8000 0.00391537
9000 0.00392059
10000 0.00392399
11000 0.00393433
12000 0.00394159
13000 0.0039554
14000 0.0039732
15000 0.0039841
16000 0.00400631
17000 0.00401817
18000 0.00403496
19000 0.00404796
20000 0.00406405
21000 0.00407011
22000 0.00407538
23000 0.00408561
24000 0.00408969
25000 0.00409188
26000 0.00409443
27000 0.00409898
28000 0.00410623
29000 0.00411233
30000 0.00411749
31000 0.00412181
32000 0.00412427
33000 0.00412274
34000 0.00411518
35000 0.00410829
36000 0.00410203
37000 0.00409691
38000 0.00409379
39000 0.00409227
40000 0.00409079
41000 0.00408889
42000 0.00408502
43000 0.00408048
44000 0.00408053
45000 0.00408178
46000 0.00408455
47000 0.00408603
48000 0.00408159
49000 0.00407562
50000 0.00407067
51000 0.0040628
52000 0.00405438
53000 0.00404993
54000 0.00404611
55000 0.00404064
56000 0.00403531
57000 0.00402789
58000 0.00401964
59000 0.00401152
60000 0.00400461
61000 0.0040011
62000 0.00399786
63000 0.0039952
64000 0.00399362
65000 0.00399447
66000 0.00399467
67000 0.0039937
68000 0.0039913
69000 0.00398744
70000 0.00398096
71000 0.00397234
72000 0.00396144
73000 0.00395176
74000 0.0039428
75000 0.00393357
76000 0.00392631
77000 0.00391964
78000 0.00391342
79000 0.00390769
80000 0.00390359
81000 0.00390018
82000 0.00389662
83000 0.00389398
84000 0.00389144
85000 0.00388917
86000 0.00388743
87000 0.0038865
88000 0.00388594
89000 0.00388759
90000 0.00389079
91000 0.00389352
92000 0.00389475
93000 0.00389644
94000 0.00389883
95000 0.0039007
96000 0.00390166
97000 0.00390263
98000 0.00390314
99000 0.00390403
100000 0.00390407
101000 0.00390383
102000 0.00390264
103000 0.00390055
104000 0.00389992
105000 0.00390079
106000 0.00390017
107000 0.00390052
108000 0.00390291
109000 0.00390428
110000 0.00390694
111000 0.00391012
112000 0.00391515
113000 0.00391986
114000 0.00392476
115000 0.00392839
116000 0.00393198
117000 0.0039347
118000 0.00393706
119000 0.00394127
120000 0.00394611
121000 0.00395132
122000 0.00395613
123000 0.00396101
124000 0.0039654
125000 0.00396878
126000 0.00397331
127000 0.0039777
128000 0.00397999
129000 0.00398101
130000 0.00398066
131000 0.00397931
132000 0.00397762
133000 0.00397629
134000 0.00397428
135000 0.00397179
136000 0.0039685
137000 0.00396482
138000 0.00396154
139000 0.00395955
140000 0.00395661
141000 0.00395312
142000 0.00394965
143000 0.00394646
144000 0.00394368
145000 0.00394124
146000 0.00393962
147000 0.00393777
148000 0.00393572
149000 0.00393364
150000 0.0039319
151000 0.00393027
152000 0.00392838
153000 0.00392682
154000 0.00392501
155000 0.0039221
156000 0.00391903
157000 0.00391548
158000 0.00391212
159000 0.00390929
160000 0.00390697
161000 0.00390422
162000 0.00390206
163000 0.0038998
164000 0.00389732
165000 0.00389556
166000 0.00389451
167000 0.00389391
168000 0.00389341
169000 0.0038927
170000 0.00389203
171000 0.00389205
172000 0.00389242
173000 0.00389241
174000 0.00389282
175000 0.00389386
176000 0.00389446
177000 0.00389498
178000 0.00389608
179000 0.0038961
180000 0.00389645
181000 0.0038973
182000 0.00389837
183000 0.00389859
184000 0.00389769
185000 0.00389732
186000 0.00389759
187000 0.00389743
188000 0.00389747
189000 0.00389731
190000 0.00389664
191000 0.00389638
192000 0.00389669
193000 0.0038972
194000 0.00389796
195000 0.00389875
196000 0.00389964
197000 0.00390024
198000 0.00390127
199000 0.00390149
200000 0.00390134
201000 0.00390057
202000 0.0038993
203000 0.00389804
204000 0.00389704
205000 0.00389679
206000 0.00389683
207000 0.00389583
208000 0.00389398
209000 0.00389147
210000 0.00388866
211000 0.00388544
212000 0.00388208
213000 0.00387841
214000 0.00387433
215000 0.00387023
216000 0.0038663
217000 0.00386233
218000 0.003858
219000 0.0038533
220000 0.00384821
221000 0.00384279
222000 0.00383755
223000 0.00383318
224000 0.003829
225000 0.0038252
226000 0.00382211
227000 0.0038198
228000 0.00381852
229000 0.00381738
230000 0.00381606
231000 0.00381535
232000 0.0038144
233000 0.0038134
234000 0.00381228
235000 0.00381107
236000 0.00381005
237000 0.00380914
238000 0.00380815
239000 0.00380784
240000 0.00380771
241000 0.00380777
242000 0.0038082
243000 0.00380892
244000 0.00380907
245000 0.00380936
246000 0.00381
247000 0.00381042
248000 0.00381055
249000 0.00381021
250000 0.00381053
251000 0.00381121
252000 0.00381171
253000 0.0038124
254000 0.00381287
255000 0.00381267
256000 0.00381203
257000 0.0038109
258000 0.00380974
259000 0.00380844
260000 0.00380642
261000 0.00380437
262000 0.00380178
263000 0.00379917
264000 0.00379661
265000 0.00379377
266000 0.00379092
267000 0.00378832
268000 0.00378528
269000 0.00378237
270000 0.0037796
271000 0.00377705
272000 0.00377443
273000 0.00377197
274000 0.00376944
275000 0.00376661
276000 0.00376318
277000 0.00375973
278000 0.00375651
279000 0.0037536
280000 0.00375058
281000 0.00374719
282000 0.00374326
283000 0.00373866
284000 0.0037338
285000 0.00372923
286000 0.00372496
287000 0.00372087
288000 0.00371691
289000 0.00371312
290000 0.0037097
291000 0.00370649
292000 0.00370316
293000 0.00370043
294000 0.00369742
295000 0.00369425
296000 0.00369103
297000 0.00368825
298000 0.00368596
299000 0.00368332
300000 0.00368062
301000 0.00367759
302000 0.00367478
303000 0.00367208
304000 0.00366908
305000 0.00366611
306000 0.00366361
307000 0.00366142
308000 0.00365946
309000 0.00365772
310000 0.00365649
311000 0.00365591
312000 0.00365513
313000 0.00365405
314000 0.00365343
315000 0.00365269
316000 0.0036518
317000 0.00365075
318000 0.00364973
319000 0.00364855
320000 0.00364785
321000 0.00364754
322000 0.00364755
323000 0.00364746
324000 0.00364759
325000 0.0036474
326000 0.00364734
327000 0.00364717
328000 0.00364635
329000 0.00364476
330000 0.00364284
331000 0.00364143
332000 0.00364042
333000 0.00363951
334000 0.00363847
335000 0.00363717
336000 0.00363574
337000 0.00363418
338000 0.00363262
339000 0.00363157
340000 0.00363053
341000 0.00362955
342000 0.00362844
343000 0.00362724
344000 0.00362598
345000 0.00362475
346000 0.00362371
347000 0.00362264
348000 0.00362146
349000 0.0036205
350000 0.0036198
351000 0.00361941
352000 0.0036189
353000 0.00361833
354000 0.00361817
355000 0.00361823
356000 0.00361823
357000 0.00361806
358000 0.00361782
359000 0.00361754
360000 0.00361753
361000 0.00361774
362000 0.00361831
363000 0.00361857
364000 0.0036185
365000 0.00361876
366000 0.00361855
367000 0.00361832
368000 0.00361815
369000 0.00361783
370000 0.00361743
371000 0.00361685
372000 0.00361608
373000 0.00361524
374000 0.00361406
375000 0.00361292
376000 0.00361186
377000 0.00361079
378000 0.00360992
379000 0.00360941
380000 0.00360909
381000 0.00360885
382000 0.00360884
383000 0.00360891
384000 0.00360948
385000 0.00361026
386000 0.0036115
387000 0.00361241
388000 0.00361341
389000 0.0036148
390000 0.003616
391000 0.00361691
392000 0.0036174
393000 0.00361819
394000 0.00361889
395000 0.00361901
396000 0.00361932
397000 0.00361921
398000 0.00361885
399000 0.00361828
400000 0.00361742
401000 0.00361654
402000 0.00361559
403000 0.00361495
404000 0.00361447
405000 0.00361439
406000 0.00361422
407000 0.00361373
408000 0.00361324
409000 0.00361241
410000 0.00361172
411000 0.00361113
412000 0.00361065
413000 0.00361041
414000 0.00361053
415000 0.00361077
416000 0.00361126
417000 0.00361152
418000 0.00361174
419000 0.00361188
420000 0.00361162
421000 0.00361116
422000 0.00361091
423000 0.00361083
424000 0.0036102
425000 0.00360925
426000 0.0036086
427000 0.00360837
428000 0.003608
429000 0.00360752
430000 0.00360689
431000 0.00360652
432000 0.00360649
433000 0.00360634
434000 0.00360646
435000 0.0036065
436000 0.00360607
437000 0.00360565
438000 0.00360521
439000 0.00360457
440000 0.00360426
441000 0.00360388
442000 0.00360361
443000 0.00360344
444000 0.00360324
445000 0.00360294
446000 0.00360264
447000 0.00360247
448000 0.00360228
449000 0.00360191
450000 0.00360136
451000 0.00360074
452000 0.00360003
453000 0.00359957
454000 0.00359878
455000 0.00359768
456000 0.0035968
457000 0.0035961
458000 0.00359545
459000 0.00359476
460000 0.00359407
461000 0.00359375
462000 0.00359341
463000 0.00359292
464000 0.00359217
465000 0.00359152
466000 0.00359078
467000 0.00359001
468000 0.00358905
469000 0.003588
470000 0.00358704
471000 0.00358645
472000 0.00358609
473000 0.00358604
474000 0.00358605
475000 0.00358615
476000 0.00358589
477000 0.00358544
478000 0.00358508
479000 0.00358479
480000 0.00358432
481000 0.00358402
482000 0.00358357
483000 0.00358344
484000 0.00358345
485000 0.0035836
486000 0.00358375
487000 0.00358374
488000 0.00358381
489000 0.00358412
490000 0.00358461
491000 0.00358526
492000 0.00358618
493000 0.00358747
494000 0.00358872
495000 0.00358982
496000 0.00359056
497000 0.00359125
498000 0.00359192
499000 0.00359235
500000 0.00359276
