1000 0.00384723
2000 0.00379913
3000 0.00371315
4000 0.00366381
5000 0.00365101
6000 0.00365371
7000 0.00365437
8000 0.00362916
9000 0.003605
10000 0.00359807
11000 0.00360372
12000 0.00362159
13000 0.00364056
14000 0.00366081
15000 0.00368818
16000 0.00371201
17000 0.003724
18000 0.00372724
19000 0.00372586
20000 0.00372619
21000 0.00372427
22000 0.00371425
23000 0.00369832
24000 0.0036862
25000 0.00368012
26000 0.00367475
27000 0.00366763
28000 0.00365607
29000 0.00364601
30000 0.00363411
31000 0.00362077
32000 0.00360881
33000 0.00359452
34000 0.00357917
35000 0.00356463
36000 0.00355108
37000 0.00353398
38000 0.00351979
39000 0.00350741
40000 0.00349497
41000 0.00348627
42000 0.00347617
43000 0.00346624
44000 0.00345302
45000 0.0034394
46000 0.00342508
47000 0.00341422
48000 0.00340446
49000 0.00339458
50000 0.00338658
51000 0.00338079
52000 0.00337717
53000 0.0033768
54000 0.00337571
55000 0.0033763
56000 0.00337768
57000 0.00337953
58000 0.00338198
59000 0.00338061
60000 0.00337679
61000 0.00337067
62000 0.00336493
63000 0.00336028
64000 0.00335589
65000 0.00335017
66000 0.00334312
67000 0.00333662
68000 0.00332925
69000 0.00332433
70000 0.0033194
71000 0.00331487
72000 0.00330964
73000 0.00330548
74000 0.00330139
75000 0.0032967
76000 0.00329255
77000 0.00328742
78000 0.00328272
79000 0.00327834
80000 0.00327402
81000 0.00327018
82000 0.00326658
83000 0.0032639
84000 0.00326394
85000 0.00326374
86000 0.00326304
87000 0.00326299
88000 0.00326316
89000 0.00326437
90000 0.00326445
91000 0.00326447
92000 0.00326336
93000 0.00326183
94000 0.00326122
95000 0.00326129
96000 0.00326106
97000 0.00326102
98000 0.00326063
99000 0.00326065
100000 0.00326041
101000 0.0032584
102000 0.00325521
103000 0.00325165
104000 0.00324863
105000 0.00324684
106000 0.00324539
107000 0.00324457
108000 0.00324347
109000 0.00324173
110000 0.00323995
111000 0.0032385
112000 0.00323811
113000 0.00323878
114000 0.00324024
115000 0.0032436
116000 0.00324764
117000 0.00325192
118000 0.00325508
119000 0.00325827
120000 0.00326136
121000 0.00326523
122000 0.00326822
123000 0.00327112
124000 0.00327333
125000 0.00327504
126000 0.00327627
127000 0.0032774
128000 0.00327836
129000 0.0032793
130000 0.0032812
131000 0.003283
132000 0.0032852
133000 0.00328675
134000 0.00328834
135000 0.00329111
136000 0.00329444
137000 0.00329842
138000 0.00330158
139000 0.00330364
140000 0.00330539
141000 0.00330554
142000 0.00330573
143000 0.00330648
144000 0.00330792
145000 0.00331033
146000 0.00331306
147000 0.00331551
148000 0.00331815
149000 0.00332109
150000 0.00332365
151000 0.00332605
152000 0.00332833
153000 0.00333042
154000 0.00333204
155000 0.00333328
156000 0.00333347
157000 0.00333367
158000 0.00333384
159000 0.00333429
160000 0.00333475
161000 0.00333521
162000 0.00333534
163000 0.00333514
164000 0.00333567
165000 0.00333738
166000 0.00333947
167000 0.00334185
168000 0.00334442
169000 0.00334589
170000 0.00334761
171000 0.00334903
172000 0.00335037
173000 0.00335141
174000 0.00335253
175000 0.00335321
176000 0.00335374
177000 0.00335408
178000 0.00335392
179000 0.00335275
180000 0.00335141
181000 0.00334984
182000 0.00334754
183000 0.00334441
184000 0.00334113
185000 0.00333697
186000 0.00333251
187000 0.00332893
188000 0.00332559
189000 0.00332292
190000 0.00332114
191000 0.00331942
192000 0.0033177
193000 0.00331585
194000 0.00331401
195000 0.00331183
196000 0.00330966
197000 0.00330763
198000 0.00330593
199000 0.00330367
200000 0.00330122
201000 0.00329853
202000 0.00329585
203000 0.00329291
204000 0.00328992
205000 0.00328705
206000 0.00328437
207000 0.00328183
208000 0.00327987
209000 0.00327762
210000 0.00327544
211000 0.0032729
212000 0.00327049
213000 0.00326875
214000 0.00326691
215000 0.0032651
216000 0.00326377
217000 0.00326199
218000 0.00325991
219000 0.0032583
220000 0.00325697
221000 0.0032548
222000 0.00325238
223000 0.0032495
224000 0.0032465
225000 0.00324341
226000 0.0032405
227000 0.00323816
228000 0.00323582
229000 0.00323413
230000 0.00323214
231000 0.00322958
232000 0.00322716
233000 0.00322447
234000 0.0032212
235000 0.00321776
236000 0.00321447
237000 0.00321108
238000 0.00320791
239000 0.00320499
240000 0.00320252
241000 0.00320044
242000 0.00319836
243000 0.00319639
244000 0.00319471
245000 0.00319288
246000 0.00319053
247000 0.00318851
248000 0.00318644
249000 0.00318451
250000 0.00318285
251000 0.00318137
252000 0.00317997
253000 0.0031785
254000 0.00317742
255000 0.00317637
256000 0.00317542
257000 0.00317412
258000 0.00317238
259000 0.00317069
260000 0.00316917
261000 0.00316705
262000 0.00316534
263000 0.00316391
264000 0.00316237
265000 0.0031607
266000 0.003159
267000 0.00315739
268000 0.00315636
269000 0.0031564
270000 0.00315621
271000 0.00315517
272000 0.00315403
273000 0.00315312
274000 0.00315159
275000 0.00314977
276000 0.00314825
277000 0.00314694
278000 0.00314584
279000 0.00314488
280000 0.00314429
281000 0.00314355
282000 0.0031426
283000 0.00314135
284000 0.00313959
285000 0.0031374
286000 0.00313504
287000 0.00313267
288000 0.0031307
289000 0.00312853
290000 0.00312638
291000 0.00312464
292000 0.00312309
293000 0.00312165
294000 0.00312062
295000 0.00311981
296000 0.00311897
297000 0.00311823
298000 0.00311707
299000 0.0031158
300000 0.00311451
301000 0.00311293
302000 0.00311125
303000 0.00310908
304000 0.00310676
305000 0.00310454
306000 0.00310244
307000 0.00310036
308000 0.00309812
309000 0.00309595
310000 0.00309373
311000 0.00309154
312000 0.00308927
313000 0.00308704
314000 0.00308514
315000 0.00308324
316000 0.00308161
317000 0.00308004
318000 0.00307845
319000 0.00307726
320000 0.00307652
321000 0.00307604
322000 0.00307563
323000 0.00307505
324000 0.00307431
325000 0.00307362
326000 0.00307321
327000 0.0030727
328000 0.0030722
329000 0.00307167
330000 0.00307146
331000 0.00307194
332000 0.00307264
333000 0.00307356
334000 0.00307463
335000 0.00307578
336000 0.00307697
337000 0.00307777
338000 0.00307822
339000 0.00307907
340000 0.00308028
341000 0.00308116
342000 0.00308208
343000 0.00308298
344000 0.00308392
345000 0.00308462
346000 0.00308515
347000 0.00308574
348000 0.0030865
349000 0.00308726
350000 0.00308809
351000 0.00308909
352000 0.00308985
353000 0.00309081
354000 0.00309203
355000 0.0030935
356000 0.0030949
357000 0.00309644
358000 0.00309831
359000 0.00310017
360000 0.00310209
361000 0.00310406
362000 0.00310619
363000 0.00310832
364000 0.00311008
365000 0.00311186
366000 0.00311318
367000 0.00311395
368000 0.0031148
369000 0.00311579
370000 0.00311674
371000 0.00311741
372000 0.00311761
373000 0.00311836
374000 0.00311922
375000 0.00311976
376000 0.00312
377000 0.00311984
378000 0.00311907
379000 0.00311817
380000 0.00311745
381000 0.00311679
382000 0.00311617
383000 0.00311571
384000 0.0031153
385000 0.00311508
386000 0.00311497
387000 0.00311465
388000 0.003114
389000 0.00311319
390000 0.00311244
391000 0.00311158
392000 0.0031105
393000 0.00310955
394000 0.00310844
395000 0.00310747
396000 0.00310703
397000 0.00310672
398000 0.00310659
399000 0.00310623
400000 0.00310562
401000 0.00310479
402000 0.00310409
403000 0.00310352
404000 0.00310315
405000 0.00310288
406000 0.00310247
407000 0.00310186
408000 0.00310102
409000 0.00310018
410000 0.00309928
411000 0.00309826
412000 0.00309716
413000 0.00309624
414000 0.00309527
415000 0.00309395
416000 0.00309257
417000 0.0030911
418000 0.00308975
419000 0.00308856
420000 0.00308766
421000 0.00308681
422000 0.0030858
423000 0.00308474
424000 0.00308368
425000 0.00308272
426000 0.00308181
427000 0.00308067
428000 0.00307949
429000 0.00307845
430000 0.00307719
431000 0.00307581
432000 0.00307424
433000 0.00307261
434000 0.00307142
435000 0.00307012
436000 0.00306876
437000 0.00306725
438000 0.00306563
439000 0.00306413
440000 0.00306281
441000 0.00306154
442000 0.00306046
443000 0.00305949
444000 0.00305866
445000 0.00305789
446000 0.0030572
447000 0.00305663
448000 0.00305582
449000 0.00305491
450000 0.00305399
451000 0.00305283
452000 0.00305146
453000 0.00305004
454000 0.00304874
455000 0.00304759
456000 0.00304665
457000 0.00304566
458000 0.00304488
459000 0.00304436
460000 0.00304376
461000 0.00304332
462000 0.00304301
463000 0.00304275
464000 0.00304265
465000 0.00304273
466000 0.00304293
467000 0.00304304
468000 0.00304273
469000 0.00304223
470000 0.00304177
471000 0.00304109
472000 0.00304048
473000 0.00303989
474000 0.00303905
475000 0.00303822
476000 0.00303763
477000 0.00303739
478000 0.00303707
479000 0.00303676
480000 0.00303657
481000 0.00303644
482000 0.00303635
483000 0.00303601
484000 0.00303563
485000 0.00303506
486000 0.00303448
487000 0.00303393
488000 0.00303365
489000 0.00303338
490000 0.00303292
491000 0.00303202
492000 0.00303106
493000 0.00303025
494000 0.00302958
495000 0.00302895
496000 0.00302837
497000 0.00302759
498000 0.00302699
499000 0.00302661
500000 0.00302666
