1000 0.00237763
2000 0.00237848
3000 0.00237576
4000 0.0023768
5000 0.00238029
6000 0.0023849
7000 0.00239925
8000 0.00242389
9000 0.00245013
10000 0.00246943
11000 0.00249102
12000 0.0025103
13000 0.00253776
14000 0.00256272
15000 0.00258025
16000 0.00259664
17000 0.0026118
18000 0.0026283
19000 0.00265127
20000 0.00267073
21000 0.00268638
22000 0.00270554
23000 0.00272542
24000 0.0027407
25000 0.00275297
26000 0.00276652
27000 0.00278393
28000 0.0027988
29000 0.00281173
30000 0.00282384
31000 0.00283522
32000 0.00284411
33000 0.00285142
34000 0.0028574
35000 0.00286306
36000 0.00286786
37000 0.00287013
38000 0.00286986
39000 0.00286652
40000 0.00286404
41000 0.00286481
42000 0.00286637
43000 0.0028672
44000 0.0028684
45000 0.00287042
46000 0.00287413
47000 0.00287797
48000 0.00288085
49000 0.0028851
50000 0.00288945
51000 0.00289366
52000 0.00289888
53000 0.00290061
54000 0.00290055
55000 0.00290095
56000 0.00290227
57000 0.00290263
58000 0.00290109
59000 0.00289989
60000 0.002898
61000 0.0028947
62000 0.0028938
63000 0.00289443
64000 0.00289415
65000 0.00289488
66000 0.00289694
67000 0.00289807
68000 0.00289884
69000 0.00289944
70000 0.00289998
71000 0.00290057
72000 0.00289925
73000 0.00289984
74000 0.00290031
75000 0.00290209
76000 0.00290406
77000 0.00290598
78000 0.0029096
79000 0.00291384
80000 0.00291752
81000 0.00292127
82000 0.00292575
83000 0.00293054
84000 0.00293532
85000 0.00293883
86000 0.00294281
87000 0.00294699
88000 0.00295125
89000 0.00295549
90000 0.00296044
91000 0.0029658
92000 0.00297139
93000 0.00297676
94000 0.00298137
95000 0.00298657
96000 0.00299176
97000 0.00299688
98000 0.0030021
99000 0.00300873
100000 0.00301468
101000 0.00302146
102000 0.00302846
103000 0.00303654
104000 0.00304434
105000 0.00305157
106000 0.00305794
107000 0.00306391
108000 0.00306993
109000 0.00307607
110000 0.00308148
111000 0.00308736
112000 0.00309291
113000 0.00309853
114000 0.00310494
115000 0.00311128
116000 0.00311874
117000 0.00312816
118000 0.00313799
119000 0.00314756
120000 0.00315673
121000 0.00316494
122000 0.00317447
123000 0.0031839
124000 0.0031935
125000 0.00320302
126000 0.00321193
127000 0.00322053
128000 0.00322954
129000 0.00323897
130000 0.00324849
131000 0.0032562
132000 0.00326271
133000 0.00326833
134000 0.00327291
135000 0.00327754
136000 0.00328327
137000 0.00328977
138000 0.00329625
139000 0.00330206
140000 0.00330832
141000 0.00331549
142000 0.00332362
143000 0.00333207
144000 0.00334113
145000 0.00334991
146000 0.00335941
147000 0.00336934
148000 0.00337902
149000 0.0033878
150000 0.00339662
151000 0.00340476
152000 0.00341325
153000 0.00342235
154000 0.00343217
155000 0.00344167
156000 0.00345232
157000 0.00346294
158000 0.00347339
159000 0.00348453
160000 0.00349597
161000 0.00350725
162000 0.00351959
163000 0.00353272
164000 0.00354509
165000 0.00355703
166000 0.00356943
167000 0.00358289
168000 0.00359539
169000 0.0036066
170000 0.0036169
171000 0.00362675
172000 0.00363732
173000 0.00364789
174000 0.00365741
175000 0.00366641
176000 0.00367429
177000 0.00368258
178000 0.00369061
179000 0.00369855
180000 0.00370752
181000 0.0037168
182000 0.00372575
183000 0.00373424
184000 0.00374177
185000 0.00374699
186000 0.00375226
187000 0.00375691
188000 0.00376236
189000 0.00376817
190000 0.00377388
191000 0.00377975
192000 0.00378626
193000 0.00379274
194000 0.00379832
195000 0.00380372
196000 0.00380806
197000 0.00381222
198000 0.00381534
199000 0.00381841
200000 0.00382165
201000 0.00382472
202000 0.00382726
203000 0.00382952
204000 0.00383165
205000 0.00383374
206000 0.00383534
207000 0.00383639
208000 0.00383746
209000 0.00383922
210000 0.00384143
211000 0.00384452
212000 0.00384744
213000 0.00385012
214000 0.00385258
215000 0.00385494
216000 0.0038573
217000 0.00385984
218000 0.00386238
219000 0.00386462
220000 0.00386667
221000 0.0038684
222000 0.0038688
223000 0.00386826
224000 0.00386775
225000 0.00386774
226000 0.00386757
227000 0.00386776
228000 0.00386775
229000 0.00386774
230000 0.00386746
231000 0.00386721
232000 0.00386712
233000 0.00386701
234000 0.00386727
235000 0.00386732
236000 0.00386715
237000 0.00386749
238000 0.00386792
239000 0.00386845
240000 0.00386832
241000 0.00386756
242000 0.00386642
243000 0.00386554
244000 0.00386482
245000 0.00386379
246000 0.00386266
247000 0.003861
248000 0.00385831
249000 0.00385584
250000 0.0038535
251000 0.00385171
252000 0.00384999
253000 0.00384835
254000 0.00384659
255000 0.00384477
256000 0.00384274
257000 0.00384099
258000 0.00383914
259000 0.00383765
260000 0.00383634
261000 0.0038349
262000 0.00383283
263000 0.00383064
264000 0.00382837
265000 0.00382592
266000 0.00382324
267000 0.00382041
268000 0.00381723
269000 0.00381411
270000 0.00381091
271000 0.00380732
272000 0.00380384
273000 0.00380032
274000 0.00379669
275000 0.0037927
276000 0.00378874
277000 0.00378502
278000 0.00378182
279000 0.0037785
280000 0.00377518
281000 0.00377195
282000 0.00376869
283000 0.00376593
284000 0.00376307
285000 0.0037599
286000 0.00375671
287000 0.00375361
288000 0.00375047
289000 0.00374733
290000 0.00374457
291000 0.00374191
292000 0.0037391
293000 0.00373635
294000 0.00373372
295000 0.00373067
296000 0.00372772
297000 0.003725
298000 0.00372228
299000 0.00371912
300000 0.00371618
301000 0.00371338
302000 0.00371036
303000 0.00370718
304000 0.00370416
305000 0.00370098
306000 0.0036979
307000 0.00369495
308000 0.00369196
309000 0.0036889
310000 0.00368552
311000 0.00368209
312000 0.00367878
313000 0.00367551
314000 0.0036719
315000 0.00366834
316000 0.00366493
317000 0.00366137
318000 0.0036576
319000 0.0036537
320000 0.00364963
321000 0.00364531
322000 0.0036406
323000 0.00363588
324000 0.00363108
325000 0.00362625
326000 0.00362175
327000 0.00361731
328000 0.00361291
329000 0.00360878
330000 0.00360464
331000 0.00360057
332000 0.00359652
333000 0.0035924
334000 0.00358833
335000 0.00358434
336000 0.00358036
337000 0.00357646
338000 0.00357242
339000 0.00356826
340000 0.00356424
341000 0.00356035
342000 0.00355693
343000 0.00355345
344000 0.00354992
345000 0.00354609
346000 0.00354253
347000 0.00353914
348000 0.00353599
349000 0.00353282
350000 0.00352999
351000 0.00352717
352000 0.00352408
353000 0.00352082
354000 0.0035178
355000 0.00351547
356000 0.00351328
357000 0.00351114
358000 0.00350915
359000 0.00350683
360000 0.00350433
361000 0.00350205
362000 0.00349948
363000 0.00349709
364000 0.00349492
365000 0.00349249
366000 0.00348999
367000 0.00348727
368000 0.00348469
369000 0.00348216
370000 0.00347953
371000 0.00347716
372000 0.00347474
373000 0.0034724
374000 0.00346982
375000 0.00346712
376000 0.00346465
377000 0.00346212
378000 0.00345963
379000 0.00345735
380000 0.00345521
381000 0.00345296
382000 0.00345092
383000 0.0034488
384000 0.00344684
385000 0.0034451
386000 0.00344309
387000 0.00344074
388000 0.00343851
389000 0.00343642
390000 0.0034348
391000 0.00343342
392000 0.0034321
393000 0.00343106
394000 0.00343003
395000 0.0034289
396000 0.00342721
397000 0.00342536
398000 0.00342332
399000 0.00342115
400000 0.00341905
401000 0.00341728
402000 0.0034157
403000 0.00341435
404000 0.00341293
405000 0.00341133
406000 0.00340977
407000 0.00340821
408000 0.00340638
409000 0.00340415
410000 0.00340156
411000 0.0033988
412000 0.00339588
413000 0.00339306
414000 0.00339031
415000 0.0033876
416000 0.00338492
417000 0.00338187
418000 0.00337906
419000 0.00337647
420000 0.00337373
421000 0.00337103
422000 0.00336832
423000 0.00336584
424000 0.0033636
425000 0.00336147
426000 0.00335939
427000 0.00335749
428000 0.00335568
429000 0.0033541
430000 0.00335239
431000 0.00335069
432000 0.00334928
433000 0.00334791
434000 0.0033466
435000 0.0033453
436000 0.00334414
437000 0.00334303
438000 0.00334191
439000 0.00334065
440000 0.00333926
441000 0.00333774
442000 0.0033362
443000 0.00333447
444000 0.00333231
445000 0.00333027
446000 0.00332802
447000 0.00332569
448000 0.00332357
449000 0.00332141
450000 0.00331898
451000 0.00331628
452000 0.00331339
453000 0.00331014
454000 0.00330686
455000 0.00330382
456000 0.00330104
457000 0.00329828
458000 0.00329555
459000 0.00329291
460000 0.00329021
461000 0.0032876
462000 0.00328502
463000 0.00328263
464000 0.00328033
465000 0.00327821
466000 0.00327612
467000 0.00327424
468000 0.00327241
469000 0.00327097
470000 0.00326949
471000 0.00326783
472000 0.00326618
473000 0.00326431
474000 0.00326246
475000 0.00326051
476000 0.00325835
477000 0.00325624
478000 0.00325421
479000 0.00325209
480000 0.00325025
481000 0.00324855
482000 0.00324679
483000 0.00324512
484000 0.00324338
485000 0.00324161
486000 0.00323979
487000 0.00323799
488000 0.00323614
489000 0.00323412
490000 0.00323225
491000 0.00323031
492000 0.00322827
493000 0.00322601
494000 0.00322384
495000 0.003222
496000 0.0032201
497000 0.00321809
498000 0.00321603
499000 0.00321406
500000 0.00321198
