1000 0.00148435
2000 0.00148677
3000 0.00147148
4000 0.00144605
5000 0.00142396
6000 0.00140909
7000 0.00140912
8000 0.00141861
9000 0.00142397
10000 0.00142398
11000 0.00142117
12000 0.00141988
13000 0.00141605
14000 0.00140988
15000 0.00140662
16000 0.00140518
17000 0.00140529
18000 0.00140622
19000 0.00140992
20000 0.0014149
21000 0.00141976
22000 0.00142645
23000 0.00143159
24000 0.00143298
25000 0.00143418
26000 0.00143495
27000 0.0014332
28000 0.00143051
29000 0.0014288
30000 0.0014274
31000 0.00142885
32000 0.00143198
33000 0.00143568
34000 0.00143702
35000 0.00143888
36000 0.0014412
37000 0.00144329
38000 0.0014457
39000 0.00144833
40000 0.00145386
41000 0.00146133
42000 0.00146935
43000 0.00147655
44000 0.00148371
45000 0.00148879
46000 0.00149451
47000 0.00150151
48000 0.0015087
49000 0.00151562
50000 0.0015225
51000 0.00153094
52000 0.00154079
53000 0.00155111
54000 0.00156207
55000 0.00157346
56000 0.00158416
57000 0.0015931
58000 0.00160041
59000 0.00160813
60000 0.0016177
61000 0.0016277
62000 0.0016398
63000 0.00165197
64000 0.00166347
65000 0.00167467
66000 0.00168772
67000 0.00170108
68000 0.00171455
69000 0.00172685
70000 0.00173805
71000 0.00174975
72000 0.0017619
73000 0.00177009
74000 0.00177825
75000 0.00178694
76000 0.00179589
77000 0.00180548
78000 0.00181519
79000 0.00182367
80000 0.0018314
81000 0.00183805
82000 0.00184513
83000 0.00185335
84000 0.00186142
85000 0.00187103
86000 0.00188026
87000 0.00188939
88000 0.00189792
89000 0.00190561
90000 0.00191356
91000 0.00192113
92000 0.00192682
93000 0.00193096
94000 0.00193475
95000 0.00193914
96000 0.00194431
97000 0.00194964
98000 0.00195484
99000 0.00196036
100000 0.00196616
101000 0.00197214
102000 0.00197814
103000 0.00198349
104000 0.00199029
105000 0.00199775
106000 0.00200574
107000 0.00201543
108000 0.00202501
109000 0.00203478
110000 0.00204383
111000 0.0020513
112000 0.00205882
113000 0.00206571
114000 0.00207208
115000 0.00207799
116000 0.00208459
117000 0.00209284
118000 0.00210032
119000 0.00210808
120000 0.00211615
121000 0.00212443
122000 0.00213263
123000 0.00214036
124000 0.00214757
125000 0.0021546
126000 0.00216137
127000 0.00216702
128000 0.00217116
129000 0.0021745
130000 0.00217776
131000 0.00218242
132000 0.00218766
133000 0.00219279
134000 0.00219905
135000 0.00220543
136000 0.00221242
137000 0.0022199
138000 0.00222597
139000 0.00223143
140000 0.00223578
141000 0.00223948
142000 0.00224285
143000 0.00224632
144000 0.00224984
145000 0.00225331
146000 0.00225698
147000 0.00225997
148000 0.00226217
149000 0.00226439
150000 0.00226726
151000 0.00227004
152000 0.00227282
153000 0.00227601
154000 0.00228013
155000 0.00228512
156000 0.00228874
157000 0.0022917
158000 0.00229507
159000 0.00229919
160000 0.00230308
161000 0.00230695
162000 0.00231141
163000 0.00231582
164000 0.00231882
165000 0.00232118
166000 0.00232383
167000 0.00232622
168000 0.00232806
169000 0.00232978
170000 0.00233147
171000 0.0023334
172000 0.00233542
173000 0.00233772
174000 0.00234096
175000 0.00234441
176000 0.00234673
177000 0.00234869
178000 0.00235032
179000 0.00235157
180000 0.00235326
181000 0.00235502
182000 0.00235618
183000 0.00235768
184000 0.00235941
185000 0.00236139
186000 0.00236334
187000 0.00236608
188000 0.00236853
189000 0.00237136
190000 0.0023733
191000 0.00237552
192000 0.00237755
193000 0.00237984
194000 0.00238293
195000 0.00238648
196000 0.00238988
197000 0.00239303
198000 0.00239682
199000 0.00240177
200000 0.00240562
201000 0.00240926
202000 0.00241373
203000 0.00241831
204000 0.00242399
205000 0.00242961
206000 0.00243514
207000 0.00244059
208000 0.00244512
209000 0.00244974
210000 0.00245374
211000 0.0024571
212000 0.00245991
213000 0.00246266
214000 0.00246488
215000 0.00246646
216000 0.0024676
217000 0.00246903
218000 0.00247109
219000 0.00247292
220000 0.00247402
221000 0.00247488
222000 0.00247603
223000 0.00247768
224000 0.00247871
225000 0.00247919
226000 0.00247941
227000 0.00247963
228000 0.00248008
229000 0.00248073
230000 0.00248084
231000 0.00248106
232000 0.00248201
233000 0.00248326
234000 0.00248428
235000 0.00248572
236000 0.00248754
237000 0.00248972
238000 0.00249218
239000 0.00249485
240000 0.00249805
241000 0.00250076
242000 0.00250342
243000 0.00250567
244000 0.00250687
245000 0.00250732
246000 0.0025082
247000 0.00250956
248000 0.00251068
249000 0.00251171
250000 0.00251324
251000 0.00251429
252000 0.00251561
253000 0.00251653
254000 0.00251806
255000 0.00251978
256000 0.00252042
257000 0.00252106
258000 0.002522
259000 0.00252311
260000 0.00252414
261000 0.00252548
262000 0.00252695
263000 0.00252854
264000 0.00252994
265000 0.00253122
266000 0.00253235
267000 0.00253387
268000 0.00253499
269000 0.00253574
270000 0.00253606
271000 0.00253613
272000 0.00253602
273000 0.00253593
274000 0.00253592
275000 0.00253568
276000 0.00253452
277000 0.00253318
278000 0.00253188
279000 0.00253078
280000 0.00252982
281000 0.00252905
282000 0.00252849
283000 0.0025277
284000 0.00252706
285000 0.0025267
286000 0.00252609
287000 0.00252558
288000 0.00252468
289000 0.00252364
290000 0.00252286
291000 0.0025219
292000 0.00252104
293000 0.00252001
294000 0.00251862
295000 0.00251737
296000 0.00251625
297000 0.00251513
298000 0.00251417
299000 0.0025133
300000 0.00251223
301000 0.00251099
302000 0.00250989
303000 0.00250877
304000 0.00250772
305000 0.00250659
306000 0.00250511
307000 0.00250348
308000 0.00250173
309000 0.00249981
310000 0.00249775
311000 0.00249578
312000 0.0024937
313000 0.00249168
314000 0.00248999
315000 0.00248831
316000 0.00248644
317000 0.00248498
318000 0.00248365
319000 0.00248244
320000 0.00248138
321000 0.00248014
322000 0.00247903
323000 0.00247835
324000 0.00247795
325000 0.00247751
326000 0.00247661
327000 0.00247562
328000 0.00247476
329000 0.00247386
330000 0.00247322
331000 0.00247287
332000 0.00247269
333000 0.00247258
334000 0.00247256
335000 0.00247221
336000 0.00247161
337000 0.00247083
338000 0.00247019
339000 0.00246941
340000 0.00246906
341000 0.00246895
342000 0.00246874
343000 0.00246866
344000 0.00246871
345000 0.0024689
346000 0.00246931
347000 0.0024695
348000 0.00246984
349000 0.00247053
350000 0.00247147
351000 0.00247247
352000 0.00247389
353000 0.00247567
354000 0.00247758
355000 0.00247971
356000 0.00248159
357000 0.00248371
358000 0.00248626
359000 0.00248923
360000 0.00249217
361000 0.00249538
362000 0.00249927
363000 0.00250286
364000 0.00250621
365000 0.00250929
366000 0.00251192
367000 0.00251418
368000 0.00251617
369000 0.00251811
370000 0.00252032
371000 0.00252289
372000 0.00252523
373000 0.0025273
374000 0.00252888
375000 0.00253058
376000 0.00253253
377000 0.00253457
378000 0.00253626
379000 0.00253806
380000 0.00253981
381000 0.00254198
382000 0.00254442
383000 0.0025464
384000 0.00254784
385000 0.00254952
386000 0.00255092
387000 0.00255245
388000 0.002554
389000 0.0025559
390000 0.00255748
391000 0.00255898
392000 0.00256035
393000 0.0025617
394000 0.00256308
395000 0.00256453
396000 0.00256588
397000 0.0025674
398000 0.00256932
399000 0.00257104
400000 0.00257251
401000 0.0025742
402000 0.00257601
403000 0.00257739
404000 0.00257825
405000 0.00257884
406000 0.00257939
407000 0.00258023
408000 0.00258126
409000 0.00258227
410000 0.00258312
411000 0.00258451
412000 0.00258625
413000 0.00258807
414000 0.00258981
415000 0.00259144
416000 0.00259297
417000 0.00259465
418000 0.00259645
419000 0.00259858
420000 0.00260051
421000 0.00260229
422000 0.00260434
423000 0.00260632
424000 0.00260828
425000 0.00261019
426000 0.00261221
427000 0.00261426
428000 0.00261614
429000 0.00261732
430000 0.00261845
431000 0.00261932
432000 0.00261951
433000 0.00261945
434000 0.00261951
435000 0.00261968
436000 0.00261995
437000 0.00262049
438000 0.0026215
439000 0.00262248
440000 0.00262323
441000 0.00262412
442000 0.00262503
443000 0.00262589
444000 0.00262655
445000 0.00262746
446000 0.00262884
447000 0.00263031
448000 0.00263176
449000 0.00263304
450000 0.00263433
451000 0.00263553
452000 0.00263673
453000 0.00263794
454000 0.00263911
455000 0.00264017
456000 0.00264117
457000 0.00264261
458000 0.0026442
459000 0.00264582
460000 0.00264733
461000 0.00264876
462000 0.00265021
463000 0.0026521
464000 0.00265432
465000 0.00265663
466000 0.00265893
467000 0.00266126
468000 0.00266379
469000 0.00266635
470000 0.00266859
471000 0.00267111
472000 0.00267388
473000 0.00267667
474000 0.0026798
475000 0.00268308
476000 0.00268608
477000 0.00268877
478000 0.00269153
479000 0.00269454
480000 0.00269764
481000 0.00270097
482000 0.00270452
483000 0.00270768
484000 0.00271075
485000 0.00271354
486000 0.00271651
487000 0.00271963
488000 0.00272272
489000 0.0027262
490000 0.00272983
491000 0.00273358
492000 0.00273731
493000 0.00274145
494000 0.00274591
495000 0.00275056
496000 0.00275512
497000 0.00275941
498000 0.00276399
499000 0.00276877
500000 0.00277404
