1000 0.00256196
2000 0.00255545
3000 0.00254564
4000 0.00252565
5000 0.00252308
6000 0.00251622
7000 0.00251575
8000 0.00253435
9000 0.00255258
10000 0.00255946
11000 0.00257348
12000 0.0025886
13000 0.00260243
14000 0.00261063
15000 0.00261924
16000 0.00263642
17000 0.00265283
18000 0.00267511
19000 0.00269919
20000 0.00272351
21000 0.00274407
22000 0.00276147
23000 0.00277941
24000 0.00279222
25000 0.00280789
26000 0.00282387
27000 0.00283932
28000 0.00285479
29000 0.00287168
30000 0.00288316
31000 0.00288769
32000 0.00288694
33000 0.0028842
34000 0.00287894
35000 0.00287245
36000 0.00287021
37000 0.00286605
38000 0.00285804
39000 0.00285147
40000 0.00284545
41000 0.00284031
42000 0.0028347
43000 0.00282867
44000 0.00282421
45000 0.00282152
46000 0.00281461
47000 0.00280399
48000 0.00279233
49000 0.00278086
50000 0.00276895
51000 0.00275886
52000 0.00275034
53000 0.00274225
54000 0.00273443
55000 0.00272806
56000 0.00272303
57000 0.00271883
58000 0.00271445
59000 0.00271069
60000 0.00270764
61000 0.00270568
62000 0.00270435
63000 0.00270346
64000 0.00270247
65000 0.00270227
66000 0.00270373
67000 0.00270509
68000 0.00270789
69000 0.00271014
70000 0.00271292
71000 0.00271747
72000 0.00272366
73000 0.00272818
74000 0.00273051
75000 0.00273334
76000 0.00273709
77000 0.00274096
78000 0.00274525
79000 0.0027475
80000 0.00274978
81000 0.0027523
82000 0.00275435
83000 0.00275579
84000 0.00275797
85000 0.00276051
86000 0.00276233
87000 0.00276412
88000 0.00276704
89000 0.00277133
90000 0.00277589
91000 0.00278076
92000 0.00278599
93000 0.00279194
94000 0.00279786
95000 0.00280419
96000 0.00280967
97000 0.00281706
98000 0.00282527
99000 0.00283251
100000 0.00284038
101000 0.00284677
102000 0.00285137
103000 0.0028554
104000 0.00286018
105000 0.00286439
106000 0.00286774
107000 0.00287028
108000 0.00287233
109000 0.00287438
110000 0.00287638
111000 0.00287737
112000 0.00287721
113000 0.00287679
114000 0.00287715
115000 0.00287678
116000 0.00287681
117000 0.00287719
118000 0.00287783
119000 0.00287856
120000 0.00287949
121000 0.0028818
122000 0.00288432
123000 0.00288705
124000 0.00288986
125000 0.002892
126000 0.00289492
127000 0.00289669
128000 0.00289778
129000 0.00290043
130000 0.00290281
131000 0.0029056
132000 0.00290932
133000 0.00291249
134000 0.00291544
135000 0.00291855
136000 0.00292159
137000 0.00292437
138000 0.00292766
139000 0.0029315
140000 0.00293496
141000 0.00293851
142000 0.00294268
143000 0.00294653
144000 0.00295168
145000 0.00295831
146000 0.00296502
147000 0.00297111
148000 0.00297738
149000 0.00298313
150000 0.00298848
151000 0.00299347
152000 0.00299858
153000 0.00300434
154000 0.00301045
155000 0.00301675
156000 0.00302369
157000 0.00303007
158000 0.00303449
159000 0.00303833
160000 0.00304174
161000 0.00304495
162000 0.00304813
163000 0.00305185
164000 0.00305607
165000 0.0030607
166000 0.00306526
167000 0.00306992
168000 0.00307413
169000 0.00307734
170000 0.00308016
171000 0.00308278
172000 0.00308555
173000 0.00308911
174000 0.00309284
175000 0.00309661
176000 0.00310059
177000 0.00310476
178000 0.00310906
179000 0.0031128
180000 0.00311634
181000 0.00312034
182000 0.00312433
183000 0.00312895
184000 0.00313308
185000 0.00313747
186000 0.00314219
187000 0.00314662
188000 0.00315148
189000 0.00315669
190000 0.00316228
191000 0.00316751
192000 0.00317337
193000 0.00317946
194000 0.00318629
195000 0.00319349
196000 0.00320021
197000 0.00320732
198000 0.00321422
199000 0.00322022
200000 0.00322507
201000 0.0032289
202000 0.00323203
203000 0.00323491
204000 0.00323737
205000 0.00324054
206000 0.00324372
207000 0.00324641
208000 0.0032489
209000 0.00325238
210000 0.00325612
211000 0.00326028
212000 0.00326364
213000 0.00326727
214000 0.00327074
215000 0.00327466
216000 0.00327887
217000 0.00328275
218000 0.00328576
219000 0.00328891
220000 0.00329149
221000 0.00329332
222000 0.00329539
223000 0.00329719
224000 0.00329888
225000 0.00330078
226000 0.00330298
227000 0.00330568
228000 0.00330805
229000 0.0033098
230000 0.00331118
231000 0.0033124
232000 0.00331334
233000 0.00331439
234000 0.00331553
235000 0.00331653
236000 0.00331725
237000 0.00331816
238000 0.00331893
239000 0.00331968
240000 0.00332081
241000 0.00332158
242000 0.00332176
243000 0.00332252
244000 0.00332313
245000 0.00332329
246000 0.00332321
247000 0.00332332
248000 0.00332378
249000 0.00332476
250000 0.00332654
251000 0.00332863
252000 0.00333058
253000 0.003333
254000 0.00333498
255000 0.00333727
256000 0.00334003
257000 0.00334368
258000 0.00334763
259000 0.00335123
260000 0.00335463
261000 0.00335811
262000 0.00336126
263000 0.00336458
264000 0.00336795
265000 0.00337084
266000 0.0033736
267000 0.00337629
268000 0.00337901
269000 0.00338149
270000 0.00338472
271000 0.00338773
272000 0.00339085
273000 0.00339476
274000 0.00339841
275000 0.00340238
276000 0.00340558
277000 0.00340878
278000 0.00341213
279000 0.00341553
280000 0.00341835
281000 0.00342145
282000 0.00342452
283000 0.00342724
284000 0.00343054
285000 0.00343349
286000 0.00343607
287000 0.00343881
288000 0.00344123
289000 0.00344324
290000 0.00344524
291000 0.00344649
292000 0.00344731
293000 0.00344828
294000 0.00344927
295000 0.00345023
296000 0.00345135
297000 0.00345185
298000 0.00345261
299000 0.0034536
300000 0.00345472
301000 0.00345586
302000 0.00345734
303000 0.00345907
304000 0.00346068
305000 0.00346252
306000 0.00346517
307000 0.00346812
308000 0.00347158
309000 0.00347503
310000 0.00347829
311000 0.00348199
312000 0.0034859
313000 0.00348952
314000 0.00349277
315000 0.00349591
316000 0.0034987
317000 0.00350135
318000 0.00350432
319000 0.00350748
320000 0.00351107
321000 0.00351432
322000 0.00351685
323000 0.00351922
324000 0.00352121
325000 0.00352271
326000 0.00352391
327000 0.00352518
328000 0.0035263
329000 0.00352772
330000 0.00352937
331000 0.00353084
332000 0.00353197
333000 0.00353248
334000 0.00353267
335000 0.00353297
336000 0.00353379
337000 0.00353455
338000 0.00353563
339000 0.00353706
340000 0.00353859
341000 0.00353972
342000 0.00354067
343000 0.00354166
344000 0.00354248
345000 0.00354249
346000 0.00354288
347000 0.00354374
348000 0.00354415
349000 0.00354504
350000 0.00354614
351000 0.00354711
352000 0.00354833
353000 0.00354945
354000 0.00355047
355000 0.00355149
356000 0.00355278
357000 0.00355397
358000 0.00355555
359000 0.00355733
360000 0.00355864
361000 0.00355963
362000 0.00356127
363000 0.00356265
364000 0.00356372
365000 0.00356475
366000 0.00356574
367000 0.00356681
368000 0.00356797
369000 0.00356934
370000 0.0035704
371000 0.00357142
372000 0.00357259
373000 0.00357342
374000 0.00357429
375000 0.00357479
376000 0.00357541
377000 0.00357657
378000 0.00357753
379000 0.00357793
380000 0.00357827
381000 0.00357884
382000 0.00357975
383000 0.00358051
384000 0.00358092
385000 0.00358095
386000 0.00358087
387000 0.00358088
388000 0.00358048
389000 0.00358005
390000 0.00357948
391000 0.00357915
392000 0.00357879
393000 0.00357861
394000 0.00357854
395000 0.00357897
396000 0.00357931
397000 0.00357937
398000 0.00357949
399000 0.00357977
400000 0.00358058
401000 0.00358162
402000 0.003583
403000 0.0035842
404000 0.00358539
405000 0.0035867
406000 0.00358825
407000 0.00358923
408000 0.0035901
409000 0.00359099
410000 0.00359168
411000 0.00359194
412000 0.00359217
413000 0.00359243
414000 0.00359299
415000 0.00359369
416000 0.00359443
417000 0.00359519
418000 0.00359594
419000 0.0035967
420000 0.00359772
421000 0.00359885
422000 0.00360037
423000 0.00360206
424000 0.00360341
425000 0.00360451
426000 0.00360548
427000 0.00360671
428000 0.00360801
429000 0.00360903
430000 0.00360997
431000 0.00361099
432000 0.00361158
433000 0.00361228
434000 0.00361306
435000 0.00361404
436000 0.00361471
437000 0.00361516
438000 0.00361597
439000 0.00361715
440000 0.00361849
441000 0.00361975
442000 0.00362183
443000 0.003624
444000 0.00362595
445000 0.00362761
446000 0.00362947
447000 0.00363109
448000 0.00363233
449000 0.00363358
450000 0.00363479
451000 0.00363583
452000 0.00363678
453000 0.00363772
454000 0.00363868
455000 0.0036395
456000 0.00364068
457000 0.00364171
458000 0.00364279
459000 0.00364345
460000 0.00364407
461000 0.00364487
462000 0.00364553
463000 0.00364647
464000 0.0036476
465000 0.00364882
466000 0.00364987
467000 0.00365098
468000 0.00365226
469000 0.00365378
470000 0.00365514
471000 0.00365629
472000 0.00365777
473000 0.00365951
474000 0.00366115
475000 0.00366273
476000 0.0036644
477000 0.00366572
478000 0.00366704
479000 0.00366856
480000 0.00366986
481000 0.00367111
482000 0.00367246
483000 0.00367401
484000 0.00367571
485000 0.00367692
486000 0.00367771
487000 0.00367883
488000 0.00368009
489000 0.00368155
490000 0.00368284
491000 0.00368381
492000 0.00368492
493000 0.00368623
494000 0.00368791
495000 0.00368963
496000 0.00369147
497000 0.00369322
498000 0.00369492
499000 0.00369618
500000 0.00369724
