1000 0.00406016
2000 0.00408704
3000 0.00408653
4000 0.0040337
5000 0.00397591
6000 0.00392839
7000 0.0039071
8000 0.00389787
9000 0.00391396
10000 0.0039242
11000 0.00392299
12000 0.00391952
13000 0.00392211
14000 0.00391046
15000 0.00388742
16000 0.00386647
17000 0.00383977
18000 0.00381829
19000 0.00380783
20000 0.00380067
21000 0.00379421
22000 0.00378948
23000 0.00378332
24000 0.00377832
25000 0.00377253
26000 0.00376338
27000 0.00375591
28000 0.00374336
29000 0.00372515
30000 0.00370644
31000 0.00369267
32000 0.00367715
33000 0.00366461
34000 0.00365268
35000 0.00363724
36000 0.00362723
37000 0.00361914
38000 0.00361048
39000 0.00359847
40000 0.00358334
41000 0.00356764
42000 0.00355315
43000 0.00353903
44000 0.00352595
45000 0.00351316
46000 0.0035023
47000 0.00349307
48000 0.00348304
49000 0.0034727
50000 0.00346205
51000 0.00345514
52000 0.00345281
53000 0.0034504
54000 0.00344894
55000 0.00344825
56000 0.0034491
57000 0.0034535
58000 0.00346103
59000 0.00346556
60000 0.0034682
61000 0.00347003
62000 0.0034725
63000 0.00347478
64000 0.00347769
65000 0.00348173
66000 0.00348508
67000 0.0034881
68000 0.00349184
69000 0.00349418
70000 0.00349554
71000 0.00349443
72000 0.00349506
73000 0.00349589
74000 0.0034985
75000 0.00350318
76000 0.0035075
77000 0.00351226
78000 0.00351491
79000 0.00351515
80000 0.00351377
81000 0.00351229
82000 0.00351127
83000 0.00351027
84000 0.00351098
85000 0.0035122
86000 0.00351251
87000 0.00351244
88000 0.00351211
89000 0.00351095
90000 0.00350936
91000 0.00350879
92000 0.00350774
93000 0.003507
94000 0.00350811
95000 0.00351007
96000 0.00351161
97000 0.00351251
98000 0.00351497
99000 0.00351766
100000 0.00351964
101000 0.00351982
102000 0.0035179
103000 0.00351471
104000 0.00351265
105000 0.00351056
106000 0.00350743
107000 0.00350307
108000 0.00349931
109000 0.00349515
110000 0.00349097
111000 0.00348825
112000 0.00348537
113000 0.00348202
114000 0.00347776
115000 0.00347196
116000 0.0034652
117000 0.00345828
118000 0.00345165
119000 0.00344603
120000 0.00344062
121000 0.00343513
122000 0.00342919
123000 0.00342336
124000 0.00341895
125000 0.00341612
126000 0.00341368
127000 0.00341066
128000 0.00340782
129000 0.00340561
130000 0.00340351
131000 0.00340149
132000 0.00340006
133000 0.00339841
134000 0.00339716
135000 0.00339553
136000 0.00339371
137000 0.00339209
138000 0.00338991
139000 0.00338697
140000 0.00338497
141000 0.00338307
142000 0.00338093
143000 0.00337746
144000 0.00337292
145000 0.0033682
146000 0.0033641
147000 0.00336042
148000 0.0033562
149000 0.00335215
150000 0.00334834
151000 0.00334484
152000 0.00334094
153000 0.00333844
154000 0.00333681
155000 0.00333506
156000 0.00333219
157000 0.00332853
158000 0.00332415
159000 0.00332035
160000 0.00331707
161000 0.003314
162000 0.00331115
163000 0.00330737
164000 0.00330367
165000 0.00330088
166000 0.00329942
167000 0.00329866
168000 0.00329857
169000 0.00329843
170000 0.00329882
171000 0.00329957
172000 0.00329977
173000 0.00329937
174000 0.00329939
175000 0.00330035
176000 0.0033015
177000 0.00330221
178000 0.00330297
179000 0.00330372
180000 0.00330422
181000 0.00330422
182000 0.00330409
183000 0.00330339
184000 0.00330235
185000 0.00330071
186000 0.00329996
187000 0.00330011
188000 0.00330015
189000 0.00330009
190000 0.00330022
191000 0.00330046
192000 0.00330012
193000 0.00329956
194000 0.00329931
195000 0.00329954
196000 0.00329952
197000 0.00329879
198000 0.00329782
199000 0.00329671
200000 0.00329569
201000 0.00329458
202000 0.00329412
203000 0.00329459
204000 0.00329513
205000 0.00329512
206000 0.00329464
207000 0.00329374
208000 0.00329282
209000 0.00329194
210000 0.00329153
211000 0.00329086
212000 0.00328988
213000 0.0032891
214000 0.00328874
215000 0.00328871
216000 0.00328856
217000 0.00328848
218000 0.00328833
219000 0.00328705
220000 0.00328527
221000 0.00328385
222000 0.00328191
223000 0.00327931
224000 0.00327689
225000 0.0032748
226000 0.00327329
227000 0.00327225
228000 0.00327143
229000 0.00326976
230000 0.003268
231000 0.00326654
232000 0.0032646
233000 0.00326241
234000 0.00326043
235000 0.00325887
236000 0.00325747
237000 0.00325592
238000 0.0032539
239000 0.00325188
240000 0.00324982
241000 0.00324762
242000 0.00324496
243000 0.00324223
244000 0.00323989
245000 0.00323771
246000 0.00323532
247000 0.00323272
248000 0.00322999
249000 0.00322721
250000 0.00322491
251000 0.00322247
252000 0.00321961
253000 0.00321607
254000 0.00321278
255000 0.0032096
256000 0.00320669
257000 0.00320333
258000 0.00319924
259000 0.00319483
260000 0.00319072
261000 0.00318641
262000 0.00318241
263000 0.00317852
264000 0.00317432
265000 0.00317008
266000 0.00316566
267000 0.0031612
268000 0.00315646
269000 0.00315167
270000 0.00314669
271000 0.00314212
272000 0.00313774
273000 0.0031335
274000 0.00312933
275000 0.00312551
276000 0.00312172
277000 0.00311818
278000 0.0031151
279000 0.00311264
280000 0.00311049
281000 0.00310845
282000 0.0031064
283000 0.00310463
284000 0.00310305
285000 0.00310101
286000 0.00309928
287000 0.00309766
288000 0.00309635
289000 0.00309471
290000 0.00309289
291000 0.00309124
292000 0.0030902
293000 0.00308946
294000 0.00308823
295000 0.00308747
296000 0.00308674
297000 0.00308622
298000 0.00308601
299000 0.00308563
300000 0.00308502
301000 0.00308435
302000 0.00308333
303000 0.00308275
304000 0.00308239
305000 0.00308212
306000 0.00308208
307000 0.00308257
308000 0.00308353
309000 0.00308422
310000 0.00308472
311000 0.00308557
312000 0.0030862
313000 0.00308646
314000 0.00308666
315000 0.00308734
316000 0.00308815
317000 0.00308868
318000 0.00308902
319000 0.00308953
320000 0.00308993
321000 0.00308995
322000 0.00308958
323000 0.00308875
324000 0.0030881
325000 0.00308783
326000 0.00308734
327000 0.00308699
328000 0.00308701
329000 0.00308684
330000 0.00308623
331000 0.00308488
332000 0.00308319
333000 0.00308131
334000 0.00307976
335000 0.00307819
336000 0.00307686
337000 0.0030752
338000 0.00307325
339000 0.00307158
340000 0.00307015
341000 0.00306894
342000 0.00306754
343000 0.00306617
344000 0.00306488
345000 0.00306373
346000 0.0030626
347000 0.00306136
348000 0.00306008
349000 0.00305908
350000 0.00305779
351000 0.00305635
352000 0.00305493
353000 0.00305376
354000 0.00305237
355000 0.00305092
356000 0.00304915
357000 0.0030478
358000 0.00304652
359000 0.00304479
360000 0.00304318
361000 0.0030417
362000 0.00304019
363000 0.00303904
364000 0.00303807
365000 0.00303702
366000 0.00303588
367000 0.00303469
368000 0.00303378
369000 0.00303264
370000 0.00303137
371000 0.00303023
372000 0.0030289
373000 0.00302764
374000 0.00302671
375000 0.00302633
376000 0.00302624
377000 0.00302607
378000 0.00302548
379000 0.00302484
380000 0.00302421
381000 0.00302354
382000 0.00302313
383000 0.0030228
384000 0.00302267
385000 0.00302238
386000 0.00302223
387000 0.00302169
388000 0.00302133
389000 0.00302107
390000 0.00302069
391000 0.00302043
392000 0.00302013
393000 0.00301976
394000 0.00301911
395000 0.00301865
396000 0.00301798
397000 0.00301734
398000 0.00301675
399000 0.00301604
400000 0.0030158
401000 0.00301544
402000 0.00301487
403000 0.00301449
404000 0.00301404
405000 0.00301363
406000 0.00301306
407000 0.00301216
408000 0.00301113
409000 0.00301017
410000 0.0030092
411000 0.00300833
412000 0.00300759
413000 0.00300697
414000 0.00300642
415000 0.00300595
416000 0.00300578
417000 0.00300561
418000 0.00300587
419000 0.00300637
420000 0.00300678
421000 0.00300733
422000 0.0030079
423000 0.00300817
424000 0.00300865
425000 0.0030091
426000 0.00300919
427000 0.00300905
428000 0.00300936
429000 0.00300981
430000 0.00301009
431000 0.00301019
432000 0.00301034
433000 0.00301014
434000 0.00300995
435000 0.0030098
436000 0.00300977
437000 0.00300971
438000 0.00300978
439000 0.00300981
440000 0.00300984
441000 0.0030097
442000 0.00300978
443000 0.00300994
444000 0.00301041
445000 0.00301063
446000 0.00301071
447000 0.00301087
448000 0.00301117
449000 0.00301132
450000 0.0030114
451000 0.00301126
452000 0.00301119
453000 0.00301116
454000 0.00301094
455000 0.0030108
456000 0.00301065
457000 0.00301064
458000 0.00301068
459000 0.00301088
460000 0.00301078
461000 0.00301041
462000 0.00300966
463000 0.00300882
464000 0.00300796
465000 0.00300721
466000 0.00300652
467000 0.00300587
468000 0.00300541
469000 0.0030048
470000 0.00300454
471000 0.00300441
472000 0.00300408
473000 0.00300378
474000 0.00300328
475000 0.00300268
476000 0.0030019
477000 0.0030011
478000 0.00300026
479000 0.00299946
480000 0.00299845
481000 0.00299766
482000 0.00299706
483000 0.00299685
484000 0.00299675
485000 0.00299686
486000 0.00299645
487000 0.00299588
488000 0.00299569
489000 0.00299566
490000 0.00299563
491000 0.00299585
492000 0.00299616
493000 0.00299655
494000 0.00299726
495000 0.00299787
496000 0.00299831
497000 0.00299901
498000 0.00300026
499000 0.00300194
500000 0.00300375
