1000 0.00357042
2000 0.0034952
3000 0.00349377
4000 0.00346667
5000 0.00341946
6000 0.00336819
7000 0.0033388
8000 0.00332568
9000 0.00330544
10000 0.00330006
11000 0.00329521
12000 0.00329939
13000 0.00330423
14000 0.00331328
15000 0.00332519
16000 0.00333654
17000 0.00336256
18000 0.00339457
19000 0.00342676
20000 0.00345909
21000 0.0034883
22000 0.0035172
23000 0.00353726
24000 0.00355001
25000 0.00355585
26000 0.0035589
27000 0.00355775
28000 0.00355736
29000 0.00355261
30000 0.00355478
31000 0.00355629
32000 0.00355122
33000 0.00354457
34000 0.00353962
35000 0.00352829
36000 0.00351688
37000 0.00350829
38000 0.00350213
39000 0.00350142
40000 0.00350428
41000 0.00350324
42000 0.00350223
43000 0.00349857
44000 0.00349618
45000 0.00349324
46000 0.00349057
47000 0.00348888
48000 0.00348925
49000 0.00349105
50000 0.00349371
51000 0.00349605
52000 0.00350074
53000 0.00350694
54000 0.00351607
55000 0.00352619
56000 0.00353286
57000 0.00353879
58000 0.00354142
59000 0.00354162
60000 0.00354206
61000 0.003545
62000 0.00354957
63000 0.00355593
64000 0.00356206
65000 0.00357044
66000 0.00358181
67000 0.00359258
68000 0.00360441
69000 0.00361605
70000 0.00362614
71000 0.00363563
72000 0.00364516
73000 0.00365244
74000 0.00365906
75000 0.00366664
76000 0.0036737
77000 0.00368016
78000 0.00368517
79000 0.00369057
80000 0.00369571
81000 0.0037011
82000 0.0037065
83000 0.00371002
84000 0.00371177
85000 0.00371137
86000 0.0037081
87000 0.00370587
88000 0.00370616
89000 0.00370635
90000 0.00370646
91000 0.00370462
92000 0.00370086
93000 0.0036969
94000 0.0036946
95000 0.00369411
96000 0.00369499
97000 0.00369539
98000 0.00369703
99000 0.00369865
100000 0.00370095
101000 0.00370569
102000 0.00371181
103000 0.00371533
104000 0.003718
105000 0.0037195
106000 0.00372274
107000 0.00372659
108000 0.00372981
109000 0.00373284
110000 0.00373633
111000 0.00373632
112000 0.0037363
113000 0.00373501
114000 0.00373099
115000 0.00372577
116000 0.00372018
117000 0.0037137
118000 0.00370783
119000 0.00370198
120000 0.00369642
121000 0.00369058
122000 0.00368557
123000 0.00368089
124000 0.00367604
125000 0.00367188
126000 0.00366655
127000 0.00366017
128000 0.00365359
129000 0.00364693
130000 0.00364073
131000 0.00363443
132000 0.00362681
133000 0.00361859
134000 0.0036115
135000 0.00360391
136000 0.00359528
137000 0.00358617
138000 0.00357728
139000 0.0035679
140000 0.00355838
141000 0.00354904
142000 0.00353973
143000 0.00352974
144000 0.003519
145000 0.00350845
146000 0.00349887
147000 0.00349012
148000 0.00348241
149000 0.00347526
150000 0.00346854
151000 0.00346248
152000 0.00345644
153000 0.00344944
154000 0.00344271
155000 0.00343667
156000 0.00343065
157000 0.00342507
158000 0.00342011
159000 0.00341564
160000 0.00341183
161000 0.00340861
162000 0.00340442
163000 0.00340058
164000 0.00339589
165000 0.00339135
166000 0.0033863
167000 0.00338102
168000 0.00337644
169000 0.00337185
170000 0.00336755
171000 0.00336369
172000 0.00335999
173000 0.0033573
174000 0.00335461
175000 0.00335188
176000 0.00334833
177000 0.00334451
178000 0.00334088
179000 0.00333702
180000 0.00333303
181000 0.00332912
182000 0.00332524
183000 0.00332187
184000 0.00331857
185000 0.00331452
186000 0.00331044
187000 0.0033067
188000 0.0033035
189000 0.00330075
190000 0.00329777
191000 0.00329476
192000 0.0032911
193000 0.00328758
194000 0.00328429
195000 0.00328172
196000 0.00327983
197000 0.00327817
198000 0.00327659
199000 0.00327538
200000 0.00327379
201000 0.0032726
202000 0.0032723
203000 0.00327209
204000 0.00327195
205000 0.00327189
206000 0.00327246
207000 0.00327282
208000 0.0032739
209000 0.00327516
210000 0.00327581
211000 0.00327639
212000 0.00327663
213000 0.00327754
214000 0.0032786
215000 0.0032803
216000 0.00328265
217000 0.00328518
218000 0.00328777
219000 0.00328962
220000 0.00329186
221000 0.00329406
222000 0.00329608
223000 0.00329833
224000 0.00330084
225000 0.00330331
226000 0.00330554
227000 0.00330795
228000 0.00331083
229000 0.00331401
230000 0.00331764
231000 0.00332076
232000 0.00332377
233000 0.00332583
234000 0.0033275
235000 0.00333007
236000 0.00333205
237000 0.00333374
238000 0.00333543
239000 0.00333764
240000 0.0033394
241000 0.00334089
242000 0.0033423
243000 0.00334349
244000 0.00334506
245000 0.00334677
246000 0.0033479
247000 0.00334895
248000 0.00335022
249000 0.0033504
250000 0.00335065
251000 0.00335127
252000 0.00335213
253000 0.00335272
254000 0.00335321
255000 0.00335315
256000 0.00335275
257000 0.00335232
258000 0.00335204
259000 0.00335164
260000 0.00335137
261000 0.00335035
262000 0.00334934
263000 0.00334813
264000 0.00334663
265000 0.00334577
266000 0.00334499
267000 0.00334434
268000 0.00334414
269000 0.00334445
270000 0.00334546
271000 0.00334708
272000 0.00334921
273000 0.003352
274000 0.00335522
275000 0.00335815
276000 0.00336075
277000 0.00336286
278000 0.00336428
279000 0.00336639
280000 0.00336859
281000 0.00337004
282000 0.00337101
283000 0.00337208
284000 0.0033732
285000 0.0033746
286000 0.00337586
287000 0.00337819
288000 0.0033811
289000 0.00338449
290000 0.0033879
291000 0.00339132
292000 0.00339514
293000 0.00339931
294000 0.00340333
295000 0.00340723
296000 0.00341095
297000 0.00341482
298000 0.00341928
299000 0.00342356
300000 0.00342743
301000 0.00343119
302000 0.00343464
303000 0.00343758
304000 0.00344021
305000 0.0034428
306000 0.00344521
307000 0.00344767
308000 0.00344994
309000 0.00345252
310000 0.00345537
311000 0.00345796
312000 0.00346068
313000 0.00346302
314000 0.0034653
315000 0.00346721
316000 0.00346921
317000 0.00347156
318000 0.00347459
319000 0.00347788
320000 0.00348065
321000 0.00348317
322000 0.00348471
323000 0.00348566
324000 0.00348655
325000 0.0034879
326000 0.00348891
327000 0.0034895
328000 0.00349044
329000 0.003492
330000 0.00349347
331000 0.00349471
332000 0.00349648
333000 0.00349846
334000 0.00350057
335000 0.00350288
336000 0.00350452
337000 0.0035062
338000 0.00350747
339000 0.00350834
340000 0.00350916
341000 0.00350986
342000 0.00351009
343000 0.00350984
344000 0.00350945
345000 0.0035089
346000 0.00350843
347000 0.0035083
348000 0.00350807
349000 0.00350804
350000 0.0035081
351000 0.00350842
352000 0.00350867
353000 0.00350917
354000 0.00350945
355000 0.00350968
356000 0.00351002
357000 0.0035102
358000 0.0035102
359000 0.00350975
360000 0.0035091
361000 0.00350836
362000 0.00350736
363000 0.0035066
364000 0.0035055
365000 0.00350391
366000 0.00350231
367000 0.00350068
368000 0.00349888
369000 0.00349701
370000 0.00349515
371000 0.00349326
372000 0.00349108
373000 0.0034891
374000 0.00348709
375000 0.00348522
376000 0.00348357
377000 0.00348206
378000 0.00348076
379000 0.00347947
380000 0.00347812
381000 0.00347648
382000 0.00347511
383000 0.00347384
384000 0.00347287
385000 0.00347208
386000 0.00347146
387000 0.00347064
388000 0.0034695
389000 0.00346812
390000 0.00346657
391000 0.00346496
392000 0.00346316
393000 0.00346145
394000 0.00345982
395000 0.00345852
396000 0.00345748
397000 0.00345639
398000 0.00345544
399000 0.00345453
400000 0.00345348
401000 0.00345273
402000 0.00345177
403000 0.00345118
404000 0.00345077
405000 0.00345054
406000 0.00345047
407000 0.00345015
408000 0.00344951
409000 0.00344861
410000 0.00344752
411000 0.00344668
412000 0.00344556
413000 0.00344453
414000 0.00344354
415000 0.00344246
416000 0.00344141
417000 0.00344045
418000 0.00344001
419000 0.00343945
420000 0.00343875
421000 0.00343812
422000 0.00343764
423000 0.00343713
424000 0.00343678
425000 0.00343647
426000 0.00343647
427000 0.00343654
428000 0.00343669
429000 0.00343674
430000 0.0034369
431000 0.00343696
432000 0.00343707
433000 0.00343703
434000 0.00343675
435000 0.00343666
436000 0.00343674
437000 0.00343652
438000 0.00343607
439000 0.00343549
440000 0.00343485
441000 0.00343418
442000 0.00343318
443000 0.00343175
444000 0.00343018
445000 0.00342866
446000 0.00342742
447000 0.00342621
448000 0.00342497
449000 0.00342357
450000 0.00342201
451000 0.00342051
452000 0.0034192
453000 0.00341805
454000 0.00341682
455000 0.00341619
456000 0.0034158
457000 0.00341503
458000 0.00341429
459000 0.00341312
460000 0.00341171
461000 0.00341019
462000 0.00340882
463000 0.00340762
464000 0.00340654
465000 0.00340549
466000 0.00340427
467000 0.00340312
468000 0.00340241
469000 0.00340218
470000 0.00340235
471000 0.00340304
472000 0.00340404
473000 0.00340532
474000 0.00340648
475000 0.00340747
476000 0.00340838
477000 0.00340922
478000 0.00341037
479000 0.00341165
480000 0.00341304
481000 0.00341436
482000 0.00341548
483000 0.00341693
484000 0.00341883
485000 0.00342068
486000 0.00342212
487000 0.00342318
488000 0.00342401
489000 0.00342477
490000 0.00342566
491000 0.00342667
492000 0.00342782
493000 0.00342839
494000 0.00342844
495000 0.00342829
496000 0.00342804
497000 0.00342778
498000 0.00342755
499000 0.00342734
500000 0.00342725
