1000 0.00490522
2000 0.00488869
3000 0.00485827
4000 0.00485795
5000 0.00488444
6000 0.00487809
7000 0.0048757
8000 0.0048801
9000 0.00487552
10000 0.00486284
11000 0.00484387
12000 0.00483458
13000 0.00483157
14000 0.00483445
15000 0.00481832
16000 0.0047996
17000 0.00478948
18000 0.00478292
19000 0.00477919
20000 0.004786
21000 0.00478581
22000 0.00477583
23000 0.00476386
24000 0.00475135
25000 0.00473587
26000 0.00471717
27000 0.00469414
28000 0.00467428
29000 0.00465736
30000 0.00464139
31000 0.00462408
32000 0.00460405
33000 0.00458499
34000 0.0045653
35000 0.00454476
36000 0.00452373
37000 0.00450456
38000 0.0044862
39000 0.00447128
40000 0.00445969
41000 0.00444962
42000 0.00443949
43000 0.00442665
44000 0.00441606
45000 0.00440847
46000 0.00440117
47000 0.00439785
48000 0.0043945
49000 0.00439013
50000 0.00438848
51000 0.00438835
52000 0.00438752
53000 0.00438412
54000 0.00438011
55000 0.00437869
56000 0.00437463
57000 0.00436965
58000 0.00436598
59000 0.00436046
60000 0.00435563
61000 0.00435195
62000 0.00434743
63000 0.00434342
64000 0.00434162
65000 0.00434252
66000 0.00434353
67000 0.00434141
68000 0.00434145
69000 0.0043423
70000 0.00434157
71000 0.00434092
72000 0.00433969
73000 0.00434142
74000 0.00434338
75000 0.00434406
76000 0.00434541
77000 0.00434757
78000 0.00435128
79000 0.00435219
80000 0.00435113
81000 0.00434904
82000 0.00434731
83000 0.00434632
84000 0.00434433
85000 0.00434125
86000 0.00433668
87000 0.00433098
88000 0.00432484
89000 0.00431872
90000 0.0043115
91000 0.0043036
92000 0.00429642
93000 0.00428822
94000 0.00427921
95000 0.00427016
96000 0.00426307
97000 0.00425507
98000 0.00424688
99000 0.00423829
100000 0.00422845
101000 0.0042195
102000 0.00421134
103000 0.00420355
104000 0.0041966
105000 0.00419049
106000 0.00418293
107000 0.00417492
108000 0.00416485
109000 0.00415455
110000 0.00414476
111000 0.00413694
112000 0.00412968
113000 0.00412306
114000 0.00411635
115000 0.00410967
116000 0.00410207
117000 0.00409373
118000 0.00408645
119000 0.00407883
120000 0.00407016
121000 0.00406158
122000 0.00405302
123000 0.00404431
124000 0.00403532
125000 0.00402641
126000 0.00401756
127000 0.00400937
128000 0.00400223
129000 0.003995
130000 0.00398717
131000 0.00397902
132000 0.00397085
133000 0.00396295
134000 0.00395537
135000 0.00394867
136000 0.00394332
137000 0.00393884
138000 0.00393326
139000 0.0039281
140000 0.00392277
141000 0.00391773
142000 0.00391291
143000 0.00390816
144000 0.00390375
145000 0.00389922
146000 0.00389413
147000 0.00388937
148000 0.00388515
149000 0.00388064
150000 0.00387634
151000 0.00387178
152000 0.00386613
153000 0.00385957
154000 0.00385284
155000 0.00384576
156000 0.00383898
157000 0.00383288
158000 0.00382666
159000 0.00382011
160000 0.00381422
161000 0.00380863
162000 0.00380334
163000 0.00379864
164000 0.00379476
165000 0.00379117
166000 0.00378813
167000 0.00378501
168000 0.00378094
169000 0.0037769
170000 0.00377312
171000 0.00376994
172000 0.00376649
173000 0.00376352
174000 0.00376045
175000 0.00375729
176000 0.00375351
177000 0.00375051
178000 0.00374764
179000 0.00374452
180000 0.00374189
181000 0.00373968
182000 0.00373762
183000 0.00373607
184000 0.00373521
185000 0.00373458
186000 0.00373456
187000 0.00373462
188000 0.00373419
189000 0.00373287
190000 0.00373144
191000 0.00372926
192000 0.00372672
193000 0.00372497
194000 0.00372329
195000 0.00372068
196000 0.00371747
197000 0.0037141
198000 0.0037114
199000 0.0037089
200000 0.00370636
201000 0.00370413
202000 0.00370155
203000 0.00369878
204000 0.00369533
205000 0.00369155
206000 0.00368828
207000 0.00368464
208000 0.00368085
209000 0.00367709
210000 0.00367327
211000 0.00366811
212000 0.00366233
213000 0.00365736
214000 0.00365296
215000 0.00364858
216000 0.00364324
217000 0.00363756
218000 0.00363285
219000 0.00362769
220000 0.00362218
221000 0.00361626
222000 0.00360996
223000 0.00360376
224000 0.00359723
225000 0.00359069
226000 0.0035843
227000 0.00357804
228000 0.00357182
229000 0.0035657
230000 0.00355948
231000 0.00355335
232000 0.00354715
233000 0.00354066
234000 0.00353407
235000 0.00352744
236000 0.003521
237000 0.00351453
238000 0.00350845
239000 0.0035024
240000 0.0034968
241000 0.00349075
242000 0.00348464
243000 0.00347867
244000 0.00347286
245000 0.00346693
246000 0.00346117
247000 0.00345569
248000 0.00345057
249000 0.00344562
250000 0.00344076
251000 0.00343625
252000 0.00343202
253000 0.00342796
254000 0.00342348
255000 0.00341915
256000 0.00341469
257000 0.00340997
258000 0.00340501
259000 0.0034001
260000 0.00339504
261000 0.00339015
262000 0.00338565
263000 0.003381
264000 0.00337628
265000 0.0033717
266000 0.00336731
267000 0.00336277
268000 0.00335797
269000 0.00335337
270000 0.00334883
271000 0.00334432
272000 0.00333996
273000 0.00333571
274000 0.00333154
275000 0.00332735
276000 0.00332361
277000 0.00332026
278000 0.00331675
279000 0.00331328
280000 0.00331018
281000 0.00330744
282000 0.00330484
283000 0.00330233
284000 0.00330021
285000 0.00329818
286000 0.00329628
287000 0.00329442
288000 0.00329255
289000 0.00329076
290000 0.00328897
291000 0.00328751
292000 0.00328627
293000 0.00328509
294000 0.00328406
295000 0.00328362
296000 0.00328296
297000 0.0032821
298000 0.00328108
299000 0.00328023
300000 0.00327933
301000 0.00327882
302000 0.00327829
303000 0.0032783
304000 0.00327816
305000 0.0032776
306000 0.00327733
307000 0.00327766
308000 0.00327846
309000 0.00327874
310000 0.00327899
311000 0.00327962
312000 0.00328014
313000 0.00328048
314000 0.00328039
315000 0.00328026
316000 0.00328008
317000 0.00327987
318000 0.00327942
319000 0.00327928
320000 0.00327966
321000 0.00327981
322000 0.00328006
323000 0.00328066
324000 0.0032815
325000 0.00328211
326000 0.00328249
327000 0.0032826
328000 0.00328283
329000 0.00328312
330000 0.00328303
331000 0.00328317
332000 0.00328346
333000 0.00328419
334000 0.00328555
335000 0.0032872
336000 0.003289
337000 0.003291
338000 0.00329345
339000 0.00329588
340000 0.00329797
341000 0.00329954
342000 0.00330111
343000 0.00330327
344000 0.00330548
345000 0.00330768
346000 0.00331002
347000 0.00331246
348000 0.00331475
349000 0.00331749
350000 0.00332012
351000 0.00332277
352000 0.00332515
353000 0.00332731
354000 0.00332954
355000 0.00333155
356000 0.00333316
357000 0.00333453
358000 0.00333593
359000 0.00333755
360000 0.00333962
361000 0.00334125
362000 0.00334297
363000 0.00334518
364000 0.00334748
365000 0.00334972
366000 0.00335188
367000 0.00335384
368000 0.00335502
369000 0.00335625
370000 0.00335771
371000 0.00335915
372000 0.00336095
373000 0.00336284
374000 0.00336441
375000 0.00336574
376000 0.00336688
377000 0.00336765
378000 0.00336843
379000 0.00336955
380000 0.00337098
381000 0.00337238
382000 0.00337379
383000 0.00337472
384000 0.00337546
385000 0.00337594
386000 0.00337663
387000 0.00337727
388000 0.00337783
389000 0.00337868
390000 0.00337988
391000 0.00338142
392000 0.00338294
393000 0.00338476
394000 0.00338683
395000 0.00338849
396000 0.00339003
397000 0.00339174
398000 0.00339366
399000 0.00339531
400000 0.00339746
401000 0.00340015
402000 0.00340322
403000 0.00340584
404000 0.00340861
405000 0.00341162
406000 0.00341411
407000 0.00341602
408000 0.00341735
409000 0.00341839
410000 0.00341936
411000 0.00341996
412000 0.00342007
413000 0.0034199
414000 0.00342009
415000 0.00342019
416000 0.00341985
417000 0.00341933
418000 0.00341889
419000 0.00341869
420000 0.00341848
421000 0.00341814
422000 0.00341781
423000 0.00341743
424000 0.00341692
425000 0.00341647
426000 0.00341625
427000 0.00341585
428000 0.00341533
429000 0.00341426
430000 0.00341329
431000 0.00341237
432000 0.0034117
433000 0.00341108
434000 0.00340989
435000 0.00340874
436000 0.00340808
437000 0.00340771
438000 0.00340735
439000 0.00340677
440000 0.00340626
441000 0.00340534
442000 0.00340432
443000 0.0034035
444000 0.00340291
445000 0.00340273
446000 0.0034028
447000 0.00340312
448000 0.00340353
449000 0.00340371
450000 0.00340375
451000 0.0034035
452000 0.0034033
453000 0.0034034
454000 0.00340345
455000 0.00340355
456000 0.00340382
457000 0.00340426
458000 0.00340467
459000 0.00340527
460000 0.00340597
461000 0.00340715
462000 0.00340859
463000 0.00341019
464000 0.00341191
465000 0.00341391
466000 0.00341613
467000 0.00341849
468000 0.00342076
469000 0.00342266
470000 0.00342455
471000 0.00342637
472000 0.00342808
473000 0.0034296
474000 0.00343115
475000 0.00343258
476000 0.00343387
477000 0.00343515
478000 0.003436
479000 0.00343661
480000 0.00343718
481000 0.0034377
482000 0.00343807
483000 0.00343857
484000 0.00343916
485000 0.00343989
486000 0.00344051
487000 0.00344143
488000 0.00344244
489000 0.00344363
490000 0.00344497
491000 0.00344652
492000 0.00344822
493000 0.0034502
494000 0.00345238
495000 0.00345446
496000 0.00345642
497000 0.00345851
498000 0.00346063
499000 0.00346253
500000 0.00346465
