1000 0.00287785
2000 0.00279734
3000 0.00279414
4000 0.00278048
5000 0.00279993
6000 0.00284141
7000 0.00286316
8000 0.00285622
9000 0.00284869
10000 0.00285439
11000 0.00285959
12000 0.00287132
13000 0.00287826
14000 0.00288635
15000 0.00288493
16000 0.00288098
17000 0.00287414
18000 0.00287164
19000 0.00287201
20000 0.00286822
21000 0.00286007
22000 0.00285524
23000 0.00285
24000 0.00284245
25000 0.00283906
26000 0.00283862
27000 0.00283682
28000 0.00283281
29000 0.00283072
30000 0.00282976
31000 0.00282976
32000 0.00283022
33000 0.00282853
34000 0.00282576
35000 0.00282268
36000 0.00281657
37000 0.00281057
38000 0.00280466
39000 0.00279899
40000 0.00279301
41000 0.00278775
42000 0.00278267
43000 0.00278048
44000 0.00277953
45000 0.00278097
46000 0.00278332
47000 0.00278495
48000 0.00278743
49000 0.00278879
50000 0.00279236
51000 0.00279957
52000 0.00280582
53000 0.00281374
54000 0.0028197
55000 0.00282716
56000 0.00283229
57000 0.00283703
58000 0.00284072
59000 0.00284205
60000 0.00284202
61000 0.00283915
62000 0.0028354
63000 0.00283088
64000 0.00282398
65000 0.00281451
66000 0.00280387
67000 0.00279158
68000 0.00277794
69000 0.00276497
70000 0.00275309
71000 0.00274241
72000 0.00273274
73000 0.00272332
74000 0.00271381
75000 0.00270576
76000 0.00270001
77000 0.00269664
78000 0.00269352
79000 0.00269214
80000 0.00269079
81000 0.00269035
82000 0.00269023
83000 0.00269024
84000 0.00268995
85000 0.0026887
86000 0.002688
87000 0.00268733
88000 0.00268557
89000 0.00268295
90000 0.00267965
91000 0.0026767
92000 0.00267569
93000 0.00267512
94000 0.00267214
95000 0.00266929
96000 0.00266609
97000 0.00266303
98000 0.00265921
99000 0.00265463
100000 0.00264913
101000 0.0026433
102000 0.00263761
103000 0.00263326
104000 0.00263035
105000 0.00262799
106000 0.00262669
107000 0.00262723
108000 0.0026276
109000 0.00262785
110000 0.00262791
111000 0.00262695
112000 0.00262581
113000 0.00262668
114000 0.00262894
115000 0.00263073
116000 0.00263233
117000 0.0026339
118000 0.00263546
119000 0.00263634
120000 0.00263606
121000 0.00263538
122000 0.0026347
123000 0.00263343
124000 0.00263226
125000 0.00263091
126000 0.0026294
127000 0.00262924
128000 0.00262989
129000 0.00263013
130000 0.00262991
131000 0.00263015
132000 0.00263187
133000 0.00263352
134000 0.00263553
135000 0.00263808
136000 0.0026418
137000 0.00264754
138000 0.00265329
139000 0.00265863
140000 0.00266433
141000 0.00267038
142000 0.00267662
143000 0.00268286
144000 0.00268973
145000 0.00269667
146000 0.00270349
147000 0.00270994
148000 0.0027157
149000 0.00272215
150000 0.00272859
151000 0.00273439
152000 0.00274024
153000 0.00274611
154000 0.00275326
155000 0.002761
156000 0.00276804
157000 0.00277578
158000 0.00278338
159000 0.00279086
160000 0.00279808
161000 0.00280588
162000 0.00281421
163000 0.00282281
164000 0.00283159
165000 0.00284053
166000 0.0028509
167000 0.00286246
168000 0.00287568
169000 0.00288816
170000 0.00290053
171000 0.00291321
172000 0.00292479
173000 0.00293615
174000 0.00294808
175000 0.00295979
176000 0.00297171
177000 0.00298298
178000 0.00299451
179000 0.00300653
180000 0.00301876
181000 0.00303161
182000 0.00304391
183000 0.00305529
184000 0.00306687
185000 0.00307805
186000 0.00308929
187000 0.00310018
188000 0.00311188
189000 0.0031236
190000 0.00313495
191000 0.00314562
192000 0.00315628
193000 0.00316678
194000 0.00317761
195000 0.00318874
196000 0.00319906
197000 0.00320841
198000 0.00321631
199000 0.00322364
200000 0.00323153
201000 0.00324027
202000 0.00324928
203000 0.00325792
204000 0.00326668
205000 0.00327592
206000 0.0032847
207000 0.00329252
208000 0.00329973
209000 0.00330617
210000 0.0033133
211000 0.0033203
212000 0.00332703
213000 0.00333431
214000 0.00334231
215000 0.00335108
216000 0.00336069
217000 0.00337058
218000 0.00338109
219000 0.00339028
220000 0.00339873
221000 0.00340712
222000 0.00341585
223000 0.00342456
224000 0.00343358
225000 0.0034421
226000 0.00344974
227000 0.00345756
228000 0.00346544
229000 0.00347293
230000 0.00348088
231000 0.00348921
232000 0.00349814
233000 0.00350692
234000 0.00351569
235000 0.00352275
236000 0.00352924
237000 0.00353521
238000 0.00354086
239000 0.00354572
240000 0.00355007
241000 0.0035543
242000 0.00355837
243000 0.00356253
244000 0.00356696
245000 0.0035716
246000 0.00357661
247000 0.00358213
248000 0.00358786
249000 0.00359385
250000 0.00359998
251000 0.00360576
252000 0.00361157
253000 0.00361774
254000 0.00362452
255000 0.00363157
256000 0.00363891
257000 0.00364665
258000 0.00365368
259000 0.00366036
260000 0.0036672
261000 0.00367372
262000 0.00367911
263000 0.00368406
264000 0.0036893
265000 0.00369469
266000 0.0036994
267000 0.00370396
268000 0.00370833
269000 0.00371269
270000 0.00371618
271000 0.00371995
272000 0.00372348
273000 0.00372681
274000 0.003729
275000 0.00373067
276000 0.00373205
277000 0.00373319
278000 0.00373424
279000 0.00373532
280000 0.00373636
281000 0.00373698
282000 0.00373801
283000 0.00373945
284000 0.00374147
285000 0.00374275
286000 0.00374338
287000 0.00374385
288000 0.0037445
289000 0.003745
290000 0.00374552
291000 0.00374602
292000 0.00374607
293000 0.00374664
294000 0.00374779
295000 0.00374878
296000 0.00375013
297000 0.00375173
298000 0.00375324
299000 0.00375466
300000 0.00375634
301000 0.00375808
302000 0.00376022
303000 0.00376318
304000 0.00376593
305000 0.00376875
306000 0.00377195
307000 0.00377528
308000 0.00377894
309000 0.00378298
310000 0.00378658
311000 0.00378993
312000 0.00379239
313000 0.00379477
314000 0.0037979
315000 0.00380169
316000 0.00380554
317000 0.00380936
318000 0.00381348
319000 0.00381719
320000 0.00382028
321000 0.00382357
322000 0.0038271
323000 0.00382978
324000 0.00383236
325000 0.00383543
326000 0.0038388
327000 0.00384245
328000 0.00384655
329000 0.00385043
330000 0.00385454
331000 0.00385832
332000 0.00386143
333000 0.00386454
334000 0.0038682
335000 0.00387151
336000 0.00387472
337000 0.00387788
338000 0.00388122
339000 0.00388492
340000 0.00388901
341000 0.00389217
342000 0.00389449
343000 0.00389666
344000 0.0038983
345000 0.00389986
346000 0.00390182
347000 0.00390335
348000 0.00390423
349000 0.00390486
350000 0.00390508
351000 0.0039048
352000 0.00390437
353000 0.00390416
354000 0.00390413
355000 0.0039039
356000 0.00390356
357000 0.00390325
358000 0.00390324
359000 0.00390354
360000 0.00390362
361000 0.00390417
362000 0.00390461
363000 0.00390517
364000 0.00390609
365000 0.00390706
366000 0.00390765
367000 0.00390771
368000 0.00390791
369000 0.00390815
370000 0.00390797
371000 0.00390823
372000 0.0039085
373000 0.00390859
374000 0.00390856
375000 0.00390834
376000 0.00390745
377000 0.00390606
378000 0.00390417
379000 0.00390244
380000 0.00390119
381000 0.00390035
382000 0.00389938
383000 0.00389817
384000 0.00389685
385000 0.00389527
386000 0.0038938
387000 0.00389272
388000 0.00389167
389000 0.00389081
390000 0.00388962
391000 0.00388807
392000 0.00388678
393000 0.00388536
394000 0.00388384
395000 0.00388259
396000 0.00388136
397000 0.00388018
398000 0.00387929
399000 0.00387807
400000 0.00387679
401000 0.00387546
402000 0.00387418
403000 0.00387215
404000 0.0038697
405000 0.00386725
406000 0.00386486
407000 0.00386242
408000 0.00385996
409000 0.00385731
410000 0.0038545
411000 0.00385177
412000 0.00384906
413000 0.00384648
414000 0.00384393
415000 0.00384181
416000 0.00384027
417000 0.0038389
418000 0.00383733
419000 0.00383558
420000 0.00383377
421000 0.00383163
422000 0.00382908
423000 0.00382653
424000 0.0038239
425000 0.00382143
426000 0.00381939
427000 0.00381751
428000 0.00381553
429000 0.0038139
430000 0.00381209
431000 0.00381073
432000 0.00380992
433000 0.00380862
434000 0.00380677
435000 0.00380459
436000 0.00380205
437000 0.00379962
438000 0.00379699
439000 0.00379398
440000 0.00379078
441000 0.00378774
442000 0.00378483
443000 0.00378203
444000 0.00377929
445000 0.00377655
446000 0.00377398
447000 0.00377122
448000 0.00376859
449000 0.00376607
450000 0.00376372
451000 0.0037613
452000 0.00375877
453000 0.00375618
454000 0.00375362
455000 0.0037508
456000 0.00374797
457000 0.00374511
458000 0.00374239
459000 0.00373959
460000 0.0037367
461000 0.00373354
462000 0.00373056
463000 0.0037278
464000 0.00372493
465000 0.00372224
466000 0.00371955
467000 0.0037167
468000 0.00371407
469000 0.00371137
470000 0.00370887
471000 0.0037063
472000 0.0037037
473000 0.00370098
474000 0.00369834
475000 0.00369542
476000 0.00369258
477000 0.00368982
478000 0.00368724
479000 0.0036843
480000 0.00368131
481000 0.00367846
482000 0.00367554
483000 0.00367291
484000 0.00367067
485000 0.00366824
486000 0.0036658
487000 0.00366322
488000 0.0036608
489000 0.00365859
490000 0.00365679
491000 0.00365467
492000 0.0036527
493000 0.00365073
494000 0.00364896
495000 0.00364718
496000 0.0036455
497000 0.00364381
498000 0.00364238
499000 0.0036409
500000 0.00363942
