1000 0.00294708
2000 0.00289732
3000 0.00284196
4000 0.00279962
5000 0.00277008
6000 0.00273614
7000 0.00269151
8000 0.00266385
9000 0.00265165
10000 0.00264142
11000 0.00263718
12000 0.00264543
13000 0.0026533
14000 0.00265165
15000 0.00264555
16000 0.00263292
17000 0.00261819
18000 0.00260287
19000 0.00258461
20000 0.00256833
21000 0.00255345
22000 0.00254353
23000 0.00253509
24000 0.00253315
25000 0.00253047
26000 0.00252771
27000 0.00252459
28000 0.00252262
29000 0.00252213
30000 0.00252198
31000 0.00252029
32000 0.00251615
33000 0.0025109
34000 0.00250696
35000 0.00250643
36000 0.00250917
37000 0.0025134
38000 0.00251547
39000 0.00251616
40000 0.00251571
41000 0.00251311
42000 0.00251025
43000 0.0025098
44000 0.00250896
45000 0.00250986
46000 0.00250934
47000 0.00251025
48000 0.00251207
49000 0.00251359
50000 0.00251435
51000 0.00251359
52000 0.00251241
53000 0.00251064
54000 0.00251145
55000 0.00251283
56000 0.00251333
57000 0.00251288
58000 0.00251104
59000 0.00250829
60000 0.0025069
61000 0.00250587
62000 0.00250651
63000 0.00250773
64000 0.00250712
65000 0.00250675
66000 0.00250509
67000 0.00250281
68000 0.00250032
69000 0.00249699
70000 0.00249484
71000 0.00249195
72000 0.00248958
73000 0.00248855
74000 0.00248905
75000 0.0024909
76000 0.00249337
77000 0.00249672
78000 0.00250103
79000 0.00250553
80000 0.00251005
81000 0.00251527
82000 0.00252163
83000 0.0025293
84000 0.00253704
85000 0.00254611
86000 0.00255407
87000 0.00256104
88000 0.00256713
89000 0.00257177
90000 0.00257614
91000 0.0025804
92000 0.0025847
93000 0.00258821
94000 0.00258958
95000 0.00259004
96000 0.00259118
97000 0.00259317
98000 0.0025946
99000 0.00259619
100000 0.00259867
101000 0.00260053
102000 0.00260297
103000 0.00260484
104000 0.00260623
105000 0.00260706
106000 0.00260665
107000 0.00260671
108000 0.00260616
109000 0.00260546
110000 0.00260405
111000 0.00260326
112000 0.00260366
113000 0.00260371
114000 0.0026051
115000 0.00260741
116000 0.00260868
117000 0.00261054
118000 0.00261198
119000 0.00261259
120000 0.0026129
121000 0.00261355
122000 0.00261463
123000 0.00261569
124000 0.00261641
125000 0.00261627
126000 0.00261628
127000 0.00261755
128000 0.00261923
129000 0.00262089
130000 0.00262132
131000 0.00262116
132000 0.0026205
133000 0.00261977
134000 0.00261908
135000 0.0026185
136000 0.00261817
137000 0.00261743
138000 0.00261659
139000 0.0026156
140000 0.00261444
141000 0.00261361
142000 0.00261311
143000 0.00261335
144000 0.00261396
145000 0.00261469
146000 0.00261521
147000 0.00261693
148000 0.00261827
149000 0.00261947
150000 0.00262123
151000 0.0026232
152000 0.00262532
153000 0.00262685
154000 0.00262817
155000 0.00263038
156000 0.00263282
157000 0.00263533
158000 0.00263734
159000 0.00263906
160000 0.00264046
161000 0.00264157
162000 0.00264292
163000 0.00264397
164000 0.00264475
165000 0.00264565
166000 0.00264626
167000 0.00264652
168000 0.00264738
169000 0.00264805
170000 0.00264811
171000 0.00264871
172000 0.00264999
173000 0.00265187
174000 0.00265341
175000 0.00265516
176000 0.00265755
177000 0.00265939
178000 0.00266173
179000 0.0026635
180000 0.00266497
181000 0.00266648
182000 0.00266838
183000 0.00267035
184000 0.0026719
185000 0.00267239
186000 0.00267356
187000 0.00267451
188000 0.00267528
189000 0.0026754
190000 0.0026754
191000 0.00267557
192000 0.0026757
193000 0.00267597
194000 0.00267641
195000 0.00267671
196000 0.00267684
197000 0.00267685
198000 0.00267701
199000 0.00267692
200000 0.00267672
201000 0.00267686
202000 0.00267742
203000 0.002678
204000 0.00267885
205000 0.00268043
206000 0.00268208
207000 0.00268366
208000 0.00268527
209000 0.00268809
210000 0.00269156
211000 0.00269506
212000 0.00269802
213000 0.00270119
214000 0.00270427
215000 0.0027075
216000 0.0027108
217000 0.00271408
218000 0.00271675
219000 0.00271949
220000 0.00272186
221000 0.00272374
222000 0.00272584
223000 0.00272849
224000 0.00273117
225000 0.00273357
226000 0.00273561
227000 0.00273715
228000 0.00273866
229000 0.00274022
230000 0.00274143
231000 0.00274247
232000 0.00274358
233000 0.00274469
234000 0.00274449
235000 0.0027433
236000 0.00274149
237000 0.00274024
238000 0.00273944
239000 0.00273841
240000 0.00273697
241000 0.00273636
242000 0.00273623
243000 0.00273581
244000 0.0027357
245000 0.0027355
246000 0.00273539
247000 0.00273515
248000 0.00273478
249000 0.00273434
250000 0.00273419
251000 0.00273418
252000 0.0027346
253000 0.00273569
254000 0.00273594
255000 0.00273571
256000 0.0027355
257000 0.00273575
258000 0.00273608
259000 0.00273686
260000 0.00273833
261000 0.00273907
262000 0.00273927
263000 0.00273965
264000 0.00274027
265000 0.00274112
266000 0.00274187
267000 0.00274282
268000 0.00274394
269000 0.00274516
270000 0.00274621
271000 0.00274765
272000 0.00274924
273000 0.00275123
274000 0.00275416
275000 0.00275724
276000 0.00276052
277000 0.00276406
278000 0.00276794
279000 0.00277188
280000 0.00277613
281000 0.00277984
282000 0.00278326
283000 0.00278649
284000 0.00278901
285000 0.00279139
286000 0.00279312
287000 0.00279454
288000 0.00279571
289000 0.00279624
290000 0.00279664
291000 0.0027968
292000 0.00279687
293000 0.00279716
294000 0.00279672
295000 0.00279597
296000 0.00279476
297000 0.00279326
298000 0.00279173
299000 0.00279009
300000 0.00278844
301000 0.00278722
302000 0.00278584
303000 0.00278426
304000 0.0027828
305000 0.00278165
306000 0.00278076
307000 0.00277966
308000 0.00277782
309000 0.00277597
310000 0.00277386
311000 0.00277141
312000 0.00276901
313000 0.00276669
314000 0.00276441
315000 0.00276247
316000 0.00276047
317000 0.00275819
318000 0.00275556
319000 0.00275332
320000 0.0027509
321000 0.0027482
322000 0.00274536
323000 0.00274254
324000 0.00273958
325000 0.00273681
326000 0.00273424
327000 0.00273171
328000 0.00272947
329000 0.00272708
330000 0.00272429
331000 0.00272135
332000 0.00271831
333000 0.00271544
334000 0.00271258
335000 0.00270974
336000 0.00270654
337000 0.00270299
338000 0.00269941
339000 0.00269634
340000 0.00269351
341000 0.00269059
342000 0.00268748
343000 0.00268466
344000 0.00268153
345000 0.00267833
346000 0.0026752
347000 0.00267209
348000 0.00266887
349000 0.00266584
350000 0.00266276
351000 0.00265973
352000 0.00265693
353000 0.00265412
354000 0.0026513
355000 0.00264858
356000 0.00264634
357000 0.0026443
358000 0.00264241
359000 0.0026407
360000 0.00263918
361000 0.00263771
362000 0.00263659
363000 0.00263566
364000 0.00263488
365000 0.00263424
366000 0.00263363
367000 0.00263326
368000 0.00263287
369000 0.00263222
370000 0.00263134
371000 0.00263082
372000 0.0026307
373000 0.00263094
374000 0.00263139
375000 0.00263126
376000 0.00263103
377000 0.00263058
378000 0.00263016
379000 0.00262979
380000 0.00262921
381000 0.00262862
382000 0.00262802
383000 0.00262719
384000 0.00262606
385000 0.00262476
386000 0.00262322
387000 0.00262171
388000 0.00262043
389000 0.00261959
390000 0.00261891
391000 0.00261826
392000 0.0026177
393000 0.00261697
394000 0.00261652
395000 0.00261621
396000 0.00261612
397000 0.00261611
398000 0.00261617
399000 0.00261606
400000 0.00261616
401000 0.00261628
402000 0.0026164
403000 0.00261668
404000 0.00261724
405000 0.00261785
406000 0.00261828
407000 0.0026187
408000 0.00261896
409000 0.00261927
410000 0.00261953
411000 0.0026199
412000 0.00262037
413000 0.00262093
414000 0.00262124
415000 0.00262164
416000 0.00262204
417000 0.00262248
418000 0.00262286
419000 0.00262317
420000 0.00262336
421000 0.0026235
422000 0.00262394
423000 0.00262487
424000 0.00262583
425000 0.00262659
426000 0.00262737
427000 0.00262825
428000 0.00262924
429000 0.00263008
430000 0.00263086
431000 0.00263154
432000 0.00263219
433000 0.00263305
434000 0.00263374
435000 0.0026343
436000 0.00263502
437000 0.00263591
438000 0.00263688
439000 0.00263827
440000 0.00263973
441000 0.00264132
442000 0.0026425
443000 0.00264359
444000 0.0026445
445000 0.0026454
446000 0.00264637
447000 0.00264748
448000 0.00264874
449000 0.00265004
450000 0.00265109
451000 0.00265256
452000 0.00265387
453000 0.00265497
454000 0.00265584
455000 0.00265646
456000 0.00265741
457000 0.00265829
458000 0.00265894
459000 0.00265932
460000 0.00265939
461000 0.00265923
462000 0.0026591
463000 0.00265893
464000 0.00265857
465000 0.0026585
466000 0.00265843
467000 0.00265851
468000 0.00265826
469000 0.0026582
470000 0.00265789
471000 0.00265763
472000 0.00265777
473000 0.00265798
474000 0.00265801
475000 0.00265779
476000 0.0026573
477000 0.00265681
478000 0.00265642
479000 0.00265605
480000 0.00265554
481000 0.00265463
482000 0.00265388
483000 0.0026532
484000 0.00265259
485000 0.00265215
486000 0.00265161
487000 0.00265123
488000 0.00265089
489000 0.00265041
490000 0.00265003
491000 0.00264964
492000 0.00264906
493000 0.00264856
494000 0.0026481
495000 0.00264736
496000 0.0026469
497000 0.00264662
498000 0.00264634
499000 0.00264596
500000 0.00264535
