1000 0.00188765
2000 0.00189232
3000 0.00189458
4000 0.00189505
5000 0.00188003
6000 0.00185195
7000 0.00182023
8000 0.00179618
9000 0.00178733
10000 0.00178475
11000 0.001772
12000 0.00175731
13000 0.0017415
14000 0.00172586
15000 0.00171593
16000 0.00170869
17000 0.00170325
18000 0.00169653
19000 0.00168846
20000 0.00168043
21000 0.00167561
22000 0.00166597
23000 0.00165764
24000 0.00165265
25000 0.00165132
26000 0.00165087
27000 0.00165012
28000 0.00164426
29000 0.0016384
30000 0.00163446
31000 0.00163289
32000 0.0016344
33000 0.00163651
34000 0.00163795
35000 0.00163536
36000 0.00163311
37000 0.00163268
38000 0.00163126
39000 0.00162907
40000 0.00162764
41000 0.00162662
42000 0.00162481
43000 0.00162328
44000 0.00162336
45000 0.00162456
46000 0.00162761
47000 0.00163086
48000 0.00163456
49000 0.00163744
50000 0.00163937
51000 0.00164098
52000 0.00164346
53000 0.00164718
54000 0.00165117
55000 0.00165714
56000 0.00166231
57000 0.00166677
58000 0.00167133
59000 0.00167255
60000 0.00167458
61000 0.00167844
62000 0.0016841
63000 0.00169225
64000 0.00170129
65000 0.00170937
66000 0.00171905
67000 0.001729
68000 0.00173811
69000 0.00174643
70000 0.0017545
71000 0.00176151
72000 0.00176672
73000 0.00177306
74000 0.00177897
75000 0.00178509
76000 0.00179078
77000 0.00179587
78000 0.00180002
79000 0.00180327
80000 0.00180802
81000 0.00181355
82000 0.00181755
83000 0.00182183
84000 0.00182574
85000 0.00182927
86000 0.00183392
87000 0.00183864
88000 0.00184334
89000 0.00184911
90000 0.0018556
91000 0.0018607
92000 0.00186321
93000 0.00186524
94000 0.00186782
95000 0.00187051
96000 0.00187373
97000 0.00187756
98000 0.00188066
99000 0.00188463
100000 0.00188872
101000 0.00189271
102000 0.00189632
103000 0.00189914
104000 0.00190155
105000 0.00190422
106000 0.00190602
107000 0.00190755
108000 0.00190986
109000 0.00191303
110000 0.00191669
111000 0.00192141
112000 0.00192656
113000 0.00193173
114000 0.00193621
115000 0.00194054
116000 0.0019452
117000 0.00195045
118000 0.00195629
119000 0.00196236
120000 0.00196745
121000 0.001972
122000 0.00197669
123000 0.00198031
124000 0.00198438
125000 0.00198701
126000 0.00199026
127000 0.00199423
128000 0.00199849
129000 0.0020029
130000 0.00200589
131000 0.00200838
132000 0.00200974
133000 0.00201171
134000 0.00201393
135000 0.00201649
136000 0.00201896
137000 0.00202166
138000 0.00202298
139000 0.00202385
140000 0.00202524
141000 0.0020261
142000 0.0020284
143000 0.00203062
144000 0.0020332
145000 0.00203606
146000 0.00203922
147000 0.00204216
148000 0.00204536
149000 0.00204901
150000 0.00205381
151000 0.00205837
152000 0.00206348
153000 0.00206903
154000 0.00207442
155000 0.00207963
156000 0.00208484
157000 0.00209037
158000 0.00209487
159000 0.00209917
160000 0.00210325
161000 0.00210769
162000 0.00211171
163000 0.00211554
164000 0.00211933
165000 0.00212304
166000 0.00212721
167000 0.00213155
168000 0.00213574
169000 0.00213965
170000 0.0021432
171000 0.0021462
172000 0.00214927
173000 0.00215299
174000 0.00215701
175000 0.00216089
176000 0.00216493
177000 0.00217009
178000 0.00217468
179000 0.00217956
180000 0.00218521
181000 0.00219126
182000 0.0021977
183000 0.00220424
184000 0.00221077
185000 0.00221743
186000 0.00222467
187000 0.00223167
188000 0.00223814
189000 0.00224434
190000 0.00224986
191000 0.00225554
192000 0.00226171
193000 0.00226801
194000 0.00227357
195000 0.00227922
196000 0.00228455
197000 0.00228951
198000 0.0022943
199000 0.00229938
200000 0.00230533
201000 0.0023114
202000 0.0023165
203000 0.00232023
204000 0.00232372
205000 0.00232736
206000 0.00233093
207000 0.00233489
208000 0.00233863
209000 0.00234232
210000 0.0023464
211000 0.00235048
212000 0.00235447
213000 0.00235818
214000 0.00236199
215000 0.00236552
216000 0.00236866
217000 0.00237201
218000 0.00237581
219000 0.00237953
220000 0.00238354
221000 0.00238765
222000 0.00239056
223000 0.00239319
224000 0.00239583
225000 0.00239885
226000 0.00240175
227000 0.00240484
228000 0.00240829
229000 0.00241201
230000 0.00241592
231000 0.00242016
232000 0.00242442
233000 0.00242761
234000 0.00243089
235000 0.00243417
236000 0.00243747
237000 0.00244052
238000 0.00244288
239000 0.0024451
240000 0.00244807
241000 0.00245139
242000 0.00245471
243000 0.00245857
244000 0.0024629
245000 0.00246709
246000 0.00247183
247000 0.00247689
248000 0.00248201
249000 0.00248709
250000 0.00249193
251000 0.0024966
252000 0.00250164
253000 0.00250642
254000 0.0025105
255000 0.00251408
256000 0.00251765
257000 0.00252081
258000 0.00252428
259000 0.00252763
260000 0.00253044
261000 0.00253302
262000 0.0025354
263000 0.00253817
264000 0.00254139
265000 0.00254451
266000 0.00254742
267000 0.00254915
268000 0.00255058
269000 0.0025518
270000 0.00255283
271000 0.00255425
272000 0.00255564
273000 0.00255684
274000 0.00255749
275000 0.00255764
276000 0.00255762
277000 0.00255816
278000 0.00255823
279000 0.00255831
280000 0.00255796
281000 0.00255756
282000 0.0025575
283000 0.00255738
284000 0.00255731
285000 0.00255701
286000 0.00255705
287000 0.0025574
288000 0.00255792
289000 0.00255878
290000 0.00255991
291000 0.00256163
292000 0.00256309
293000 0.00256423
294000 0.00256598
295000 0.00256797
296000 0.00257032
297000 0.00257292
298000 0.00257565
299000 0.0025786
300000 0.00258162
301000 0.0025843
302000 0.00258755
303000 0.00259094
304000 0.0025943
305000 0.00259764
306000 0.0026008
307000 0.0026037
308000 0.00260606
309000 0.00260856
310000 0.00261096
311000 0.00261308
312000 0.00261512
313000 0.00261682
314000 0.00261861
315000 0.00262021
316000 0.00262151
317000 0.00262259
318000 0.00262385
319000 0.002625
320000 0.00262641
321000 0.00262841
322000 0.0026305
323000 0.00263253
324000 0.00263423
325000 0.00263566
326000 0.00263717
327000 0.00263862
328000 0.00264044
329000 0.00264268
330000 0.00264469
331000 0.00264656
332000 0.0026484
333000 0.00265018
334000 0.00265161
335000 0.00265325
336000 0.00265497
337000 0.00265687
338000 0.00265762
339000 0.00265849
340000 0.00265971
341000 0.0026613
342000 0.00266327
343000 0.00266516
344000 0.00266699
345000 0.00266874
346000 0.00267056
347000 0.00267176
348000 0.00267215
349000 0.00267263
350000 0.00267319
351000 0.0026735
352000 0.00267386
353000 0.00267431
354000 0.00267516
355000 0.00267617
356000 0.00267724
357000 0.00267823
358000 0.00267944
359000 0.00268087
360000 0.00268247
361000 0.00268432
362000 0.00268611
363000 0.0026877
364000 0.00268922
365000 0.00269056
366000 0.00269187
367000 0.00269304
368000 0.00269437
369000 0.00269541
370000 0.00269603
371000 0.00269639
372000 0.00269705
373000 0.00269738
374000 0.00269738
375000 0.00269721
376000 0.00269717
377000 0.00269717
378000 0.00269727
379000 0.0026978
380000 0.00269833
381000 0.00269884
382000 0.00269912
383000 0.00269931
384000 0.00269934
385000 0.00269933
386000 0.00269947
387000 0.00269986
388000 0.00270014
389000 0.00270035
390000 0.00270064
391000 0.00270065
392000 0.00270087
393000 0.0027014
394000 0.00270193
395000 0.0027025
396000 0.00270311
397000 0.00270395
398000 0.00270486
399000 0.00270576
400000 0.00270678
401000 0.00270767
402000 0.00270851
403000 0.00270952
404000 0.0027103
405000 0.0027107
406000 0.00271093
407000 0.00271093
408000 0.0027108
409000 0.00271057
410000 0.00271028
411000 0.00271022
412000 0.00271033
413000 0.00271042
414000 0.00271046
415000 0.00271082
416000 0.00271136
417000 0.00271208
418000 0.00271264
419000 0.00271274
420000 0.00271257
421000 0.00271252
422000 0.00271254
423000 0.00271259
424000 0.00271269
425000 0.00271275
426000 0.00271264
427000 0.00271267
428000 0.00271262
429000 0.00271277
430000 0.00271316
431000 0.00271334
432000 0.00271326
433000 0.00271324
434000 0.00271366
435000 0.0027142
436000 0.00271465
437000 0.00271531
438000 0.00271592
439000 0.00271632
440000 0.00271662
441000 0.00271671
442000 0.00271679
443000 0.0027172
444000 0.00271809
445000 0.00271909
446000 0.00272019
447000 0.00272121
448000 0.0027219
449000 0.00272264
450000 0.00272315
451000 0.00272334
452000 0.00272334
453000 0.00272337
454000 0.00272354
455000 0.00272375
456000 0.00272372
457000 0.0027233
458000 0.00272265
459000 0.0027218
460000 0.00272081
461000 0.00271984
462000 0.00271866
463000 0.00271761
464000 0.00271687
465000 0.00271623
466000 0.00271585
467000 0.00271543
468000 0.00271495
469000 0.00271466
470000 0.00271435
471000 0.00271399
472000 0.00271382
473000 0.0027139
474000 0.00271405
475000 0.00271422
476000 0.00271453
477000 0.00271471
478000 0.00271466
479000 0.0027144
480000 0.00271396
481000 0.00271339
482000 0.00271274
483000 0.00271196
484000 0.00271112
485000 0.00271038
486000 0.00270975
487000 0.00270899
488000 0.00270811
489000 0.00270687
490000 0.00270575
491000 0.00270476
492000 0.0027038
493000 0.0027028
494000 0.0027016
495000 0.00270025
496000 0.0026987
497000 0.00269725
498000 0.002696
499000 0.00269475
500000 0.00269349
