1000 0.00259759
2000 0.00257531
3000 0.00255469
4000 0.00252468
5000 0.00250755
6000 0.00250794
7000 0.00252965
8000 0.00255752
9000 0.00259143
10000 0.00262525
11000 0.00264836
12000 0.00264896
13000 0.002653
14000 0.00266307
15000 0.00267194
16000 0.00268638
17000 0.00270135
18000 0.00271267
19000 0.00272361
20000 0.00274213
21000 0.00276043
22000 0.00276777
23000 0.00276817
24000 0.00277145
25000 0.00277219
26000 0.00276707
27000 0.00275973
28000 0.00275343
29000 0.00274664
30000 0.00274508
31000 0.00274658
32000 0.00275118
33000 0.00275213
34000 0.00275211
35000 0.00275261
36000 0.00275678
37000 0.00276149
38000 0.00276541
39000 0.00276918
40000 0.00276931
41000 0.00276784
42000 0.00276824
43000 0.00276541
44000 0.00276185
45000 0.00275894
46000 0.00275688
47000 0.00275553
48000 0.00275272
49000 0.00275068
50000 0.00274846
51000 0.00274725
52000 0.0027453
53000 0.00274513
54000 0.00274604
55000 0.00274935
56000 0.00275402
57000 0.00275895
58000 0.0027607
59000 0.00276061
60000 0.00275853
61000 0.00275496
62000 0.00274964
63000 0.00274256
64000 0.00273544
65000 0.0027268
66000 0.00271668
67000 0.00270742
68000 0.00269877
69000 0.0026892
70000 0.00267896
71000 0.00266959
72000 0.00266065
73000 0.00265155
74000 0.00264077
75000 0.00263017
76000 0.00262038
77000 0.00261094
78000 0.002602
79000 0.00259299
80000 0.00258507
81000 0.00257739
82000 0.00256967
83000 0.00256264
84000 0.00255545
85000 0.00254865
86000 0.00254292
87000 0.00253788
88000 0.00253244
89000 0.00252764
90000 0.0025234
91000 0.00251974
92000 0.00251719
93000 0.00251488
94000 0.00251111
95000 0.00250748
96000 0.0025027
97000 0.00249637
98000 0.00248964
99000 0.00248357
100000 0.0024784
101000 0.00247447
102000 0.00247177
103000 0.00246874
104000 0.00246609
105000 0.00246408
106000 0.00246089
107000 0.00245635
108000 0.00245109
109000 0.0024464
110000 0.00244285
111000 0.00243958
112000 0.00243614
113000 0.0024323
114000 0.0024291
115000 0.00242565
116000 0.0024229
117000 0.00242054
118000 0.00241856
119000 0.00241718
120000 0.00241575
121000 0.00241442
122000 0.00241298
123000 0.00241222
124000 0.00241325
125000 0.0024148
126000 0.00241708
127000 0.00241913
128000 0.00242053
129000 0.00242171
130000 0.00242189
131000 0.0024216
132000 0.00242117
133000 0.0024204
134000 0.00242059
135000 0.00242168
136000 0.00242258
137000 0.00242338
138000 0.00242361
139000 0.00242389
140000 0.00242597
141000 0.00242846
142000 0.00243082
143000 0.00243307
144000 0.00243529
145000 0.00243755
146000 0.00243933
147000 0.00244139
148000 0.0024435
149000 0.00244559
150000 0.00244766
151000 0.00245021
152000 0.00245368
153000 0.00245707
154000 0.00246026
155000 0.00246301
156000 0.00246489
157000 0.00246791
158000 0.00247136
159000 0.00247393
160000 0.00247616
161000 0.00247735
162000 0.00247822
163000 0.00247932
164000 0.00248071
165000 0.00248092
166000 0.00248147
167000 0.00248267
168000 0.0024847
169000 0.0024869
170000 0.00248929
171000 0.00249241
172000 0.00249568
173000 0.00249829
174000 0.00250101
175000 0.00250429
176000 0.00250713
177000 0.00251016
178000 0.00251295
179000 0.00251552
180000 0.00251758
181000 0.00251922
182000 0.00252081
183000 0.00252176
184000 0.00252333
185000 0.00252449
186000 0.00252623
187000 0.00252798
188000 0.0025301
189000 0.00253258
190000 0.0025345
191000 0.00253687
192000 0.00254041
193000 0.00254451
194000 0.00254836
195000 0.00255185
196000 0.00255547
197000 0.00255977
198000 0.00256426
199000 0.00256839
200000 0.00257272
201000 0.00257709
202000 0.00258091
203000 0.00258495
204000 0.00258869
205000 0.0025922
206000 0.00259651
207000 0.00260157
208000 0.00260677
209000 0.00261144
210000 0.00261519
211000 0.00261883
212000 0.0026224
213000 0.00262571
214000 0.00262946
215000 0.0026339
216000 0.00263931
217000 0.00264487
218000 0.00265084
219000 0.00265742
220000 0.00266378
221000 0.00266979
222000 0.00267691
223000 0.00268324
224000 0.0026889
225000 0.00269479
226000 0.00270004
227000 0.00270527
228000 0.00270956
229000 0.002713
230000 0.00271581
231000 0.00271863
232000 0.00272146
233000 0.00272464
234000 0.00272771
235000 0.00273057
236000 0.00273327
237000 0.00273602
238000 0.00273939
239000 0.00274257
240000 0.00274579
241000 0.00274861
242000 0.00275131
243000 0.00275442
244000 0.00275703
245000 0.00275981
246000 0.00276258
247000 0.00276499
248000 0.00276727
249000 0.00276958
250000 0.00277195
251000 0.00277422
252000 0.00277636
253000 0.00277879
254000 0.00278121
255000 0.00278354
256000 0.00278598
257000 0.00278852
258000 0.00279098
259000 0.00279292
260000 0.00279492
261000 0.00279681
262000 0.00279841
263000 0.00279969
264000 0.00280076
265000 0.0028017
266000 0.00280308
267000 0.00280436
268000 0.00280499
269000 0.0028055
270000 0.00280594
271000 0.0028061
272000 0.00280617
273000 0.00280662
274000 0.00280715
275000 0.00280806
276000 0.00280874
277000 0.0028091
278000 0.0028087
279000 0.00280836
280000 0.00280783
281000 0.00280675
282000 0.00280552
283000 0.00280446
284000 0.00280337
285000 0.00280265
286000 0.00280233
287000 0.0028024
288000 0.00280201
289000 0.00280142
290000 0.00280123
291000 0.00280122
292000 0.00280113
293000 0.00280128
294000 0.00280153
295000 0.00280162
296000 0.00280131
297000 0.00280139
298000 0.00280155
299000 0.00280125
300000 0.00280063
301000 0.00280008
302000 0.00279992
303000 0.00279964
304000 0.00279944
305000 0.0027992
306000 0.00279903
307000 0.00279902
308000 0.00279899
309000 0.00279837
310000 0.0027973
311000 0.00279605
312000 0.0027952
313000 0.00279453
314000 0.00279379
315000 0.00279289
316000 0.00279198
317000 0.00279083
318000 0.00278992
319000 0.00278893
320000 0.0027877
321000 0.00278666
322000 0.00278585
323000 0.00278516
324000 0.00278431
325000 0.00278275
326000 0.00278113
327000 0.00277939
328000 0.00277769
329000 0.00277575
330000 0.00277369
331000 0.0027718
332000 0.00277029
333000 0.00276902
334000 0.00276797
335000 0.00276691
336000 0.00276586
337000 0.00276468
338000 0.00276372
339000 0.00276302
340000 0.00276247
341000 0.00276209
342000 0.00276176
343000 0.00276144
344000 0.00276123
345000 0.00276092
346000 0.00276072
347000 0.00276055
348000 0.00276045
349000 0.00276024
350000 0.00276028
351000 0.00276039
352000 0.00276059
353000 0.00276074
354000 0.00276141
355000 0.00276247
356000 0.00276369
357000 0.00276462
358000 0.00276521
359000 0.0027659
360000 0.00276663
361000 0.00276764
362000 0.00276858
363000 0.00276907
364000 0.00276947
365000 0.00276999
366000 0.00277068
367000 0.00277152
368000 0.00277266
369000 0.00277405
370000 0.00277551
371000 0.00277704
372000 0.00277858
373000 0.00278043
374000 0.00278238
375000 0.0027842
376000 0.00278596
377000 0.0027872
378000 0.00278846
379000 0.00278977
380000 0.00279129
381000 0.00279299
382000 0.00279474
383000 0.0027961
384000 0.00279719
385000 0.00279804
386000 0.00279887
387000 0.00279964
388000 0.00280065
389000 0.00280147
390000 0.0028021
391000 0.00280294
392000 0.00280378
393000 0.00280421
394000 0.00280468
395000 0.00280532
396000 0.00280608
397000 0.00280666
398000 0.00280701
399000 0.00280751
400000 0.00280803
401000 0.00280843
402000 0.00280847
403000 0.00280785
404000 0.00280716
405000 0.00280649
406000 0.00280584
407000 0.00280508
408000 0.00280431
409000 0.00280348
410000 0.00280291
411000 0.0028023
412000 0.00280188
413000 0.00280144
414000 0.00280085
415000 0.00280018
416000 0.0027994
417000 0.0027987
418000 0.00279762
419000 0.0027965
420000 0.00279499
421000 0.00279334
422000 0.0027917
423000 0.00279006
424000 0.0027885
425000 0.002787
426000 0.00278538
427000 0.00278384
428000 0.0027822
429000 0.00278063
430000 0.00277878
431000 0.00277687
432000 0.00277503
433000 0.00277287
434000 0.00277061
435000 0.00276843
436000 0.00276622
437000 0.00276417
438000 0.00276242
439000 0.00276067
440000 0.00275877
441000 0.00275695
442000 0.00275532
443000 0.00275391
444000 0.00275261
445000 0.00275128
446000 0.00275013
447000 0.00274917
448000 0.00274824
449000 0.00274752
450000 0.00274679
451000 0.00274614
452000 0.00274546
453000 0.00274491
454000 0.00274449
455000 0.0027441
456000 0.00274378
457000 0.00274332
458000 0.00274278
459000 0.00274234
460000 0.00274227
461000 0.00274225
462000 0.00274255
463000 0.00274294
464000 0.00274338
465000 0.00274377
466000 0.00274429
467000 0.00274506
468000 0.00274578
469000 0.0027465
470000 0.00274751
471000 0.00274868
472000 0.00275001
473000 0.00275144
474000 0.0027529
475000 0.00275459
476000 0.00275641
477000 0.00275826
478000 0.00276041
479000 0.00276256
480000 0.00276459
481000 0.00276656
482000 0.00276851
483000 0.00277055
484000 0.00277285
485000 0.00277522
486000 0.0027779
487000 0.00278073
488000 0.00278352
489000 0.00278634
490000 0.00278921
491000 0.00279189
492000 0.00279433
493000 0.00279668
494000 0.00279877
495000 0.00280067
496000 0.00280248
497000 0.00280423
498000 0.00280582
499000 0.00280691
500000 0.00280791
