1000 0.00327553
2000 0.00321772
3000 0.00316169
4000 0.00313329
5000 0.00312725
6000 0.00311977
7000 0.003102
8000 0.00308518
9000 0.00308464
10000 0.00309512
11000 0.00310175
12000 0.00309958
13000 0.00310253
14000 0.00310361
15000 0.00310365
16000 0.00310477
17000 0.00311141
18000 0.00312962
19000 0.00315581
20000 0.0031909
21000 0.00323172
22000 0.00327037
23000 0.00330216
24000 0.00332663
25000 0.00334327
26000 0.0033613
27000 0.00338111
28000 0.0033959
29000 0.00340774
30000 0.00341654
31000 0.00342061
32000 0.00342536
33000 0.00342704
34000 0.00342452
35000 0.00342258
36000 0.00342158
37000 0.00342345
38000 0.00342295
39000 0.00341961
40000 0.00341542
41000 0.00340881
42000 0.00340089
43000 0.00339746
44000 0.00339698
45000 0.00339761
46000 0.00339652
47000 0.00339708
48000 0.0033994
49000 0.00340037
50000 0.00339924
51000 0.0033969
52000 0.00339668
53000 0.00339692
54000 0.00339549
55000 0.00339297
56000 0.0033892
57000 0.00338436
58000 0.00337967
59000 0.0033769
60000 0.00337255
61000 0.0033655
62000 0.00335871
63000 0.00335399
64000 0.00335014
65000 0.00334617
66000 0.00334299
67000 0.00334095
68000 0.00334038
69000 0.00333782
70000 0.00333526
71000 0.00333422
72000 0.00333402
73000 0.00333446
74000 0.0033359
75000 0.00333823
76000 0.00334055
77000 0.00334239
78000 0.00334559
79000 0.00335089
80000 0.00335468
81000 0.00335741
82000 0.00335871
83000 0.00335953
84000 0.00336048
85000 0.00336167
86000 0.00336265
87000 0.00336197
88000 0.00336039
89000 0.00335791
90000 0.00335551
91000 0.00335352
92000 0.00335192
93000 0.00335067
94000 0.00334907
95000 0.00334534
96000 0.00333958
97000 0.00333437
98000 0.00332904
99000 0.00332372
100000 0.00331901
101000 0.00331407
102000 0.00330867
103000 0.00330376
104000 0.0032998
105000 0.00329642
106000 0.00329243
107000 0.00328821
108000 0.00328494
109000 0.003283
110000 0.00328105
111000 0.00327827
112000 0.00327552
113000 0.00327216
114000 0.00326882
115000 0.00326482
116000 0.00326155
117000 0.00325755
118000 0.00325366
119000 0.00325001
120000 0.00324562
121000 0.00324092
122000 0.00323663
123000 0.00323286
124000 0.00322839
125000 0.00322403
126000 0.00322014
127000 0.00321576
128000 0.00321253
129000 0.00320936
130000 0.00320569
131000 0.00320169
132000 0.00319653
133000 0.00319183
134000 0.00318773
135000 0.0031836
136000 0.00317889
137000 0.00317434
138000 0.00316998
139000 0.00316579
140000 0.00316166
141000 0.00315813
142000 0.00315444
143000 0.00315065
144000 0.00314711
145000 0.00314442
146000 0.0031419
147000 0.00313944
148000 0.00313633
149000 0.00313292
150000 0.0031292
151000 0.0031254
152000 0.0031218
153000 0.0031185
154000 0.00311542
155000 0.0031123
156000 0.00310958
157000 0.00310732
158000 0.00310535
159000 0.003104
160000 0.00310367
161000 0.0031039
162000 0.00310417
163000 0.00310446
164000 0.00310527
165000 0.00310699
166000 0.00310911
167000 0.00311139
168000 0.00311435
169000 0.00311771
170000 0.0031227
171000 0.0031289
172000 0.00313548
173000 0.00314171
174000 0.00314734
175000 0.00315232
176000 0.00315705
177000 0.00316161
178000 0.00316535
179000 0.00316974
180000 0.00317506
181000 0.00318114
182000 0.00318761
183000 0.00319453
184000 0.00320047
185000 0.00320601
186000 0.00321273
187000 0.0032196
188000 0.00322624
189000 0.00323247
190000 0.00323836
191000 0.00324392
192000 0.00325028
193000 0.00325703
194000 0.00326363
195000 0.00327034
196000 0.00327716
197000 0.00328376
198000 0.00328937
199000 0.00329462
200000 0.00330009
201000 0.00330491
202000 0.00330911
203000 0.00331312
204000 0.00331697
205000 0.00332106
206000 0.00332538
207000 0.00332976
208000 0.00333443
209000 0.00333852
210000 0.003342
211000 0.00334574
212000 0.00334965
213000 0.00335385
214000 0.00335855
215000 0.00336284
216000 0.00336649
217000 0.00336998
218000 0.00337298
219000 0.00337645
220000 0.00337984
221000 0.00338323
222000 0.00338669
223000 0.00338975
224000 0.00339279
225000 0.00339601
226000 0.00339927
227000 0.00340231
228000 0.00340594
229000 0.00340992
230000 0.00341373
231000 0.00341694
232000 0.00341999
233000 0.00342254
234000 0.00342507
235000 0.00342774
236000 0.00343144
237000 0.00343544
238000 0.00343966
239000 0.00344365
240000 0.00344847
241000 0.00345359
242000 0.00345864
243000 0.00346327
244000 0.00346835
245000 0.00347265
246000 0.00347643
247000 0.00347959
248000 0.00348245
249000 0.00348531
250000 0.00348752
251000 0.00348874
252000 0.00349075
253000 0.00349292
254000 0.00349524
255000 0.00349754
256000 0.00349867
257000 0.00349951
258000 0.00350021
259000 0.00350107
260000 0.00350197
261000 0.00350251
262000 0.00350348
263000 0.00350432
264000 0.00350549
265000 0.00350716
266000 0.00350919
267000 0.00351109
268000 0.00351277
269000 0.0035149
270000 0.00351743
271000 0.00352013
272000 0.00352246
273000 0.00352457
274000 0.00352634
275000 0.00352807
276000 0.00352989
277000 0.00353178
278000 0.00353385
279000 0.0035356
280000 0.00353696
281000 0.00353802
282000 0.0035389
283000 0.00353988
284000 0.00354112
285000 0.00354281
286000 0.003545
287000 0.00354713
288000 0.00354913
289000 0.00355135
290000 0.00355345
291000 0.00355567
292000 0.00355776
293000 0.00356012
294000 0.00356288
295000 0.00356643
296000 0.00356984
297000 0.00357353
298000 0.00357797
299000 0.00358249
300000 0.00358753
301000 0.00359303
302000 0.00359869
303000 0.00360495
304000 0.00361142
305000 0.00361808
306000 0.00362473
307000 0.00363111
308000 0.00363758
309000 0.00364332
310000 0.00364867
311000 0.00365425
312000 0.00366005
313000 0.00366572
314000 0.00367094
315000 0.00367537
316000 0.00367974
317000 0.00368403
318000 0.00368871
319000 0.00369363
320000 0.00369871
321000 0.00370426
322000 0.00371006
323000 0.00371544
324000 0.00372055
325000 0.00372612
326000 0.00373164
327000 0.00373731
328000 0.00374258
329000 0.00374783
330000 0.00375353
331000 0.00375915
332000 0.00376406
333000 0.00376878
334000 0.00377334
335000 0.00377771
336000 0.00378094
337000 0.00378393
338000 0.00378699
339000 0.00379032
340000 0.0037937
341000 0.00379724
342000 0.00380016
343000 0.00380303
344000 0.00380585
345000 0.00380817
346000 0.00381043
347000 0.00381255
348000 0.00381485
349000 0.00381763
350000 0.00382085
351000 0.00382427
352000 0.00382734
353000 0.00383075
354000 0.00383403
355000 0.00383724
356000 0.00384029
357000 0.00384343
358000 0.00384624
359000 0.0038492
360000 0.00385169
361000 0.00385379
362000 0.00385546
363000 0.00385713
364000 0.00385902
365000 0.0038609
366000 0.00386243
367000 0.00386372
368000 0.00386501
369000 0.00386624
370000 0.00386728
371000 0.00386839
372000 0.0038696
373000 0.0038707
374000 0.00387215
375000 0.00387381
376000 0.00387621
377000 0.00387885
378000 0.00388178
379000 0.00388468
380000 0.00388734
381000 0.0038896
382000 0.00389222
383000 0.00389496
384000 0.00389758
385000 0.00390033
386000 0.00390296
387000 0.00390571
388000 0.00390835
389000 0.00391113
390000 0.00391427
391000 0.00391764
392000 0.00392105
393000 0.00392422
394000 0.00392704
395000 0.00393004
396000 0.00393326
397000 0.00393628
398000 0.00393916
399000 0.00394206
400000 0.00394474
401000 0.0039475
402000 0.00395
403000 0.00395229
404000 0.00395457
405000 0.00395695
406000 0.00395924
407000 0.00396152
408000 0.00396357
409000 0.00396576
410000 0.00396742
411000 0.00396856
412000 0.00396996
413000 0.00397114
414000 0.00397234
415000 0.00397372
416000 0.00397516
417000 0.00397673
418000 0.00397804
419000 0.00397891
420000 0.00397926
421000 0.00397922
422000 0.00397906
423000 0.0039786
424000 0.00397793
425000 0.00397699
426000 0.003976
427000 0.00397508
428000 0.00397417
429000 0.00397323
430000 0.00397228
431000 0.00397163
432000 0.00397104
433000 0.00397064
434000 0.00397022
435000 0.0039697
436000 0.00396891
437000 0.00396841
438000 0.00396812
439000 0.00396767
440000 0.00396699
441000 0.00396636
442000 0.00396594
443000 0.00396539
444000 0.00396456
445000 0.00396371
446000 0.00396287
447000 0.00396218
448000 0.00396161
449000 0.00396107
450000 0.00396067
451000 0.00395996
452000 0.00395883
453000 0.00395735
454000 0.00395577
455000 0.00395434
456000 0.00395282
457000 0.00395147
458000 0.00395008
459000 0.00394849
460000 0.00394686
461000 0.00394528
462000 0.00394367
463000 0.00394245
464000 0.0039413
465000 0.00394002
466000 0.0039388
467000 0.00393786
468000 0.00393667
469000 0.00393554
470000 0.0039346
471000 0.00393361
472000 0.00393257
473000 0.00393135
474000 0.00392954
475000 0.00392763
476000 0.00392547
477000 0.0039233
478000 0.00392129
479000 0.00391964
480000 0.00391835
481000 0.00391694
482000 0.00391574
483000 0.00391489
484000 0.00391419
485000 0.00391357
486000 0.00391308
487000 0.00391262
488000 0.00391255
489000 0.00391275
490000 0.00391297
491000 0.00391337
492000 0.00391393
493000 0.00391474
494000 0.00391549
495000 0.00391598
496000 0.00391621
497000 0.00391639
498000 0.0039167
499000 0.00391723
500000 0.00391781
