1000 0.00370372
2000 0.00367996
3000 0.00368974
4000 0.00372619
5000 0.00373303
6000 0.00376497
7000 0.00379968
8000 0.00381634
9000 0.00382347
10000 0.0038204
11000 0.00381542
12000 0.00381272
13000 0.00380621
14000 0.0038095
15000 0.00380954
16000 0.00380969
17000 0.003805
18000 0.00380119
19000 0.0037984
20000 0.00379581
21000 0.00378842
22000 0.00377648
23000 0.00376646
24000 0.00375635
25000 0.00374452
26000 0.00373312
27000 0.00371584
28000 0.00369943
29000 0.00368538
30000 0.00367399
31000 0.00366504
32000 0.00365577
33000 0.00364702
34000 0.00364507
35000 0.00364849
36000 0.00365226
37000 0.00365789
38000 0.00366171
39000 0.00367112
40000 0.00368421
41000 0.00369652
42000 0.00370786
43000 0.00372081
44000 0.00373364
45000 0.00374348
46000 0.00375329
47000 0.00376365
48000 0.00377859
49000 0.00379154
50000 0.00380523
51000 0.00382075
52000 0.00383359
53000 0.00384305
54000 0.00384871
55000 0.0038543
56000 0.00385507
57000 0.00385343
58000 0.00385064
59000 0.00384766
60000 0.00384271
61000 0.00383813
62000 0.00383378
63000 0.00383003
64000 0.00382762
65000 0.00382551
66000 0.00382347
67000 0.00382286
68000 0.00382188
69000 0.00381979
70000 0.00381649
71000 0.00381483
72000 0.003814
73000 0.00381108
74000 0.00380532
75000 0.00379893
76000 0.00379263
77000 0.00378814
78000 0.00378394
79000 0.00377987
80000 0.00377667
81000 0.0037748
82000 0.00377348
83000 0.00377354
84000 0.00377506
85000 0.00377754
86000 0.00378032
87000 0.00378234
88000 0.00378442
89000 0.00378618
90000 0.00378737
91000 0.00378909
92000 0.00379019
93000 0.00379184
94000 0.00379463
95000 0.00379728
96000 0.00379924
97000 0.00380072
98000 0.00380183
99000 0.00380259
100000 0.00380295
101000 0.00380274
102000 0.00380246
103000 0.003802
104000 0.00380073
105000 0.00380018
106000 0.00379927
107000 0.00379862
108000 0.00379809
109000 0.00379647
110000 0.0037949
111000 0.0037942
112000 0.00379398
113000 0.00379518
114000 0.00379694
115000 0.00379862
116000 0.00379983
117000 0.00380107
118000 0.00380301
119000 0.00380498
120000 0.00380588
121000 0.00380645
122000 0.00380748
123000 0.00380814
124000 0.00380914
125000 0.00381099
126000 0.00381245
127000 0.00381447
128000 0.00381708
129000 0.00381957
130000 0.00382207
131000 0.0038248
132000 0.00382817
133000 0.003833
134000 0.00383799
135000 0.00384251
136000 0.00384667
137000 0.00385124
138000 0.00385548
139000 0.00385961
140000 0.00386456
141000 0.00386925
142000 0.00387286
143000 0.00387653
144000 0.00387986
145000 0.00388425
146000 0.00388835
147000 0.00389099
148000 0.00389289
149000 0.00389399
150000 0.00389336
151000 0.00389307
152000 0.0038927
153000 0.00389271
154000 0.00389225
155000 0.00389168
156000 0.00389047
157000 0.00388876
158000 0.00388685
159000 0.00388485
160000 0.00388325
161000 0.00388107
162000 0.00387901
163000 0.00387741
164000 0.00387692
165000 0.00387775
166000 0.00387893
167000 0.00388056
168000 0.00388249
169000 0.00388459
170000 0.00388682
171000 0.0038896
172000 0.00389191
173000 0.00389226
174000 0.00389198
175000 0.00389096
176000 0.00388924
177000 0.00388764
178000 0.00388627
179000 0.00388462
180000 0.00388166
181000 0.00387834
182000 0.00387478
183000 0.00387114
184000 0.00386839
185000 0.00386587
186000 0.00386381
187000 0.00386201
188000 0.00386066
189000 0.00385948
190000 0.0038583
191000 0.00385688
192000 0.00385601
193000 0.0038557
194000 0.00385508
195000 0.00385461
196000 0.00385383
197000 0.00385276
198000 0.00385127
199000 0.00384961
200000 0.00384722
201000 0.00384491
202000 0.00384314
203000 0.00384125
204000 0.00383933
205000 0.00383726
206000 0.00383581
207000 0.0038338
208000 0.0038315
209000 0.00382967
210000 0.00382856
211000 0.00382786
212000 0.00382777
213000 0.00382827
214000 0.0038291
215000 0.00383012
216000 0.00383014
217000 0.00382971
218000 0.00382898
219000 0.00382807
220000 0.00382745
221000 0.00382717
222000 0.00382656
223000 0.00382589
224000 0.00382536
225000 0.00382478
226000 0.00382421
227000 0.00382406
228000 0.00382413
229000 0.00382433
230000 0.00382354
231000 0.00382306
232000 0.00382311
233000 0.003823
234000 0.00382354
235000 0.00382346
236000 0.00382289
237000 0.00382159
238000 0.00382063
239000 0.00381944
240000 0.00381776
241000 0.00381605
242000 0.00381442
243000 0.00381362
244000 0.00381283
245000 0.00381195
246000 0.00381144
247000 0.00381069
248000 0.00380995
249000 0.00380978
250000 0.00380943
251000 0.0038096
252000 0.00380937
253000 0.003809
254000 0.00380876
255000 0.00380814
256000 0.00380763
257000 0.0038072
258000 0.00380703
259000 0.00380786
260000 0.00380838
261000 0.00380838
262000 0.00380768
263000 0.00380668
264000 0.00380542
265000 0.00380377
266000 0.00380229
267000 0.0038006
268000 0.00379889
269000 0.00379707
270000 0.00379543
271000 0.00379442
272000 0.00379339
273000 0.00379204
274000 0.00379058
275000 0.00378879
276000 0.00378675
277000 0.00378465
278000 0.00378268
279000 0.00378032
280000 0.00377802
281000 0.00377626
282000 0.00377448
283000 0.00377302
284000 0.00377174
285000 0.00376983
286000 0.00376723
287000 0.00376495
288000 0.00376279
289000 0.00376091
290000 0.00375846
291000 0.00375534
292000 0.00375157
293000 0.00374811
294000 0.00374464
295000 0.003741
296000 0.0037376
297000 0.00373469
298000 0.00373243
299000 0.0037299
300000 0.00372766
301000 0.00372584
302000 0.0037238
303000 0.00372156
304000 0.00371927
305000 0.00371716
306000 0.00371526
307000 0.00371353
308000 0.00371181
309000 0.00370966
310000 0.00370709
311000 0.00370466
312000 0.00370214
313000 0.00369963
314000 0.0036973
315000 0.00369464
316000 0.00369201
317000 0.00368878
318000 0.00368568
319000 0.00368293
320000 0.00368053
321000 0.00367827
322000 0.00367645
323000 0.00367523
324000 0.00367404
325000 0.00367331
326000 0.00367274
327000 0.00367203
328000 0.00367135
329000 0.00367068
330000 0.00367002
331000 0.0036691
332000 0.00366783
333000 0.00366705
334000 0.00366661
335000 0.00366628
336000 0.00366507
337000 0.00366356
338000 0.00366227
339000 0.00366109
340000 0.00365982
341000 0.00365887
342000 0.00365814
343000 0.00365748
344000 0.00365701
345000 0.00365636
346000 0.00365503
347000 0.00365404
348000 0.00365288
349000 0.00365142
350000 0.00365044
351000 0.00364928
352000 0.00364783
353000 0.00364585
354000 0.00364364
355000 0.00364177
356000 0.00363954
357000 0.00363733
358000 0.00363562
359000 0.00363426
360000 0.00363304
361000 0.00363199
362000 0.00363134
363000 0.00363037
364000 0.00362856
365000 0.00362683
366000 0.00362504
367000 0.00362293
368000 0.00362071
369000 0.00361838
370000 0.00361587
371000 0.00361332
372000 0.00361067
373000 0.00360794
374000 0.0036053
375000 0.00360261
376000 0.00359992
377000 0.00359737
378000 0.00359505
379000 0.00359247
380000 0.00359028
381000 0.00358822
382000 0.00358619
383000 0.00358437
384000 0.00358282
385000 0.00358154
386000 0.00358036
387000 0.00357956
388000 0.00357913
389000 0.00357833
390000 0.00357766
391000 0.00357754
392000 0.00357766
393000 0.00357804
394000 0.00357835
395000 0.00357866
396000 0.003579
397000 0.0035793
398000 0.00357955
399000 0.00357978
400000 0.00357972
401000 0.00358006
402000 0.00357981
403000 0.00357977
404000 0.00357978
405000 0.00357973
406000 0.00357985
407000 0.00357969
408000 0.00357934
409000 0.00357906
410000 0.00357889
411000 0.00357886
412000 0.00357896
413000 0.00357873
414000 0.00357827
415000 0.00357786
416000 0.00357747
417000 0.00357656
418000 0.00357574
419000 0.00357495
420000 0.00357385
421000 0.00357279
422000 0.00357166
423000 0.00357032
424000 0.00356896
425000 0.00356753
426000 0.00356626
427000 0.00356501
428000 0.00356375
429000 0.00356217
430000 0.00356072
431000 0.00355956
432000 0.00355879
433000 0.00355807
434000 0.00355759
435000 0.00355696
436000 0.00355628
437000 0.00355539
438000 0.00355427
439000 0.00355312
440000 0.00355214
441000 0.0035511
442000 0.00355028
443000 0.0035495
444000 0.0035487
445000 0.00354769
446000 0.00354698
447000 0.00354638
448000 0.00354549
449000 0.0035448
450000 0.0035438
451000 0.00354297
452000 0.00354264
453000 0.00354226
454000 0.00354182
455000 0.00354138
456000 0.003541
457000 0.00354063
458000 0.00354002
459000 0.00353916
460000 0.00353827
461000 0.00353769
462000 0.00353691
463000 0.00353616
464000 0.00353524
465000 0.00353424
466000 0.00353334
467000 0.00353263
468000 0.00353189
469000 0.00353107
470000 0.00353021
471000 0.00352932
472000 0.0035282
473000 0.00352685
474000 0.0035254
475000 0.00352376
476000 0.00352235
477000 0.00352091
478000 0.00351928
479000 0.00351767
480000 0.00351633
481000 0.00351492
482000 0.00351392
483000 0.00351318
484000 0.00351243
485000 0.00351165
486000 0.00351078
487000 0.00350986
488000 0.00350874
489000 0.00350755
490000 0.00350647
491000 0.00350549
492000 0.00350452
493000 0.00350364
494000 0.00350273
495000 0.00350189
496000 0.00350105
497000 0.00350021
498000 0.00349953
499000 0.00349903
500000 0.00349855
