1000 0.0026779
2000 0.00269686
3000 0.00266616
4000 0.00262605
5000 0.00259438
6000 0.00258992
7000 0.00260322
8000 0.00259845
9000 0.0025811
10000 0.0025617
11000 0.00254142
12000 0.00253399
13000 0.00252816
14000 0.00251376
15000 0.00249452
16000 0.00247665
17000 0.00246245
18000 0.00244669
19000 0.00242921
20000 0.0024171
21000 0.0024087
22000 0.0024027
23000 0.00239766
24000 0.00239429
25000 0.00239579
26000 0.00239762
27000 0.00240211
28000 0.00241469
29000 0.00242614
30000 0.00243793
31000 0.00245151
32000 0.0024637
33000 0.00247969
34000 0.00249435
35000 0.00250911
36000 0.00252124
37000 0.00253449
38000 0.00254868
39000 0.0025647
40000 0.00258441
41000 0.00260614
42000 0.00262741
43000 0.00264913
44000 0.00266911
45000 0.00268899
46000 0.00270853
47000 0.00272767
48000 0.00274448
49000 0.00275948
50000 0.00277171
51000 0.00277941
52000 0.00279156
53000 0.00280478
54000 0.00281537
55000 0.00282461
56000 0.00283257
57000 0.0028413
58000 0.00285053
59000 0.00286026
60000 0.00286831
61000 0.00287639
62000 0.00288298
63000 0.00288937
64000 0.00289415
65000 0.00289671
66000 0.00289903
67000 0.00290274
68000 0.00290754
69000 0.00291296
70000 0.00291586
71000 0.00291529
72000 0.00291295
73000 0.00291166
74000 0.00290919
75000 0.00290561
76000 0.00290203
77000 0.00289748
78000 0.00289337
79000 0.00288858
80000 0.0028837
81000 0.00287964
82000 0.0028739
83000 0.00286686
84000 0.00285836
85000 0.00284919
86000 0.00284088
87000 0.0028327
88000 0.00282385
89000 0.002815
90000 0.00280666
91000 0.00279831
92000 0.00279007
93000 0.00278271
94000 0.00277466
95000 0.00276642
96000 0.00275853
97000 0.00275082
98000 0.00274231
99000 0.00273524
100000 0.00272867
101000 0.00272286
102000 0.00271718
103000 0.00271148
104000 0.00270651
105000 0.00270222
106000 0.00269676
107000 0.00269115
108000 0.00268602
109000 0.00267944
110000 0.00267239
111000 0.00266607
112000 0.00265972
113000 0.0026534
114000 0.0026481
115000 0.00264355
116000 0.00263872
117000 0.00263402
118000 0.00262927
119000 0.00262466
120000 0.00262019
121000 0.00261478
122000 0.00260979
123000 0.00260543
124000 0.00260085
125000 0.00259573
126000 0.00258963
127000 0.00258451
128000 0.00258016
129000 0.00257558
130000 0.00257143
131000 0.00256768
132000 0.00256369
133000 0.00255906
134000 0.0025547
135000 0.00255071
136000 0.00254693
137000 0.00254259
138000 0.00253867
139000 0.00253487
140000 0.00253222
141000 0.00253025
142000 0.00252846
143000 0.00252719
144000 0.00252567
145000 0.00252518
146000 0.00252491
147000 0.00252426
148000 0.00252369
149000 0.00252368
150000 0.00252416
151000 0.00252448
152000 0.00252482
153000 0.00252508
154000 0.00252539
155000 0.00252596
156000 0.00252666
157000 0.00252701
158000 0.00252681
159000 0.00252668
160000 0.00252677
161000 0.00252642
162000 0.00252636
163000 0.00252673
164000 0.00252705
165000 0.00252707
166000 0.00252719
167000 0.00252762
168000 0.00252815
169000 0.00252863
170000 0.00252877
171000 0.00252875
172000 0.00252926
173000 0.00252964
174000 0.00252916
175000 0.00252915
176000 0.00252936
177000 0.00253011
178000 0.00253087
179000 0.00253171
180000 0.00253267
181000 0.00253348
182000 0.00253399
183000 0.00253444
184000 0.00253533
185000 0.00253655
186000 0.00253752
187000 0.00253824
188000 0.00253823
189000 0.00253756
190000 0.00253756
191000 0.00253751
192000 0.00253708
193000 0.00253634
194000 0.00253541
195000 0.00253498
196000 0.00253454
197000 0.00253469
198000 0.00253509
199000 0.00253588
200000 0.00253596
201000 0.00253619
202000 0.00253642
203000 0.00253699
204000 0.00253783
205000 0.0025387
206000 0.00254028
207000 0.00254195
208000 0.00254324
209000 0.00254454
210000 0.00254628
211000 0.0025481
212000 0.00254919
213000 0.00255042
214000 0.00255179
215000 0.00255329
216000 0.00255494
217000 0.00255709
218000 0.00255845
219000 0.00255951
220000 0.00256017
221000 0.0025603
222000 0.0025604
223000 0.00256042
224000 0.00255997
225000 0.00256001
226000 0.00256019
227000 0.00255962
228000 0.00255909
229000 0.00255853
230000 0.00255796
231000 0.00255725
232000 0.00255691
233000 0.002557
234000 0.0025575
235000 0.002558
236000 0.00255846
237000 0.00255879
238000 0.00255872
239000 0.00255869
240000 0.00255872
241000 0.00255844
242000 0.00255819
243000 0.00255804
244000 0.00255713
245000 0.00255556
246000 0.00255391
247000 0.00255197
248000 0.00254985
249000 0.0025478
250000 0.00254547
251000 0.00254306
252000 0.00254062
253000 0.0025379
254000 0.00253515
255000 0.00253228
256000 0.00252992
257000 0.00252796
258000 0.00252585
259000 0.00252406
260000 0.00252222
261000 0.00252046
262000 0.00251822
263000 0.00251642
264000 0.0025152
265000 0.00251436
266000 0.00251404
267000 0.00251401
268000 0.00251374
269000 0.00251325
270000 0.00251288
271000 0.00251297
272000 0.00251356
273000 0.00251467
274000 0.00251581
275000 0.00251667
276000 0.00251689
277000 0.00251709
278000 0.00251718
279000 0.00251737
280000 0.00251731
281000 0.00251713
282000 0.00251695
283000 0.00251655
284000 0.00251585
285000 0.00251516
286000 0.00251485
287000 0.00251477
288000 0.00251472
289000 0.00251544
290000 0.00251657
291000 0.00251797
292000 0.00251879
293000 0.00251913
294000 0.00251935
295000 0.00251971
296000 0.00252047
297000 0.00252106
298000 0.00252154
299000 0.0025217
300000 0.00252173
301000 0.00252195
302000 0.00252245
303000 0.00252308
304000 0.0025238
305000 0.00252465
306000 0.00252568
307000 0.00252648
308000 0.00252717
309000 0.00252775
310000 0.00252835
311000 0.00252903
312000 0.00252968
313000 0.00252996
314000 0.00253023
315000 0.00253034
316000 0.00253054
317000 0.00253096
318000 0.00253126
319000 0.00253142
320000 0.00253154
321000 0.00253132
322000 0.00253108
323000 0.0025306
324000 0.00253015
325000 0.00252947
326000 0.00252839
327000 0.00252745
328000 0.00252652
329000 0.00252578
330000 0.00252523
331000 0.00252445
332000 0.00252327
333000 0.00252195
334000 0.00252028
335000 0.00251865
336000 0.0025168
337000 0.00251493
338000 0.00251301
339000 0.00251112
340000 0.00250891
341000 0.00250675
342000 0.00250452
343000 0.00250271
344000 0.00250114
345000 0.00249979
346000 0.00249873
347000 0.00249789
348000 0.00249692
349000 0.00249582
350000 0.00249465
351000 0.00249378
352000 0.00249326
353000 0.00249263
354000 0.00249179
355000 0.00249069
356000 0.00248937
357000 0.00248829
358000 0.00248701
359000 0.00248561
360000 0.00248436
361000 0.00248332
362000 0.00248207
363000 0.00248092
364000 0.00247998
365000 0.00247932
366000 0.00247884
367000 0.00247885
368000 0.00247908
369000 0.0024794
370000 0.00247989
371000 0.00248019
372000 0.00248061
373000 0.0024814
374000 0.00248233
375000 0.00248288
376000 0.00248314
377000 0.00248307
378000 0.00248298
379000 0.00248289
380000 0.00248297
381000 0.00248287
382000 0.00248318
383000 0.00248383
384000 0.00248478
385000 0.00248585
386000 0.00248683
387000 0.00248803
388000 0.00248953
389000 0.00249114
390000 0.00249288
391000 0.00249475
392000 0.00249654
393000 0.00249786
394000 0.00249918
395000 0.0025005
396000 0.00250181
397000 0.00250296
398000 0.00250416
399000 0.00250561
400000 0.00250694
401000 0.0025083
402000 0.00250979
403000 0.00251159
404000 0.00251327
405000 0.00251511
406000 0.00251736
407000 0.00251997
408000 0.00252274
409000 0.00252549
410000 0.00252798
411000 0.00253015
412000 0.00253241
413000 0.00253464
414000 0.00253727
415000 0.00254006
416000 0.00254277
417000 0.0025457
418000 0.00254899
419000 0.00255216
420000 0.00255496
421000 0.00255737
422000 0.00255945
423000 0.00256176
424000 0.00256405
425000 0.00256609
426000 0.00256745
427000 0.00256864
428000 0.00256977
429000 0.00257078
430000 0.00257223
431000 0.0025738
432000 0.00257534
433000 0.00257688
434000 0.00257825
435000 0.00257935
436000 0.0025803
437000 0.00258137
438000 0.00258275
439000 0.00258442
440000 0.00258595
441000 0.00258746
442000 0.00258939
443000 0.00259149
444000 0.00259349
445000 0.00259522
446000 0.00259663
447000 0.00259751
448000 0.00259821
449000 0.0025989
450000 0.00259978
451000 0.00260069
452000 0.00260166
453000 0.0026029
454000 0.00260415
455000 0.00260536
456000 0.00260619
457000 0.00260733
458000 0.00260871
459000 0.00261035
460000 0.00261154
461000 0.00261257
462000 0.0026138
463000 0.00261518
464000 0.00261672
465000 0.00261836
466000 0.0026199
467000 0.00262138
468000 0.0026229
469000 0.00262444
470000 0.00262599
471000 0.00262759
472000 0.00262926
473000 0.00263119
474000 0.00263354
475000 0.00263581
476000 0.00263824
477000 0.00264105
478000 0.00264395
479000 0.00264693
480000 0.00264977
481000 0.00265195
482000 0.00265417
483000 0.00265628
484000 0.0026584
485000 0.00266076
486000 0.00266342
487000 0.0026662
488000 0.00266893
489000 0.00267162
490000 0.00267386
491000 0.0026765
492000 0.0026794
493000 0.00268221
494000 0.00268508
495000 0.00268795
496000 0.00269099
497000 0.00269396
498000 0.00269679
499000 0.00269932
500000 0.00270141
