1000 0.0045439
2000 0.00461784
3000 0.00464817
4000 0.00466267
5000 0.0047058
6000 0.00476696
7000 0.00480237
8000 0.004827
9000 0.00486065
10000 0.00488672
11000 0.00491035
12000 0.00493323
13000 0.00495739
14000 0.0049898
15000 0.00501852
16000 0.00503912
17000 0.00505756
18000 0.00506352
19000 0.00507022
20000 0.00506964
21000 0.00507248
22000 0.00506945
23000 0.00506945
24000 0.00506416
25000 0.00505985
26000 0.00505705
27000 0.00505545
28000 0.00505505
29000 0.00505451
30000 0.00505092
31000 0.00504469
32000 0.00503823
33000 0.00503487
34000 0.00503137
35000 0.00502671
36000 0.00502248
37000 0.00502179
38000 0.0050195
39000 0.0050168
40000 0.0050166
41000 0.00501405
42000 0.00501031
43000 0.00500697
44000 0.0050027
45000 0.005
46000 0.00499789
47000 0.00499202
48000 0.00498492
49000 0.00497617
50000 0.00496962
51000 0.00496614
52000 0.00496107
53000 0.00495482
54000 0.00494871
55000 0.00494115
56000 0.00493395
57000 0.00492773
58000 0.00491829
59000 0.00490847
60000 0.00490028
61000 0.00489391
62000 0.00488841
63000 0.00488394
64000 0.00488187
65000 0.00487989
66000 0.00487774
67000 0.00487544
68000 0.00487492
69000 0.00487464
70000 0.00487378
71000 0.00487236
72000 0.00487141
73000 0.00487125
74000 0.00487149
75000 0.00487151
76000 0.00487108
77000 0.0048704
78000 0.0048689
79000 0.00486652
80000 0.00486369
81000 0.00486219
82000 0.00485958
83000 0.00485645
84000 0.00485321
85000 0.00484974
86000 0.00484594
87000 0.00484322
88000 0.00483981
89000 0.00483696
90000 0.00483423
91000 0.0048307
92000 0.00482801
93000 0.00482514
94000 0.00482131
95000 0.00481882
96000 0.00481759
97000 0.00481575
98000 0.00481425
99000 0.00481248
100000 0.00481219
101000 0.00481085
102000 0.0048084
103000 0.00480504
104000 0.00480052
105000 0.00479578
106000 0.00479047
107000 0.00478511
108000 0.00478112
109000 0.00477782
110000 0.00477512
111000 0.00477335
112000 0.00477199
113000 0.00477096
114000 0.00476964
115000 0.0047686
116000 0.00476756
117000 0.00476631
118000 0.00476636
119000 0.00476671
120000 0.00476676
121000 0.00476735
122000 0.00476801
123000 0.00477033
124000 0.0047723
125000 0.00477385
126000 0.0047753
127000 0.00477733
128000 0.00478062
129000 0.00478344
130000 0.00478602
131000 0.00478889
132000 0.00479284
133000 0.00479743
134000 0.00480242
135000 0.00480597
136000 0.00480975
137000 0.00481389
138000 0.0048179
139000 0.00482155
140000 0.00482519
141000 0.00482792
142000 0.00483041
143000 0.00483296
144000 0.00483682
145000 0.00484044
146000 0.00484333
147000 0.00484622
148000 0.00485037
149000 0.00485346
150000 0.00485539
151000 0.00485702
152000 0.00485928
153000 0.00486145
154000 0.00486337
155000 0.00486595
156000 0.00486923
157000 0.00487275
158000 0.00487651
159000 0.00488055
160000 0.0048838
161000 0.00488715
162000 0.00488989
163000 0.00489277
164000 0.00489471
165000 0.00489619
166000 0.00489714
167000 0.00489859
168000 0.00489908
169000 0.00489913
170000 0.00490002
171000 0.00490041
172000 0.00490096
173000 0.00490178
174000 0.00490302
175000 0.00490374
176000 0.00490333
177000 0.00490313
178000 0.00490284
179000 0.0049026
180000 0.00490244
181000 0.00490224
182000 0.00490219
183000 0.00490177
184000 0.00490198
185000 0.00490179
186000 0.00490084
187000 0.00489933
188000 0.00489792
189000 0.00489596
190000 0.00489394
191000 0.00489131
192000 0.00488874
193000 0.00488537
194000 0.00488152
195000 0.00487745
196000 0.00487299
197000 0.00486808
198000 0.00486317
199000 0.00485825
200000 0.0048533
201000 0.00484868
202000 0.00484366
203000 0.00483811
204000 0.00483234
205000 0.00482623
206000 0.00482
207000 0.00481379
208000 0.00480799
209000 0.00480204
210000 0.00479654
211000 0.00479165
212000 0.00478659
213000 0.00478179
214000 0.00477757
215000 0.00477453
216000 0.00477195
217000 0.00476947
218000 0.00476743
219000 0.00476554
220000 0.00476406
221000 0.00476305
222000 0.00476129
223000 0.00475981
224000 0.00475852
225000 0.00475776
226000 0.00475689
227000 0.00475556
228000 0.00475424
229000 0.00475311
230000 0.00475179
231000 0.00475055
232000 0.00474965
233000 0.00474946
234000 0.0047498
235000 0.00475009
236000 0.00475015
237000 0.0047506
238000 0.0047514
239000 0.00475173
240000 0.00475216
241000 0.00475365
242000 0.00475513
243000 0.00475585
244000 0.00475657
245000 0.00475778
246000 0.00475939
247000 0.00476105
248000 0.00476267
249000 0.00476415
250000 0.00476608
251000 0.00476788
252000 0.00476972
253000 0.00477175
254000 0.00477447
255000 0.00477749
256000 0.00478085
257000 0.00478389
258000 0.004786
259000 0.00478834
260000 0.00479078
261000 0.00479301
262000 0.00479577
263000 0.00479897
264000 0.00480227
265000 0.00480585
266000 0.00480947
267000 0.00481259
268000 0.00481469
269000 0.00481684
270000 0.0048188
271000 0.00482041
272000 0.0048216
273000 0.00482268
274000 0.00482379
275000 0.00482448
276000 0.00482483
277000 0.00482521
278000 0.00482472
279000 0.00482402
280000 0.00482295
281000 0.00482155
282000 0.0048206
283000 0.00481963
284000 0.00481906
285000 0.00481912
286000 0.00481911
287000 0.00481894
288000 0.00481858
289000 0.00481799
290000 0.00481724
291000 0.00481659
292000 0.00481553
293000 0.00481448
294000 0.00481289
295000 0.00481137
296000 0.00480891
297000 0.00480617
298000 0.0048036
299000 0.00480087
300000 0.00479793
301000 0.0047954
302000 0.00479304
303000 0.00479046
304000 0.00478762
305000 0.00478472
306000 0.00478218
307000 0.00477982
308000 0.00477729
309000 0.00477496
310000 0.00477236
311000 0.00476965
312000 0.00476698
313000 0.0047645
314000 0.00476204
315000 0.00475957
316000 0.00475764
317000 0.00475578
318000 0.00475376
319000 0.00475142
320000 0.00474923
321000 0.00474714
322000 0.00474506
323000 0.00474288
324000 0.00474079
325000 0.00473874
326000 0.0047366
327000 0.00473386
328000 0.00473071
329000 0.00472807
330000 0.00472587
331000 0.00472405
332000 0.00472244
333000 0.00472088
334000 0.00471886
335000 0.00471627
336000 0.00471365
337000 0.00471111
338000 0.00470902
339000 0.00470697
340000 0.00470507
341000 0.00470295
342000 0.00470072
343000 0.00469853
344000 0.00469665
345000 0.00469495
346000 0.00469326
347000 0.00469162
348000 0.00468964
349000 0.00468758
350000 0.00468555
351000 0.00468385
352000 0.00468234
353000 0.00468072
354000 0.00467919
355000 0.00467759
356000 0.00467609
357000 0.00467465
358000 0.00467357
359000 0.00467302
360000 0.00467265
361000 0.00467237
362000 0.00467195
363000 0.00467141
364000 0.0046706
365000 0.00466936
366000 0.004668
367000 0.00466664
368000 0.00466536
369000 0.00466425
370000 0.00466322
371000 0.00466216
372000 0.00466107
373000 0.00466028
374000 0.00465928
375000 0.00465836
376000 0.00465768
377000 0.00465742
378000 0.00465733
379000 0.00465724
380000 0.00465748
381000 0.00465722
382000 0.00465681
383000 0.00465658
384000 0.00465662
385000 0.00465692
386000 0.00465751
387000 0.00465789
388000 0.0046583
389000 0.00465797
390000 0.00465716
391000 0.00465646
392000 0.00465587
393000 0.00465517
394000 0.00465411
395000 0.00465301
396000 0.00465175
397000 0.00465044
398000 0.00464952
399000 0.0046488
400000 0.00464834
401000 0.00464815
402000 0.00464777
403000 0.00464768
404000 0.00464721
405000 0.00464649
406000 0.00464585
407000 0.00464534
408000 0.00464513
409000 0.00464552
410000 0.00464643
411000 0.00464759
412000 0.00464846
413000 0.00464935
414000 0.00465051
415000 0.00465201
416000 0.00465313
417000 0.00465368
418000 0.00465423
419000 0.00465496
420000 0.00465585
421000 0.00465669
422000 0.00465742
423000 0.00465821
424000 0.00465866
425000 0.00465915
426000 0.00465952
427000 0.00466008
428000 0.0046601
429000 0.00466008
430000 0.00466014
431000 0.00466019
432000 0.00466083
433000 0.00466139
434000 0.00466181
435000 0.00466232
436000 0.00466305
437000 0.0046641
438000 0.00466551
439000 0.00466665
440000 0.00466758
441000 0.00466831
442000 0.00466908
443000 0.00467024
444000 0.00467113
445000 0.00467185
446000 0.00467269
447000 0.00467344
448000 0.00467426
449000 0.00467539
450000 0.00467657
451000 0.00467747
452000 0.00467848
453000 0.00467931
454000 0.00467993
455000 0.00468018
456000 0.00468059
457000 0.0046813
458000 0.00468187
459000 0.0046822
460000 0.00468234
461000 0.00468237
462000 0.00468252
463000 0.00468258
464000 0.00468271
465000 0.00468296
466000 0.00468346
467000 0.00468418
468000 0.00468515
469000 0.004686
470000 0.00468695
471000 0.0046883
472000 0.00468949
473000 0.00469054
474000 0.00469127
475000 0.00469223
476000 0.00469328
477000 0.00469414
478000 0.00469499
479000 0.00469607
480000 0.00469743
481000 0.00469885
482000 0.00470071
483000 0.00470246
484000 0.00470389
485000 0.00470544
486000 0.00470694
487000 0.00470814
488000 0.00470882
489000 0.0047097
490000 0.00471073
491000 0.00471207
492000 0.00471343
493000 0.0047145
494000 0.00471505
495000 0.00471499
496000 0.00471477
497000 0.00471448
498000 0.00471423
499000 0.00471395
500000 0.00471323
