1000 0.00287846
2000 0.0028919
3000 0.00288214
4000 0.00287822
5000 0.00285945
6000 0.00283453
7000 0.00281069
8000 0.00279151
9000 0.0027724
10000 0.00274898
11000 0.00272333
12000 0.00270108
13000 0.00268348
14000 0.00266866
15000 0.00264812
16000 0.00262974
17000 0.00261759
18000 0.00261118
19000 0.00260446
20000 0.00259247
21000 0.00257697
22000 0.00256503
23000 0.00255609
24000 0.00254858
25000 0.00254438
26000 0.00254176
27000 0.00253813
28000 0.00253524
29000 0.00252957
30000 0.00252522
31000 0.00252304
32000 0.00252527
33000 0.00252407
34000 0.00252398
35000 0.00252669
36000 0.00252927
37000 0.00252535
38000 0.00251941
39000 0.00251228
40000 0.00250602
41000 0.00249856
42000 0.00249156
43000 0.00248348
44000 0.00247523
45000 0.00246816
46000 0.0024613
47000 0.00245497
48000 0.00245101
49000 0.00244652
50000 0.00244099
51000 0.00243442
52000 0.00242899
53000 0.00242491
54000 0.00241992
55000 0.002415
56000 0.00241097
57000 0.00240626
58000 0.00240206
59000 0.00239738
60000 0.00239373
61000 0.00238892
62000 0.00238391
63000 0.00237994
64000 0.00237572
65000 0.00237235
66000 0.00236876
67000 0.00236546
68000 0.00236398
69000 0.00236145
70000 0.00235755
71000 0.00235428
72000 0.00235135
73000 0.00234886
74000 0.00234721
75000 0.00234572
76000 0.00234366
77000 0.00234149
78000 0.0023393
79000 0.00233805
80000 0.00233664
81000 0.00233599
82000 0.00233497
83000 0.00233538
84000 0.00233587
85000 0.0023353
86000 0.00233409
87000 0.00233348
88000 0.00233319
89000 0.00233192
90000 0.00232998
91000 0.00232889
92000 0.00232826
93000 0.00232807
94000 0.00232766
95000 0.00232695
96000 0.00232697
97000 0.00232669
98000 0.00232707
99000 0.00232643
100000 0.00232519
101000 0.00232572
102000 0.00232764
103000 0.00232998
104000 0.00233219
105000 0.00233402
106000 0.00233541
107000 0.0023367
108000 0.00233865
109000 0.00234163
110000 0.00234379
111000 0.00234583
112000 0.00234751
113000 0.00234923
114000 0.00235074
115000 0.00235193
116000 0.00235235
117000 0.00235284
118000 0.00235335
119000 0.00235421
120000 0.00235499
121000 0.00235513
122000 0.00235568
123000 0.00235704
124000 0.00235833
125000 0.0023608
126000 0.00236349
127000 0.00236529
128000 0.00236715
129000 0.00236823
130000 0.00236966
131000 0.0023704
132000 0.00237024
133000 0.00237047
134000 0.00237071
135000 0.00237079
136000 0.00237164
137000 0.00237213
138000 0.00237254
139000 0.00237204
140000 0.00237106
141000 0.00236992
142000 0.00236884
143000 0.00236759
144000 0.00236619
145000 0.00236426
146000 0.00236203
147000 0.00236035
148000 0.0023584
149000 0.00235607
150000 0.00235462
151000 0.00235375
152000 0.0023523
153000 0.00235055
154000 0.00234916
155000 0.00234752
156000 0.00234583
157000 0.002344
158000 0.00234253
159000 0.0023415
160000 0.0023402
161000 0.00233861
162000 0.00233718
163000 0.00233651
164000 0.00233658
165000 0.00233624
166000 0.00233632
167000 0.00233665
168000 0.00233708
169000 0.00233687
170000 0.00233621
171000 0.0023355
172000 0.00233502
173000 0.00233514
174000 0.00233551
175000 0.00233535
176000 0.00233483
177000 0.00233509
178000 0.00233585
179000 0.00233679
180000 0.00233796
181000 0.00233898
182000 0.00233995
183000 0.00234118
184000 0.00234205
185000 0.00234337
186000 0.00234454
187000 0.00234519
188000 0.00234573
189000 0.00234637
190000 0.00234694
191000 0.00234788
192000 0.00234804
193000 0.00234842
194000 0.00234849
195000 0.0023487
196000 0.00234922
197000 0.00235021
198000 0.00235116
199000 0.00235233
200000 0.00235336
201000 0.00235514
202000 0.00235691
203000 0.0023587
204000 0.00236061
205000 0.00236242
206000 0.00236395
207000 0.00236534
208000 0.00236714
209000 0.00236951
210000 0.00237228
211000 0.00237552
212000 0.00237809
213000 0.0023808
214000 0.00238337
215000 0.0023858
216000 0.00238815
217000 0.00239075
218000 0.00239292
219000 0.00239559
220000 0.00239809
221000 0.00240042
222000 0.00240264
223000 0.00240486
224000 0.00240664
225000 0.00240797
226000 0.00240899
227000 0.00241035
228000 0.00241161
229000 0.00241294
230000 0.00241397
231000 0.0024144
232000 0.00241432
233000 0.00241418
234000 0.00241396
235000 0.00241384
236000 0.00241433
237000 0.00241405
238000 0.00241335
239000 0.00241276
240000 0.00241266
241000 0.00241301
242000 0.00241338
243000 0.00241329
244000 0.00241301
245000 0.00241289
246000 0.00241258
247000 0.00241238
248000 0.00241209
249000 0.00241171
250000 0.00241112
251000 0.00241051
252000 0.00240966
253000 0.00240838
254000 0.00240735
255000 0.00240676
256000 0.00240644
257000 0.00240567
258000 0.00240481
259000 0.00240365
260000 0.00240291
261000 0.00240257
262000 0.0024013
263000 0.0024
264000 0.00239907
265000 0.00239825
266000 0.00239757
267000 0.0023974
268000 0.00239794
269000 0.00239871
270000 0.00240002
271000 0.00240232
272000 0.00240492
273000 0.00240711
274000 0.00240885
275000 0.0024106
276000 0.00241265
277000 0.002414
278000 0.00241504
279000 0.00241616
280000 0.0024168
281000 0.0024177
282000 0.00241863
283000 0.00241944
284000 0.00242062
285000 0.00242117
286000 0.00242138
287000 0.00242159
288000 0.00242172
289000 0.00242212
290000 0.00242286
291000 0.00242363
292000 0.00242441
293000 0.00242604
294000 0.00242786
295000 0.00242963
296000 0.00243128
297000 0.00243278
298000 0.0024344
299000 0.00243605
300000 0.00243757
301000 0.00243934
302000 0.0024409
303000 0.00244256
304000 0.00244397
305000 0.0024453
306000 0.00244645
307000 0.00244742
308000 0.0024483
309000 0.00244913
310000 0.00244982
311000 0.00245054
312000 0.00245095
313000 0.00245121
314000 0.00245147
315000 0.00245179
316000 0.002452
317000 0.00245212
318000 0.00245196
319000 0.0024521
320000 0.00245195
321000 0.00245166
322000 0.00245166
323000 0.00245173
324000 0.00245208
325000 0.00245275
326000 0.00245345
327000 0.00245398
328000 0.00245445
329000 0.00245479
330000 0.00245533
331000 0.00245615
332000 0.00245685
333000 0.00245721
334000 0.00245767
335000 0.00245827
336000 0.00245865
337000 0.00245846
338000 0.00245803
339000 0.00245761
340000 0.00245714
341000 0.00245657
342000 0.00245598
343000 0.00245522
344000 0.00245431
345000 0.00245329
346000 0.00245246
347000 0.00245177
348000 0.0024514
349000 0.00245083
350000 0.00245019
351000 0.00244941
352000 0.0024486
353000 0.00244761
354000 0.00244696
355000 0.0024462
356000 0.00244545
357000 0.00244446
358000 0.00244356
359000 0.00244292
360000 0.00244221
361000 0.00244145
362000 0.00244062
363000 0.00243987
364000 0.00243897
365000 0.00243815
366000 0.00243716
367000 0.00243587
368000 0.00243456
369000 0.00243328
370000 0.0024319
371000 0.00243075
372000 0.00242991
373000 0.00242937
374000 0.00242895
375000 0.00242889
376000 0.00242881
377000 0.00242854
378000 0.00242829
379000 0.00242824
380000 0.00242831
381000 0.00242833
382000 0.00242878
383000 0.00242922
384000 0.0024297
385000 0.00242981
386000 0.00242956
387000 0.00242932
388000 0.00242885
389000 0.00242839
390000 0.00242797
391000 0.00242781
392000 0.00242775
393000 0.00242775
394000 0.00242788
395000 0.00242811
396000 0.00242832
397000 0.00242844
398000 0.00242837
399000 0.00242862
400000 0.00242899
401000 0.00242922
402000 0.00242958
403000 0.00243003
404000 0.00243007
405000 0.00242979
406000 0.00242935
407000 0.00242885
408000 0.00242848
409000 0.0024282
410000 0.00242809
411000 0.00242805
412000 0.00242798
413000 0.00242767
414000 0.00242734
415000 0.00242723
416000 0.00242709
417000 0.0024268
418000 0.0024266
419000 0.00242657
420000 0.00242655
421000 0.00242662
422000 0.0024268
423000 0.002427
424000 0.00242727
425000 0.0024277
426000 0.00242816
427000 0.00242873
428000 0.00242907
429000 0.00242938
430000 0.0024298
431000 0.00243022
432000 0.00243068
433000 0.00243108
434000 0.00243157
435000 0.00243204
436000 0.00243248
437000 0.0024329
438000 0.00243365
439000 0.00243459
440000 0.00243558
441000 0.00243677
442000 0.00243813
443000 0.00243972
444000 0.00244136
445000 0.002443
446000 0.00244479
447000 0.00244663
448000 0.00244848
449000 0.00245028
450000 0.00245208
451000 0.002454
452000 0.00245621
453000 0.00245868
454000 0.0024608
455000 0.00246284
456000 0.002465
457000 0.00246728
458000 0.00246933
459000 0.00247077
460000 0.00247224
461000 0.00247361
462000 0.00247521
463000 0.0024768
464000 0.00247866
465000 0.00248054
466000 0.00248241
467000 0.0024842
468000 0.00248564
469000 0.00248716
470000 0.00248866
471000 0.00249046
472000 0.00249251
473000 0.00249465
474000 0.00249712
475000 0.00249968
476000 0.00250251
477000 0.00250561
478000 0.00250881
479000 0.00251215
480000 0.00251509
481000 0.00251801
482000 0.00252091
483000 0.002524
484000 0.00252671
485000 0.00252939
486000 0.00253198
487000 0.00253453
488000 0.00253712
489000 0.00254005
490000 0.00254303
491000 0.0025461
492000 0.00254949
493000 0.00255309
494000 0.00255664
495000 0.00256047
496000 0.00256465
497000 0.00256895
498000 0.00257344
499000 0.00257782
500000 0.00258212
