1000 0.00340886
2000 0.00348346
3000 0.00347699
4000 0.00348727
5000 0.00351189
6000 0.00354357
7000 0.00357028
8000 0.00358921
9000 0.00358986
10000 0.00359688
11000 0.00359939
12000 0.00360896
13000 0.00362137
14000 0.00362845
15000 0.00363292
16000 0.00362894
17000 0.00362515
18000 0.00362593
19000 0.00362876
20000 0.00363457
21000 0.00364231
22000 0.00364391
23000 0.00364914
24000 0.00365136
25000 0.00365076
26000 0.00364879
27000 0.00364711
28000 0.00364045
29000 0.00363168
30000 0.00361756
31000 0.00359856
32000 0.00358128
33000 0.00356896
34000 0.00356123
35000 0.00355571
36000 0.00355118
37000 0.00354647
38000 0.00354377
39000 0.00354297
40000 0.00353928
41000 0.00353794
42000 0.0035358
43000 0.00353531
44000 0.00353475
45000 0.00353198
46000 0.00353041
47000 0.00353178
48000 0.00353652
49000 0.00354189
50000 0.00354771
51000 0.00355499
52000 0.00355814
53000 0.00356043
54000 0.00356307
55000 0.00356255
56000 0.00356329
57000 0.00356737
58000 0.00357121
59000 0.00357927
60000 0.00358907
61000 0.0036002
62000 0.00361151
63000 0.00362256
64000 0.00363471
65000 0.00364696
66000 0.00365531
67000 0.00366148
68000 0.00366842
69000 0.00367631
70000 0.00368373
71000 0.00369034
72000 0.00369754
73000 0.00370836
74000 0.00371955
75000 0.00372981
76000 0.00373676
77000 0.003741
78000 0.00374758
79000 0.00375719
80000 0.00376841
81000 0.0037784
82000 0.00378934
83000 0.00380061
84000 0.00381251
85000 0.00382462
86000 0.00383461
87000 0.00384437
88000 0.00385396
89000 0.00386204
90000 0.00387249
91000 0.00388245
92000 0.00389355
93000 0.00390557
94000 0.00391547
95000 0.00392252
96000 0.00392838
97000 0.00393474
98000 0.00394089
99000 0.00394847
100000 0.00395739
101000 0.00396725
102000 0.00397677
103000 0.00398683
104000 0.00399785
105000 0.00400844
106000 0.00401654
107000 0.00402364
108000 0.00403152
109000 0.00403999
110000 0.00404726
111000 0.00405346
112000 0.00406032
113000 0.00406673
114000 0.00407256
115000 0.00407895
116000 0.00408543
117000 0.00409161
118000 0.00409753
119000 0.00410368
120000 0.00411091
121000 0.00412049
122000 0.00412983
123000 0.00413921
124000 0.00414813
125000 0.00415802
126000 0.00416814
127000 0.00417861
128000 0.00418943
129000 0.00420027
130000 0.00421147
131000 0.0042221
132000 0.00423248
133000 0.00424302
134000 0.00425312
135000 0.00426292
136000 0.00427349
137000 0.00428467
138000 0.00429559
139000 0.00430807
140000 0.0043208
141000 0.00433264
142000 0.00434469
143000 0.00435638
144000 0.00436695
145000 0.00437718
146000 0.00438778
147000 0.00439898
148000 0.0044095
149000 0.00442035
150000 0.00443075
151000 0.00444065
152000 0.00445089
153000 0.00446116
154000 0.00447164
155000 0.004482
156000 0.00449247
157000 0.0045031
158000 0.00451397
159000 0.00452392
160000 0.00453281
161000 0.00454163
162000 0.00454854
163000 0.00455598
164000 0.00456247
165000 0.00456735
166000 0.00457297
167000 0.00457902
168000 0.00458476
169000 0.0045904
170000 0.00459707
171000 0.00460184
172000 0.00460633
173000 0.00461041
174000 0.00461448
175000 0.00461926
176000 0.00462474
177000 0.00462931
178000 0.00463416
179000 0.00463887
180000 0.00464345
181000 0.00464745
182000 0.00465207
183000 0.00465677
184000 0.00466122
185000 0.00466672
186000 0.00467304
187000 0.00467949
188000 0.00468581
189000 0.00469177
190000 0.00469822
191000 0.00470477
192000 0.00471155
193000 0.00471687
194000 0.00472256
195000 0.00472918
196000 0.00473533
197000 0.00474163
198000 0.00474842
199000 0.00475477
200000 0.00476154
201000 0.00476848
202000 0.00477444
203000 0.00477963
204000 0.00478425
205000 0.00478743
206000 0.00479057
207000 0.00479425
208000 0.00479851
209000 0.00480325
210000 0.00480793
211000 0.00481316
212000 0.00481795
213000 0.0048223
214000 0.00482783
215000 0.00483343
216000 0.0048382
217000 0.00484338
218000 0.00484929
219000 0.00485486
220000 0.00485868
221000 0.00486121
222000 0.00486289
223000 0.00486451
224000 0.00486639
225000 0.00486806
226000 0.00486943
227000 0.00487024
228000 0.00487116
229000 0.00487183
230000 0.00487243
231000 0.00487227
232000 0.00487143
233000 0.00486986
234000 0.00486831
235000 0.00486695
236000 0.00486628
237000 0.00486637
238000 0.00486733
239000 0.00486808
240000 0.00486839
241000 0.00486931
242000 0.0048705
243000 0.00487134
244000 0.00487248
245000 0.00487403
246000 0.00487588
247000 0.00487856
248000 0.00488149
249000 0.00488373
250000 0.00488606
251000 0.00488865
252000 0.00489091
253000 0.00489285
254000 0.00489376
255000 0.00489463
256000 0.00489495
257000 0.00489511
258000 0.00489532
259000 0.00489554
260000 0.00489591
261000 0.0048964
262000 0.00489675
263000 0.00489757
264000 0.004898
265000 0.00489738
266000 0.00489686
267000 0.00489623
268000 0.0048957
269000 0.00489486
270000 0.00489427
271000 0.00489414
272000 0.00489421
273000 0.00489368
274000 0.00489321
275000 0.00489297
276000 0.00489266
277000 0.00489219
278000 0.00489145
279000 0.00489002
280000 0.00488805
281000 0.00488552
282000 0.00488268
283000 0.00487968
284000 0.00487696
285000 0.00487431
286000 0.00487166
287000 0.0048689
288000 0.00486597
289000 0.00486346
290000 0.00486098
291000 0.00485833
292000 0.00485529
293000 0.00485269
294000 0.00485009
295000 0.00484733
296000 0.00484474
297000 0.00484231
298000 0.00484032
299000 0.00483881
300000 0.00483707
301000 0.00483488
302000 0.00483235
303000 0.00482983
304000 0.00482744
305000 0.00482525
306000 0.00482308
307000 0.00482083
308000 0.00481826
309000 0.00481576
310000 0.00481357
311000 0.00481139
312000 0.00480916
313000 0.00480717
314000 0.00480553
315000 0.00480449
316000 0.00480371
317000 0.00480328
318000 0.00480278
319000 0.00480244
320000 0.00480191
321000 0.0048013
322000 0.00480079
323000 0.00480046
324000 0.0048003
325000 0.00480022
326000 0.00479994
327000 0.00479976
328000 0.00479975
329000 0.00480015
330000 0.00480035
331000 0.00480061
332000 0.00480073
333000 0.00480105
334000 0.00480174
335000 0.0048021
336000 0.00480239
337000 0.00480297
338000 0.00480362
339000 0.0048043
340000 0.00480528
341000 0.00480658
342000 0.00480806
343000 0.0048097
344000 0.00481173
345000 0.00481398
346000 0.00481663
347000 0.00481999
348000 0.00482377
349000 0.00482711
350000 0.00482989
351000 0.00483241
352000 0.00483503
353000 0.0048364
354000 0.00483779
355000 0.00483882
356000 0.00483953
357000 0.0048401
358000 0.00484046
359000 0.00484063
360000 0.00484043
361000 0.00483975
362000 0.00483907
363000 0.00483853
364000 0.0048379
365000 0.00483715
366000 0.00483643
367000 0.00483568
368000 0.00483462
369000 0.00483329
370000 0.00483175
371000 0.00483
372000 0.00482818
373000 0.0048264
374000 0.00482491
375000 0.00482332
376000 0.00482169
377000 0.00482008
378000 0.00481849
379000 0.00481713
380000 0.00481615
381000 0.00481532
382000 0.00481422
383000 0.00481337
384000 0.00481246
385000 0.00481168
386000 0.00481093
387000 0.00481002
388000 0.00480911
389000 0.00480843
390000 0.00480712
391000 0.00480565
392000 0.00480392
393000 0.00480181
394000 0.00479937
395000 0.00479702
396000 0.00479453
397000 0.00479219
398000 0.00479014
399000 0.00478792
400000 0.00478576
401000 0.00478376
402000 0.00478171
403000 0.00477965
404000 0.00477781
405000 0.00477611
406000 0.00477448
407000 0.00477271
408000 0.00477117
409000 0.00476984
410000 0.00476879
411000 0.00476796
412000 0.00476711
413000 0.00476639
414000 0.00476581
415000 0.00476546
416000 0.00476561
417000 0.00476604
418000 0.00476663
419000 0.0047674
420000 0.00476809
421000 0.00476871
422000 0.00476923
423000 0.00476962
424000 0.00476979
425000 0.00477002
426000 0.00477048
427000 0.0047709
428000 0.00477087
429000 0.00477073
430000 0.00477093
431000 0.00477143
432000 0.00477178
433000 0.00477201
434000 0.00477169
435000 0.00477144
436000 0.00477152
437000 0.00477165
438000 0.00477212
439000 0.00477248
440000 0.00477279
441000 0.00477313
442000 0.00477365
443000 0.00477414
444000 0.00477465
445000 0.00477497
446000 0.00477544
447000 0.00477604
448000 0.00477659
449000 0.00477683
450000 0.00477727
451000 0.00477776
452000 0.00477839
453000 0.00477929
454000 0.00478031
455000 0.00478114
456000 0.00478212
457000 0.00478314
458000 0.00478395
459000 0.00478465
460000 0.0047853
461000 0.00478594
462000 0.00478656
463000 0.00478698
464000 0.00478719
465000 0.00478724
466000 0.00478718
467000 0.00478718
468000 0.0047872
469000 0.00478719
470000 0.00478743
471000 0.00478787
472000 0.00478843
473000 0.0047891
474000 0.00478962
475000 0.00479004
476000 0.00479033
477000 0.00479043
478000 0.00479048
479000 0.00479096
480000 0.00479183
481000 0.0047925
482000 0.00479287
483000 0.00479324
484000 0.00479351
485000 0.00479364
486000 0.00479361
487000 0.00479328
488000 0.00479318
489000 0.00479297
490000 0.00479275
491000 0.00479247
492000 0.00479196
493000 0.00479148
494000 0.00479087
495000 0.00479015
496000 0.00478935
497000 0.0047886
498000 0.0047877
499000 0.00478696
500000 0.00478655
