1000 0.00416032
2000 0.00414232
3000 0.00419646
4000 0.00421769
5000 0.0042177
6000 0.00423317
7000 0.00424634
8000 0.00422821
9000 0.00420641
10000 0.00419168
11000 0.00418646
12000 0.00417853
13000 0.00417823
14000 0.00418114
15000 0.00417277
16000 0.0041639
17000 0.00415655
18000 0.00414399
19000 0.0041345
20000 0.00412823
21000 0.0041229
22000 0.00411891
23000 0.0041226
24000 0.00412863
25000 0.00413477
26000 0.00414195
27000 0.00414479
28000 0.00414096
29000 0.00413291
30000 0.00412259
31000 0.00410935
32000 0.00409247
33000 0.0040743
34000 0.00406023
35000 0.00405012
36000 0.00403941
37000 0.00403119
38000 0.00402257
39000 0.00401462
40000 0.00400786
41000 0.00399945
42000 0.00399142
43000 0.00398621
44000 0.00398452
45000 0.00398483
46000 0.00398497
47000 0.00398991
48000 0.0039961
49000 0.00400004
50000 0.00400421
51000 0.00400923
52000 0.00401435
53000 0.00402117
54000 0.00403004
55000 0.00403832
56000 0.00404773
57000 0.00405837
58000 0.00406817
59000 0.00407692
60000 0.00408241
61000 0.00408618
62000 0.0040921
63000 0.00410061
64000 0.00411206
65000 0.00412613
66000 0.00414136
67000 0.0041557
68000 0.00416762
69000 0.00417961
70000 0.00419376
71000 0.00420872
72000 0.00422368
73000 0.00423888
74000 0.00425238
75000 0.00426677
76000 0.00428442
77000 0.00430246
78000 0.00432202
79000 0.00434153
80000 0.00436004
81000 0.00437861
82000 0.00439617
83000 0.00441486
84000 0.00443126
85000 0.00444871
86000 0.00446505
87000 0.00448045
88000 0.00449566
89000 0.00451106
90000 0.00452391
91000 0.00453757
92000 0.00455113
93000 0.00456264
94000 0.00457532
95000 0.00458684
96000 0.00459583
97000 0.00460438
98000 0.00461406
99000 0.00462572
100000 0.00464004
101000 0.00465335
102000 0.00466512
103000 0.00467707
104000 0.00468937
105000 0.00470041
106000 0.0047089
107000 0.00471597
108000 0.00472212
109000 0.00472775
110000 0.00473263
111000 0.00473738
112000 0.00474065
113000 0.00474256
114000 0.00474241
115000 0.00474066
116000 0.00473934
117000 0.00473754
118000 0.00473405
119000 0.00472947
120000 0.00472513
121000 0.00471956
122000 0.00471291
123000 0.00470699
124000 0.00470171
125000 0.00469627
126000 0.00469142
127000 0.00468558
128000 0.00467944
129000 0.00467324
130000 0.00466599
131000 0.00465853
132000 0.00465134
133000 0.00464366
134000 0.00463628
135000 0.00462944
136000 0.00462241
137000 0.00461523
138000 0.00460829
139000 0.00460144
140000 0.00459459
141000 0.0045882
142000 0.00458187
143000 0.00457556
144000 0.00456917
145000 0.00456202
146000 0.00455418
147000 0.00454645
148000 0.00453905
149000 0.00453223
150000 0.00452565
151000 0.00451879
152000 0.00451164
153000 0.00450509
154000 0.00449834
155000 0.00449179
156000 0.00448503
157000 0.00447794
158000 0.00447118
159000 0.00446392
160000 0.00445663
161000 0.00444956
162000 0.00444286
163000 0.00443628
164000 0.00443
165000 0.00442395
166000 0.00441853
167000 0.0044134
168000 0.00440719
169000 0.00440084
170000 0.00439498
171000 0.00438992
172000 0.00438474
173000 0.00437874
174000 0.00437267
175000 0.00436661
176000 0.00436067
177000 0.00435444
178000 0.00434839
179000 0.00434282
180000 0.00433768
181000 0.00433309
182000 0.00432872
183000 0.00432425
184000 0.00432025
185000 0.00431625
186000 0.00431273
187000 0.00430978
188000 0.00430688
189000 0.00430347
190000 0.00430002
191000 0.00429671
192000 0.0042937
193000 0.00429067
194000 0.00428706
195000 0.00428366
196000 0.00428028
197000 0.00427672
198000 0.00427284
199000 0.0042688
200000 0.00426471
201000 0.00426047
202000 0.00425684
203000 0.00425325
204000 0.00425012
205000 0.00424681
206000 0.00424343
207000 0.00424006
208000 0.00423756
209000 0.00423533
210000 0.00423294
211000 0.00423118
212000 0.00422945
213000 0.00422916
214000 0.00422911
215000 0.00422874
216000 0.00422773
217000 0.00422705
218000 0.00422657
219000 0.00422566
220000 0.00422491
221000 0.00422535
222000 0.00422675
223000 0.0042279
224000 0.0042287
225000 0.00422889
226000 0.00422864
227000 0.00422731
228000 0.0042257
229000 0.00422419
230000 0.0042229
231000 0.00422149
232000 0.00421988
233000 0.00421833
234000 0.00421727
235000 0.00421631
236000 0.00421505
237000 0.00421336
238000 0.0042116
239000 0.00421004
240000 0.00420873
241000 0.00420759
242000 0.00420646
243000 0.00420572
244000 0.00420544
245000 0.00420558
246000 0.00420616
247000 0.00420636
248000 0.00420694
249000 0.00420763
250000 0.0042083
251000 0.00420877
252000 0.00420932
253000 0.00421029
254000 0.00421113
255000 0.00421212
256000 0.00421313
257000 0.00421469
258000 0.00421699
259000 0.00421957
260000 0.00422231
261000 0.00422503
262000 0.00422752
263000 0.00422991
264000 0.00423235
265000 0.00423456
266000 0.0042369
267000 0.00423937
268000 0.00424185
269000 0.00424368
270000 0.00424557
271000 0.00424786
272000 0.0042503
273000 0.00425316
274000 0.00425683
275000 0.00426039
276000 0.00426339
277000 0.00426626
278000 0.00426907
279000 0.00427191
280000 0.00427453
281000 0.00427748
282000 0.00428034
283000 0.00428272
284000 0.00428495
285000 0.00428721
286000 0.00428966
287000 0.00429224
288000 0.00429485
289000 0.00429722
290000 0.00429951
291000 0.00430165
292000 0.00430286
293000 0.00430342
294000 0.00430322
295000 0.00430278
296000 0.00430234
297000 0.004302
298000 0.00430137
299000 0.00430086
300000 0.00430044
301000 0.00429932
302000 0.00429775
303000 0.00429634
304000 0.00429476
305000 0.00429306
306000 0.0042913
307000 0.00428946
308000 0.00428737
309000 0.00428522
310000 0.00428258
311000 0.00427961
312000 0.0042768
313000 0.00427362
314000 0.00427047
315000 0.00426735
316000 0.0042637
317000 0.00425927
318000 0.00425453
319000 0.00424954
320000 0.00424463
321000 0.00423963
322000 0.00423445
323000 0.00422927
324000 0.00422417
325000 0.00421895
326000 0.00421358
327000 0.0042082
328000 0.0042029
329000 0.00419774
330000 0.00419258
331000 0.00418766
332000 0.0041827
333000 0.00417796
334000 0.00417329
335000 0.00416845
336000 0.00416354
337000 0.00415854
338000 0.00415364
339000 0.00414935
340000 0.00414511
341000 0.0041406
342000 0.00413562
343000 0.00413032
344000 0.00412513
345000 0.00412012
346000 0.00411524
347000 0.00411033
348000 0.00410497
349000 0.00409949
350000 0.00409398
351000 0.00408862
352000 0.0040836
353000 0.00407882
354000 0.00407415
355000 0.00406989
356000 0.00406606
357000 0.00406273
358000 0.00405914
359000 0.0040558
360000 0.0040526
361000 0.00404901
362000 0.00404551
363000 0.00404169
364000 0.00403795
365000 0.0040342
366000 0.00403029
367000 0.00402611
368000 0.00402195
369000 0.00401752
370000 0.00401258
371000 0.00400733
372000 0.00400195
373000 0.00399673
374000 0.00399167
375000 0.00398671
376000 0.00398181
377000 0.00397708
378000 0.00397224
379000 0.00396697
380000 0.00396184
381000 0.00395715
382000 0.00395271
383000 0.00394823
384000 0.00394363
385000 0.0039394
386000 0.00393503
387000 0.00393058
388000 0.00392608
389000 0.00392146
390000 0.00391685
391000 0.00391233
392000 0.00390816
393000 0.00390397
394000 0.00389961
395000 0.00389513
396000 0.00389046
397000 0.00388549
398000 0.00388073
399000 0.00387632
400000 0.00387231
401000 0.00386863
402000 0.00386487
403000 0.00386132
404000 0.00385786
405000 0.00385449
406000 0.00385118
407000 0.00384808
408000 0.00384451
409000 0.00384079
410000 0.00383715
411000 0.00383361
412000 0.00383023
413000 0.00382671
414000 0.00382351
415000 0.00382071
416000 0.00381785
417000 0.00381488
418000 0.00381211
419000 0.00380948
420000 0.0038068
421000 0.00380412
422000 0.00380133
423000 0.00379858
424000 0.00379581
425000 0.00379309
426000 0.00379043
427000 0.00378782
428000 0.00378531
429000 0.00378297
430000 0.00378053
431000 0.00377786
432000 0.00377519
433000 0.00377277
434000 0.00377045
435000 0.00376827
436000 0.00376622
437000 0.00376441
438000 0.00376262
439000 0.00376089
440000 0.00375916
441000 0.00375752
442000 0.00375623
443000 0.00375488
444000 0.00375361
445000 0.00375215
446000 0.00375073
447000 0.00374947
448000 0.00374825
449000 0.00374695
450000 0.00374562
451000 0.00374392
452000 0.00374202
453000 0.00374002
454000 0.00373804
455000 0.0037362
456000 0.00373465
457000 0.00373321
458000 0.0037319
459000 0.00373022
460000 0.00372852
461000 0.00372737
462000 0.00372624
463000 0.00372498
464000 0.00372397
465000 0.00372301
466000 0.00372219
467000 0.00372186
468000 0.00372147
469000 0.00372106
470000 0.00372064
471000 0.00372028
472000 0.0037197
473000 0.00371904
474000 0.00371815
475000 0.0037169
476000 0.00371569
477000 0.00371442
478000 0.00371285
479000 0.00371117
480000 0.00370938
481000 0.00370768
482000 0.00370609
483000 0.00370478
484000 0.00370361
485000 0.00370187
486000 0.00370006
487000 0.00369823
488000 0.00369627
489000 0.00369464
490000 0.00369315
491000 0.00369177
492000 0.00369035
493000 0.00368887
494000 0.00368756
495000 0.00368624
496000 0.00368476
497000 0.00368294
498000 0.00368106
499000 0.00367936
500000 0.00367744
