1000 0.0022119
2000 0.00222719
3000 0.00227119
4000 0.00226764
5000 0.00225315
6000 0.00223635
7000 0.00223777
8000 0.00224148
9000 0.00224484
10000 0.00223892
11000 0.00223211
12000 0.00222436
13000 0.002217
14000 0.00221122
15000 0.00220062
16000 0.00219401
17000 0.00218258
18000 0.00217747
19000 0.00217429
20000 0.0021751
21000 0.00218007
22000 0.00218367
23000 0.00218438
24000 0.00218441
25000 0.00218461
26000 0.00217821
27000 0.002169
28000 0.00216219
29000 0.00215829
30000 0.00215637
31000 0.00215637
32000 0.00215473
33000 0.00215296
34000 0.00215034
35000 0.00214868
36000 0.00214858
37000 0.00214659
38000 0.00214162
39000 0.00213861
40000 0.00213849
41000 0.00213806
42000 0.00213544
43000 0.0021344
44000 0.00213391
45000 0.00213294
46000 0.00213425
47000 0.00213694
48000 0.00213811
49000 0.00213963
50000 0.00213856
51000 0.00213689
52000 0.0021354
53000 0.00213459
54000 0.0021324
55000 0.00212752
56000 0.0021229
57000 0.00211814
58000 0.00211415
59000 0.00211194
60000 0.00210997
61000 0.00210866
62000 0.00210662
63000 0.00210495
64000 0.0021043
65000 0.00210323
66000 0.0021014
67000 0.00209863
68000 0.00209548
69000 0.00209274
70000 0.00208919
71000 0.00208661
72000 0.00208437
73000 0.00208229
74000 0.00208002
75000 0.00207828
76000 0.00207647
77000 0.00207544
78000 0.00207416
79000 0.00207316
80000 0.00207141
81000 0.00206924
82000 0.00206575
83000 0.00206263
84000 0.00205924
85000 0.00205641
86000 0.00205434
87000 0.00205152
88000 0.00204784
89000 0.00204391
90000 0.00204077
91000 0.00203905
92000 0.00203796
93000 0.00203749
94000 0.00203635
95000 0.00203618
96000 0.00203588
97000 0.00203562
98000 0.00203533
99000 0.00203483
100000 0.00203562
101000 0.00203724
102000 0.00203868
103000 0.00204003
104000 0.00204188
105000 0.00204328
106000 0.00204588
107000 0.00204784
108000 0.00204992
109000 0.00205196
110000 0.00205542
111000 0.00205965
112000 0.0020653
113000 0.0020716
114000 0.00207868
115000 0.00208588
116000 0.00209481
117000 0.00210368
118000 0.00211321
119000 0.00212168
120000 0.00212958
121000 0.00213848
122000 0.00214707
123000 0.00215528
124000 0.00216351
125000 0.00217029
126000 0.00217667
127000 0.00218208
128000 0.00218776
129000 0.00219311
130000 0.00219807
131000 0.00220362
132000 0.00220829
133000 0.00221267
134000 0.00221701
135000 0.00222117
136000 0.00222448
137000 0.0022268
138000 0.00222824
139000 0.00222946
140000 0.00223107
141000 0.00223393
142000 0.00223724
143000 0.00224025
144000 0.00224324
145000 0.00224669
146000 0.00225008
147000 0.00225338
148000 0.00225574
149000 0.00225855
150000 0.00226205
151000 0.00226608
152000 0.00227017
153000 0.00227377
154000 0.0022776
155000 0.00228151
156000 0.00228609
157000 0.00229095
158000 0.00229631
159000 0.00230182
160000 0.00230804
161000 0.00231475
162000 0.00232157
163000 0.0023279
164000 0.00233477
165000 0.00234092
166000 0.00234647
167000 0.0023524
168000 0.00235787
169000 0.00236309
170000 0.00236772
171000 0.00237175
172000 0.00237435
173000 0.00237622
174000 0.00237785
175000 0.00238027
176000 0.00238266
177000 0.00238454
178000 0.00238652
179000 0.00238845
180000 0.00239065
181000 0.00239356
182000 0.00239619
183000 0.00239862
184000 0.00240111
185000 0.00240437
186000 0.00240852
187000 0.00241254
188000 0.00241621
189000 0.00242
190000 0.00242407
191000 0.0024284
192000 0.00243313
193000 0.00243847
194000 0.00244378
195000 0.00244769
196000 0.00245128
197000 0.00245567
198000 0.00246038
199000 0.00246463
200000 0.00246858
201000 0.00247229
202000 0.00247585
203000 0.00247982
204000 0.00248414
205000 0.00248816
206000 0.00249302
207000 0.00249852
208000 0.00250415
209000 0.00250985
210000 0.00251527
211000 0.00252021
212000 0.00252466
213000 0.00252881
214000 0.00253276
215000 0.00253723
216000 0.00254206
217000 0.00254645
218000 0.00255049
219000 0.00255476
220000 0.00255886
221000 0.00256296
222000 0.00256716
223000 0.00257161
224000 0.00257611
225000 0.00258
226000 0.00258299
227000 0.00258599
228000 0.00258835
229000 0.00259054
230000 0.00259318
231000 0.0025964
232000 0.00260033
233000 0.00260469
234000 0.00260929
235000 0.00261487
236000 0.00262056
237000 0.00262636
238000 0.00263197
239000 0.00263752
240000 0.00264292
241000 0.00264862
242000 0.00265436
243000 0.00266003
244000 0.00266558
245000 0.00267115
246000 0.00267681
247000 0.00268246
248000 0.0026875
249000 0.00269242
250000 0.0026966
251000 0.0027007
252000 0.00270511
253000 0.00271025
254000 0.00271615
255000 0.00272243
256000 0.00272855
257000 0.002734
258000 0.00273964
259000 0.00274471
260000 0.00274976
261000 0.00275383
262000 0.00275788
263000 0.0027614
264000 0.00276543
265000 0.00276974
266000 0.00277364
267000 0.00277739
268000 0.00278131
269000 0.00278479
270000 0.00278844
271000 0.0027924
272000 0.00279621
273000 0.00280029
274000 0.00280388
275000 0.00280721
276000 0.00281033
277000 0.00281324
278000 0.00281569
279000 0.00281806
280000 0.0028202
281000 0.00282215
282000 0.00282378
283000 0.00282531
284000 0.00282676
285000 0.00282801
286000 0.0028297
287000 0.00283145
288000 0.00283304
289000 0.00283457
290000 0.00283642
291000 0.00283815
292000 0.00283962
293000 0.00284085
294000 0.00284192
295000 0.00284254
296000 0.00284312
297000 0.00284424
298000 0.00284504
299000 0.00284618
300000 0.00284729
301000 0.0028482
302000 0.00284912
303000 0.00285028
304000 0.00285137
305000 0.00285248
306000 0.00285276
307000 0.00285253
308000 0.00285238
309000 0.00285159
310000 0.00285052
311000 0.00284909
312000 0.00284721
313000 0.00284556
314000 0.0028443
315000 0.00284308
316000 0.002842
317000 0.00284069
318000 0.00283925
319000 0.00283788
320000 0.00283629
321000 0.00283475
322000 0.00283323
323000 0.00283194
324000 0.00283067
325000 0.00282956
326000 0.00282859
327000 0.00282777
328000 0.00282753
329000 0.00282745
330000 0.00282745
331000 0.00282717
332000 0.0028269
333000 0.00282648
334000 0.00282562
335000 0.00282437
336000 0.00282305
337000 0.00282186
338000 0.00282069
339000 0.00281974
340000 0.00281849
341000 0.00281709
342000 0.00281534
343000 0.00281353
344000 0.00281172
345000 0.00280967
346000 0.00280774
347000 0.00280628
348000 0.00280491
349000 0.00280332
350000 0.00280164
351000 0.00279999
352000 0.00279818
353000 0.00279625
354000 0.00279415
355000 0.00279214
356000 0.00279024
357000 0.00278835
358000 0.00278656
359000 0.00278485
360000 0.00278333
361000 0.00278202
362000 0.00278063
363000 0.0027792
364000 0.00277786
365000 0.00277642
366000 0.00277492
367000 0.00277315
368000 0.00277134
369000 0.00277007
370000 0.00276935
371000 0.00276841
372000 0.00276753
373000 0.00276703
374000 0.00276656
375000 0.00276624
376000 0.00276601
377000 0.0027661
378000 0.00276651
379000 0.00276683
380000 0.00276738
381000 0.00276788
382000 0.00276842
383000 0.00276876
384000 0.00276902
385000 0.00276932
386000 0.00276943
387000 0.0027693
388000 0.00276947
389000 0.00276978
390000 0.00277028
391000 0.00277084
392000 0.00277137
393000 0.00277184
394000 0.00277246
395000 0.00277326
396000 0.00277466
397000 0.002776
398000 0.00277706
399000 0.00277769
400000 0.00277815
401000 0.00277842
402000 0.00277872
403000 0.00277896
404000 0.00277917
405000 0.00277908
406000 0.00277894
407000 0.00277866
408000 0.00277814
409000 0.00277773
410000 0.00277713
411000 0.00277648
412000 0.00277614
413000 0.00277593
414000 0.00277594
415000 0.00277586
416000 0.00277554
417000 0.00277542
418000 0.00277534
419000 0.00277515
420000 0.00277516
421000 0.00277519
422000 0.00277519
423000 0.00277533
424000 0.00277553
425000 0.00277569
426000 0.00277568
427000 0.00277554
428000 0.00277534
429000 0.00277508
430000 0.00277439
431000 0.00277345
432000 0.00277252
433000 0.00277156
434000 0.00277051
435000 0.00276922
436000 0.00276781
437000 0.00276623
438000 0.00276454
439000 0.00276287
440000 0.0027611
441000 0.0027594
442000 0.00275762
443000 0.00275589
444000 0.00275415
445000 0.00275242
446000 0.00275083
447000 0.00274939
448000 0.00274804
449000 0.00274687
450000 0.00274567
451000 0.0027447
452000 0.00274372
453000 0.00274267
454000 0.00274173
455000 0.00274098
456000 0.0027405
457000 0.00274035
458000 0.00274054
459000 0.00274066
460000 0.0027406
461000 0.00274043
462000 0.00274038
463000 0.00274061
464000 0.0027408
465000 0.00274074
466000 0.00274071
467000 0.00274084
468000 0.00274107
469000 0.00274138
470000 0.00274194
471000 0.00274267
472000 0.00274349
473000 0.00274452
474000 0.00274522
475000 0.00274589
476000 0.0027464
477000 0.0027469
478000 0.00274781
479000 0.00274901
480000 0.00275051
481000 0.00275208
482000 0.00275325
483000 0.00275415
484000 0.00275514
485000 0.00275616
486000 0.00275741
487000 0.00275865
488000 0.00275984
489000 0.00276101
490000 0.00276211
491000 0.00276332
492000 0.00276444
493000 0.0027655
494000 0.00276658
495000 0.00276758
496000 0.00276864
497000 0.00276959
498000 0.00277032
499000 0.00277116
500000 0.00277195
