1000 0.00246038
2000 0.00246587
3000 0.00244026
4000 0.00241735
5000 0.00241654
6000 0.00240185
7000 0.00240649
8000 0.00241775
9000 0.00243542
10000 0.00245956
11000 0.00247414
12000 0.0024959
13000 0.00250969
14000 0.00251285
15000 0.00251783
16000 0.00252653
17000 0.00254052
18000 0.00255131
19000 0.00255101
20000 0.00255472
21000 0.00255263
22000 0.00254675
23000 0.00254469
24000 0.00253825
25000 0.00252943
26000 0.0025175
27000 0.00250066
28000 0.00248967
29000 0.00248373
30000 0.00247927
31000 0.00247644
32000 0.00247759
33000 0.00247586
34000 0.00247298
35000 0.00247231
36000 0.0024668
37000 0.00245777
38000 0.0024467
39000 0.00243191
40000 0.00241865
41000 0.00240295
42000 0.002386
43000 0.00236838
44000 0.00235332
45000 0.00234065
46000 0.00233045
47000 0.00232105
48000 0.00231435
49000 0.00231013
50000 0.00230633
51000 0.00230366
52000 0.00230282
53000 0.00230195
54000 0.00230181
55000 0.00229839
56000 0.00229597
57000 0.00229666
58000 0.00229825
59000 0.00230111
60000 0.00230528
61000 0.0023088
62000 0.00231202
63000 0.00231587
64000 0.00231747
65000 0.00231865
66000 0.00232198
67000 0.00232643
68000 0.00233134
69000 0.00233625
70000 0.00234138
71000 0.00234547
72000 0.0023522
73000 0.00236054
74000 0.0023701
75000 0.00237976
76000 0.00238958
77000 0.00240155
78000 0.00241397
79000 0.00242712
80000 0.00244077
81000 0.00245326
82000 0.00246604
83000 0.00247769
84000 0.00248836
85000 0.00249849
86000 0.00250769
87000 0.00251746
88000 0.00252732
89000 0.00253685
90000 0.00254672
91000 0.00255434
92000 0.00256067
93000 0.00256647
94000 0.00257055
95000 0.00257289
96000 0.0025736
97000 0.00257458
98000 0.00257573
99000 0.00257595
100000 0.0025779
101000 0.00258026
102000 0.00258204
103000 0.00258414
104000 0.00258609
105000 0.00258733
106000 0.00258853
107000 0.00258905
108000 0.00259002
109000 0.00259083
110000 0.00259353
111000 0.00259703
112000 0.00259996
113000 0.00260271
114000 0.0026052
115000 0.00260698
116000 0.00260888
117000 0.00260987
118000 0.00261005
119000 0.00261038
120000 0.00261058
121000 0.00260844
122000 0.00260652
123000 0.002605
124000 0.00260363
125000 0.00260194
126000 0.00260137
127000 0.00260078
128000 0.00260067
129000 0.00260015
130000 0.00259943
131000 0.00259781
132000 0.00259666
133000 0.00259614
134000 0.00259507
135000 0.00259259
136000 0.00259026
137000 0.0025881
138000 0.00258568
139000 0.00258358
140000 0.00258161
141000 0.00258011
142000 0.00257951
143000 0.00257932
144000 0.00257888
145000 0.00257837
146000 0.00257894
147000 0.00257936
148000 0.00257907
149000 0.00257856
150000 0.00257813
151000 0.00257763
152000 0.0025771
153000 0.00257675
154000 0.00257725
155000 0.00257804
156000 0.00257778
157000 0.00257689
158000 0.00257541
159000 0.002574
160000 0.00257202
161000 0.00257099
162000 0.00256967
163000 0.00256909
164000 0.00256875
165000 0.00256883
166000 0.00256907
167000 0.00256877
168000 0.00256834
169000 0.00256781
170000 0.00256673
171000 0.00256504
172000 0.00256337
173000 0.00256166
174000 0.00255961
175000 0.00255713
176000 0.00255471
177000 0.00255213
178000 0.00254979
179000 0.00254758
180000 0.00254466
181000 0.00254214
182000 0.00253933
183000 0.0025365
184000 0.00253326
185000 0.00253041
186000 0.00252774
187000 0.00252544
188000 0.00252322
189000 0.00252088
190000 0.00251892
191000 0.00251671
192000 0.00251456
193000 0.00251269
194000 0.00251132
195000 0.00251038
196000 0.00250939
197000 0.00250831
198000 0.00250759
199000 0.0025069
200000 0.00250644
201000 0.00250597
202000 0.00250589
203000 0.00250604
204000 0.00250642
205000 0.00250748
206000 0.00250837
207000 0.00250918
208000 0.00250953
209000 0.00251037
210000 0.00251123
211000 0.00251165
212000 0.00251128
213000 0.00251095
214000 0.00251039
215000 0.00250931
216000 0.00250808
217000 0.00250681
218000 0.00250538
219000 0.002504
220000 0.00250259
221000 0.0025013
222000 0.00250048
223000 0.00249946
224000 0.00249876
225000 0.00249795
226000 0.00249703
227000 0.0024965
228000 0.0024962
229000 0.00249511
230000 0.00249387
231000 0.00249351
232000 0.00249328
233000 0.00249298
234000 0.00249287
235000 0.00249298
236000 0.00249345
237000 0.00249416
238000 0.00249519
239000 0.00249569
240000 0.00249652
241000 0.00249783
242000 0.00249877
243000 0.00249918
244000 0.00249935
245000 0.00249969
246000 0.0025005
247000 0.00250145
248000 0.00250294
249000 0.00250512
250000 0.0025075
251000 0.0025103
252000 0.00251286
253000 0.00251571
254000 0.00251908
255000 0.00252213
256000 0.00252516
257000 0.00252783
258000 0.0025309
259000 0.00253388
260000 0.00253668
261000 0.00253956
262000 0.0025424
263000 0.00254454
264000 0.00254645
265000 0.0025482
266000 0.00255006
267000 0.00255244
268000 0.00255435
269000 0.00255603
270000 0.00255731
271000 0.00255864
272000 0.00255985
273000 0.00256105
274000 0.00256236
275000 0.00256355
276000 0.00256467
277000 0.00256563
278000 0.00256617
279000 0.00256668
280000 0.00256696
281000 0.00256748
282000 0.00256788
283000 0.00256822
284000 0.00256869
285000 0.0025693
286000 0.00257043
287000 0.00257167
288000 0.00257267
289000 0.00257349
290000 0.00257445
291000 0.00257591
292000 0.00257748
293000 0.00257927
294000 0.00258128
295000 0.00258358
296000 0.00258556
297000 0.00258715
298000 0.0025885
299000 0.00258949
300000 0.00259005
301000 0.0025904
302000 0.00259093
303000 0.00259144
304000 0.00259231
305000 0.00259284
306000 0.00259367
307000 0.00259418
308000 0.00259467
309000 0.00259529
310000 0.00259583
311000 0.00259634
312000 0.00259708
313000 0.00259754
314000 0.00259779
315000 0.00259793
316000 0.00259793
317000 0.00259769
318000 0.00259762
319000 0.00259796
320000 0.00259855
321000 0.00259937
322000 0.00260046
323000 0.00260159
324000 0.00260218
325000 0.00260257
326000 0.00260299
327000 0.00260379
328000 0.00260476
329000 0.00260542
330000 0.00260559
331000 0.00260533
332000 0.00260509
333000 0.00260538
334000 0.00260522
335000 0.00260501
336000 0.00260495
337000 0.00260459
338000 0.00260384
339000 0.00260344
340000 0.0026032
341000 0.00260334
342000 0.00260348
343000 0.00260374
344000 0.0026039
345000 0.00260364
346000 0.00260321
347000 0.00260279
348000 0.00260234
349000 0.00260172
350000 0.002601
351000 0.00260049
352000 0.00259988
353000 0.00259945
354000 0.00259914
355000 0.00259917
356000 0.00259898
357000 0.00259894
358000 0.00259887
359000 0.00259899
360000 0.00259909
361000 0.00259963
362000 0.00260025
363000 0.00260083
364000 0.00260112
365000 0.00260151
366000 0.00260194
367000 0.00260225
368000 0.0026027
369000 0.00260355
370000 0.0026044
371000 0.00260511
372000 0.00260569
373000 0.00260633
374000 0.0026065
375000 0.00260634
376000 0.00260609
377000 0.00260533
378000 0.00260423
379000 0.00260323
380000 0.00260217
381000 0.00260116
382000 0.00259993
383000 0.00259876
384000 0.00259767
385000 0.00259649
386000 0.00259536
387000 0.00259411
388000 0.00259302
389000 0.00259169
390000 0.00259035
391000 0.00258933
392000 0.00258857
393000 0.00258794
394000 0.00258727
395000 0.00258668
396000 0.00258623
397000 0.00258583
398000 0.00258557
399000 0.00258514
400000 0.00258506
401000 0.00258498
402000 0.00258492
403000 0.00258477
404000 0.00258442
405000 0.00258439
406000 0.0025847
407000 0.00258498
408000 0.00258547
409000 0.00258601
410000 0.00258653
411000 0.00258735
412000 0.00258827
413000 0.00258936
414000 0.00259
415000 0.00259089
416000 0.00259155
417000 0.00259208
418000 0.00259267
419000 0.00259332
420000 0.00259412
421000 0.00259521
422000 0.00259654
423000 0.00259727
424000 0.00259787
425000 0.00259855
426000 0.00259914
427000 0.00259974
428000 0.00260057
429000 0.00260151
430000 0.00260251
431000 0.00260362
432000 0.00260463
433000 0.00260536
434000 0.00260637
435000 0.00260715
436000 0.00260796
437000 0.00260868
438000 0.00260922
439000 0.00260982
440000 0.00261019
441000 0.00261007
442000 0.00260969
443000 0.00260932
444000 0.00260902
445000 0.00260843
446000 0.00260818
447000 0.0026081
448000 0.00260795
449000 0.00260824
450000 0.00260883
451000 0.00260948
452000 0.00261014
453000 0.00261101
454000 0.00261183
455000 0.00261288
456000 0.00261421
457000 0.0026158
458000 0.00261744
459000 0.00261909
460000 0.0026208
461000 0.00262291
462000 0.0026251
463000 0.00262734
464000 0.00262964
465000 0.00263219
466000 0.00263475
467000 0.00263752
468000 0.00264032
469000 0.00264315
470000 0.00264592
471000 0.0026486
472000 0.00265099
473000 0.00265337
474000 0.00265587
475000 0.00265837
476000 0.00266059
477000 0.00266232
478000 0.00266426
479000 0.00266611
480000 0.00266792
481000 0.0026699
482000 0.00267226
483000 0.00267471
484000 0.00267724
485000 0.00267941
486000 0.00268126
487000 0.00268282
488000 0.00268421
489000 0.00268586
490000 0.00268756
491000 0.00268904
492000 0.00269031
493000 0.00269165
494000 0.00269314
495000 0.00269461
496000 0.00269626
497000 0.00269754
498000 0.00269864
499000 0.00269974
500000 0.00270083
