10000 -0.344641
20000 -0.369706
30000 -0.376495
40000 -0.378824
50000 -0.376448
60000 -0.371293
70000 -0.367534
80000 -0.363307
90000 -0.361168
100000 -0.357665
110000 -0.354356
120000 -0.350778
130000 -0.347043
140000 -0.343239
150000 -0.3396
160000 -0.336412
170000 -0.333006
180000 -0.329339
190000 -0.325732
200000 -0.322815
210000 -0.320728
220000 -0.318595
230000 -0.316788
240000 -0.315386
250000 -0.314037
260000 -0.312323
270000 -0.310565
280000 -0.309071
290000 -0.307472
300000 -0.305871
310000 -0.304302
320000 -0.302818
330000 -0.301243
340000 -0.299753
350000 -0.298263
360000 -0.296976
370000 -0.295682
380000 -0.294393
390000 -0.293252
400000 -0.292318
410000 -0.291363
420000 -0.290353
430000 -0.289503
440000 -0.288637
450000 -0.28779
460000 -0.286962
470000 -0.28616
480000 -0.285356
490000 -0.284561
500000 -0.283772
510000 -0.283103
520000 -0.28237
530000 -0.281609
540000 -0.280963
550000 -0.280296
560000 -0.279626
570000 -0.27899
580000 -0.27843
590000 -0.277907
600000 -0.277432
610000 -0.27702
620000 -0.276558
630000 -0.276108
640000 -0.275684
650000 -0.275271
660000 -0.274866
670000 -0.274449
680000 -0.274022
690000 -0.273611
700000 -0.273217
710000 -0.272825
720000 -0.272419
730000 -0.2721
740000 -0.271817
750000 -0.271568
760000 -0.271258
770000 -0.270908
780000 -0.270551
790000 -0.270239
800000 -0.269893
810000 -0.269519
820000 -0.26914
830000 -0.2688
840000 -0.268505
850000 -0.268212
860000 -0.267887
870000 -0.267538
880000 -0.2672
890000 -0.266851
900000 -0.266495
910000 -0.26615
920000 -0.26581
930000 -0.265475
940000 -0.265144
950000 -0.264817
960000 -0.264489
970000 -0.264164
980000 -0.263838
990000 -0.263529
