10000 -0.335624
20000 -0.368094
30000 -0.38476
40000 -0.391457
50000 -0.396799
60000 -0.39974
70000 -0.401845
80000 -0.402773
90000 -0.402941
100000 -0.402378
110000 -0.401363
120000 -0.39936
130000 -0.396842
140000 -0.392279
150000 -0.387286
160000 -0.382382
170000 -0.377843
180000 -0.377112
190000 -0.376454
200000 -0.374899
210000 -0.372849
220000 -0.370655
230000 -0.368239
240000 -0.365433
250000 -0.362339
260000 -0.359387
270000 -0.356279
280000 -0.353402
290000 -0.350687
300000 -0.348154
310000 -0.345893
320000 -0.344249
330000 -0.342204
340000 -0.340179
350000 -0.338441
360000 -0.336865
370000 -0.335347
380000 -0.333801
390000 -0.332459
400000 -0.331061
410000 -0.329752
420000 -0.328427
430000 -0.327093
440000 -0.32578
450000 -0.324559
460000 -0.323413
470000 -0.322455
480000 -0.321401
490000 -0.320375
500000 -0.319486
510000 -0.318492
520000 -0.317443
530000 -0.316444
540000 -0.31558
550000 -0.314626
560000 -0.313724
570000 -0.312846
580000 -0.311948
590000 -0.311072
600000 -0.310285
610000 -0.309539
620000 -0.308751
630000 -0.307973
640000 -0.307223
650000 -0.306455
660000 -0.305774
670000 -0.305091
680000 -0.304393
690000 -0.303713
700000 -0.303059
710000 -0.302437
720000 -0.301826
730000 -0.301248
740000 -0.300693
750000 -0.300134
760000 -0.300055
770000 -0.300054
780000 -0.299954
790000 -0.299868
800000 -0.299697
810000 -0.299481
820000 -0.2992
830000 -0.298873
840000 -0.298519
850000 -0.29811
860000 -0.297651
870000 -0.297221
880000 -0.296856
890000 -0.296482
900000 -0.29607
910000 -0.295681
920000 -0.295291
930000 -0.294889
940000 -0.294478
950000 -0.294089
960000 -0.293677
970000 -0.293261
980000 -0.292829
990000 -0.292411
