10000 -0.34504
20000 -0.370132
30000 -0.385861
40000 -0.391788
50000 -0.395209
60000 -0.395999
70000 -0.396396
80000 -0.396849
90000 -0.396812
100000 -0.396485
110000 -0.395554
120000 -0.394
130000 -0.392707
140000 -0.391445
150000 -0.389212
160000 -0.386438
170000 -0.383547
180000 -0.381043
190000 -0.378166
200000 -0.375374
210000 -0.372419
220000 -0.369431
230000 -0.366968
240000 -0.364912
250000 -0.363226
260000 -0.361185
270000 -0.359101
280000 -0.356716
290000 -0.354733
300000 -0.353046
310000 -0.351084
320000 -0.349182
330000 -0.347254
340000 -0.345523
350000 -0.343721
360000 -0.341984
370000 -0.340303
380000 -0.33878
390000 -0.337363
400000 -0.336008
410000 -0.334745
420000 -0.333595
430000 -0.332493
440000 -0.331439
450000 -0.33046
460000 -0.329551
470000 -0.328684
480000 -0.327651
490000 -0.326584
500000 -0.325573
510000 -0.324535
520000 -0.323373
530000 -0.322234
540000 -0.320961
550000 -0.319662
560000 -0.318292
570000 -0.316904
580000 -0.315329
590000 -0.314017
600000 -0.31268
610000 -0.311159
620000 -0.309454
630000 -0.307746
640000 -0.306078
650000 -0.304432
660000 -0.30285
670000 -0.301343
680000 -0.299916
690000 -0.298534
700000 -0.297055
710000 -0.295611
720000 -0.294298
730000 -0.292939
740000 -0.291574
750000 -0.290259
760000 -0.288975
770000 -0.287679
780000 -0.2864
790000 -0.285128
800000 -0.283882
810000 -0.282723
820000 -0.281623
830000 -0.280447
840000 -0.279372
850000 -0.278612
860000 -0.27809
870000 -0.277703
880000 -0.277083
890000 -0.276488
900000 -0.2758
910000 -0.275201
920000 -0.274601
930000 -0.274241
940000 -0.273633
950000 -0.273043
960000 -0.272421
970000 -0.271747
980000 -0.271092
990000 -0.270498
