10000 -0.430234
20000 -0.434352
30000 -0.420095
40000 -0.400892
50000 -0.409902
60000 -0.395984
70000 -0.407677
80000 -0.37824
90000 -0.379451
100000 -0.374171
110000 -0.347966
120000 -0.346875
130000 -0.358832
140000 -0.36428
150000 -0.333318
160000 -0.329796
170000 -0.333186
180000 -0.303582
190000 -0.29781
200000 -0.297962
210000 -0.299322
220000 -0.289427
230000 -0.287678
240000 -0.283851
250000 -0.281718
260000 -0.291129
270000 -0.292105
280000 -0.278116
290000 -0.271137
300000 -0.322123
310000 -0.285944
320000 -0.277448
330000 -0.302638
340000 -0.307829
350000 -0.28447
360000 -0.289854
370000 -0.280166
380000 -0.266482
390000 -0.271667
400000 -0.270723
410000 -0.264899
420000 -0.264526
430000 -0.276426
440000 -0.290862
450000 -0.263653
460000 -0.271876
470000 -0.260224
480000 -0.256439
490000 -0.260487
500000 -0.255753
510000 -0.254702
520000 -0.248082
530000 -0.245959
540000 -0.252709
550000 -0.250188
560000 -0.249066
570000 -0.25036
580000 -0.246265
590000 -0.244818
600000 -0.243694
610000 -0.245231
620000 -0.242589
630000 -0.24391
640000 -0.241745
650000 -0.254614
660000 -0.250617
670000 -0.233498
680000 -0.249888
690000 -0.23402
700000 -0.242355
710000 -0.232132
720000 -0.238825
730000 -0.238194
740000 -0.236774
750000 -0.235653
760000 -0.234656
770000 -0.234222
780000 -0.231277
790000 -0.232242
800000 -0.250274
810000 -0.241451
820000 -0.235517
830000 -0.238507
840000 -0.237357
850000 -0.235316
860000 -0.232233
870000 -0.240285
880000 -0.233594
890000 -0.235601
900000 -0.328126
910000 -0.31298
920000 -0.300673
930000 -0.292669
940000 -0.286279
950000 -0.277657
960000 -0.268281
970000 -0.252841
980000 -0.244813
990000 -0.236568
