10000 -0.474251
20000 -0.458116
30000 -0.43913
40000 -0.431135
50000 -0.422674
60000 -0.424421
70000 -0.414225
80000 -0.394769
90000 -0.375295
100000 -0.380604
110000 -0.356232
120000 -0.340145
130000 -0.338768
140000 -0.334058
150000 -0.333833
160000 -0.32839
170000 -0.333206
180000 -0.316936
190000 -0.315661
200000 -0.300569
210000 -0.289588
220000 -0.291799
230000 -0.288015
240000 -0.293259
250000 -0.286349
260000 -0.284532
270000 -0.292554
280000 -0.291432
290000 -0.285657
300000 -0.28496
310000 -0.283479
320000 -0.279273
330000 -0.283273
340000 -0.283015
350000 -0.277813
360000 -0.280826
370000 -0.276035
380000 -0.278182
390000 -0.273707
400000 -0.275652
410000 -0.277826
420000 -0.274252
430000 -0.269472
440000 -0.274031
450000 -0.270671
460000 -0.272076
470000 -0.274346
480000 -0.267273
490000 -0.27026
500000 -0.269704
510000 -0.272994
520000 -0.28209
530000 -0.269256
540000 -0.264634
550000 -0.266714
560000 -0.263769
570000 -0.263741
580000 -0.267184
590000 -0.263737
600000 -0.261275
610000 -0.263944
620000 -0.261847
630000 -0.262778
640000 -0.260616
650000 -0.260849
660000 -0.262181
670000 -0.261172
680000 -0.261253
690000 -0.261218
700000 -0.257581
710000 -0.258043
720000 -0.260313
730000 -0.259296
740000 -0.257567
750000 -0.258157
760000 -0.258998
770000 -0.254172
780000 -0.25453
790000 -0.25457
800000 -0.256236
810000 -0.256402
820000 -0.254851
830000 -0.258374
840000 -0.252314
850000 -0.253959
860000 -0.253208
870000 -0.251093
880000 -0.253011
890000 -0.252468
900000 -0.249718
910000 -0.252086
920000 -0.248105
930000 -0.248205
940000 -0.24976
950000 -0.252381
960000 -0.256555
970000 -0.250478
980000 -0.257815
990000 -0.25861
