10000 -0.4672
20000 -0.446343
30000 -0.434296
40000 -0.422102
50000 -0.431036
60000 -0.419336
70000 -0.414157
80000 -0.402054
90000 -0.392456
100000 -0.392716
110000 -0.409611
120000 -0.398548
130000 -0.389402
140000 -0.382182
150000 -0.369753
160000 -0.351612
170000 -0.346804
180000 -0.347598
190000 -0.328296
200000 -0.323852
210000 -0.321402
220000 -0.305818
230000 -0.305248
240000 -0.328731
250000 -0.296074
260000 -0.282326
270000 -0.26912
280000 -0.25142
290000 -0.250639
300000 -0.247211
310000 -0.253533
320000 -0.237918
330000 -0.237073
340000 -0.227016
350000 -0.221514
360000 -0.222
370000 -0.212181
380000 -0.202339
390000 -0.184527
400000 -0.188301
410000 -0.173891
420000 -0.165671
430000 -0.165016
440000 -0.177542
450000 -0.169686
460000 -0.162048
470000 -0.159405
480000 -0.154458
490000 -0.156968
500000 -0.1554
510000 -0.154513
520000 -0.160524
530000 -0.157079
540000 -0.157949
550000 -0.158181
560000 -0.162347
570000 -0.155667
580000 -0.160319
590000 -0.163447
600000 -0.15095
610000 -0.159366
620000 -0.153333
630000 -0.155951
640000 -0.153543
650000 -0.160319
660000 -0.153733
670000 -0.156171
680000 -0.150506
690000 -0.152213
700000 -0.156515
710000 -0.158602
720000 -0.151586
730000 -0.157797
740000 -0.14969
750000 -0.14854
760000 -0.148791
770000 -0.148231
780000 -0.156438
790000 -0.148767
800000 -0.150966
810000 -0.154913
820000 -0.156312
830000 -0.165457
840000 -0.169109
850000 -0.169619
860000 -0.160178
870000 -0.161733
880000 -0.1624
890000 -0.154398
900000 -0.152509
910000 -0.155367
920000 -0.149855
930000 -0.144112
940000 -0.146636
950000 -0.166997
960000 -0.164784
970000 -0.203011
980000 -0.203426
990000 -0.202095
