10000 -0.468472
20000 -0.438525
30000 -0.434746
40000 -0.428014
50000 -0.409327
60000 -0.388364
70000 -0.376451
80000 -0.367646
90000 -0.35117
100000 -0.347688
110000 -0.339228
120000 -0.33317
130000 -0.32229
140000 -0.338038
150000 -0.323367
160000 -0.302823
170000 -0.28757
180000 -0.287818
190000 -0.28015
200000 -0.269718
210000 -0.277933
220000 -0.274132
230000 -0.276707
240000 -0.272609
250000 -0.269351
260000 -0.264914
270000 -0.264874
280000 -0.260831
290000 -0.266011
300000 -0.261268
310000 -0.26383
320000 -0.258457
330000 -0.259546
340000 -0.258936
350000 -0.258398
360000 -0.25953
370000 -0.256719
380000 -0.247955
390000 -0.2511
400000 -0.251959
410000 -0.259563
420000 -0.307875
430000 -0.243756
440000 -0.317955
450000 -0.293456
460000 -0.283574
470000 -0.271627
480000 -0.278093
490000 -0.259218
500000 -0.273068
510000 -0.259379
520000 -0.255499
530000 -0.302002
540000 -0.279142
550000 -0.271983
560000 -0.270006
570000 -0.269067
580000 -0.260792
590000 -0.256808
600000 -0.257482
610000 -0.253693
620000 -0.251737
630000 -0.246237
640000 -0.249149
650000 -0.245412
660000 -0.234684
670000 -0.24017
680000 -0.229438
690000 -0.228229
700000 -0.227939
710000 -0.256075
720000 -0.221107
730000 -0.225698
740000 -0.220931
750000 -0.221802
760000 -0.219835
770000 -0.217737
780000 -0.219121
790000 -0.221327
800000 -0.214552
810000 -0.211879
820000 -0.217351
830000 -0.219441
840000 -0.271478
850000 -0.246183
860000 -0.212667
870000 -0.208597
880000 -0.217178
890000 -0.210034
900000 -0.206303
910000 -0.211331
920000 -0.208819
930000 -0.205792
940000 -0.208699
950000 -0.20385
960000 -0.20235
970000 -0.201212
980000 -0.197824
990000 -0.199184
