10000 0.31145
20000 0.333031
30000 0.337377
40000 0.302436
50000 0.259556
60000 0.223065
70000 0.208892
80000 0.187488
90000 0.168883
100000 0.155045
110000 0.143382
120000 0.152441
130000 0.145677
140000 0.135722
150000 0.127067
160000 0.119479
170000 0.112773
180000 0.106805
190000 0.101461
200000 0.0966471
210000 0.0922898
220000 0.0860355
230000 0.0826475
240000 0.0795304
250000 0.0766515
260000 0.0739884
270000 0.0715128
280000 0.0692084
290000 0.067058
300000 0.0650446
310000 0.0631566
320000 0.0613833
330000 0.0597146
340000 0.0581414
350000 0.0566554
360000 0.0552501
370000 0.0539197
380000 0.0526585
390000 0.0514604
400000 0.0503218
410000 0.0492381
420000 0.0482056
430000 0.04722
440000 0.0462785
450000 0.0453784
460000 0.0445167
470000 0.0436912
480000 0.0428995
490000 0.0421396
500000 0.0414098
510000 0.0407084
520000 0.0400336
530000 0.0393838
540000 0.0387579
550000 0.0381543
560000 0.0375718
570000 0.0370095
580000 0.0364664
590000 0.0359415
600000 0.0354344
610000 0.0349438
620000 0.0344691
630000 0.0340091
640000 0.0335634
650000 0.0332264
660000 0.0328235
670000 0.0324161
680000 0.0320202
690000 0.0363813
700000 0.0369325
710000 0.0375848
720000 0.0374371
730000 0.0370059
740000 0.0365861
750000 0.0361771
760000 0.0357785
770000 0.03539
780000 0.0350113
790000 0.0346419
800000 0.0342816
810000 0.0339299
820000 0.0335867
830000 0.0332516
840000 0.0329243
850000 0.0326046
860000 0.0332373
870000 0.0382377
880000 0.0428185
890000 0.0470382
900000 0.0509537
910000 0.0545781
920000 0.0576681
930000 0.0604391
940000 0.0630156
950000 0.065407
960000 0.0676254
970000 0.0696807
980000 0.0715788
990000 0.0733301
