10000 0.13937
20000 0.492881
30000 0.292653
40000 0.204603
50000 0.113275
60000 0.240304
70000 0.142784
80000 0.0809294
90000 0.0253166
100000 0.00559593
110000 0.00559172
120000 0.00557914
130000 0.00555544
140000 0.0358936
150000 0.00553822
160000 0.00553774
170000 0.005516
180000 0.00552689
190000 0.00553855
200000 0.00551942
210000 0.00552495
220000 0.00550701
230000 0.00551093
240000 0.00551682
250000 0.00551533
260000 0.00549839
270000 0.00549604
280000 0.00547772
290000 0.00550305
300000 0.0055019
310000 0.00548677
320000 0.00549811
330000 0.00549785
340000 0.0054995
350000 0.0054978
360000 0.00549243
370000 0.00550403
380000 0.00546486
390000 0.00545761
400000 0.00546808
410000 0.00548803
420000 0.0055069
430000 0.00551706
440000 0.00548994
450000 0.0055036
460000 0.00551375
470000 0.00549955
480000 0.00552016
490000 0.00552527
500000 0.00554438
510000 0.00555851
520000 0.00556997
530000 0.00559241
540000 0.00560253
550000 0.00557083
560000 0.00556866
570000 0.0055838
580000 0.00558783
590000 0.00559241
600000 0.00558607
610000 0.00557832
620000 0.0055789
630000 0.00557932
640000 0.00557052
650000 0.00558103
660000 0.00558442
670000 0.00558994
680000 0.00555697
690000 0.00554919
700000 0.00555538
710000 0.00556519
720000 0.00554
730000 0.00554305
740000 0.00554209
750000 0.00555341
760000 0.00555457
770000 0.00554131
780000 0.00553754
790000 0.0055161
800000 0.00553178
810000 0.00554139
820000 0.00553358
830000 0.00553882
840000 0.005526
850000 0.00550027
860000 0.00550217
870000 0.00551107
880000 0.00549363
890000 0.00551219
900000 0.00549657
910000 0.00550157
920000 0.00547265
930000 0.00542473
940000 0.00543203
950000 0.0054315
960000 0.00542643
970000 0.00544225
980000 0.0054435
990000 0.0054395
