10000 0.00484454
20000 0.400883
30000 0.334154
40000 0.360235
50000 0.271919
60000 0.296514
70000 0.152001
80000 0.0472451
90000 0.0440524
100000 0.21093
110000 0.149242
120000 0.0782631
130000 0.352928
140000 0.33775
150000 0.324161
160000 0.311111
170000 0.298577
180000 0.305872
190000 0.395546
200000 0.294541
210000 0.256358
220000 0.22709
230000 0.208821
240000 0.175747
250000 0.165161
260000 0.16149
270000 0.150331
280000 0.121168
290000 0.111906
300000 0.273896
310000 0.25232
320000 0.232064
330000 0.224327
340000 0.212473
350000 0.194251
360000 0.176353
370000 0.155434
380000 0.22202
390000 0.268564
400000 0.281292
410000 0.256498
420000 0.231672
430000 0.204892
440000 0.232688
450000 0.203981
460000 0.176205
470000 0.233695
480000 0.208236
490000 0.177451
500000 0.159
510000 0.134749
520000 0.103193
530000 0.0786413
540000 0.0845934
550000 0.0877923
560000 0.0632648
570000 0.153932
580000 0.13692
590000 0.118528
600000 0.100577
610000 0.0803279
620000 0.0623494
630000 0.0424436
640000 0.0235766
650000 0.0139173
660000 0.00714008
670000 0.0054669
680000 0.00948352
690000 0.0690868
700000 0.0676195
710000 0.0630036
720000 0.115004
730000 0.0937211
740000 0.074209
750000 0.063567
760000 0.0568287
770000 0.0508442
780000 0.0343276
790000 0.0210896
800000 0.00547748
810000 0.00547741
820000 0.00547765
830000 0.00547776
840000 0.00547751
850000 0.00547753
860000 0.00547761
870000 0.00547759
880000 0.00547755
890000 0.00547769
900000 0.00547739
910000 0.00547735
920000 0.00547737
930000 0.00547736
940000 0.00547757
950000 0.00547748
960000 0.00547755
970000 0.00547769
980000 0.00547778
990000 0.00547772
