10000 0.334448
20000 0.435827
30000 0.291655
40000 0.270315
50000 0.272228
60000 0.293351
70000 0.383603
80000 0.441191
90000 0.420404
100000 0.40265
110000 0.390671
120000 0.373036
130000 0.357637
140000 0.345709
150000 0.355787
160000 0.339163
170000 0.318927
180000 0.303665
190000 0.329552
200000 0.317708
210000 0.307042
220000 0.296151
230000 0.287879
240000 0.278744
250000 0.269667
260000 0.262625
270000 0.276111
280000 0.269906
290000 0.283045
300000 0.272265
310000 0.26385
320000 0.255349
330000 0.248116
340000 0.23944
350000 0.235374
360000 0.227665
370000 0.220506
380000 0.214296
390000 0.208443
400000 0.200866
410000 0.196136
420000 0.190611
430000 0.183208
440000 0.171522
450000 0.162341
460000 0.154655
470000 0.144143
480000 0.139936
490000 0.133153
500000 0.123097
510000 0.116073
520000 0.108399
530000 0.100795
540000 0.0931899
550000 0.0839703
560000 0.0784737
570000 0.0677959
580000 0.0605549
590000 0.0639634
600000 0.0467258
610000 0.035891
620000 0.0270332
630000 0.0165542
640000 0.0113119
650000 0.00827328
660000 0.0052096
670000 0.00520963
680000 0.0141938
690000 0.0286508
700000 0.030216
710000 0.032127
720000 0.019611
730000 0.0134251
740000 0.0148274
750000 0.00942611
760000 0.00554715
770000 0.00520964
780000 0.00520965
790000 0.00520952
800000 0.00520933
810000 0.00520928
820000 0.00520944
830000 0.00520939
840000 0.00520934
850000 0.00520972
860000 0.00520972
870000 0.00520973
880000 0.00520966
890000 0.141326
900000 0.139057
910000 0.136862
920000 0.134721
930000 0.132794
940000 0.130725
950000 0.128543
960000 0.126517
970000 0.294715
980000 0.283664
990000 0.274365
