10000 0.358869
20000 0.229513
30000 0.00526189
40000 0.00436902
50000 0.314935
60000 0.0958283
70000 0.0516793
80000 0.0106053
90000 0.0104488
100000 0.00961324
110000 0.00946658
120000 0.00908331
130000 0.366047
140000 0.292904
150000 0.242148
160000 0.200515
170000 0.159117
180000 0.110334
190000 0.0521455
200000 0.0125543
210000 0.0124161
220000 0.0388434
230000 0.0121701
240000 0.168154
250000 0.120973
260000 0.0906929
270000 0.0485186
280000 0.00372841
290000 0.00377286
300000 0.00379857
310000 0.00379608
320000 0.00379706
330000 0.0036102
340000 0.0036102
350000 0.0036102
360000 0.0036102
370000 0.0036102
380000 0.0036102
390000 0.0036102
400000 0.0036102
410000 0.0036102
420000 0.0036102
430000 0.0390035
440000 0.0036102
450000 0.0311176
460000 0.0036102
470000 0.0036102
480000 0.0036102
490000 0.0036102
500000 0.0036102
510000 0.0036102
520000 0.0036102
530000 0.0242692
540000 0.0036102
550000 0.0036102
560000 0.0036102
570000 0.0036102
580000 0.0036102
590000 0.0036102
600000 0.0036102
610000 0.0036102
620000 0.0036102
630000 0.0036102
640000 0.0036102
650000 0.0036102
660000 0.0036102
670000 0.0036102
680000 0.0036102
690000 0.0036102
700000 0.0036102
710000 0.0036102
720000 0.0036102
730000 0.0036102
740000 0.0036102
750000 0.0036102
760000 0.0036102
770000 0.0036102
780000 0.0036102
790000 0.453347
800000 0.390243
810000 0.342795
820000 0.302751
830000 0.264781
840000 0.228805
850000 0.191204
860000 0.146559
870000 0.09406
880000 0.0206778
890000 0.0036102
900000 0.0036102
910000 0.0036102
920000 0.0036102
930000 0.0036102
940000 0.0036102
950000 0.0036102
960000 0.0036102
970000 0.0036102
980000 0.0036102
990000 0.0036102
