10000 -0.37548
20000 -0.380615
30000 -0.378894
40000 -0.371381
50000 -0.364907
60000 -0.355813
70000 -0.34758
80000 -0.339646
90000 -0.332996
100000 -0.326538
110000 -0.320975
120000 -0.315335
130000 -0.309583
140000 -0.303252
150000 -0.297675
160000 -0.292841
170000 -0.288493
180000 -0.284329
190000 -0.280516
200000 -0.277156
210000 -0.274042
220000 -0.271147
230000 -0.268319
240000 -0.265788
250000 -0.263233
260000 -0.261025
270000 -0.258755
280000 -0.256748
290000 -0.254764
300000 -0.25286
310000 -0.251121
320000 -0.24949
330000 -0.247933
340000 -0.246369
350000 -0.244902
360000 -0.243593
370000 -0.242367
380000 -0.241069
390000 -0.239885
400000 -0.238759
410000 -0.237598
420000 -0.236574
430000 -0.235625
440000 -0.234591
450000 -0.233623
460000 -0.232606
470000 -0.231725
480000 -0.230784
490000 -0.229944
500000 -0.229133
510000 -0.228281
520000 -0.227509
530000 -0.22673
540000 -0.225974
550000 -0.225264
560000 -0.224596
570000 -0.223942
580000 -0.223273
590000 -0.222621
600000 -0.221992
610000 -0.221372
620000 -0.220754
630000 -0.220138
640000 -0.219604
650000 -0.219036
660000 -0.218505
670000 -0.217972
680000 -0.21747
690000 -0.216981
700000 -0.216513
710000 -0.216051
720000 -0.215581
730000 -0.215205
740000 -0.214793
750000 -0.214356
760000 -0.213931
770000 -0.21353
780000 -0.213123
790000 -0.212746
800000 -0.212361
810000 -0.211973
820000 -0.211608
830000 -0.211247
840000 -0.210919
850000 -0.210582
860000 -0.210261
870000 -0.209918
880000 -0.209598
890000 -0.209263
900000 -0.208949
910000 -0.208651
920000 -0.208356
930000 -0.208063
940000 -0.207785
950000 -0.207491
960000 -0.207217
970000 -0.206943
980000 -0.206649
990000 -0.206379
