10000 -0.360425
20000 -0.380784
30000 -0.392195
40000 -0.390472
50000 -0.389202
60000 -0.38706
70000 -0.384641
80000 -0.381465
90000 -0.378012
100000 -0.375829
110000 -0.373154
120000 -0.370691
130000 -0.368562
140000 -0.366577
150000 -0.3647
160000 -0.362785
170000 -0.360571
180000 -0.358445
190000 -0.356302
200000 -0.354239
210000 -0.352267
220000 -0.350321
230000 -0.348456
240000 -0.346561
250000 -0.344582
260000 -0.342866
270000 -0.34105
280000 -0.339421
290000 -0.337864
300000 -0.336203
310000 -0.334708
320000 -0.333162
330000 -0.331817
340000 -0.330462
350000 -0.329169
360000 -0.327843
370000 -0.326666
380000 -0.325484
390000 -0.324388
400000 -0.322018
410000 -0.31806
420000 -0.313643
430000 -0.309298
440000 -0.305101
450000 -0.30094
460000 -0.296871
470000 -0.292942
480000 -0.289104
490000 -0.285418
500000 -0.281893
510000 -0.278469
520000 -0.275205
530000 -0.272036
540000 -0.268994
550000 -0.266051
560000 -0.263257
570000 -0.260535
580000 -0.257899
590000 -0.25535
600000 -0.252873
610000 -0.250504
620000 -0.248201
630000 -0.245971
640000 -0.243802
650000 -0.241704
660000 -0.239663
670000 -0.237676
680000 -0.235777
690000 -0.233905
700000 -0.232074
710000 -0.230312
720000 -0.228587
730000 -0.226906
740000 -0.225289
750000 -0.223696
760000 -0.22216
770000 -0.220648
780000 -0.219214
790000 -0.217795
800000 -0.2164
810000 -0.21505
820000 -0.213728
830000 -0.212452
840000 -0.211198
850000 -0.209968
860000 -0.208791
870000 -0.207615
880000 -0.206463
890000 -0.205336
900000 -0.204243
910000 -0.203172
920000 -0.202115
930000 -0.201075
940000 -0.200064
950000 -0.199075
960000 -0.198109
970000 -0.197153
980000 -0.196226
990000 -0.195315
