10000 -0.350615
20000 -0.368888
30000 -0.372673
40000 -0.372953
50000 -0.370142
60000 -0.364006
70000 -0.356591
80000 -0.350421
90000 -0.344794
100000 -0.339089
110000 -0.334053
120000 -0.330044
130000 -0.326253
140000 -0.323188
150000 -0.320481
160000 -0.317951
170000 -0.315496
180000 -0.313543
190000 -0.311595
200000 -0.309661
210000 -0.307788
220000 -0.306315
230000 -0.304846
240000 -0.303292
250000 -0.301811
260000 -0.300432
270000 -0.298945
280000 -0.297689
290000 -0.296433
300000 -0.295284
310000 -0.294238
320000 -0.29319
330000 -0.292204
340000 -0.291305
350000 -0.290396
360000 -0.289606
370000 -0.288789
380000 -0.288014
390000 -0.287257
400000 -0.286507
410000 -0.285863
420000 -0.285214
430000 -0.28454
440000 -0.283837
450000 -0.283135
460000 -0.282548
470000 -0.281899
480000 -0.281254
490000 -0.280664
500000 -0.280124
510000 -0.279532
520000 -0.278908
530000 -0.278384
540000 -0.27786
550000 -0.277275
560000 -0.276779
570000 -0.276262
580000 -0.275728
590000 -0.275228
600000 -0.274707
610000 -0.274223
620000 -0.273754
630000 -0.273283
640000 -0.272838
650000 -0.272384
660000 -0.271948
670000 -0.271532
680000 -0.271134
690000 -0.270735
700000 -0.270359
710000 -0.269942
720000 -0.269578
730000 -0.269232
740000 -0.268905
750000 -0.26854
760000 -0.268197
770000 -0.267837
780000 -0.267534
790000 -0.267212
800000 -0.266889
810000 -0.266608
820000 -0.266308
830000 -0.266012
840000 -0.265694
850000 -0.265404
860000 -0.265138
870000 -0.264872
880000 -0.264597
890000 -0.264327
900000 -0.264083
910000 -0.263797
920000 -0.263537
930000 -0.263295
940000 -0.263054
950000 -0.26283
960000 -0.262603
970000 -0.262374
980000 -0.262128
990000 -0.261898
