10000 -0.527514
20000 -0.492674
30000 -0.450994
40000 -0.423843
50000 -0.397185
60000 -0.373752
70000 -0.35546
80000 -0.340057
90000 -0.32492
100000 -0.313547
110000 -0.307012
120000 -0.306325
130000 -0.297483
140000 -0.292342
150000 -0.281461
160000 -0.276352
170000 -0.275001
180000 -0.267368
190000 -0.264777
200000 -0.262762
210000 -0.257886
220000 -0.255956
230000 -0.248496
240000 -0.246695
250000 -0.242895
260000 -0.239894
270000 -0.240386
280000 -0.238659
290000 -0.237512
300000 -0.237083
310000 -0.235346
320000 -0.233064
330000 -0.231033
340000 -0.229339
350000 -0.227058
360000 -0.225904
370000 -0.223996
380000 -0.220089
390000 -0.217138
400000 -0.214765
410000 -0.210683
420000 -0.208048
430000 -0.205557
440000 -0.204411
450000 -0.202948
460000 -0.200132
470000 -0.197521
480000 -0.194613
490000 -0.194546
500000 -0.195136
510000 -0.195426
520000 -0.196062
530000 -0.196581
540000 -0.195982
550000 -0.195961
560000 -0.194397
570000 -0.193314
580000 -0.191956
590000 -0.19057
600000 -0.189787
610000 -0.190621
620000 -0.190324
630000 -0.190266
640000 -0.18963
650000 -0.189448
660000 -0.187988
670000 -0.186718
680000 -0.186184
690000 -0.185674
700000 -0.185123
710000 -0.184994
720000 -0.184905
730000 -0.184998
740000 -0.184678
750000 -0.184103
760000 -0.183936
770000 -0.183831
780000 -0.183827
790000 -0.183896
800000 -0.183421
810000 -0.183284
820000 -0.183213
830000 -0.183039
840000 -0.182849
850000 -0.182901
860000 -0.182929
870000 -0.183014
880000 -0.182884
890000 -0.182838
900000 -0.18345
910000 -0.183494
920000 -0.183334
930000 -0.182735
940000 -0.182394
950000 -0.182168
960000 -0.18178
970000 -0.174854
980000 -0.164221
990000 -0.156252
