10000 -0.447972
20000 -0.407541
30000 -0.376328
40000 -0.353344
50000 -0.340242
60000 -0.339705
70000 -0.329192
80000 -0.326374
90000 -0.32032
100000 -0.316496
110000 -0.310357
120000 -0.306774
130000 -0.302816
140000 -0.300515
150000 -0.297675
160000 -0.294039
170000 -0.286607
180000 -0.284345
190000 -0.279097
200000 -0.276732
210000 -0.275115
220000 -0.276752
230000 -0.27616
240000 -0.277053
250000 -0.273103
260000 -0.271199
270000 -0.267383
280000 -0.266361
290000 -0.265432
300000 -0.264846
310000 -0.258543
320000 -0.25522
330000 -0.254722
340000 -0.254112
350000 -0.253588
360000 -0.253488
370000 -0.252464
380000 -0.251904
390000 -0.251882
400000 -0.251879
410000 -0.25123
420000 -0.250737
430000 -0.250212
440000 -0.24988
450000 -0.24934
460000 -0.2492
470000 -0.249354
480000 -0.248781
490000 -0.248211
500000 -0.247917
510000 -0.247189
520000 -0.246429
530000 -0.246272
540000 -0.245503
550000 -0.24527
560000 -0.245542
570000 -0.245418
580000 -0.244819
590000 -0.244556
600000 -0.24442
610000 -0.243731
620000 -0.243821
630000 -0.242801
640000 -0.242941
650000 -0.242953
660000 -0.242513
670000 -0.242514
680000 -0.242199
690000 -0.241729
700000 -0.24102
710000 -0.240569
720000 -0.240664
730000 -0.24053
740000 -0.240653
750000 -0.240535
760000 -0.240504
770000 -0.240413
780000 -0.240542
790000 -0.240343
800000 -0.240227
810000 -0.240292
820000 -0.240059
830000 -0.23932
840000 -0.229078
850000 -0.224278
860000 -0.216646
870000 -0.20588
880000 -0.201939
890000 -0.200491
900000 -0.1914
910000 -0.1914
920000 -0.191382
930000 -0.191323
940000 -0.191413
950000 -0.191378
960000 -0.191318
970000 -0.191332
980000 -0.191246
990000 -0.191174
