10000 0.477922
20000 0.270153
30000 0.195863
40000 0.158658
50000 0.13626
60000 0.12132
70000 0.110652
80000 0.102642
90000 0.0964136
100000 0.0914302
110000 0.0873494
120000 0.0839504
130000 0.0810722
140000 0.0786062
150000 0.0764671
160000 0.0745965
170000 0.0729465
180000 0.0714791
190000 0.0701658
200000 0.0692028
210000 0.0680749
220000 0.0670957
230000 0.0662015
240000 0.0653565
250000 0.0644376
260000 0.0632206
270000 0.0620776
280000 0.0610185
290000 0.0599557
300000 0.0587548
310000 0.057504
320000 0.0563291
330000 0.0552256
340000 0.0541864
350000 0.053207
360000 0.0522812
370000 0.0514055
380000 0.050576
390000 0.049789
400000 0.049041
410000 0.0483299
420000 0.0476523
430000 0.0470062
440000 0.0463895
450000 0.0458004
460000 0.0452367
470000 0.044697
480000 0.0441798
490000 0.0436837
500000 0.0432075
510000 0.0427499
520000 0.04231
530000 0.0418865
540000 0.0414788
550000 0.041086
560000 0.0407072
570000 0.0403416
580000 0.0399886
590000 0.0396476
600000 0.039318
610000 0.0389992
620000 0.0386907
630000 0.038392
640000 0.0381025
650000 0.037822
660000 0.03755
670000 0.0372861
680000 0.03703
690000 0.0367813
700000 0.0365397
710000 0.0363049
720000 0.0360766
730000 0.0358545
740000 0.0356385
750000 0.0354283
760000 0.0352236
770000 0.0350242
780000 0.0348299
790000 0.0346405
800000 0.0344559
810000 0.0342758
820000 0.0341001
830000 0.0339286
840000 0.0337613
850000 0.0335978
860000 0.0334382
870000 0.0332822
880000 0.0331298
890000 0.0329808
900000 0.0328351
910000 0.0326926
920000 0.0325533
930000 0.0324168
940000 0.0322833
950000 0.0321527
960000 0.0320247
970000 0.0318994
980000 0.0317767
990000 0.0316564
