10000 0.380331
20000 0.214671
30000 0.150094
40000 0.117641
50000 0.0981235
60000 0.0850991
70000 0.0758187
80000 0.0688824
90000 0.0632722
100000 0.0586801
110000 0.0548766
120000 0.0517384
130000 0.0490422
140000 0.0466878
150000 0.0446314
160000 0.0428102
170000 0.0412346
180000 0.0398602
190000 0.0386394
200000 0.0375408
210000 0.0365333
220000 0.035614
230000 0.0347869
240000 0.0340353
250000 0.0333303
260000 0.0326906
270000 0.0320954
280000 0.031527
290000 0.0309872
300000 0.0304709
310000 0.0299933
320000 0.0295364
330000 0.0291047
340000 0.0286959
350000 0.0283172
360000 0.0279703
370000 0.0276555
380000 0.0273621
390000 0.0270811
400000 0.0268024
410000 0.0265303
420000 0.0262559
430000 0.0259709
440000 0.0256879
450000 0.0254176
460000 0.0251632
470000 0.0249306
480000 0.0247113
490000 0.0245128
500000 0.0243321
510000 0.024158
520000 0.0239852
530000 0.0238061
540000 0.0236155
550000 0.023432
560000 0.0232549
570000 0.0230841
580000 0.0229191
590000 0.0227597
600000 0.0226057
610000 0.0224566
620000 0.0223124
630000 0.0221728
640000 0.0220375
650000 0.0219065
660000 0.0217793
670000 0.021656
680000 0.0215363
690000 0.02142
700000 0.0213071
710000 0.0211974
720000 0.0210907
730000 0.0209869
740000 0.0208859
750000 0.0207877
760000 0.020692
770000 0.0205988
780000 0.020508
790000 0.0204195
800000 0.0203332
810000 0.0202491
820000 0.0201669
830000 0.0200868
840000 0.0200086
850000 0.0199321
860000 0.0198575
870000 0.0197846
880000 0.0197134
890000 0.0196438
900000 0.0195757
910000 0.0195091
920000 0.0194439
930000 0.0193802
940000 0.0193178
950000 0.0192567
960000 0.0191969
970000 0.0191383
980000 0.019081
990000 0.0190247
