10000 0.379188
20000 0.208147
30000 0.143449
40000 0.111018
50000 0.0915396
60000 0.0785488
70000 0.0692663
80000 0.0623037
90000 0.0568819
100000 0.0525476
110000 0.0490011
120000 0.046045
130000 0.0435437
140000 0.0413994
150000 0.039541
160000 0.037915
170000 0.03648
180000 0.0352047
190000 0.0340633
200000 0.0330366
210000 0.0321069
220000 0.0312619
230000 0.0304904
240000 0.0297832
250000 0.0291328
260000 0.0285327
270000 0.0279762
280000 0.0274596
290000 0.0269788
300000 0.0265302
310000 0.0261105
320000 0.0257168
330000 0.0253472
340000 0.0249992
350000 0.0246713
360000 0.0243613
370000 0.0240682
380000 0.0237908
390000 0.0235271
400000 0.0232767
410000 0.0230387
420000 0.0228119
430000 0.0225957
440000 0.0223894
450000 0.0221922
460000 0.0220036
470000 0.021823
480000 0.0216501
490000 0.021484
500000 0.0213246
510000 0.0211715
520000 0.0210242
530000 0.0208826
540000 0.0207462
550000 0.0206147
560000 0.020488
570000 0.0203656
580000 0.0202475
590000 0.0201334
600000 0.0200231
610000 0.0199164
620000 0.0198132
630000 0.0197132
640000 0.0196164
650000 0.0195225
660000 0.0194315
670000 0.0193432
680000 0.0192575
690000 0.0191743
700000 0.0190934
710000 0.0190149
720000 0.0189385
730000 0.0188642
740000 0.0187919
750000 0.0187216
760000 0.0186531
770000 0.0185864
780000 0.0185213
790000 0.018458
800000 0.0183962
810000 0.0183359
820000 0.0182771
830000 0.0182198
840000 0.0181638
850000 0.0181091
860000 0.0180557
870000 0.0180035
880000 0.0179525
890000 0.0179026
900000 0.0178539
910000 0.0178062
920000 0.0177596
930000 0.0177139
940000 0.0176692
950000 0.0176255
960000 0.0175827
970000 0.0175408
980000 0.0174997
990000 0.0174595
