10000 0.298259
20000 0.136105
30000 0.123313
40000 0.124043
50000 0.122632
60000 0.124575
70000 0.120863
80000 0.110303
90000 0.102735
100000 0.097873
110000 0.0902657
120000 0.0885193
130000 0.0831362
140000 0.0799379
150000 0.0552332
160000 0.0552332
170000 0.0552332
180000 0.0552332
190000 0.0552332
200000 0.0552332
210000 0.0552332
220000 0.0552332
230000 0.0552332
240000 0.0552332
250000 0.0552332
260000 0.0542771
270000 0.0547457
280000 0.0546807
290000 0.0551783
300000 0.0545601
310000 0.053938
320000 0.0552332
330000 0.0552332
340000 0.0552332
350000 0.0552332
360000 0.0552332
370000 0.0552332
380000 0.0552332
390000 0.0552332
400000 0.0552332
410000 0.0552332
420000 0.0540805
430000 0.0537549
440000 0.0534091
450000 0.0534463
460000 0.0534342
470000 0.0528011
480000 0.0526838
490000 0.05261
500000 0.0520076
510000 0.0517898
520000 0.0516028
530000 0.0513376
540000 0.0514539
550000 0.0514648
560000 0.0518541
570000 0.0517214
580000 0.0513105
590000 0.0512879
600000 0.051141
610000 0.0509677
620000 0.050733
630000 0.0506057
640000 0.0505273
650000 0.0503831
660000 0.0501582
670000 0.0500175
680000 0.0501344
690000 0.0496516
700000 0.0497584
710000 0.0493261
720000 0.0487786
730000 0.0486851
740000 0.0485405
750000 0.0483
760000 0.0479892
770000 0.0463011
780000 0.0463011
790000 0.0463011
800000 0.0463011
810000 0.0463011
820000 0.0463011
830000 0.0463011
840000 0.0463011
850000 0.0463011
860000 0.0463011
870000 0.0463011
880000 0.0463011
890000 0.0463011
900000 0.0463011
910000 0.0463011
920000 0.0463011
930000 0.0463011
940000 0.0463011
950000 0.0463011
960000 0.0463011
970000 0.0463011
980000 0.0463011
990000 0.0463011
