10000 -0.368379
20000 -0.401029
30000 -0.41421
40000 -0.419009
50000 -0.412459
60000 -0.40682
70000 -0.402872
80000 -0.398074
90000 -0.391083
100000 -0.38507
110000 -0.379154
120000 -0.373442
130000 -0.367909
140000 -0.362768
150000 -0.356592
160000 -0.351301
170000 -0.346202
180000 -0.341597
190000 -0.336934
200000 -0.332772
210000 -0.328763
220000 -0.325276
230000 -0.321559
240000 -0.318559
250000 -0.315327
260000 -0.312146
270000 -0.309101
280000 -0.306398
290000 -0.30373
300000 -0.301373
310000 -0.299091
320000 -0.296951
330000 -0.294795
340000 -0.292761
350000 -0.290858
360000 -0.289125
370000 -0.287418
380000 -0.285631
390000 -0.284006
400000 -0.282401
410000 -0.280879
420000 -0.279517
430000 -0.278176
440000 -0.276806
450000 -0.275466
460000 -0.274253
470000 -0.273028
480000 -0.271879
490000 -0.270726
500000 -0.269626
510000 -0.268753
520000 -0.267868
530000 -0.266751
540000 -0.265814
550000 -0.264835
560000 -0.263834
570000 -0.26291
580000 -0.261969
590000 -0.261101
600000 -0.260211
610000 -0.259285
620000 -0.258371
630000 -0.257537
640000 -0.256786
650000 -0.255992
660000 -0.255174
670000 -0.254392
680000 -0.253598
690000 -0.252768
700000 -0.252003
710000 -0.251259
720000 -0.250486
730000 -0.249794
740000 -0.249134
750000 -0.248478
760000 -0.2478
770000 -0.247165
780000 -0.246538
790000 -0.245906
800000 -0.245364
810000 -0.244755
820000 -0.244189
830000 -0.243583
840000 -0.243036
850000 -0.242469
860000 -0.241913
870000 -0.2414
880000 -0.240893
890000 -0.240391
900000 -0.239923
910000 -0.239391
920000 -0.238994
930000 -0.238544
940000 -0.238081
950000 -0.23766
960000 -0.23721
970000 -0.236773
980000 -0.236359
990000 -0.235931
