10000 -0.352351
20000 -0.380631
30000 -0.392829
40000 -0.399029
50000 -0.403117
60000 -0.405568
70000 -0.406942
80000 -0.406417
90000 -0.405363
100000 -0.404478
110000 -0.401793
120000 -0.400075
130000 -0.398199
140000 -0.397015
150000 -0.395668
160000 -0.394252
170000 -0.392286
180000 -0.390065
190000 -0.387467
200000 -0.384864
210000 -0.38218
220000 -0.37882
230000 -0.375182
240000 -0.371715
250000 -0.368137
260000 -0.364625
270000 -0.361212
280000 -0.357886
290000 -0.354454
300000 -0.351478
310000 -0.348615
320000 -0.345789
330000 -0.343099
340000 -0.340503
350000 -0.33807
360000 -0.33576
370000 -0.33348
380000 -0.331357
390000 -0.329149
400000 -0.327027
410000 -0.324979
420000 -0.323107
430000 -0.321376
440000 -0.319493
450000 -0.317923
460000 -0.316195
470000 -0.314635
480000 -0.313054
490000 -0.311512
500000 -0.309996
510000 -0.308612
520000 -0.307132
530000 -0.305863
540000 -0.304536
550000 -0.303207
560000 -0.301975
570000 -0.300814
580000 -0.299731
590000 -0.298597
600000 -0.297573
610000 -0.296559
620000 -0.295485
630000 -0.294481
640000 -0.293484
650000 -0.292537
660000 -0.291578
670000 -0.290624
680000 -0.289759
690000 -0.288864
700000 -0.287979
710000 -0.287131
720000 -0.286339
730000 -0.285528
740000 -0.284734
750000 -0.283954
760000 -0.283163
770000 -0.282432
780000 -0.281722
790000 -0.281031
800000 -0.28035
810000 -0.27965
820000 -0.27898
830000 -0.278321
840000 -0.277718
850000 -0.277139
860000 -0.276519
870000 -0.27589
880000 -0.275285
890000 -0.274711
900000 -0.274122
910000 -0.273536
920000 -0.273015
930000 -0.27245
940000 -0.271906
950000 -0.271351
960000 -0.270828
970000 -0.270268
980000 -0.269761
990000 -0.269262
