10000 -0.36941
20000 -0.391164
30000 -0.396132
40000 -0.399045
50000 -0.400838
60000 -0.399058
70000 -0.397014
80000 -0.395168
90000 -0.392272
100000 -0.388553
110000 -0.384972
120000 -0.381761
130000 -0.378395
140000 -0.375041
150000 -0.371633
160000 -0.368992
170000 -0.366187
180000 -0.363343
190000 -0.361124
200000 -0.358768
210000 -0.356497
220000 -0.354352
230000 -0.352287
240000 -0.35043
250000 -0.3486
260000 -0.346688
270000 -0.344982
280000 -0.343312
290000 -0.341691
300000 -0.340167
310000 -0.338744
320000 -0.337298
330000 -0.336009
340000 -0.334863
350000 -0.333657
360000 -0.332536
370000 -0.331425
380000 -0.330419
390000 -0.329182
400000 -0.328061
410000 -0.327047
420000 -0.326001
430000 -0.325046
440000 -0.324084
450000 -0.323176
460000 -0.322264
470000 -0.321341
480000 -0.320468
490000 -0.319632
500000 -0.318993
510000 -0.318247
520000 -0.317456
530000 -0.316814
540000 -0.316241
550000 -0.315644
560000 -0.31502
570000 -0.314421
580000 -0.313866
590000 -0.313316
600000 -0.312718
610000 -0.312253
620000 -0.311659
630000 -0.311071
640000 -0.310593
650000 -0.310068
660000 -0.309614
670000 -0.309057
680000 -0.308555
690000 -0.308043
700000 -0.30754
710000 -0.307102
720000 -0.306641
730000 -0.306172
740000 -0.305739
750000 -0.305293
760000 -0.304835
770000 -0.304428
780000 -0.303965
790000 -0.303505
800000 -0.303077
810000 -0.302653
820000 -0.302259
830000 -0.301868
840000 -0.301491
850000 -0.301106
860000 -0.300756
870000 -0.300409
880000 -0.300042
890000 -0.299652
900000 -0.299302
910000 -0.299019
920000 -0.298669
930000 -0.298351
940000 -0.298006
950000 -0.297695
960000 -0.297381
970000 -0.297062
980000 -0.296681
990000 -0.296199
