10000 -0.516401
20000 -0.520799
30000 -0.491988
40000 -0.462503
50000 -0.448691
60000 -0.436342
70000 -0.435192
80000 -0.427465
90000 -0.413961
100000 -0.400185
110000 -0.387434
120000 -0.383644
130000 -0.377594
140000 -0.374721
150000 -0.370274
160000 -0.367482
170000 -0.360528
180000 -0.352642
190000 -0.34674
200000 -0.339354
210000 -0.336014
220000 -0.333676
230000 -0.332636
240000 -0.331932
250000 -0.331047
260000 -0.329705
270000 -0.327786
280000 -0.326981
290000 -0.326799
300000 -0.324245
310000 -0.324121
320000 -0.323269
330000 -0.320866
340000 -0.320604
350000 -0.32013
360000 -0.32005
370000 -0.318077
380000 -0.317694
390000 -0.316355
400000 -0.315284
410000 -0.314433
420000 -0.313468
430000 -0.31238
440000 -0.310528
450000 -0.308918
460000 -0.308947
470000 -0.308338
480000 -0.30829
490000 -0.30593
500000 -0.305268
510000 -0.302819
520000 -0.299032
530000 -0.296796
540000 -0.294724
550000 -0.289038
560000 -0.284269
570000 -0.280816
580000 -0.27588
590000 -0.271885
600000 -0.266357
610000 -0.262227
620000 -0.255531
630000 -0.252093
640000 -0.250765
650000 -0.246931
660000 -0.245008
670000 -0.238218
680000 -0.237398
690000 -0.237216
700000 -0.237158
710000 -0.236746
720000 -0.236359
730000 -0.236219
740000 -0.236411
750000 -0.236446
760000 -0.237319
770000 -0.237616
780000 -0.237545
790000 -0.239167
800000 -0.238565
810000 -0.238783
820000 -0.238906
830000 -0.238985
840000 -0.239002
850000 -0.238946
860000 -0.238875
870000 -0.238815
880000 -0.238615
890000 -0.237969
900000 -0.236834
910000 -0.236964
920000 -0.237382
930000 -0.237214
940000 -0.237309
950000 -0.236541
960000 -0.236444
970000 -0.236306
980000 -0.236321
990000 -0.237112
