10000 -0.465688
20000 -0.433674
30000 -0.414215
40000 -0.401877
50000 -0.396869
60000 -0.380961
70000 -0.37265
80000 -0.366304
90000 -0.357396
100000 -0.349808
110000 -0.339989
120000 -0.332835
130000 -0.327407
140000 -0.323463
150000 -0.322801
160000 -0.320726
170000 -0.318949
180000 -0.306678
190000 -0.267805
200000 -0.252454
210000 -0.25165
220000 -0.242063
230000 -0.250726
240000 -0.238545
250000 -0.232368
260000 -0.232827
270000 -0.22705
280000 -0.228574
290000 -0.228366
300000 -0.220428
310000 -0.217891
320000 -0.217279
330000 -0.21605
340000 -0.215193
350000 -0.213226
360000 -0.212975
370000 -0.210203
380000 -0.209541
390000 -0.208325
400000 -0.2084
410000 -0.208096
420000 -0.207535
430000 -0.207212
440000 -0.205744
450000 -0.20501
460000 -0.204812
470000 -0.204046
480000 -0.202593
490000 -0.201561
500000 -0.199721
510000 -0.199101
520000 -0.198358
530000 -0.197514
540000 -0.197673
550000 -0.196579
560000 -0.195926
570000 -0.195413
580000 -0.19521
590000 -0.195676
600000 -0.195211
610000 -0.195404
620000 -0.194732
630000 -0.194754
640000 -0.194541
650000 -0.19438
660000 -0.194276
670000 -0.194343
680000 -0.194108
690000 -0.194208
700000 -0.194179
710000 -0.193617
720000 -0.193698
730000 -0.192935
740000 -0.1927
750000 -0.192551
760000 -0.192799
770000 -0.192272
780000 -0.192759
790000 -0.192027
800000 -0.191942
810000 -0.19135
820000 -0.190666
830000 -0.18996
840000 -0.18936
850000 -0.18894
860000 -0.18869
870000 -0.188224
880000 -0.187925
890000 -0.18776
900000 -0.187752
910000 -0.18748
920000 -0.187224
930000 -0.186735
940000 -0.186189
950000 -0.186508
960000 -0.18602
970000 -0.185554
980000 -0.185356
990000 -0.185576
