10000 0.440311
20000 0.275128
30000 0.193407
40000 0.152101
50000 0.127191
60000 0.110556
70000 0.0986605
80000 0.0897287
90000 0.0827801
100000 0.0772183
110000 0.0726727
120000 0.0688704
130000 0.0656573
140000 0.0629045
150000 0.0605155
160000 0.0584271
170000 0.0565822
180000 0.0549429
190000 0.0534762
200000 0.0521566
210000 0.0509616
220000 0.049876
230000 0.0488843
240000 0.0479753
250000 0.047139
260000 0.0463664
270000 0.0456528
280000 0.0449878
290000 0.0443704
300000 0.0437931
310000 0.0432527
320000 0.042747
330000 0.0422714
340000 0.041825
350000 0.0414023
360000 0.0410038
370000 0.0406267
380000 0.0402699
390000 0.0399307
400000 0.039609
410000 0.0393029
420000 0.0390115
430000 0.0387331
440000 0.0384678
450000 0.0382142
460000 0.0379717
470000 0.0377395
480000 0.0375169
490000 0.0373032
500000 0.0370984
510000 0.0369014
520000 0.036712
530000 0.0365298
540000 0.0363542
550000 0.0361851
560000 0.0360224
570000 0.0358648
580000 0.035713
590000 0.0355661
600000 0.0354242
610000 0.035287
620000 0.0351542
630000 0.0350256
640000 0.034901
650000 0.0347803
660000 0.0346632
670000 0.0345497
680000 0.0344394
690000 0.0343324
700000 0.0342285
710000 0.0341273
720000 0.034029
730000 0.0339335
740000 0.0338405
750000 0.03375
760000 0.0336618
770000 0.0335761
780000 0.0334924
790000 0.0334109
800000 0.0333314
810000 0.0332539
820000 0.0331782
830000 0.0331045
840000 0.0330324
850000 0.032962
860000 0.0328934
870000 0.0328262
880000 0.0327607
890000 0.0326964
900000 0.0326337
910000 0.0325724
920000 0.0325125
930000 0.0324537
940000 0.0323962
950000 0.03234
960000 0.0322849
970000 0.0322309
980000 0.0321781
990000 0.0321264
