10000 0.261216
20000 0.195546
30000 0.123024
40000 0.0529515
50000 0.0516692
60000 0.0516692
70000 0.0516692
80000 0.0516692
90000 0.0516692
100000 0.0516692
110000 0.0516692
120000 0.0516692
130000 0.0516692
140000 0.0516692
150000 0.0516692
160000 0.0516692
170000 0.0516692
180000 0.0516692
190000 0.0516692
200000 0.0516692
210000 0.0516692
220000 0.0516692
230000 0.0516692
240000 0.0516692
250000 0.0516692
260000 0.0516692
270000 0.0516692
280000 0.0516692
290000 0.0516692
300000 0.0516692
310000 0.0516692
320000 0.0516692
330000 0.0516692
340000 0.0516692
350000 0.0516692
360000 0.0516692
370000 0.0516692
380000 0.0516692
390000 0.0552187
400000 0.0542908
410000 0.0516692
420000 0.0374754
430000 0.0367208
440000 0.0365164
450000 0.0348257
460000 0.0360155
470000 0.0299691
480000 0.0266421
490000 0.0146917
500000 0.0146917
510000 0.0146917
520000 0.0146917
530000 0.0146917
540000 0.0146917
550000 0.0146917
560000 0.0146917
570000 0.0146917
580000 0.0146917
590000 0.0146917
600000 0.0146917
610000 0.0146917
620000 0.0146917
630000 0.0146917
640000 0.0146917
650000 0.0146917
660000 0.0146917
670000 0.0146917
680000 0.0146917
690000 0.0146917
700000 0.0146917
710000 0.0146917
720000 0.0146917
730000 0.0146917
740000 0.0146917
750000 0.0146917
760000 0.0146917
770000 0.0146917
780000 0.0146917
790000 0.0146917
800000 0.0146917
810000 0.0146917
820000 0.0146917
830000 0.0146917
840000 0.0146917
850000 0.0146917
860000 0.0146917
870000 0.0146917
880000 0.0146917
890000 0.0146917
900000 0.0146917
910000 0.0146917
920000 0.0146917
930000 0.0146917
940000 0.0146917
950000 0.0146917
960000 0.0146917
970000 0.0146917
980000 0.0146917
990000 0.0146917
