10000 -0.41937
20000 -0.431839
30000 -0.547068
40000 -0.579921
50000 -0.635176
60000 -0.488353
70000 -0.581246
80000 -0.571515
90000 -0.45976
100000 -0.608247
110000 -0.51803
120000 -0.400821
130000 -0.458172
140000 -0.592601
150000 -0.626663
160000 -0.454496
170000 -0.464475
180000 -0.445394
190000 -0.605594
200000 -0.617019
210000 -0.531517
220000 -0.465316
230000 -0.57034
240000 -0.578243
250000 -0.592676
260000 -0.481126
270000 -0.404062
280000 -0.539687
290000 -0.576777
300000 -0.480607
310000 -0.44798
320000 -0.453278
330000 -0.602768
340000 -0.604489
350000 -0.481455
360000 -0.376617
370000 -0.6278
380000 -0.571941
390000 -0.461865
400000 -0.606519
410000 -0.587345
420000 -0.444357
430000 -0.507587
440000 -0.629617
450000 -0.597382
460000 -0.605783
470000 -0.61957
480000 -0.443263
490000 -0.477786
500000 -0.553922
510000 -0.418833
520000 -0.478611
530000 -0.469436
540000 -0.410905
550000 -0.461316
560000 -0.636544
570000 -0.621795
580000 -0.480992
590000 -0.43921
600000 -0.5721
610000 -0.499075
620000 -0.542902
630000 -0.564927
640000 -0.608364
650000 -0.539699
660000 -0.572885
670000 -0.627623
680000 -0.452156
690000 -0.607692
700000 -0.618131
710000 -0.487125
720000 -0.458964
730000 -0.633493
740000 -0.476891
750000 -0.454721
760000 -0.557325
770000 -0.459832
780000 -0.596199
790000 -0.473502
800000 -0.464915
810000 -0.476882
820000 -0.449413
830000 -0.491245
840000 -0.468969
850000 -0.492202
860000 -0.454865
870000 -0.431358
880000 -0.576409
890000 -0.570701
900000 -0.449921
910000 -0.600495
920000 -0.526912
930000 -0.449114
940000 -0.465796
950000 -0.456529
960000 -0.613169
970000 -0.598455
980000 -0.461331
990000 -0.638527
1000000 -0.474187
