10000 -0.551821
20000 -0.609587
30000 -0.466512
40000 -0.474352
50000 -0.472445
60000 -0.426799
70000 -0.456181
80000 -0.606417
90000 -0.605874
100000 -0.559066
110000 -0.624384
120000 -0.599672
130000 -0.474748
140000 -0.539875
150000 -0.469061
160000 -0.581809
170000 -0.618944
180000 -0.480956
190000 -0.525326
200000 -0.565213
210000 -0.57186
220000 -0.481068
230000 -0.605046
240000 -0.466796
250000 -0.469826
260000 -0.618607
270000 -0.449697
280000 -0.485771
290000 -0.529401
300000 -0.610885
310000 -0.448126
320000 -0.584946
330000 -0.602284
340000 -0.452923
350000 -0.43377
360000 -0.611698
370000 -0.47094
380000 -0.569221
390000 -0.452121
400000 -0.535005
410000 -0.561941
420000 -0.603538
430000 -0.613566
440000 -0.59662
450000 -0.59593
460000 -0.448691
470000 -0.535734
480000 -0.469257
490000 -0.439353
500000 -0.57517
510000 -0.435171
520000 -0.451261
530000 -0.582365
540000 -0.466874
550000 -0.550806
560000 -0.572273
570000 -0.628098
580000 -0.412417
590000 -0.482366
600000 -0.455501
610000 -0.484454
620000 -0.441403
630000 -0.604267
640000 -0.60825
650000 -0.465827
660000 -0.456386
670000 -0.477004
680000 -0.520176
690000 -0.455974
700000 -0.486278
710000 -0.460079
720000 -0.470994
730000 -0.466437
740000 -0.497043
750000 -0.439576
760000 -0.551987
770000 -0.438989
780000 -0.457993
790000 -0.574012
800000 -0.427786
810000 -0.445032
820000 -0.544783
830000 -0.509388
840000 -0.617913
850000 -0.452843
860000 -0.423081
870000 -0.475283
880000 -0.556126
890000 -0.436369
900000 -0.433874
910000 -0.597478
920000 -0.444568
930000 -0.608769
940000 -0.49545
950000 -0.605442
960000 -0.482836
970000 -0.430829
980000 -0.488195
990000 -0.584681
1000000 -0.458751
