10000 0.909374
20000 0.907694
30000 0.641209
40000 0.697369
50000 0.629584
60000 1.17073
70000 0.603994
80000 0.770387
90000 0.815939
100000 0.954782
110000 1.14027
120000 0.634879
130000 0.616089
140000 1.142
150000 0.656366
160000 0.883811
170000 0.724366
180000 0.55059
190000 0.654055
200000 0.556969
210000 0.556172
220000 0.533791
230000 0.280751
240000 0.789428
250000 1.20589
260000 0.478064
270000 1.15615
280000 1.05769
290000 0.656652
300000 0.912001
310000 1.08018
320000 0.968275
330000 1.15557
340000 0.603108
350000 0.799168
360000 1.32283
370000 0.906882
380000 1.02162
390000 1.25739
400000 0.776276
410000 0.982663
420000 0.65386
430000 0.982264
440000 0.975893
450000 1.09345
460000 1.05619
470000 0.664819
480000 0.759834
490000 1.0424
500000 1.30492
510000 0.571222
520000 0.804019
530000 1.15019
540000 0.743064
550000 1.0942
560000 0.867769
570000 1.01032
580000 1.12964
590000 0.860999
600000 0.89673
610000 0.674649
620000 0.84741
630000 1.07948
640000 1.03254
650000 1.1133
660000 0.65231
670000 1.10295
680000 0.928606
690000 0.915739
700000 0.794209
710000 1.15449
720000 1.0764
730000 0.859618
740000 0.96324
750000 1.06358
760000 1.04298
770000 0.565197
780000 1.07602
790000 0.827142
800000 1.21098
810000 0.997563
820000 0.879562
830000 1.03381
840000 1.30006
850000 0.793277
860000 0.759021
870000 0.734881
880000 0.700288
890000 1.11264
900000 0.561802
910000 0.621784
920000 1.12072
930000 1.1621
940000 1.0762
950000 1.0496
960000 0.776466
970000 1.18985
980000 1.23903
990000 0.725649
1000000 0.792385
