10000 0.906962
20000 0.610368
30000 0.732808
40000 0.915106
50000 0.484551
60000 1.02558
70000 1.02329
80000 0.374487
90000 0.753339
100000 0.965999
110000 0.958039
120000 0.871213
130000 1.05173
140000 0.684877
150000 0.879617
160000 0.846204
170000 0.847165
180000 0.99962
190000 0.988379
200000 0.736413
210000 0.789702
220000 1.09217
230000 0.934358
240000 0.769497
250000 0.824873
260000 0.708084
270000 0.693514
280000 1.05258
290000 0.655604
300000 0.44558
310000 0.74499
320000 1.07596
330000 0.525941
340000 0.981331
350000 0.500334
360000 0.775548
370000 0.991092
380000 0.9327
390000 0.897907
400000 1.12934
410000 1.10178
420000 0.621899
430000 0.573105
440000 1.00552
450000 0.934138
460000 0.919035
470000 0.941192
480000 0.941105
490000 1.03826
500000 0.827475
510000 0.893826
520000 0.960697
530000 0.981518
540000 0.733819
550000 0.602206
560000 1.00814
570000 0.88079
580000 0.389266
590000 0.523178
600000 0.938704
610000 1.10505
620000 1.05144
630000 0.920704
640000 0.696726
650000 0.851308
660000 1.07839
670000 0.904268
680000 0.909449
690000 1.25773
700000 1.01947
710000 0.819695
720000 0.863185
730000 1.13879
740000 0.821953
750000 1.3179
760000 0.924204
770000 0.952858
780000 0.971435
790000 0.654044
800000 1.28305
810000 1.09839
820000 0.905514
830000 1.04236
840000 0.935298
850000 0.920145
860000 0.824867
870000 0.884474
880000 0.838486
890000 0.773837
900000 0.625026
910000 0.755911
920000 0.975413
930000 0.675904
940000 0.573395
950000 0.786516
960000 0.631117
970000 0.454462
980000 0.801855
990000 0.876458
1000000 0.210091
