100000 -0.575972
200000 -0.510419
300000 -0.544875
400000 -0.544041
500000 -0.496174
600000 -0.62199
700000 -0.562682
800000 -0.574331
900000 -0.52886
1000000 -0.597341
1100000 -0.589345
1200000 -0.48062
1300000 -0.577182
1400000 -0.526631
1500000 -0.535171
1600000 -0.534894
1700000 -0.564094
1800000 -0.546229
1900000 -0.532221
2000000 -0.550647
2100000 -0.543731
2200000 -0.465981
2300000 -0.445011
2400000 -0.430496
2500000 -0.394835
2600000 -0.266011
2700000 -0.312689
2800000 -0.321135
2900000 -0.386435
3000000 -0.29857
3100000 -0.337571
3200000 -0.305831
3300000 -0.309998
3400000 -0.281602
3500000 -0.248111
3600000 -0.338427
3700000 -0.233448
3800000 -0.25916
3900000 -0.249256
4000000 -0.304933
4100000 -0.244726
4200000 -0.266967
4300000 -0.254636
4400000 -0.226017
4500000 -0.301462
4600000 -0.225041
4700000 -0.256563
4800000 -0.265633
4900000 -0.217812
5000000 -0.271599
5100000 -0.25541
5200000 -0.225316
5300000 -0.253952
5400000 -0.226597
5500000 -0.243026
5600000 -0.234906
5700000 -0.209472
5800000 -0.223054
5900000 -0.246232
6000000 -0.242129
6100000 -0.234201
6200000 -0.240577
6300000 -0.248259
6400000 -0.216273
6500000 -0.22804
6600000 -0.232945
6700000 -0.234658
6800000 -0.272463
6900000 -0.230979
7000000 -0.219036
7100000 -0.236424
7200000 -0.232292
7300000 -0.237159
7400000 -0.270165
7500000 -0.236447
7600000 -0.299584
7700000 -0.223744
7800000 -0.218627
7900000 -0.244161
8000000 -0.205082
8100000 -0.215163
8200000 -0.226187
8300000 -0.232567
8400000 -0.204714
8500000 -0.207055
8600000 -0.221088
8700000 -0.196417
8800000 -0.262017
8900000 -0.212179
9000000 -0.183648
9100000 -0.196796
9200000 -0.190241
9300000 -0.183558
9400000 -0.197246
9500000 -0.205291
9600000 -0.202606
9700000 -0.19582
9800000 -0.192842
9900000 -0.186312
10000000 -0.195749
