100000 -0.531832
200000 -0.577553
300000 -0.475319
400000 -0.553914
500000 -0.544621
600000 -0.512088
700000 -0.511056
800000 -0.524188
900000 -0.476911
1000000 -0.61528
1100000 -0.493622
1200000 -0.571872
1300000 -0.542957
1400000 -0.5182
1500000 -0.399325
1600000 -0.465696
1700000 -0.506787
1800000 -0.498168
1900000 -0.498425
2000000 -0.478657
2100000 -0.507869
2200000 -0.441399
2300000 -0.368967
2400000 -0.432327
2500000 -0.43958
2600000 -0.37921
2700000 -0.344118
2800000 -0.402228
2900000 -0.344594
3000000 -0.346246
3100000 -0.332993
3200000 -0.357603
3300000 -0.352017
3400000 -0.33077
3500000 -0.361893
3600000 -0.360271
3700000 -0.313744
3800000 -0.30003
3900000 -0.314931
4000000 -0.297133
4100000 -0.297637
4200000 -0.307171
4300000 -0.307421
4400000 -0.308825
4500000 -0.358744
4600000 -0.300241
4700000 -0.282276
4800000 -0.307442
4900000 -0.32407
5000000 -0.301812
5100000 -0.29782
5200000 -0.291882
5300000 -0.353383
5400000 -0.291492
5500000 -0.299129
5600000 -0.303417
5700000 -0.300448
5800000 -0.274411
5900000 -0.294737
6000000 -0.350013
6100000 -0.296481
6200000 -0.307994
6300000 -0.322118
6400000 -0.310913
6500000 -0.328709
6600000 -0.29196
6700000 -0.294366
6800000 -0.265525
6900000 -0.296521
7000000 -0.286899
7100000 -0.298268
7200000 -0.286083
7300000 -0.313618
7400000 -0.27728
7500000 -0.293167
7600000 -0.281131
7700000 -0.292964
7800000 -0.303259
7900000 -0.291032
8000000 -0.297417
8100000 -0.337336
8200000 -0.275078
8300000 -0.271042
8400000 -0.274181
8500000 -0.281662
8600000 -0.288614
8700000 -0.261886
8800000 -0.27692
8900000 -0.255682
9000000 -0.301823
9100000 -0.256789
9200000 -0.276382
9300000 -0.273491
9400000 -0.261785
9500000 -0.292878
9600000 -0.262199
9700000 -0.281943
9800000 -0.25689
9900000 -0.281869
10000000 -0.262795
