100000 -0.548157
200000 -0.508597
300000 -0.487963
400000 -0.578147
500000 -0.472
600000 -0.53551
700000 -0.516504
800000 -0.556623
900000 -0.571783
1000000 -0.587522
1100000 -0.559738
1200000 -0.537555
1300000 -0.56195
1400000 -0.512405
1500000 -0.434832
1600000 -0.394873
1700000 -0.429149
1800000 -0.411825
1900000 -0.426224
2000000 -0.39773
2100000 -0.444731
2200000 -0.290565
2300000 -0.38258
2400000 -0.320021
2500000 -0.313465
2600000 -0.371884
2700000 -0.337577
2800000 -0.293938
2900000 -0.343306
3000000 -0.233383
3100000 -0.245993
3200000 -0.248748
3300000 -0.277789
3400000 -0.248595
3500000 -0.283362
3600000 -0.257786
3700000 -0.259923
3800000 -0.268544
3900000 -0.244527
4000000 -0.257563
4100000 -0.2524
4200000 -0.264081
4300000 -0.239821
4400000 -0.271031
4500000 -0.252396
4600000 -0.247026
4700000 -0.25676
4800000 -0.220724
4900000 -0.289094
5000000 -0.224478
5100000 -0.234912
5200000 -0.227103
5300000 -0.249566
5400000 -0.261629
5500000 -0.226188
5600000 -0.227875
5700000 -0.217948
5800000 -0.291986
5900000 -0.21046
6000000 -0.26306
6100000 -0.224084
6200000 -0.207531
6300000 -0.233332
6400000 -0.249532
6500000 -0.228783
6600000 -0.231616
6700000 -0.243443
6800000 -0.237975
6900000 -0.228797
7000000 -0.217377
7100000 -0.228412
7200000 -0.241087
7300000 -0.216359
7400000 -0.252631
7500000 -0.228888
7600000 -0.226019
7700000 -0.275793
7800000 -0.270027
7900000 -0.219244
8000000 -0.227176
8100000 -0.190886
8200000 -0.215506
8300000 -0.197575
8400000 -0.219582
8500000 -0.208222
8600000 -0.213033
8700000 -0.213348
8800000 -0.212578
8900000 -0.20982
9000000 -0.187138
9100000 -0.197523
9200000 -0.195181
9300000 -0.187137
9400000 -0.195581
9500000 -0.191433
9600000 -0.203341
9700000 -0.208448
9800000 -0.192359
9900000 -0.187121
10000000 -0.250839
