100000 -0.580747
200000 -0.587153
300000 -0.60672
400000 -0.518718
500000 -0.520555
600000 -0.467908
700000 -0.517483
800000 -0.562621
900000 -0.479762
1000000 -0.539097
1100000 -0.468324
1200000 -0.556991
1300000 -0.527516
1400000 -0.44853
1500000 -0.50301
1600000 -0.543277
1700000 -0.476976
1800000 -0.497006
1900000 -0.438162
2000000 -0.4464
2100000 -0.460405
2200000 -0.550731
2300000 -0.470177
2400000 -0.354726
2500000 -0.425845
2600000 -0.368385
2700000 -0.297811
2800000 -0.307634
2900000 -0.279465
3000000 -0.333594
3100000 -0.267597
3200000 -0.286159
3300000 -0.252087
3400000 -0.277667
3500000 -0.27243
3600000 -0.216339
3700000 -0.277029
3800000 -0.283609
3900000 -0.290976
4000000 -0.227773
4100000 -0.248162
4200000 -0.258797
4300000 -0.23953
4400000 -0.251054
4500000 -0.252251
4600000 -0.242816
4700000 -0.263513
4800000 -0.242063
4900000 -0.265535
5000000 -0.231087
5100000 -0.256536
5200000 -0.252559
5300000 -0.261816
5400000 -0.261919
5500000 -0.229297
5600000 -0.280323
5700000 -0.281335
5800000 -0.27489
5900000 -0.226002
6000000 -0.25439
6100000 -0.22744
6200000 -0.252502
6300000 -0.239806
6400000 -0.246507
6500000 -0.212395
6600000 -0.22624
6700000 -0.205869
6800000 -0.257468
6900000 -0.236631
7000000 -0.254429
7100000 -0.225176
7200000 -0.22801
7300000 -0.221972
7400000 -0.227636
7500000 -0.215535
7600000 -0.200161
7700000 -0.252956
7800000 -0.231892
7900000 -0.224535
8000000 -0.200761
8100000 -0.210831
8200000 -0.231027
8300000 -0.21734
8400000 -0.218159
8500000 -0.227214
8600000 -0.195712
8700000 -0.197503
8800000 -0.224821
8900000 -0.215605
9000000 -0.231996
9100000 -0.213443
9200000 -0.205276
9300000 -0.195559
9400000 -0.197645
9500000 -0.198367
9600000 -0.204668
9700000 -0.192862
9800000 -0.19006
9900000 -0.209576
10000000 -0.196129
