100000 -0.591806
200000 -0.579447
300000 -0.571962
400000 -0.625597
500000 -0.552272
600000 -0.46709
700000 -0.555405
800000 -0.506488
900000 -0.55318
1000000 -0.530231
1100000 -0.560099
1200000 -0.535803
1300000 -0.535219
1400000 -0.544778
1500000 -0.533864
1600000 -0.546748
1700000 -0.488117
1800000 -0.466813
1900000 -0.464704
2000000 -0.446023
2100000 -0.501223
2200000 -0.429773
2300000 -0.449897
2400000 -0.359684
2500000 -0.333033
2600000 -0.349682
2700000 -0.325736
2800000 -0.281498
2900000 -0.297059
3000000 -0.338835
3100000 -0.283389
3200000 -0.265162
3300000 -0.297152
3400000 -0.253907
3500000 -0.244034
3600000 -0.294952
3700000 -0.265077
3800000 -0.284618
3900000 -0.275291
4000000 -0.244068
4100000 -0.258335
4200000 -0.296403
4300000 -0.317204
4400000 -0.272587
4500000 -0.239451
4600000 -0.253022
4700000 -0.225266
4800000 -0.266764
4900000 -0.246271
5000000 -0.253273
5100000 -0.247925
5200000 -0.235467
5300000 -0.289527
5400000 -0.278913
5500000 -0.267858
5600000 -0.244801
5700000 -0.250472
5800000 -0.277405
5900000 -0.26017
6000000 -0.265951
6100000 -0.268166
6200000 -0.206868
6300000 -0.268427
6400000 -0.22714
6500000 -0.246311
6600000 -0.253312
6700000 -0.233025
6800000 -0.225704
6900000 -0.278625
7000000 -0.234794
7100000 -0.243285
7200000 -0.228449
7300000 -0.230359
7400000 -0.236115
7500000 -0.209092
7600000 -0.197432
7700000 -0.230435
7800000 -0.239032
7900000 -0.229943
8000000 -0.217848
8100000 -0.259346
8200000 -0.210023
8300000 -0.191368
8400000 -0.218783
8500000 -0.210231
8600000 -0.224351
8700000 -0.18783
8800000 -0.194632
8900000 -0.200176
9000000 -0.203025
9100000 -0.189282
9200000 -0.213099
9300000 -0.20777
9400000 -0.196534
9500000 -0.205111
9600000 -0.195719
9700000 -0.192793
9800000 -0.217181
9900000 -0.197347
10000000 -0.212864
