100000 -0.588647
200000 -0.548099
300000 -0.420921
400000 -0.559454
500000 -0.538803
600000 -0.495461
700000 -0.585241
800000 -0.483691
900000 -0.44791
1000000 -0.604888
1100000 -0.553848
1200000 -0.58687
1300000 -0.573216
1400000 -0.456173
1500000 -0.565457
1600000 -0.470209
1700000 -0.49613
1800000 -0.541477
1900000 -0.4158
2000000 -0.475346
2100000 -0.504718
2200000 -0.477633
2300000 -0.365988
2400000 -0.360389
2500000 -0.419195
2600000 -0.394994
2700000 -0.304237
2800000 -0.306668
2900000 -0.303053
3000000 -0.334095
3100000 -0.300008
3200000 -0.263791
3300000 -0.254459
3400000 -0.306154
3500000 -0.36988
3600000 -0.286679
3700000 -0.29821
3800000 -0.294808
3900000 -0.266796
4000000 -0.296028
4100000 -0.299807
4200000 -0.290995
4300000 -0.25788
4400000 -0.237153
4500000 -0.27757
4600000 -0.255889
4700000 -0.237239
4800000 -0.245013
4900000 -0.224201
5000000 -0.23566
5100000 -0.288874
5200000 -0.292625
5300000 -0.228839
5400000 -0.221586
5500000 -0.244804
5600000 -0.237853
5700000 -0.268662
5800000 -0.271658
5900000 -0.238291
6000000 -0.247742
6100000 -0.231517
6200000 -0.225764
6300000 -0.237829
6400000 -0.239265
6500000 -0.236016
6600000 -0.253174
6700000 -0.221098
6800000 -0.234881
6900000 -0.210328
7000000 -0.213399
7100000 -0.22682
7200000 -0.22991
7300000 -0.224769
7400000 -0.22638
7500000 -0.223676
7600000 -0.217488
7700000 -0.241727
7800000 -0.222797
7900000 -0.21822
8000000 -0.255808
8100000 -0.235039
8200000 -0.225236
8300000 -0.203055
8400000 -0.247697
8500000 -0.236509
8600000 -0.225402
8700000 -0.218626
8800000 -0.215895
8900000 -0.205283
9000000 -0.246459
9100000 -0.215278
9200000 -0.199417
9300000 -0.219018
9400000 -0.221817
9500000 -0.211522
9600000 -0.198661
9700000 -0.192445
9800000 -0.187857
9900000 -0.1993
10000000 -0.195999
