100000 -0.518254
200000 -0.451442
300000 -0.549514
400000 -0.486828
500000 -0.553232
600000 -0.536608
700000 -0.47196
800000 -0.587385
900000 -0.525337
1000000 -0.545555
1100000 -0.526643
1200000 -0.520123
1300000 -0.474989
1400000 -0.470019
1500000 -0.61303
1600000 -0.577946
1700000 -0.62436
1800000 -0.464149
1900000 -0.414816
2000000 -0.541957
2100000 -0.510368
2200000 -0.537458
2300000 -0.445126
2400000 -0.380298
2500000 -0.361839
2600000 -0.329761
2700000 -0.351692
2800000 -0.274461
2900000 -0.380042
3000000 -0.276701
3100000 -0.29007
3200000 -0.332334
3300000 -0.30397
3400000 -0.227848
3500000 -0.270787
3600000 -0.303886
3700000 -0.272232
3800000 -0.246189
3900000 -0.250243
4000000 -0.276471
4100000 -0.264788
4200000 -0.238337
4300000 -0.222244
4400000 -0.252838
4500000 -0.291212
4600000 -0.229296
4700000 -0.24184
4800000 -0.239407
4900000 -0.207603
5000000 -0.231048
5100000 -0.24654
5200000 -0.237771
5300000 -0.235283
5400000 -0.281885
5500000 -0.277362
5600000 -0.2273
5700000 -0.231694
5800000 -0.258936
5900000 -0.215441
6000000 -0.243836
6100000 -0.234234
6200000 -0.214002
6300000 -0.263198
6400000 -0.2966
6500000 -0.239948
6600000 -0.267208
6700000 -0.206811
6800000 -0.241651
6900000 -0.232126
7000000 -0.217551
7100000 -0.213481
7200000 -0.254408
7300000 -0.248162
7400000 -0.227191
7500000 -0.227597
7600000 -0.214524
7700000 -0.226883
7800000 -0.223501
7900000 -0.231668
8000000 -0.209918
8100000 -0.235119
8200000 -0.237863
8300000 -0.22001
8400000 -0.214308
8500000 -0.213351
8600000 -0.212971
8700000 -0.219588
8800000 -0.204744
8900000 -0.222108
9000000 -0.217882
9100000 -0.207971
9200000 -0.199759
9300000 -0.199858
9400000 -0.223133
9500000 -0.194821
9600000 -0.19181
9700000 -0.197565
9800000 -0.210549
9900000 -0.185606
10000000 -0.189563
