100000 0.477395
200000 0.674462
300000 0.0135151
400000 0.0135151
500000 0.0135151
600000 0.0135151
700000 0.0135151
800000 0.0135151
900000 0.0135151
1000000 0.0135151
1100000 0.0135151
1200000 0.0135151
1300000 0.0135151
1400000 0.0135151
1500000 0.0135151
1600000 0.0135151
1700000 0.0135151
1800000 0.0135151
1900000 0.0135151
2000000 0.0135151
2100000 0.0135151
2200000 0.0135151
2300000 0.0135151
2400000 0.0135151
2500000 0.0135151
2600000 0.0135151
2700000 0.0135151
2800000 0.0135151
2900000 0.0135151
3000000 0.0135151
3100000 0.0135151
3200000 0.0135151
3300000 0.0135151
3400000 0.0135151
3500000 0.0135151
3600000 0.0135151
3700000 0.0135151
3800000 0.0135151
3900000 0.0135151
4000000 0.0135151
4100000 0.0135151
4200000 0.0135151
4300000 0.0135151
4400000 0.0135151
4500000 0.0135151
4600000 0.0135151
4700000 0.0135151
4800000 0.0135151
4900000 0.0135151
5000000 0.0135151
5100000 0.0135151
5200000 0.0135151
5300000 0.0135151
5400000 0.0135151
5500000 0.0135151
5600000 0.0135151
5700000 0.0135151
5800000 0.0135151
5900000 0.0135151
6000000 0.0135151
6100000 0.0135151
6200000 0.0135151
6300000 0.0135151
6400000 0.0135151
6500000 0.0135151
6600000 0.0135151
6700000 0.0135151
6800000 0.0135151
6900000 0.0135151
7000000 0.0135151
7100000 0.0135151
7200000 0.547056
7300000 0.0135151
7400000 0.0135151
7500000 0.0135151
7600000 0.0135151
7700000 0.0135151
7800000 0.0135151
7900000 0.0135151
8000000 0.0135151
8100000 0.0135151
8200000 0.0135151
8300000 0.0135151
8400000 0.0135151
8500000 0.0135151
8600000 0.0135151
8700000 0.0135151
8800000 0.0135151
8900000 0.0135151
9000000 0.0135151
9100000 0.0135151
9200000 0.0135151
9300000 0.0135151
9400000 0.0135151
9500000 0.0135151
9600000 0.0135151
9700000 0.0135151
9800000 0.0135151
9900000 0.0135151
10000000 0.0135151
