10000 -0.350932
20000 -0.368167
30000 -0.375303
40000 -0.373697
50000 -0.368922
60000 -0.361492
70000 -0.351397
80000 -0.342028
90000 -0.3328
100000 -0.324316
110000 -0.316031
120000 -0.308087
130000 -0.300795
140000 -0.294335
150000 -0.288432
160000 -0.283084
170000 -0.278245
180000 -0.273876
190000 -0.269873
200000 -0.266155
210000 -0.262657
220000 -0.259462
230000 -0.256532
240000 -0.253803
250000 -0.251291
260000 -0.249007
270000 -0.246879
280000 -0.244864
290000 -0.243029
300000 -0.241296
310000 -0.239678
320000 -0.238118
330000 -0.236652
340000 -0.235267
350000 -0.233923
360000 -0.232647
370000 -0.231419
380000 -0.230252
390000 -0.229169
400000 -0.228137
410000 -0.22713
420000 -0.226183
430000 -0.225272
440000 -0.224418
450000 -0.223596
460000 -0.222813
470000 -0.222055
480000 -0.221315
490000 -0.220603
500000 -0.219922
510000 -0.219279
520000 -0.218658
530000 -0.21805
540000 -0.217463
550000 -0.216907
560000 -0.216365
570000 -0.215839
580000 -0.215332
590000 -0.214838
600000 -0.214366
610000 -0.213905
620000 -0.213447
630000 -0.213015
640000 -0.212596
650000 -0.21219
660000 -0.211785
670000 -0.211398
680000 -0.211022
690000 -0.210659
700000 -0.210306
710000 -0.209957
720000 -0.20962
730000 -0.209286
740000 -0.208968
750000 -0.20866
760000 -0.208355
770000 -0.208055
780000 -0.207768
790000 -0.207486
800000 -0.207215
810000 -0.206946
820000 -0.206683
830000 -0.20643
840000 -0.206176
850000 -0.205927
860000 -0.20568
870000 -0.205439
880000 -0.205201
890000 -0.204969
900000 -0.204739
910000 -0.204516
920000 -0.204294
930000 -0.204079
940000 -0.203864
950000 -0.203651
960000 -0.203439
970000 -0.203238
980000 -0.20304
990000 -0.202842
