10000 -0.346156
20000 -0.370286
30000 -0.379585
40000 -0.381176
50000 -0.378719
60000 -0.374526
70000 -0.368087
80000 -0.359352
90000 -0.349879
100000 -0.341373
110000 -0.333742
120000 -0.326958
130000 -0.321034
140000 -0.315622
150000 -0.31077
160000 -0.306373
170000 -0.302445
180000 -0.298835
190000 -0.295375
200000 -0.292022
210000 -0.288909
220000 -0.285877
230000 -0.2831
240000 -0.28032
250000 -0.277745
260000 -0.275327
270000 -0.272955
280000 -0.27051
290000 -0.268088
300000 -0.265761
310000 -0.263514
320000 -0.261361
330000 -0.259315
340000 -0.25734
350000 -0.255427
360000 -0.25359
370000 -0.251825
380000 -0.250083
390000 -0.248392
400000 -0.246728
410000 -0.245116
420000 -0.243545
430000 -0.242023
440000 -0.240565
450000 -0.23915
460000 -0.237753
470000 -0.236402
480000 -0.235069
490000 -0.233782
500000 -0.232551
510000 -0.231358
520000 -0.230214
530000 -0.229109
540000 -0.228041
550000 -0.226991
560000 -0.225972
570000 -0.224974
580000 -0.223995
590000 -0.223045
600000 -0.222114
610000 -0.221214
620000 -0.220338
630000 -0.219483
640000 -0.218657
650000 -0.21785
660000 -0.217085
670000 -0.216325
680000 -0.215588
690000 -0.214878
700000 -0.21418
710000 -0.213493
720000 -0.212832
730000 -0.212185
740000 -0.211562
750000 -0.210954
760000 -0.210361
770000 -0.209782
780000 -0.209212
790000 -0.208662
800000 -0.208127
810000 -0.2076
820000 -0.20709
830000 -0.206594
840000 -0.206109
850000 -0.205636
860000 -0.205169
870000 -0.204724
880000 -0.204282
890000 -0.20385
900000 -0.203424
910000 -0.20301
920000 -0.202606
930000 -0.202208
940000 -0.201807
950000 -0.201424
960000 -0.201047
970000 -0.20068
980000 -0.200321
990000 -0.199967
