10000 -0.337376
20000 -0.365458
30000 -0.376481
40000 -0.380716
50000 -0.38247
60000 -0.380481
70000 -0.3756
80000 -0.369216
90000 -0.362158
100000 -0.355111
110000 -0.348148
120000 -0.341549
130000 -0.33514
140000 -0.328869
150000 -0.322942
160000 -0.317484
170000 -0.3125
180000 -0.307932
190000 -0.303722
200000 -0.299921
210000 -0.2965
220000 -0.293314
230000 -0.290396
240000 -0.287689
250000 -0.285191
260000 -0.282848
270000 -0.2807
280000 -0.278663
290000 -0.276725
300000 -0.274935
310000 -0.273254
320000 -0.271633
330000 -0.270128
340000 -0.268688
350000 -0.267325
360000 -0.266004
370000 -0.264756
380000 -0.263584
390000 -0.262458
400000 -0.261391
410000 -0.260367
420000 -0.259367
430000 -0.258428
440000 -0.257521
450000 -0.256643
460000 -0.255798
470000 -0.254998
480000 -0.254225
490000 -0.253478
500000 -0.252746
510000 -0.252031
520000 -0.251344
530000 -0.250698
540000 -0.250071
550000 -0.249472
560000 -0.248896
570000 -0.248324
580000 -0.247774
590000 -0.24723
600000 -0.246705
610000 -0.246199
620000 -0.245695
630000 -0.245217
640000 -0.244764
650000 -0.244317
660000 -0.243878
670000 -0.243459
680000 -0.243042
690000 -0.242653
700000 -0.242254
710000 -0.241855
720000 -0.24149
730000 -0.241136
740000 -0.24079
750000 -0.240451
760000 -0.240121
770000 -0.239794
780000 -0.239472
790000 -0.239153
800000 -0.23883
810000 -0.238522
820000 -0.238225
830000 -0.237935
840000 -0.237659
850000 -0.23739
860000 -0.237127
870000 -0.236863
880000 -0.236613
890000 -0.236372
900000 -0.236127
910000 -0.235895
920000 -0.235664
930000 -0.235438
940000 -0.235204
950000 -0.234983
960000 -0.234779
970000 -0.234576
980000 -0.234376
990000 -0.234178
