10000 -0.428789
20000 -0.415413
30000 -0.391098
40000 -0.364142
50000 -0.345182
60000 -0.321509
70000 -0.304371
80000 -0.29943
90000 -0.300634
100000 -0.296064
110000 -0.297852
120000 -0.294212
130000 -0.290294
140000 -0.279758
150000 -0.278637
160000 -0.277698
170000 -0.273871
180000 -0.270994
190000 -0.268981
200000 -0.267606
210000 -0.26699
220000 -0.266143
230000 -0.264557
240000 -0.263298
250000 -0.261473
260000 -0.260878
270000 -0.259803
280000 -0.259319
290000 -0.258537
300000 -0.258759
310000 -0.256754
320000 -0.255941
330000 -0.255386
340000 -0.254842
350000 -0.254368
360000 -0.253964
370000 -0.25413
380000 -0.253762
390000 -0.253792
400000 -0.253528
410000 -0.253119
420000 -0.252433
430000 -0.252239
440000 -0.251973
450000 -0.251235
460000 -0.2506
470000 -0.249846
480000 -0.249073
490000 -0.249146
500000 -0.249152
510000 -0.24887
520000 -0.24903
530000 -0.249158
540000 -0.248655
550000 -0.248741
560000 -0.248965
570000 -0.249043
580000 -0.248976
590000 -0.249025
600000 -0.249061
610000 -0.248595
620000 -0.248589
630000 -0.248734
640000 -0.248631
650000 -0.248501
660000 -0.248381
670000 -0.24852
680000 -0.248669
690000 -0.248578
700000 -0.248742
710000 -0.248572
720000 -0.248549
730000 -0.248499
740000 -0.248629
750000 -0.248452
760000 -0.248422
770000 -0.248418
780000 -0.248473
790000 -0.248555
800000 -0.248572
810000 -0.248473
820000 -0.248472
830000 -0.248441
840000 -0.248592
850000 -0.248537
860000 -0.248507
870000 -0.248402
880000 -0.248406
890000 -0.24853
900000 -0.248324
910000 -0.248219
920000 -0.248249
930000 -0.248317
940000 -0.24821
950000 -0.248163
960000 -0.24825
970000 -0.248246
980000 -0.248338
990000 -0.248387
