10000 -0.44534
20000 -0.409532
30000 -0.387169
40000 -0.36236
50000 -0.340883
60000 -0.316171
70000 -0.285506
80000 -0.277512
90000 -0.265161
100000 -0.259583
110000 -0.259662
120000 -0.256404
130000 -0.255773
140000 -0.255629
150000 -0.254711
160000 -0.255325
170000 -0.254692
180000 -0.254122
190000 -0.253835
200000 -0.253452
210000 -0.253486
220000 -0.253328
230000 -0.252975
240000 -0.252672
250000 -0.252578
260000 -0.252448
270000 -0.25243
280000 -0.252314
290000 -0.252672
300000 -0.252886
310000 -0.253017
320000 -0.253131
330000 -0.252823
340000 -0.252514
350000 -0.252809
360000 -0.252707
370000 -0.252571
380000 -0.252453
390000 -0.252272
400000 -0.251904
410000 -0.251792
420000 -0.251945
430000 -0.251634
440000 -0.25162
450000 -0.251562
460000 -0.251259
470000 -0.251168
480000 -0.251097
490000 -0.250685
500000 -0.250479
510000 -0.250821
520000 -0.250525
530000 -0.25058
540000 -0.249534
550000 -0.24864
560000 -0.2477
570000 -0.24704
580000 -0.245749
590000 -0.244834
600000 -0.243135
610000 -0.242405
620000 -0.240546
630000 -0.236226
640000 -0.230673
650000 -0.227017
660000 -0.22272
670000 -0.222279
680000 -0.222049
690000 -0.223032
700000 -0.22137
710000 -0.220892
720000 -0.220598
730000 -0.220119
740000 -0.219706
750000 -0.219068
760000 -0.218287
770000 -0.217721
780000 -0.217218
790000 -0.216728
800000 -0.216369
810000 -0.216481
820000 -0.216032
830000 -0.216131
840000 -0.215812
850000 -0.215399
860000 -0.215069
870000 -0.215077
880000 -0.215019
890000 -0.214763
900000 -0.214681
910000 -0.214677
920000 -0.214253
930000 -0.214067
940000 -0.213895
950000 -0.213175
960000 -0.212754
970000 -0.212542
980000 -0.212486
990000 -0.212339
