10000 -0.433986
20000 -0.404422
30000 -0.346834
40000 -0.319363
50000 -0.295615
60000 -0.27769
70000 -0.261612
80000 -0.249182
90000 -0.243349
100000 -0.246289
110000 -0.242258
120000 -0.242403
130000 -0.242005
140000 -0.242383
150000 -0.250234
160000 -0.241232
170000 -0.2397
180000 -0.238648
190000 -0.237672
200000 -0.235949
210000 -0.235702
220000 -0.234311
230000 -0.23301
240000 -0.231559
250000 -0.229468
260000 -0.224097
270000 -0.221651
280000 -0.218407
290000 -0.217083
300000 -0.213107
310000 -0.215436
320000 -0.212362
330000 -0.210722
340000 -0.211911
350000 -0.209837
360000 -0.208376
370000 -0.20752
380000 -0.207123
390000 -0.207068
400000 -0.207169
410000 -0.207261
420000 -0.207158
430000 -0.207297
440000 -0.20732
450000 -0.207378
460000 -0.207329
470000 -0.207321
480000 -0.207411
490000 -0.207471
500000 -0.207353
510000 -0.207352
520000 -0.207301
530000 -0.207234
540000 -0.207111
550000 -0.207331
560000 -0.207309
570000 -0.207303
580000 -0.207488
590000 -0.207413
600000 -0.207026
610000 -0.20686
620000 -0.207066
630000 -0.206823
640000 -0.206877
650000 -0.207054
660000 -0.207018
670000 -0.207497
680000 -0.207343
690000 -0.206933
700000 -0.206917
710000 -0.206893
720000 -0.206908
730000 -0.206768
740000 -0.206859
750000 -0.206783
760000 -0.206947
770000 -0.20702
780000 -0.20696
790000 -0.206655
800000 -0.206764
810000 -0.206699
820000 -0.206557
830000 -0.206719
840000 -0.206868
850000 -0.20665
860000 -0.206653
870000 -0.206681
880000 -0.206582
890000 -0.206443
900000 -0.206399
910000 -0.206455
920000 -0.206525
930000 -0.206453
940000 -0.206421
950000 -0.206376
960000 -0.206369
970000 -0.206295
980000 -0.206238
990000 -0.206211
