10000 0.245755
20000 0.126983
30000 0.0866586
40000 0.0664009
50000 0.054215
60000 0.0460731
70000 0.0402571
80000 0.0358902
90000 0.032493
100000 0.0297738
110000 0.0275482
120000 0.0256929
130000 0.024123
140000 0.0227767
150000 0.0216102
160000 0.0205895
170000 0.0196878
180000 0.0188866
190000 0.01817
200000 0.0175249
210000 0.016941
220000 0.0164103
230000 0.0159257
240000 0.0154814
250000 0.0150727
260000 0.0146952
270000 0.014346
280000 0.0140215
290000 0.0137194
300000 0.0134375
310000 0.0131738
320000 0.0129267
330000 0.0126943
340000 0.0124755
350000 0.0122693
360000 0.0120747
370000 0.0118905
380000 0.0117159
390000 0.0115504
400000 0.0113931
410000 0.0112435
420000 0.011101
430000 0.0109652
440000 0.0108355
450000 0.0107115
460000 0.010593
470000 0.0104795
480000 0.0103708
490000 0.0102664
500000 0.0101662
510000 0.01007
520000 0.00997748
530000 0.00988846
540000 0.00980267
550000 0.00972004
560000 0.00964037
570000 0.00956352
580000 0.00948927
590000 0.0094176
600000 0.00934821
610000 0.00928117
620000 0.00921625
630000 0.00915344
640000 0.00909258
650000 0.00903356
660000 0.00897635
670000 0.00892084
680000 0.00886698
690000 0.00881468
700000 0.00876384
710000 0.00871447
720000 0.00866648
730000 0.00861975
740000 0.00857432
750000 0.00853011
760000 0.00848706
770000 0.00844512
780000 0.00840423
790000 0.00836441
800000 0.00832556
810000 0.00828769
820000 0.00825074
830000 0.00821466
840000 0.00817946
850000 0.0081451
860000 0.0081115
870000 0.00807871
880000 0.00804664
890000 0.00801528
900000 0.00798465
910000 0.00795468
920000 0.00792536
930000 0.00789667
940000 0.00786859
950000 0.0078411
960000 0.00781418
970000 0.00778784
980000 0.00776202
990000 0.0077367
