10000 0.296114
20000 0.169548
30000 0.114713
40000 0.0872463
50000 0.0707507
60000 0.0597473
70000 0.0518865
80000 0.0459888
90000 0.0413997
100000 0.0377285
110000 0.0347239
120000 0.03222
130000 0.0301015
140000 0.0282856
150000 0.0267112
160000 0.0253338
170000 0.0241186
180000 0.0230379
190000 0.0220714
200000 0.0212011
210000 0.0204139
220000 0.0196983
230000 0.0190448
240000 0.0184457
250000 0.0178946
260000 0.017386
270000 0.016915
280000 0.0164774
290000 0.0160702
300000 0.0156901
310000 0.0153345
320000 0.0150011
330000 0.014688
340000 0.0143932
350000 0.0141153
360000 0.0138528
370000 0.0136046
380000 0.0133694
390000 0.0131461
400000 0.0129341
410000 0.0127325
420000 0.0125404
430000 0.0123573
440000 0.0121825
450000 0.0120154
460000 0.0118556
470000 0.0117027
480000 0.0115561
490000 0.0114154
500000 0.0112805
510000 0.0111507
520000 0.011026
530000 0.010906
540000 0.0107904
550000 0.0106791
560000 0.0105717
570000 0.0104681
580000 0.010368
590000 0.0102714
600000 0.0101779
610000 0.0100875
620000 0.0100001
630000 0.00991543
640000 0.00983337
650000 0.00975386
660000 0.00967676
670000 0.00960196
680000 0.0095294
690000 0.00945886
700000 0.00939038
710000 0.00932385
720000 0.00925912
730000 0.00919619
740000 0.00913496
750000 0.00907537
760000 0.00901733
770000 0.00896081
780000 0.00890574
790000 0.00885205
800000 0.00879973
810000 0.00874867
820000 0.00869888
830000 0.00865027
840000 0.00860282
850000 0.0085565
860000 0.00851125
870000 0.00846704
880000 0.00842384
890000 0.0083816
900000 0.00834031
910000 0.00829991
920000 0.0082604
930000 0.00822174
940000 0.0081839
950000 0.00814686
960000 0.00811059
970000 0.00807507
980000 0.00804028
990000 0.00800617
