10000 0.169823
20000 0.155696
30000 0.143374
40000 0.128711
50000 0.129594
60000 0.128745
70000 0.128775
80000 0.129335
90000 0.129035
100000 0.129055
110000 0.129084
120000 0.128508
130000 0.127813
140000 0.127727
150000 0.0734287
160000 0.000484482
170000 0.000483655
180000 0.00048349
190000 0.000484425
200000 0.000484832
210000 0.000484817
220000 0.000484631
230000 0.000484126
240000 0.000483564
250000 0.000483177
260000 0.000482357
270000 0.000482762
280000 0.000483173
290000 0.000482919
300000 0.00048323
310000 0.000482653
320000 0.000482624
330000 0.000482866
340000 0.000482319
350000 0.000482108
360000 0.000481932
370000 0.000481808
380000 0.00048306
390000 0.000483079
400000 0.000483395
410000 0.000482821
420000 0.000482486
430000 0.00048248
440000 0.000482515
450000 0.000482441
460000 0.00048253
470000 0.000481821
480000 0.000481265
490000 0.000481336
500000 0.000481316
510000 0.000481053
520000 0.000480783
530000 0.000481309
540000 0.000481747
550000 0.000481038
560000 0.000481218
570000 0.000480725
580000 0.000480679
590000 0.000449069
600000 0.000469519
610000 0.000480105
620000 0.000480362
630000 0.000480428
640000 0.000453454
650000 0.000468436
660000 0.000454457
670000 0.000450555
680000 0.000442724
690000 0.000448566
700000 0.000464831
710000 0.000452045
720000 0.000468229
730000 0.00044681
740000 0.000444497
750000 0.000441167
760000 0.000430018
770000 0.0004291
780000 0.000414926
790000 0.000413869
800000 0.000403445
810000 0.00039716
820000 0.000383435
830000 0.00038544
840000 0.000385268
850000 0.000373214
860000 0.000371219
870000 0.00037566
880000 0.000374661
890000 0.000374719
900000 0.000368647
910000 0.000373432
920000 0.000382087
930000 0.000383493
940000 0.000378023
950000 0.000373597
960000 0.000373473
970000 0.000379103
980000 0.000379386
990000 0.000375536
