10000 -0.574089
20000 -0.479841
30000 -0.520621
40000 -0.590169
50000 -0.462768
60000 -0.437486
70000 -0.515496
80000 -0.45234
90000 -0.440301
100000 -0.481321
110000 -0.472129
120000 -0.490589
130000 -0.606361
140000 -0.46477
150000 -0.471087
160000 -0.471081
170000 -0.618574
180000 -0.58255
190000 -0.572162
200000 -0.447556
210000 -0.457168
220000 -0.490702
230000 -0.469899
240000 -0.483028
250000 -0.45084
260000 -0.557124
270000 -0.462323
280000 -0.591013
290000 -0.623333
300000 -0.5899
310000 -0.586827
320000 -0.488105
330000 -0.588293
340000 -0.610986
350000 -0.42508
360000 -0.476688
370000 -0.474353
380000 -0.392736
390000 -0.483975
400000 -0.583083
410000 -0.477175
420000 -0.489855
430000 -0.482365
440000 -0.482721
450000 -0.628889
460000 -0.605313
470000 -0.605087
480000 -0.594566
490000 -0.472208
500000 -0.454608
510000 -0.548209
520000 -0.44122
530000 -0.477645
540000 -0.60834
550000 -0.597765
560000 -0.490895
570000 -0.57774
580000 -0.551459
590000 -0.475489
600000 -0.593634
610000 -0.463454
620000 -0.61736
630000 -0.542391
640000 -0.553428
650000 -0.569262
660000 -0.485142
670000 -0.499405
680000 -0.572564
690000 -0.543463
700000 -0.468149
710000 -0.462427
720000 -0.399659
730000 -0.457686
740000 -0.453127
750000 -0.426296
760000 -0.443734
770000 -0.60036
780000 -0.443062
790000 -0.55544
800000 -0.596894
810000 -0.61669
820000 -0.535104
830000 -0.608841
840000 -0.47471
850000 -0.535532
860000 -0.575425
870000 -0.489545
880000 -0.613359
890000 -0.46694
900000 -0.601032
910000 -0.555697
920000 -0.556206
930000 -0.479966
940000 -0.555935
950000 -0.585607
960000 -0.581073
970000 -0.457372
980000 -0.474326
990000 -0.459424
1000000 -0.456091
