10000 -0.465151
20000 -0.598199
30000 -0.478506
40000 -0.54889
50000 -0.481518
60000 -0.475427
70000 -0.396224
80000 -0.485996
90000 -0.481663
100000 -0.611786
110000 -0.586758
120000 -0.638785
130000 -0.619684
140000 -0.420178
150000 -0.486735
160000 -0.631461
170000 -0.605418
180000 -0.473066
190000 -0.481048
200000 -0.436336
210000 -0.427714
220000 -0.459365
230000 -0.463374
240000 -0.612907
250000 -0.606616
260000 -0.461202
270000 -0.467612
280000 -0.579768
290000 -0.478143
300000 -0.407538
310000 -0.635055
320000 -0.45298
330000 -0.607855
340000 -0.609329
350000 -0.563039
360000 -0.563876
370000 -0.45984
380000 -0.486275
390000 -0.522804
400000 -0.620801
410000 -0.468158
420000 -0.602091
430000 -0.565985
440000 -0.609663
450000 -0.462738
460000 -0.621645
470000 -0.462116
480000 -0.449652
490000 -0.57116
500000 -0.461126
510000 -0.595836
520000 -0.596242
530000 -0.581722
540000 -0.634082
550000 -0.611544
560000 -0.614699
570000 -0.439038
580000 -0.495019
590000 -0.438479
600000 -0.477954
610000 -0.446994
620000 -0.620398
630000 -0.589693
640000 -0.621032
650000 -0.493666
660000 -0.433052
670000 -0.511864
680000 -0.624703
690000 -0.441772
700000 -0.429471
710000 -0.490976
720000 -0.44978
730000 -0.437847
740000 -0.442475
750000 -0.407406
760000 -0.489914
770000 -0.476244
780000 -0.440445
790000 -0.524964
800000 -0.470787
810000 -0.533759
820000 -0.469849
830000 -0.55241
840000 -0.55401
850000 -0.435983
860000 -0.476016
870000 -0.473846
880000 -0.608253
890000 -0.469697
900000 -0.438447
910000 -0.638507
920000 -0.486094
930000 -0.473692
940000 -0.517657
950000 -0.581941
960000 -0.482565
970000 -0.601069
980000 -0.465799
990000 -0.450999
1000000 -0.416927
