10000 -0.553116
20000 -0.618826
30000 -0.468134
40000 -0.484777
50000 -0.444958
60000 -0.458526
70000 -0.46102
80000 -0.592875
90000 -0.461507
100000 -0.619527
110000 -0.590435
120000 -0.464268
130000 -0.464456
140000 -0.414989
150000 -0.540268
160000 -0.562437
170000 -0.590079
180000 -0.560695
190000 -0.557607
200000 -0.574466
210000 -0.625281
220000 -0.444997
230000 -0.444325
240000 -0.61199
250000 -0.636313
260000 -0.452717
270000 -0.415625
280000 -0.487338
290000 -0.620566
300000 -0.438666
310000 -0.47995
320000 -0.61264
330000 -0.580384
340000 -0.539164
350000 -0.464508
360000 -0.60077
370000 -0.485564
380000 -0.490436
390000 -0.471867
400000 -0.467305
410000 -0.453454
420000 -0.641589
430000 -0.477099
440000 -0.454832
450000 -0.620205
460000 -0.606821
470000 -0.465384
480000 -0.418489
490000 -0.568483
500000 -0.474551
510000 -0.59676
520000 -0.620682
530000 -0.578518
540000 -0.593247
550000 -0.621113
560000 -0.47845
570000 -0.623244
580000 -0.549411
590000 -0.468887
600000 -0.595114
610000 -0.613743
620000 -0.527925
630000 -0.438703
640000 -0.607534
650000 -0.627064
660000 -0.481089
670000 -0.477325
680000 -0.474382
690000 -0.481056
700000 -0.571469
710000 -0.481136
720000 -0.613853
730000 -0.589801
740000 -0.474215
750000 -0.609008
760000 -0.534965
770000 -0.612747
780000 -0.604861
790000 -0.459615
800000 -0.508438
810000 -0.473872
820000 -0.603849
830000 -0.469311
840000 -0.634122
850000 -0.520374
860000 -0.61599
870000 -0.601304
880000 -0.588716
890000 -0.584304
900000 -0.41962
910000 -0.584478
920000 -0.554591
930000 -0.474707
940000 -0.602302
950000 -0.476376
960000 -0.609112
970000 -0.609805
980000 -0.452948
990000 -0.456675
1000000 -0.570263
