10000 0.677675
20000 0.924269
30000 0.91869
40000 0.992438
50000 0.793652
60000 0.600485
70000 0.931017
80000 0.864297
90000 0.900031
100000 0.775548
110000 1.05204
120000 0.92313
130000 0.655832
140000 0.967865
150000 1.09683
160000 0.454009
170000 0.791485
180000 0.964911
190000 1.03332
200000 0.728459
210000 0.827109
220000 1.25706
230000 1.07797
240000 1.07777
250000 0.635824
260000 0.871425
270000 1.01104
280000 1.04201
290000 1.11186
300000 1.03189
310000 0.978909
320000 0.823888
330000 0.317695
340000 1.23643
350000 0.64689
360000 0.925843
370000 1.09913
380000 1.1106
390000 0.791077
400000 0.827859
410000 0.908739
420000 1.24377
430000 0.586304
440000 0.958305
450000 0.941025
460000 0.632537
470000 1.26351
480000 0.903175
490000 1.00592
500000 0.602206
510000 0.913404
520000 0.876179
530000 0.814969
540000 0.789452
550000 1.12946
560000 0.802303
570000 0.670193
580000 0.548282
590000 1.30189
600000 1.32043
610000 0.779245
620000 0.602455
630000 0.827776
640000 1.20934
650000 0.865202
660000 0.820405
670000 0.923755
680000 0.850106
690000 0.478564
700000 0.832571
710000 0.886122
720000 1.08892
730000 1.09667
740000 1.15566
750000 0.830915
760000 0.652707
770000 1.02361
780000 1.05721
790000 0.680465
800000 0.72962
810000 0.76002
820000 1.33845
830000 0.945694
840000 0.948148
850000 0.845366
860000 0.535221
870000 0.323406
880000 0.738579
890000 0.670805
900000 1.06995
910000 0.785965
920000 0.890275
930000 1.29636
940000 0.92951
950000 0.942536
960000 0.926413
970000 1.04039
980000 0.808148
990000 0.779924
1000000 1.05753
