10000 1.04245
20000 1.10127
30000 1.00493
40000 1.03806
50000 0.821175
60000 0.626861
70000 0.790374
80000 0.898228
90000 0.664043
100000 1.20754
110000 1.00632
120000 1.06359
130000 0.336525
140000 0.871327
150000 0.804766
160000 0.777789
170000 0.8932
180000 0.589424
190000 1.12941
200000 0.95429
210000 1.13391
220000 0.779313
230000 0.645792
240000 0.938124
250000 0.750374
260000 0.652533
270000 0.751194
280000 0.580667
290000 0.993247
300000 0.752034
310000 0.741342
320000 0.817381
330000 1.20928
340000 1.11299
350000 1.23727
360000 1.25734
370000 0.900161
380000 0.591735
390000 0.668461
400000 0.986278
410000 0.649454
420000 0.982494
430000 0.597533
440000 0.942065
450000 1.20843
460000 0.974202
470000 1.03599
480000 0.619856
490000 0.73939
500000 1.06907
510000 1.27067
520000 0.7932
530000 0.65638
540000 0.992494
550000 0.943697
560000 0.876207
570000 0.634019
580000 0.800756
590000 0.80515
600000 1.07791
610000 1.07003
620000 0.531257
630000 0.969576
640000 0.974489
650000 1.10249
660000 0.849714
670000 0.656488
680000 0.950722
690000 1.08936
700000 0.859718
710000 0.834184
720000 1.0066
730000 1.14448
740000 1.12202
750000 0.920689
760000 0.827519
770000 0.958373
780000 0.723067
790000 1.21442
800000 1.06086
810000 0.537875
820000 1.00754
830000 0.877265
840000 1.02398
850000 0.736533
860000 0.813774
870000 1.00371
880000 1.10582
890000 0.987067
900000 0.746254
910000 0.860998
920000 0.616315
930000 0.86062
940000 0.957212
950000 1.26059
960000 0.896592
970000 1.11373
980000 0.882549
990000 0.727057
1000000 1.02033
