10000 1.0082
20000 0.88653
30000 0.848434
40000 1.02441
50000 0.797244
60000 0.445791
70000 0.820082
80000 1.30826
90000 0.787584
100000 1.11542
110000 0.621498
120000 1.01446
130000 0.868611
140000 0.690027
150000 0.654055
160000 0.908111
170000 0.654826
180000 0.988384
190000 0.532813
200000 1.04876
210000 0.672404
220000 1.24242
230000 0.860099
240000 1.10078
250000 0.652298
260000 0.829962
270000 0.747521
280000 0.837023
290000 1.28376
300000 0.94992
310000 0.582103
320000 1.16261
330000 0.804831
340000 0.976595
350000 1.10146
360000 0.920971
370000 0.937959
380000 0.408165
390000 0.89088
400000 0.809468
410000 0.885706
420000 1.0002
430000 1.23533
440000 1.01898
450000 0.398099
460000 1.10952
470000 0.973997
480000 1.19149
490000 0.523178
500000 1.22757
510000 0.65277
520000 1.22209
530000 0.561415
540000 1.05336
550000 0.847418
560000 0.627684
570000 1.03967
580000 0.652255
590000 1.30805
600000 0.973647
610000 0.621512
620000 1.12338
630000 0.771431
640000 1.05009
650000 0.832193
660000 0.722233
670000 0.974675
680000 1.02267
690000 1.01241
700000 1.23712
710000 0.997616
720000 1.18842
730000 1.01619
740000 0.921173
750000 0.949588
760000 1.02867
770000 1.01556
780000 0.955421
790000 1.11496
800000 1.13413
810000 1.2539
820000 0.91626
830000 0.732579
840000 1.07979
850000 1.08394
860000 0.821869
870000 1.14916
880000 0.546922
890000 0.944004
900000 0.819698
910000 0.388881
920000 0.964652
930000 1.04505
940000 0.571363
950000 0.416024
960000 1.04727
970000 0.895113
980000 0.668614
990000 0.364839
1000000 0.841316
