10000 1.14742
20000 0.732547
30000 0.564124
40000 1.04313
50000 0.871097
60000 0.655211
70000 0.564919
80000 0.814214
90000 0.894724
100000 0.765032
110000 0.900679
120000 0.78355
130000 0.754765
140000 0.930281
150000 1.25398
160000 0.936498
170000 1.10031
180000 0.85888
190000 0.731531
200000 0.968939
210000 0.322
220000 0.577728
230000 1.06466
240000 0.983548
250000 0.899817
260000 0.552875
270000 0.670492
280000 0.934775
290000 0.666044
300000 1.17504
310000 1.29432
320000 0.886017
330000 1.15805
340000 0.810165
350000 0.612782
360000 1.31712
370000 0.990756
380000 1.19241
390000 0.931539
400000 1.01631
410000 0.766266
420000 0.483361
430000 0.654044
440000 0.630454
450000 0.983407
460000 1.12172
470000 0.938729
480000 0.919917
490000 0.922396
500000 0.596537
510000 1.17573
520000 0.693972
530000 0.510252
540000 0.622309
550000 0.658119
560000 1.34674
570000 0.717755
580000 0.9786
590000 1.30338
600000 0.830222
610000 0.837681
620000 0.931867
630000 0.936925
640000 1.08065
650000 0.907691
660000 0.652282
670000 0.607016
680000 0.374732
690000 0.829976
700000 1.01503
710000 1.11435
720000 1.03267
730000 0.920544
740000 1.30811
750000 0.917934
760000 1.06813
770000 1.06896
780000 0.992906
790000 1.03096
800000 0.651311
810000 0.668983
820000 0.829646
830000 0.880021
840000 1.0894
850000 0.975952
860000 0.884442
870000 0.856876
880000 1.03605
890000 1.129
900000 0.606564
910000 0.458604
920000 0.95323
930000 1.02178
940000 0.604166
950000 0.657454
960000 1.06506
970000 0.651598
980000 1.05752
990000 0.782233
1000000 1.10779
