10000 0.988595
20000 1.08091
30000 0.719254
40000 1.06348
50000 0.867022
60000 0.631659
70000 1.01281
80000 1.01074
90000 0.97699
100000 1.02398
110000 0.529165
120000 0.669353
130000 0.573697
140000 1.06611
150000 1.10317
160000 0.868934
170000 0.821348
180000 1.13768
190000 1.12992
200000 0.839452
210000 0.942219
220000 0.66259
230000 0.653963
240000 0.761759
250000 0.538627
260000 0.807363
270000 1.11071
280000 0.814566
290000 0.773425
300000 0.850288
310000 0.935338
320000 1.1116
330000 0.809142
340000 1.0359
350000 1.02417
360000 1.01769
370000 0.824255
380000 0.655789
390000 0.954018
400000 1.13587
410000 0.655625
420000 0.693197
430000 1.01034
440000 0.716094
450000 0.943481
460000 0.986253
470000 1.00029
480000 0.764987
490000 1.05968
500000 0.914796
510000 0.9014
520000 0.91917
530000 0.626861
540000 1.11049
550000 1.15327
560000 0.917502
570000 0.750847
580000 0.964223
590000 1.00975
600000 0.99736
610000 1.02087
620000 0.590244
630000 0.938129
640000 1.28145
650000 0.952942
660000 0.486857
670000 1.01439
680000 1.20406
690000 1.25321
700000 1.08235
710000 0.925351
720000 0.901792
730000 0.653257
740000 1.16945
750000 0.885134
760000 1.05415
770000 0.454009
780000 0.978749
790000 0.859863
800000 0.664305
810000 1.26183
820000 1.26142
830000 1.03998
840000 0.655789
850000 1.00206
860000 0.730462
870000 0.906607
880000 0.87046
890000 1.103
900000 0.768236
910000 0.971072
920000 0.654363
930000 1.0032
940000 0.74746
950000 0.945869
960000 0.847092
970000 0.927447
980000 1.19683
990000 0.678416
1000000 0.399951
