10000 1.012
20000 0.897272
30000 0.712526
40000 1.0567
50000 0.851842
60000 0.664043
70000 1.01471
80000 0.981798
90000 0.398818
100000 0.666199
110000 0.973251
120000 1.1604
130000 0.926926
140000 1.12928
150000 0.746376
160000 0.944641
170000 0.822394
180000 1.26159
190000 1.02844
200000 1.07052
210000 0.494649
220000 0.816556
230000 1.01805
240000 0.891085
250000 0.693773
260000 0.937059
270000 0.825627
280000 0.786099
290000 0.653909
300000 1.11531
310000 0.590812
320000 0.945196
330000 0.671744
340000 0.659976
350000 1.06409
360000 0.877928
370000 0.77612
380000 0.821485
390000 0.885326
400000 0.668522
410000 0.936805
420000 0.98585
430000 1.05057
440000 0.511854
450000 0.879527
460000 1.07536
470000 0.897305
480000 0.566109
490000 0.962151
500000 0.91206
510000 0.963134
520000 0.937669
530000 1.26603
540000 0.544971
550000 0.80425
560000 0.910533
570000 0.654044
580000 1.04541
590000 0.769066
600000 1.15849
610000 0.984199
620000 0.943228
630000 0.731865
640000 1.03316
650000 1.22154
660000 0.875063
670000 0.895323
680000 0.653565
690000 0.897686
700000 1.22482
710000 0.818351
720000 0.959409
730000 0.802232
740000 0.842926
750000 1.11536
760000 0.604075
770000 1.11858
780000 1.28627
790000 1.14776
800000 0.853639
810000 0.803349
820000 0.823883
830000 0.969553
840000 0.892433
850000 0.889929
860000 0.841697
870000 0.788352
880000 0.740533
890000 1.0749
900000 1.15703
910000 0.837418
920000 1.04002
930000 0.91444
940000 0.972198
950000 0.808694
960000 1.14511
970000 1.05699
980000 1.16654
990000 0.928889
1000000 1.15998
