10000 -0.371511
20000 -0.395185
30000 -0.408469
40000 -0.418066
50000 -0.42453
60000 -0.429099
70000 -0.430807
80000 -0.43169
90000 -0.431983
100000 -0.430956
110000 -0.428952
120000 -0.426768
130000 -0.424577
140000 -0.422583
150000 -0.420463
160000 -0.417803
170000 -0.41493
180000 -0.412714
190000 -0.410853
200000 -0.409068
210000 -0.407219
220000 -0.404502
230000 -0.401452
240000 -0.398637
250000 -0.396418
260000 -0.394718
270000 -0.392958
280000 -0.391051
290000 -0.388785
300000 -0.38655
310000 -0.384183
320000 -0.381624
330000 -0.379217
340000 -0.377093
350000 -0.37522
360000 -0.373155
370000 -0.371251
380000 -0.369389
390000 -0.367504
400000 -0.365567
410000 -0.363726
420000 -0.362021
430000 -0.360449
440000 -0.359257
450000 -0.358817
460000 -0.358353
470000 -0.357878
480000 -0.357453
490000 -0.357031
500000 -0.356494
510000 -0.355929
520000 -0.35537
530000 -0.354833
540000 -0.354301
550000 -0.353722
560000 -0.353103
570000 -0.352456
580000 -0.351816
590000 -0.351225
600000 -0.35066
610000 -0.350115
620000 -0.349541
630000 -0.348949
640000 -0.348346
650000 -0.347791
660000 -0.347145
670000 -0.346487
680000 -0.34581
690000 -0.345107
700000 -0.344414
710000 -0.343724
720000 -0.343106
730000 -0.342463
740000 -0.341668
750000 -0.340844
760000 -0.340013
770000 -0.339145
780000 -0.338209
790000 -0.337182
800000 -0.336122
810000 -0.334949
820000 -0.333728
830000 -0.332527
840000 -0.331079
850000 -0.329483
860000 -0.327747
870000 -0.326005
880000 -0.324205
890000 -0.322392
900000 -0.320618
910000 -0.318882
920000 -0.317109
930000 -0.31542
940000 -0.314086
950000 -0.314645
960000 -0.31505
970000 -0.315341
980000 -0.315557
990000 -0.315929
