10000 -0.537379
20000 -0.524284
30000 -0.508645
40000 -0.502108
50000 -0.487927
60000 -0.47684
70000 -0.460613
80000 -0.434922
90000 -0.397389
100000 -0.378179
110000 -0.362184
120000 -0.358132
130000 -0.359189
140000 -0.346225
150000 -0.347676
160000 -0.35776
170000 -0.317728
180000 -0.344133
190000 -0.342773
200000 -0.361458
210000 -0.334762
220000 -0.328295
230000 -0.327984
240000 -0.33252
250000 -0.311168
260000 -0.314273
270000 -0.312756
280000 -0.304948
290000 -0.315344
300000 -0.307562
310000 -0.29642
320000 -0.309597
330000 -0.301314
340000 -0.294097
350000 -0.358704
360000 -0.344706
370000 -0.341145
380000 -0.338388
390000 -0.323938
400000 -0.325859
410000 -0.313607
420000 -0.313143
430000 -0.308813
440000 -0.301945
450000 -0.304182
460000 -0.298887
470000 -0.296883
480000 -0.296052
490000 -0.290532
500000 -0.284186
510000 -0.294671
520000 -0.287493
530000 -0.282606
540000 -0.281252
550000 -0.277555
560000 -0.280472
570000 -0.275252
580000 -0.28265
590000 -0.279645
600000 -0.281783
610000 -0.28571
620000 -0.284421
630000 -0.290345
640000 -0.292445
650000 -0.281085
660000 -0.281076
670000 -0.289463
680000 -0.283786
690000 -0.332015
700000 -0.340706
710000 -0.333739
720000 -0.327339
730000 -0.329773
740000 -0.333098
750000 -0.3278
760000 -0.327304
770000 -0.326794
780000 -0.331436
790000 -0.3304
800000 -0.332052
810000 -0.320556
820000 -0.323696
830000 -0.32505
840000 -0.321598
850000 -0.318642
860000 -0.315372
870000 -0.31618
880000 -0.322766
890000 -0.315924
900000 -0.322415
910000 -0.319747
920000 -0.317074
930000 -0.322065
940000 -0.315899
950000 -0.320231
960000 -0.322619
970000 -0.312404
980000 -0.327708
990000 -0.316803
