10000 -0.536896
20000 -0.510377
30000 -0.4572
40000 -0.43414
50000 -0.4108
60000 -0.418009
70000 -0.386263
80000 -0.474765
90000 -0.431919
100000 -0.39229
110000 -0.372882
120000 -0.379052
130000 -0.359346
140000 -0.377742
150000 -0.445166
160000 -0.439048
170000 -0.4234
180000 -0.422999
190000 -0.406147
200000 -0.397235
210000 -0.384766
220000 -0.372529
230000 -0.362545
240000 -0.367008
250000 -0.357665
260000 -0.346698
270000 -0.334858
280000 -0.332913
290000 -0.334028
300000 -0.335921
310000 -0.328867
320000 -0.328911
330000 -0.316713
340000 -0.317738
350000 -0.31668
360000 -0.316134
370000 -0.314596
380000 -0.317266
390000 -0.310277
400000 -0.311093
410000 -0.311569
420000 -0.306337
430000 -0.296658
440000 -0.302285
450000 -0.292268
460000 -0.302599
470000 -0.303098
480000 -0.296538
490000 -0.352674
500000 -0.349549
510000 -0.350428
520000 -0.344605
530000 -0.341326
540000 -0.342743
550000 -0.345331
560000 -0.34738
570000 -0.422164
580000 -0.413938
590000 -0.410214
600000 -0.405907
610000 -0.397709
620000 -0.392775
630000 -0.386514
640000 -0.384656
650000 -0.3824
660000 -0.376647
670000 -0.374109
680000 -0.364892
690000 -0.365579
700000 -0.360065
710000 -0.351305
720000 -0.355099
730000 -0.350554
740000 -0.343557
750000 -0.331919
760000 -0.323794
770000 -0.345888
780000 -0.350407
790000 -0.342801
800000 -0.332038
810000 -0.33329
820000 -0.327441
830000 -0.330066
840000 -0.327065
850000 -0.323838
860000 -0.326684
870000 -0.328434
880000 -0.318203
890000 -0.322595
900000 -0.319739
910000 -0.317656
920000 -0.319874
930000 -0.315123
940000 -0.31439
950000 -0.31518
960000 -0.318422
970000 -0.312421
980000 -0.316376
990000 -0.313806
