10000 -0.520425
20000 -0.51716
30000 -0.497737
40000 -0.476387
50000 -0.478263
60000 -0.466745
70000 -0.438649
80000 -0.406413
90000 -0.371665
100000 -0.355605
110000 -0.328657
120000 -0.31317
130000 -0.366496
140000 -0.334849
150000 -0.446862
160000 -0.431145
170000 -0.427518
180000 -0.422955
190000 -0.413658
200000 -0.42129
210000 -0.407059
220000 -0.411138
230000 -0.399295
240000 -0.386222
250000 -0.390946
260000 -0.38365
270000 -0.375345
280000 -0.389336
290000 -0.375915
300000 -0.372148
310000 -0.37613
320000 -0.359951
330000 -0.365831
340000 -0.366306
350000 -0.358475
360000 -0.360302
370000 -0.361654
380000 -0.368239
390000 -0.423737
400000 -0.445316
410000 -0.412138
420000 -0.408834
430000 -0.393724
440000 -0.38284
450000 -0.368801
460000 -0.367638
470000 -0.363701
480000 -0.352158
490000 -0.348916
500000 -0.35352
510000 -0.355563
520000 -0.349491
530000 -0.349566
540000 -0.344687
550000 -0.34599
560000 -0.350786
570000 -0.346811
580000 -0.349284
590000 -0.354991
600000 -0.35651
610000 -0.348709
620000 -0.350127
630000 -0.345815
640000 -0.343867
650000 -0.344424
660000 -0.338966
670000 -0.3398
680000 -0.335227
690000 -0.33919
700000 -0.33776
710000 -0.337436
720000 -0.33989
730000 -0.345433
740000 -0.340087
750000 -0.334791
760000 -0.335831
770000 -0.331148
780000 -0.332719
790000 -0.343654
800000 -0.346713
810000 -0.343054
820000 -0.341192
830000 -0.351405
840000 -0.34519
850000 -0.343544
860000 -0.339191
870000 -0.341283
880000 -0.339688
890000 -0.336584
900000 -0.335761
910000 -0.334796
920000 -0.339088
930000 -0.352924
940000 -0.3499
950000 -0.33342
960000 -0.338488
970000 -0.32962
980000 -0.345094
990000 -0.332514
