10000 0.542826
20000 0.572352
30000 0.509126
40000 0.450834
50000 0.442018
60000 0.431404
70000 0.419745
80000 0.420601
90000 0.421717
100000 0.419464
110000 0.414918
120000 0.409111
130000 0.40235
140000 0.395255
150000 0.387744
160000 0.38015
170000 0.374685
180000 0.370584
190000 0.366449
200000 0.363478
210000 0.358284
220000 0.354605
230000 0.350762
240000 0.346824
250000 0.342872
260000 0.339271
270000 0.335507
280000 0.331732
290000 0.327811
300000 0.323857
310000 0.319632
320000 0.31549
330000 0.311463
340000 0.307293
350000 0.303026
360000 0.300852
370000 0.306543
380000 0.311776
390000 0.31617
400000 0.320096
410000 0.323433
420000 0.326751
430000 0.329418
440000 0.331707
450000 0.333638
460000 0.335382
470000 0.33686
480000 0.338209
490000 0.339354
500000 0.340451
510000 0.341419
520000 0.342291
530000 0.343053
540000 0.34367
550000 0.344203
560000 0.34462
570000 0.344942
580000 0.345362
590000 0.345885
600000 0.347742
610000 0.349497
620000 0.35116
630000 0.352667
640000 0.354013
650000 0.35518
660000 0.356216
670000 0.357127
680000 0.357971
690000 0.358731
700000 0.359403
710000 0.360002
720000 0.360511
730000 0.360961
740000 0.36137
750000 0.361731
760000 0.362031
770000 0.362264
780000 0.362469
790000 0.36262
800000 0.362733
810000 0.362802
820000 0.362829
830000 0.362834
840000 0.362811
850000 0.362758
860000 0.362677
870000 0.362564
880000 0.36254
890000 0.362541
900000 0.362507
910000 0.362434
920000 0.362322
930000 0.362178
940000 0.36201
950000 0.361821
960000 0.36164
970000 0.36147
980000 0.361263
990000 0.361052
