10000 0.497158
20000 0.440159
30000 0.406431
40000 0.357128
50000 0.314372
60000 0.280826
70000 0.254316
80000 0.265833
90000 0.278754
100000 0.28683
110000 0.293414
120000 0.297389
130000 0.299638
140000 0.301364
150000 0.301768
160000 0.301382
170000 0.300452
180000 0.299156
190000 0.298849
200000 0.29929
210000 0.29914
220000 0.298592
230000 0.297755
240000 0.296516
250000 0.294935
260000 0.293161
270000 0.291335
280000 0.289345
290000 0.287189
300000 0.284894
310000 0.282472
320000 0.2799
330000 0.277294
340000 0.27461
350000 0.271937
360000 0.269232
370000 0.266516
380000 0.263725
390000 0.261869
400000 0.260013
410000 0.258178
420000 0.256385
430000 0.254548
440000 0.252711
450000 0.250886
460000 0.249059
470000 0.247237
480000 0.245396
490000 0.243811
500000 0.243489
510000 0.242999
520000 0.242427
530000 0.241791
540000 0.241046
550000 0.240207
560000 0.239287
570000 0.238304
580000 0.237293
590000 0.236248
600000 0.235148
610000 0.234002
620000 0.23289
630000 0.231748
640000 0.230586
650000 0.229406
660000 0.228215
670000 0.22702
680000 0.225811
690000 0.224592
700000 0.223362
710000 0.222123
720000 0.220891
730000 0.219816
740000 0.218688
750000 0.217894
760000 0.217702
770000 0.217445
780000 0.217137
790000 0.216781
800000 0.216382
810000 0.215941
820000 0.215461
830000 0.21494
840000 0.214401
850000 0.214039
860000 0.213645
870000 0.213216
880000 0.212755
890000 0.214144
900000 0.216363
910000 0.218467
920000 0.220449
930000 0.22231
940000 0.224065
950000 0.225709
960000 0.22726
970000 0.22871
980000 0.230057
990000 0.231317
