10000 0.500438
20000 0.523197
30000 0.49753
40000 0.48454
50000 0.468077
60000 0.448028
70000 0.452572
80000 0.451404
90000 0.445238
100000 0.438409
110000 0.436675
120000 0.434513
130000 0.428371
140000 0.419733
150000 0.412318
160000 0.405177
170000 0.396945
180000 0.388662
190000 0.380265
200000 0.371295
210000 0.361969
220000 0.352015
230000 0.341791
240000 0.331929
250000 0.327686
260000 0.327876
270000 0.328902
280000 0.329478
290000 0.337204
300000 0.35008
310000 0.361606
320000 0.371909
330000 0.381066
340000 0.389215
350000 0.396458
360000 0.402912
370000 0.408599
380000 0.413602
390000 0.418013
400000 0.421845
410000 0.425163
420000 0.428027
430000 0.430453
440000 0.432463
450000 0.434122
460000 0.435473
470000 0.43658
480000 0.437421
490000 0.438034
500000 0.438441
510000 0.438683
520000 0.438758
530000 0.438682
540000 0.438465
550000 0.438131
560000 0.437666
570000 0.437118
580000 0.436452
590000 0.435709
600000 0.434896
610000 0.433998
620000 0.432982
630000 0.431939
640000 0.430834
650000 0.429752
660000 0.428712
670000 0.42785
680000 0.42692
690000 0.425983
700000 0.425026
710000 0.424075
720000 0.42309
730000 0.422067
740000 0.420998
750000 0.419909
760000 0.418702
770000 0.417559
780000 0.416378
790000 0.415202
800000 0.413983
810000 0.41275
820000 0.411501
830000 0.410213
840000 0.409218
850000 0.408201
860000 0.407341
870000 0.406549
880000 0.405743
890000 0.404891
900000 0.404041
910000 0.403147
920000 0.402222
930000 0.401288
940000 0.400379
950000 0.399445
960000 0.398493
970000 0.397509
980000 0.396502
990000 0.395477
