10000 0.221083
20000 0.0485894
30000 0.0359092
40000 0.03776
50000 0.0865104
60000 0.0380604
70000 0.14558
80000 0.213592
90000 0.170919
100000 0.16126
110000 0.326239
120000 0.17243
130000 0.106605
140000 0.0946574
150000 0.0860729
160000 0.0804478
170000 0.0782349
180000 0.198778
190000 0.185616
200000 0.173037
210000 0.161033
220000 0.149747
230000 0.139286
240000 0.155648
250000 0.352106
260000 0.302625
270000 0.261773
280000 0.248483
290000 0.404393
300000 0.347786
310000 0.311843
320000 0.307473
330000 0.260339
340000 0.235442
350000 0.21404
360000 0.207755
370000 0.193812
380000 0.186365
390000 0.171219
400000 0.163252
410000 0.151754
420000 0.142908
430000 0.209343
440000 0.198141
450000 0.181261
460000 0.188336
470000 0.169083
480000 0.160752
490000 0.142139
500000 0.122433
510000 0.1023
520000 0.0908777
530000 0.0857797
540000 0.0823221
550000 0.0769219
560000 0.131751
570000 0.119956
580000 0.111267
590000 0.102428
600000 0.093986
610000 0.0866542
620000 0.0804438
630000 0.0761154
640000 0.073314
650000 0.0712676
660000 0.069115
670000 0.0681873
680000 0.0674032
690000 0.0664194
700000 0.0654585
710000 0.0644714
720000 0.063553
730000 0.0629539
740000 0.0625762
750000 0.0619645
760000 0.0614179
770000 0.0607444
780000 0.0601421
790000 0.0594803
800000 0.058855
810000 0.0582059
820000 0.0679208
830000 0.0667599
840000 0.0656933
850000 0.552939
860000 0.544613
870000 0.536338
880000 0.528397
890000 0.520715
900000 0.513637
910000 0.506344
920000 0.499511
930000 0.492981
940000 0.486537
950000 0.480239
960000 0.474326
970000 0.472828
980000 0.467169
990000 0.461401
