10000 0.341491
20000 0.243245
30000 0.718426
40000 0.593958
50000 0.518991
60000 0.436744
70000 0.363673
80000 0.323033
90000 0.37491
100000 0.280374
110000 0.2221
120000 0.147495
130000 0.105633
140000 0.123968
150000 0.0534144
160000 0.0224846
170000 0.0223692
180000 0.0222227
190000 0.0220589
200000 0.0219495
210000 0.0217674
220000 0.0215279
230000 0.0213717
240000 0.0212902
250000 0.0211183
260000 0.0209127
270000 0.0208247
280000 0.0207368
290000 0.020592
300000 0.0204589
310000 0.0201926
320000 0.0199285
330000 0.0195972
340000 0.0194615
350000 0.0760546
360000 0.0453451
370000 0.0203281
380000 0.0146917
390000 0.0146917
400000 0.0146917
410000 0.0146917
420000 0.0146917
430000 0.0146917
440000 0.0146917
450000 0.0146917
460000 0.0146917
470000 0.0146917
480000 0.0146917
490000 0.0146917
500000 0.0146917
510000 0.0146917
520000 0.0146917
530000 0.0146917
540000 0.0146917
550000 0.0146917
560000 0.0146917
570000 0.0146917
580000 0.0146917
590000 0.0146917
600000 0.0396576
610000 0.0363574
620000 0.249255
630000 0.234735
640000 0.221201
650000 0.207292
660000 0.194315
670000 0.185365
680000 0.176696
690000 0.169224
700000 0.161819
710000 0.155471
720000 0.14878
730000 0.142661
740000 0.136916
750000 0.180411
760000 0.174058
770000 0.166716
780000 0.188857
790000 0.159477
800000 0.142864
810000 0.134028
820000 0.723647
830000 0.725629
840000 0.72013
850000 0.714936
860000 0.70819
870000 0.703047
880000 0.696642
890000 0.689956
900000 0.683219
910000 0.676673
920000 0.668573
930000 0.662666
940000 0.656501
950000 0.650824
960000 0.645288
970000 0.640759
980000 0.63512
990000 0.62898
