10000 -0.347366
20000 -0.366198
30000 -0.36622
40000 -0.360694
50000 -0.354547
60000 -0.349788
70000 -0.344383
80000 -0.338572
90000 -0.333967
100000 -0.329882
110000 -0.325792
120000 -0.322773
130000 -0.320305
140000 -0.317965
150000 -0.315271
160000 -0.313367
170000 -0.311533
180000 -0.310562
190000 -0.309394
200000 -0.307984
210000 -0.306746
220000 -0.305501
230000 -0.304338
240000 -0.303178
250000 -0.302334
260000 -0.301325
270000 -0.300342
280000 -0.299603
290000 -0.298921
300000 -0.298011
310000 -0.297234
320000 -0.296554
330000 -0.295827
340000 -0.295181
350000 -0.294439
360000 -0.29393
370000 -0.293363
380000 -0.292799
390000 -0.29229
400000 -0.291769
410000 -0.291244
420000 -0.290738
430000 -0.290267
440000 -0.289832
450000 -0.289397
460000 -0.28892
470000 -0.288474
480000 -0.288063
490000 -0.287652
500000 -0.287378
510000 -0.286981
520000 -0.286621
530000 -0.286302
540000 -0.285963
550000 -0.285642
560000 -0.285377
570000 -0.285088
580000 -0.284804
590000 -0.284532
600000 -0.284288
610000 -0.283997
620000 -0.283803
630000 -0.283555
640000 -0.283333
650000 -0.283084
660000 -0.28281
670000 -0.28257
680000 -0.282336
690000 -0.282104
700000 -0.281879
710000 -0.281648
720000 -0.281335
730000 -0.281133
740000 -0.28091
750000 -0.280701
760000 -0.280516
770000 -0.280346
780000 -0.28014
790000 -0.279903
800000 -0.279449
810000 -0.278813
820000 -0.27817
830000 -0.277534
840000 -0.276902
850000 -0.276306
860000 -0.275715
870000 -0.27513
880000 -0.274552
890000 -0.273737
900000 -0.272305
910000 -0.270552
920000 -0.268737
930000 -0.266958
940000 -0.265209
950000 -0.263493
960000 -0.261783
970000 -0.260112
980000 -0.258452
990000 -0.256804
