10000 -0.344243
20000 -0.36972
30000 -0.383645
40000 -0.390613
50000 -0.390771
60000 -0.388949
70000 -0.387128
80000 -0.382828
90000 -0.378558
100000 -0.373976
110000 -0.370207
120000 -0.36603
130000 -0.362014
140000 -0.357985
150000 -0.35441
160000 -0.350646
170000 -0.347244
180000 -0.34399
190000 -0.341238
200000 -0.338197
210000 -0.335835
220000 -0.333176
230000 -0.330575
240000 -0.327926
250000 -0.325259
260000 -0.32252
270000 -0.319938
280000 -0.317242
290000 -0.314498
300000 -0.311849
310000 -0.309205
320000 -0.306633
330000 -0.304357
340000 -0.301997
350000 -0.299939
360000 -0.298004
370000 -0.295995
380000 -0.29394
390000 -0.291932
400000 -0.290323
410000 -0.288536
420000 -0.286818
430000 -0.28525
440000 -0.283669
450000 -0.282176
460000 -0.280636
470000 -0.279192
480000 -0.277821
490000 -0.276441
500000 -0.27516
510000 -0.273928
520000 -0.272703
530000 -0.271424
540000 -0.270294
550000 -0.269215
560000 -0.268141
570000 -0.267064
580000 -0.266084
590000 -0.265084
600000 -0.264053
610000 -0.263176
620000 -0.26227
630000 -0.261345
640000 -0.260503
650000 -0.259581
660000 -0.258763
670000 -0.257956
680000 -0.257167
690000 -0.256359
700000 -0.255625
710000 -0.254875
720000 -0.25417
730000 -0.25346
740000 -0.252771
750000 -0.252082
760000 -0.251378
770000 -0.250675
780000 -0.249992
790000 -0.249321
800000 -0.248682
810000 -0.248058
820000 -0.247464
830000 -0.246872
840000 -0.246251
850000 -0.245672
860000 -0.24504
870000 -0.244474
880000 -0.243906
890000 -0.243366
900000 -0.242754
910000 -0.24223
920000 -0.241728
930000 -0.241236
940000 -0.240705
950000 -0.240224
960000 -0.239794
970000 -0.239263
980000 -0.238786
990000 -0.238371
