10000 -0.353274
20000 -0.367329
30000 -0.374806
40000 -0.373101
50000 -0.368706
60000 -0.364159
70000 -0.360087
80000 -0.354715
90000 -0.348547
100000 -0.342952
110000 -0.336801
120000 -0.331051
130000 -0.326247
140000 -0.321715
150000 -0.31698
160000 -0.312206
170000 -0.307677
180000 -0.303603
190000 -0.299586
200000 -0.29534
210000 -0.29163
220000 -0.288234
230000 -0.284823
240000 -0.281893
250000 -0.278948
260000 -0.276321
270000 -0.27376
280000 -0.271336
290000 -0.269307
300000 -0.267168
310000 -0.265259
320000 -0.263545
330000 -0.261813
340000 -0.260152
350000 -0.258493
360000 -0.257311
370000 -0.255908
380000 -0.254549
390000 -0.253191
400000 -0.251945
410000 -0.250747
420000 -0.249773
430000 -0.248586
440000 -0.247507
450000 -0.246491
460000 -0.245546
470000 -0.244523
480000 -0.243644
490000 -0.242729
500000 -0.241871
510000 -0.240981
520000 -0.240154
530000 -0.239386
540000 -0.23862
550000 -0.237787
560000 -0.237079
570000 -0.236337
580000 -0.235663
590000 -0.234996
600000 -0.234376
610000 -0.233759
620000 -0.233155
630000 -0.232527
640000 -0.232085
650000 -0.231546
660000 -0.231012
670000 -0.230508
680000 -0.230016
690000 -0.229572
700000 -0.229073
710000 -0.228652
720000 -0.22821
730000 -0.227792
740000 -0.227334
750000 -0.226931
760000 -0.226525
770000 -0.226118
780000 -0.225727
790000 -0.225395
800000 -0.225037
810000 -0.22464
820000 -0.224322
830000 -0.224002
840000 -0.22364
850000 -0.223306
860000 -0.223004
870000 -0.222624
880000 -0.222316
890000 -0.222011
900000 -0.22169
910000 -0.221392
920000 -0.221117
930000 -0.220795
940000 -0.22058
950000 -0.220285
960000 -0.220025
970000 -0.219748
980000 -0.219452
990000 -0.219206
