10000 -0.351249
20000 -0.378085
30000 -0.372271
40000 -0.362788
50000 -0.354342
60000 -0.343868
70000 -0.33686
80000 -0.331001
90000 -0.325249
100000 -0.320994
110000 -0.316126
120000 -0.310753
130000 -0.306865
140000 -0.302561
150000 -0.298864
160000 -0.295169
170000 -0.291428
180000 -0.287986
190000 -0.28428
200000 -0.281167
210000 -0.278005
220000 -0.275432
230000 -0.273107
240000 -0.270674
250000 -0.268446
260000 -0.266592
270000 -0.264611
280000 -0.262911
290000 -0.261129
300000 -0.259456
310000 -0.257763
320000 -0.256374
330000 -0.255033
340000 -0.253572
350000 -0.252352
360000 -0.251057
370000 -0.24985
380000 -0.24874
390000 -0.247562
400000 -0.246611
410000 -0.2455
420000 -0.244385
430000 -0.243394
440000 -0.242214
450000 -0.241441
460000 -0.240623
470000 -0.239848
480000 -0.239021
490000 -0.238231
500000 -0.237487
510000 -0.23671
520000 -0.23593
530000 -0.235457
540000 -0.23474
550000 -0.234081
560000 -0.233456
570000 -0.232839
580000 -0.232209
590000 -0.231627
600000 -0.231061
610000 -0.230549
620000 -0.229985
630000 -0.229501
640000 -0.229002
650000 -0.228503
660000 -0.228002
670000 -0.227487
680000 -0.226979
690000 -0.226496
700000 -0.226058
710000 -0.225618
720000 -0.22522
730000 -0.224834
740000 -0.224435
750000 -0.224049
760000 -0.22364
770000 -0.223274
780000 -0.222928
790000 -0.22257
800000 -0.222217
810000 -0.221846
820000 -0.22151
830000 -0.22107
840000 -0.22071
850000 -0.220395
860000 -0.220059
870000 -0.219726
880000 -0.219424
890000 -0.219051
900000 -0.218701
910000 -0.218419
920000 -0.21813
930000 -0.217844
940000 -0.217584
950000 -0.217262
960000 -0.216977
970000 -0.216681
980000 -0.216414
990000 -0.216183
