10000 -0.519409
20000 -0.517074
30000 -0.481023
40000 -0.440033
50000 -0.420918
60000 -0.382827
70000 -0.346878
80000 -0.340353
90000 -0.335538
100000 -0.336055
110000 -0.329156
120000 -0.325606
130000 -0.314645
140000 -0.313836
150000 -0.30698
160000 -0.302517
170000 -0.299825
180000 -0.29664
190000 -0.28876
200000 -0.287831
210000 -0.282908
220000 -0.279166
230000 -0.274929
240000 -0.27188
250000 -0.269519
260000 -0.265195
270000 -0.255396
280000 -0.249541
290000 -0.241307
300000 -0.237117
310000 -0.240304
320000 -0.237344
330000 -0.237212
340000 -0.236696
350000 -0.235109
360000 -0.232981
370000 -0.231231
380000 -0.230758
390000 -0.229417
400000 -0.226334
410000 -0.226285
420000 -0.226292
430000 -0.225903
440000 -0.224857
450000 -0.224328
460000 -0.224447
470000 -0.223612
480000 -0.223303
490000 -0.22151
500000 -0.221106
510000 -0.220687
520000 -0.220322
530000 -0.220314
540000 -0.22068
550000 -0.219244
560000 -0.219447
570000 -0.220732
580000 -0.219949
590000 -0.219456
600000 -0.218106
610000 -0.218457
620000 -0.218732
630000 -0.21905
640000 -0.218277
650000 -0.218091
660000 -0.218013
670000 -0.217865
680000 -0.217944
690000 -0.217728
700000 -0.217128
710000 -0.216723
720000 -0.216186
730000 -0.215259
740000 -0.214885
750000 -0.214719
760000 -0.214866
770000 -0.214647
780000 -0.214768
790000 -0.214369
800000 -0.214108
810000 -0.214335
820000 -0.214123
830000 -0.214309
840000 -0.214268
850000 -0.214324
860000 -0.214
870000 -0.214124
880000 -0.214063
890000 -0.213976
900000 -0.213894
910000 -0.213443
920000 -0.213534
930000 -0.213005
940000 -0.213185
950000 -0.213288
960000 -0.212797
970000 -0.212363
980000 -0.212301
990000 -0.212494
