10000 -0.528005
20000 -0.506098
30000 -0.481224
40000 -0.470943
50000 -0.434728
60000 -0.415474
70000 -0.401474
80000 -0.400265
90000 -0.393884
100000 -0.392117
110000 -0.385341
120000 -0.381353
130000 -0.382831
140000 -0.380078
150000 -0.376933
160000 -0.368959
170000 -0.362171
180000 -0.35856
190000 -0.34696
200000 -0.341159
210000 -0.334718
220000 -0.330533
230000 -0.329896
240000 -0.328596
250000 -0.322113
260000 -0.317336
270000 -0.315444
280000 -0.309936
290000 -0.313334
300000 -0.315404
310000 -0.315553
320000 -0.311637
330000 -0.311026
340000 -0.30976
350000 -0.308824
360000 -0.307927
370000 -0.303098
380000 -0.296924
390000 -0.295681
400000 -0.295078
410000 -0.294015
420000 -0.289376
430000 -0.287207
440000 -0.281229
450000 -0.281096
460000 -0.279679
470000 -0.2778
480000 -0.277067
490000 -0.27691
500000 -0.276687
510000 -0.274712
520000 -0.273938
530000 -0.272605
540000 -0.272582
550000 -0.270967
560000 -0.271621
570000 -0.270307
580000 -0.270291
590000 -0.269679
600000 -0.269863
610000 -0.269617
620000 -0.269496
630000 -0.269306
640000 -0.269414
650000 -0.268601
660000 -0.267888
670000 -0.266589
680000 -0.265848
690000 -0.265465
700000 -0.265169
710000 -0.265177
720000 -0.264121
730000 -0.260905
740000 -0.259248
750000 -0.257964
760000 -0.256808
770000 -0.255647
780000 -0.253967
790000 -0.252813
800000 -0.25184
810000 -0.247989
820000 -0.247681
830000 -0.245925
840000 -0.246715
850000 -0.244859
860000 -0.242272
870000 -0.241891
880000 -0.237616
890000 -0.239803
900000 -0.236918
910000 -0.237595
920000 -0.238846
930000 -0.240328
940000 -0.237193
950000 -0.237699
960000 -0.236238
970000 -0.237306
980000 -0.235884
990000 -0.232343
