10000 -0.520824
20000 -0.490707
30000 -0.473847
40000 -0.45364
50000 -0.422728
60000 -0.398284
70000 -0.384958
80000 -0.350821
90000 -0.33632
100000 -0.330324
110000 -0.315724
120000 -0.302671
130000 -0.290171
140000 -0.280171
150000 -0.270853
160000 -0.267096
170000 -0.262465
180000 -0.251588
190000 -0.245901
200000 -0.246033
210000 -0.24006
220000 -0.241861
230000 -0.239931
240000 -0.236063
250000 -0.234058
260000 -0.23146
270000 -0.228744
280000 -0.227173
290000 -0.228421
300000 -0.229
310000 -0.226362
320000 -0.222356
330000 -0.223462
340000 -0.223398
350000 -0.224721
360000 -0.224095
370000 -0.222874
380000 -0.218944
390000 -0.218817
400000 -0.218447
410000 -0.217541
420000 -0.217283
430000 -0.217024
440000 -0.216531
450000 -0.216758
460000 -0.217576
470000 -0.217537
480000 -0.217001
490000 -0.215939
500000 -0.215635
510000 -0.213719
520000 -0.212905
530000 -0.211924
540000 -0.21148
550000 -0.209216
560000 -0.208807
570000 -0.209266
580000 -0.207946
590000 -0.204257
600000 -0.205404
610000 -0.204045
620000 -0.203469
630000 -0.202874
640000 -0.202392
650000 -0.200697
660000 -0.200861
670000 -0.200387
680000 -0.199105
690000 -0.198411
700000 -0.19806
710000 -0.19767
720000 -0.197344
730000 -0.197612
740000 -0.197387
750000 -0.197323
760000 -0.198178
770000 -0.197605
780000 -0.196995
790000 -0.196408
800000 -0.197212
810000 -0.196034
820000 -0.195989
830000 -0.195868
840000 -0.195913
850000 -0.195926
860000 -0.195933
870000 -0.195203
880000 -0.195139
890000 -0.194802
900000 -0.194647
910000 -0.194723
920000 -0.194543
930000 -0.194543
940000 -0.194416
950000 -0.193975
960000 -0.194038
970000 -0.193146
980000 -0.193205
990000 -0.193108
