10000 -0.476866
20000 -0.430184
30000 -0.353959
40000 -0.349282
50000 -0.327439
60000 -0.301295
70000 -0.298097
80000 -0.293273
90000 -0.282949
100000 -0.276185
110000 -0.258171
120000 -0.257758
130000 -0.252342
140000 -0.248997
150000 -0.242985
160000 -0.236704
170000 -0.229621
180000 -0.226489
190000 -0.220739
200000 -0.216892
210000 -0.218585
220000 -0.219948
230000 -0.216755
240000 -0.215399
250000 -0.216707
260000 -0.214735
270000 -0.213546
280000 -0.211708
290000 -0.211709
300000 -0.208745
310000 -0.208182
320000 -0.209114
330000 -0.208056
340000 -0.207611
350000 -0.206106
360000 -0.204345
370000 -0.205464
380000 -0.20533
390000 -0.205442
400000 -0.204582
410000 -0.203075
420000 -0.201791
430000 -0.200394
440000 -0.200345
450000 -0.199925
460000 -0.200168
470000 -0.2003
480000 -0.200251
490000 -0.199063
500000 -0.199324
510000 -0.199001
520000 -0.198709
530000 -0.198667
540000 -0.198175
550000 -0.197591
560000 -0.198121
570000 -0.197717
580000 -0.196925
590000 -0.196787
600000 -0.196634
610000 -0.196645
620000 -0.196529
630000 -0.196082
640000 -0.195688
650000 -0.194744
660000 -0.194688
670000 -0.194567
680000 -0.194288
690000 -0.19412
700000 -0.194409
710000 -0.194102
720000 -0.193994
730000 -0.194028
740000 -0.193912
750000 -0.193511
760000 -0.193171
770000 -0.192994
780000 -0.192837
790000 -0.192738
800000 -0.192328
810000 -0.191704
820000 -0.191558
830000 -0.191417
840000 -0.190965
850000 -0.190965
860000 -0.190917
870000 -0.190351
880000 -0.190274
890000 -0.190013
900000 -0.190565
910000 -0.190187
920000 -0.189506
930000 -0.189915
940000 -0.189537
950000 -0.188795
960000 -0.189117
970000 -0.188319
980000 -0.188378
990000 -0.188069
