10000 0.42527
20000 0.382953
30000 0.339727
40000 0.276825
50000 0.225557
60000 0.190749
70000 0.165789
80000 0.146971
90000 0.132242
100000 0.120484
110000 0.110798
120000 0.102762
130000 0.0959066
140000 0.090042
150000 0.0849796
160000 0.0805093
170000 0.0765786
180000 0.0731005
190000 0.0699697
200000 0.0671527
210000 0.0646069
220000 0.0622856
230000 0.0601651
240000 0.0582312
250000 0.056447
260000 0.0548004
270000 0.0532771
280000 0.0518532
290000 0.0505352
300000 0.0493039
310000 0.0481505
320000 0.0470677
330000 0.0460543
340000 0.0450969
350000 0.0441962
360000 0.0433448
370000 0.0425408
380000 0.0417786
390000 0.0410533
400000 0.0403663
410000 0.039712
420000 0.0390906
430000 0.0384955
440000 0.0379276
450000 0.0373854
460000 0.036867
470000 0.0363717
480000 0.0358957
490000 0.0354399
500000 0.0350015
510000 0.0345801
520000 0.0341757
530000 0.0337865
540000 0.033412
550000 0.0330502
560000 0.0327012
570000 0.0323655
580000 0.0320398
590000 0.0317264
600000 0.0314238
610000 0.0311293
620000 0.0308458
630000 0.0305707
640000 0.0303043
650000 0.0300466
660000 0.0297963
670000 0.0295534
680000 0.0293179
690000 0.0290886
700000 0.0288672
710000 0.0286504
720000 0.0284399
730000 0.0282357
740000 0.0280383
750000 0.0278443
760000 0.0276554
770000 0.0274718
780000 0.027293
790000 0.0271188
800000 0.0269484
810000 0.0267835
820000 0.0266217
830000 0.0264633
840000 0.0263095
850000 0.026159
860000 0.0260122
870000 0.0258686
880000 0.0257281
890000 0.0255912
900000 0.0254571
910000 0.0253263
920000 0.0251973
930000 0.025072
940000 0.0249488
950000 0.0248286
960000 0.0247108
970000 0.0245956
980000 0.0244826
990000 0.0243719
