10000 0.552079
20000 0.488158
30000 0.407077
40000 0.353711
50000 0.31644
60000 0.288815
70000 0.266043
80000 0.244887
90000 0.227518
100000 0.212433
110000 0.198759
120000 0.187096
130000 0.177212
140000 0.168737
150000 0.161384
160000 0.154946
170000 0.149269
180000 0.144215
190000 0.139696
200000 0.135628
210000 0.131946
220000 0.128596
230000 0.125538
240000 0.122736
250000 0.120157
260000 0.117777
270000 0.115573
280000 0.113528
290000 0.11162
300000 0.109841
310000 0.108176
320000 0.106618
330000 0.10515
340000 0.103771
350000 0.102471
360000 0.101242
370000 0.10008
380000 0.0989784
390000 0.0979349
400000 0.0969417
410000 0.0959981
420000 0.0950987
430000 0.0942413
440000 0.0934234
450000 0.0926414
460000 0.0918934
470000 0.0911778
480000 0.0904911
490000 0.0898329
500000 0.0892015
510000 0.0885938
520000 0.0880105
530000 0.087448
540000 0.0869073
550000 0.0863857
560000 0.0858832
570000 0.0853978
580000 0.0849294
590000 0.0844773
600000 0.0840398
610000 0.0836167
620000 0.0832071
630000 0.0828106
640000 0.0824266
650000 0.0820553
660000 0.0816935
670000 0.0813433
680000 0.0810036
690000 0.0806734
700000 0.0803532
710000 0.0800413
720000 0.0797384
730000 0.0794439
740000 0.0791563
750000 0.0788773
760000 0.0786061
770000 0.0783761
780000 0.0779587
790000 0.077575
800000 0.0771284
810000 0.0766173
820000 0.0761795
830000 0.0757253
840000 0.0752591
850000 0.0747973
860000 0.0743281
870000 0.0738921
880000 0.0734361
890000 0.0729434
900000 0.0725147
910000 0.072076
920000 0.0716479
930000 0.0712485
940000 0.070843
950000 0.0704298
960000 0.0700493
970000 0.0696373
980000 0.0692639
990000 0.0688892
