10000 0.470992
20000 0.348423
30000 0.2493
40000 0.245781
50000 0.233823
60000 0.219193
70000 0.201065
80000 0.179169
90000 0.161516
100000 0.147405
110000 0.135858
120000 0.126237
130000 0.118072
140000 0.11109
150000 0.105034
160000 0.0997307
170000 0.0950589
180000 0.0909008
190000 0.0871797
200000 0.0838332
210000 0.0808036
220000 0.078052
230000 0.0755416
240000 0.0732321
250000 0.07111
260000 0.0691521
270000 0.0673429
280000 0.0656734
290000 0.0640919
300000 0.0626285
310000 0.0612588
320000 0.0599766
330000 0.0587714
340000 0.0576398
350000 0.0565679
360000 0.055561
370000 0.0546018
380000 0.0536977
390000 0.0528379
400000 0.0520225
410000 0.0512461
420000 0.0505072
430000 0.0498032
440000 0.0491298
450000 0.0484879
460000 0.0478722
470000 0.0472845
480000 0.0467198
490000 0.0461784
500000 0.0456583
510000 0.0451599
520000 0.0446801
530000 0.0442175
540000 0.0437732
550000 0.0433443
560000 0.0429316
570000 0.0425323
580000 0.0421472
590000 0.0417753
600000 0.0414157
610000 0.0410677
620000 0.0407313
630000 0.040406
640000 0.04009
650000 0.0397839
660000 0.039487
670000 0.039199
680000 0.0389197
690000 0.0386485
700000 0.0383871
710000 0.0381286
720000 0.0378799
730000 0.0376378
740000 0.0374023
750000 0.0371728
760000 0.0369493
770000 0.0367317
780000 0.0365199
790000 0.0363133
800000 0.0361116
810000 0.0359151
820000 0.0357235
830000 0.0355368
840000 0.0353539
850000 0.0351756
860000 0.0350014
870000 0.0348314
880000 0.0346652
890000 0.0345026
900000 0.0343442
910000 0.0341881
920000 0.034036
930000 0.0338874
940000 0.0337416
950000 0.0335991
960000 0.0334594
970000 0.0333228
980000 0.0331888
990000 0.0330576
