10000 0.370866
20000 0.0501763
30000 0.26329
40000 0.203357
50000 0.165175
60000 0.119709
70000 0.0638936
80000 0.0201971
90000 0.0201971
100000 0.0201971
110000 0.0201971
120000 0.0201971
130000 0.0201971
140000 0.0201971
150000 0.0201971
160000 0.0201971
170000 0.0201971
180000 0.0201971
190000 0.0201971
200000 0.0201971
210000 0.0201971
220000 0.0201971
230000 0.0201971
240000 0.0201971
250000 0.0201971
260000 0.0201971
270000 0.0201971
280000 0.0201971
290000 0.0201971
300000 0.0201971
310000 0.0201971
320000 0.0201971
330000 0.0201971
340000 0.0201971
350000 0.0201971
360000 0.0201971
370000 0.0201971
380000 0.0201971
390000 0.0201971
400000 0.0201971
410000 0.0201971
420000 0.0201971
430000 0.0201971
440000 0.0201971
450000 0.0201971
460000 0.0201971
470000 0.0201971
480000 0.0201971
490000 0.0201971
500000 0.0201971
510000 0.0201971
520000 0.0201971
530000 0.0201971
540000 0.0201971
550000 0.0201971
560000 0.0201971
570000 0.0201971
580000 0.0201971
590000 0.0201971
600000 0.0201971
610000 0.0201971
620000 0.0201971
630000 0.0201971
640000 0.0201971
650000 0.0201971
660000 0.0201971
670000 0.0201971
680000 0.0201971
690000 0.0201971
700000 0.0201971
710000 0.0201971
720000 0.0201971
730000 0.0201971
740000 0.0201971
750000 0.0201971
760000 0.0201971
770000 0.0201971
780000 0.0201971
790000 0.0201971
800000 0.0201971
810000 0.0201971
820000 0.0201971
830000 0.0201971
840000 0.0201971
850000 0.0201971
860000 0.0201971
870000 0.0201971
880000 0.0201971
890000 0.0201971
900000 0.0201971
910000 0.0201971
920000 0.0201971
930000 0.0201971
940000 0.0201971
950000 0.0201971
960000 0.0201971
970000 0.0201971
980000 0.0201971
990000 0.0201971
