10000 0.395399
20000 0.393841
30000 0.198174
40000 0.0322532
50000 0.0322532
60000 0.0322532
70000 0.0322532
80000 0.0322532
90000 0.0322532
100000 0.0322532
110000 0.0322532
120000 0.0322532
130000 0.0322532
140000 0.0322532
150000 0.0322532
160000 0.0322532
170000 0.0322532
180000 0.0322532
190000 0.0322532
200000 0.0322532
210000 0.0322532
220000 0.0322532
230000 0.0322532
240000 0.0322532
250000 0.0322532
260000 0.0322532
270000 0.0272085
280000 0.026254
290000 0.0237956
300000 0.024441
310000 0.02325
320000 0.0217594
330000 0.0192125
340000 0.0135151
350000 0.0135151
360000 0.0135151
370000 0.0135151
380000 0.0135151
390000 0.0135151
400000 0.0135151
410000 0.0135151
420000 0.0135151
430000 0.0135151
440000 0.0135151
450000 0.0135151
460000 0.0135151
470000 0.0135151
480000 0.0135151
490000 0.0135151
500000 0.0135151
510000 0.0135151
520000 0.0135151
530000 0.0135151
540000 0.0135151
550000 0.0135151
560000 0.0135151
570000 0.0135151
580000 0.0135151
590000 0.0135151
600000 0.0135151
610000 0.0135151
620000 0.0135151
630000 0.0135151
640000 0.0135151
650000 0.0135151
660000 0.0135151
670000 0.0135151
680000 0.0135151
690000 0.0135151
700000 0.0135151
710000 0.0135151
720000 0.0135151
730000 0.0135151
740000 0.0135151
750000 0.0135151
760000 0.0135151
770000 0.0135151
780000 0.0135151
790000 0.0135151
800000 0.0135151
810000 0.0135151
820000 0.0135151
830000 0.0135151
840000 0.0135151
850000 0.0135151
860000 0.0135151
870000 0.0135151
880000 0.0135151
890000 0.0135151
900000 0.0135151
910000 0.0135151
920000 0.0135151
930000 0.0135151
940000 0.0135151
950000 0.0135151
960000 0.0135151
970000 0.0135151
980000 0.0135151
990000 0.0135151
