10000 -0.338637
20000 -0.363164
30000 -0.364273
40000 -0.357302
50000 -0.350257
60000 -0.343017
70000 -0.335398
80000 -0.327326
90000 -0.320416
100000 -0.314087
110000 -0.308399
120000 -0.303262
130000 -0.298645
140000 -0.294606
150000 -0.29086
160000 -0.28742
170000 -0.284211
180000 -0.281287
190000 -0.278639
200000 -0.276216
210000 -0.273956
220000 -0.271918
230000 -0.270009
240000 -0.268157
250000 -0.266474
260000 -0.264863
270000 -0.26338
280000 -0.26195
290000 -0.260638
300000 -0.259414
310000 -0.258229
320000 -0.257143
330000 -0.256088
340000 -0.255093
350000 -0.254147
360000 -0.25325
370000 -0.252419
380000 -0.251621
390000 -0.25085
400000 -0.250129
410000 -0.249447
420000 -0.248798
430000 -0.248168
440000 -0.247563
450000 -0.246985
460000 -0.24643
470000 -0.245906
480000 -0.245404
490000 -0.244919
500000 -0.244457
510000 -0.244
520000 -0.243566
530000 -0.243155
540000 -0.242754
550000 -0.242364
560000 -0.241988
570000 -0.241621
580000 -0.241267
590000 -0.240921
600000 -0.240584
610000 -0.240259
620000 -0.239936
630000 -0.239628
640000 -0.239331
650000 -0.239043
660000 -0.238772
670000 -0.238501
680000 -0.238251
690000 -0.238003
700000 -0.237765
710000 -0.237532
720000 -0.237304
730000 -0.237077
740000 -0.236859
750000 -0.236642
760000 -0.236429
770000 -0.236221
780000 -0.236017
790000 -0.235817
800000 -0.235623
810000 -0.235434
820000 -0.235251
830000 -0.235074
840000 -0.234899
850000 -0.234725
860000 -0.234559
870000 -0.234389
880000 -0.234231
890000 -0.234077
900000 -0.233919
910000 -0.23377
920000 -0.233627
930000 -0.233491
940000 -0.233356
950000 -0.233222
960000 -0.233092
970000 -0.232961
980000 -0.232834
990000 -0.232708
