10000 -0.336972
20000 -0.363222
30000 -0.375059
40000 -0.380669
50000 -0.383817
60000 -0.383301
70000 -0.380296
80000 -0.375939
90000 -0.371137
100000 -0.366464
110000 -0.36201
120000 -0.358031
130000 -0.3541
140000 -0.350545
150000 -0.347133
160000 -0.344085
170000 -0.341356
180000 -0.338793
190000 -0.336321
200000 -0.333787
210000 -0.331371
220000 -0.329088
230000 -0.326928
240000 -0.324889
250000 -0.322903
260000 -0.32101
270000 -0.319126
280000 -0.317284
290000 -0.315578
300000 -0.313872
310000 -0.312037
320000 -0.310189
330000 -0.308475
340000 -0.306841
350000 -0.305237
360000 -0.303689
370000 -0.302289
380000 -0.300909
390000 -0.299601
400000 -0.298361
410000 -0.297175
420000 -0.296104
430000 -0.29505
440000 -0.294021
450000 -0.292998
460000 -0.292058
470000 -0.291143
480000 -0.290289
490000 -0.289471
500000 -0.288714
510000 -0.28792
520000 -0.28716
530000 -0.28642
540000 -0.285712
550000 -0.285006
560000 -0.284321
570000 -0.283658
580000 -0.283016
590000 -0.282395
600000 -0.281789
610000 -0.281209
620000 -0.280643
630000 -0.280094
640000 -0.279559
650000 -0.279039
660000 -0.278535
670000 -0.27805
680000 -0.277574
690000 -0.277113
700000 -0.276673
710000 -0.27624
720000 -0.275815
730000 -0.275399
740000 -0.275
750000 -0.27461
760000 -0.274228
770000 -0.273857
780000 -0.273495
790000 -0.273137
800000 -0.272792
810000 -0.272455
820000 -0.27213
830000 -0.271805
840000 -0.271492
850000 -0.271185
860000 -0.270881
870000 -0.270582
880000 -0.270289
890000 -0.270002
900000 -0.269719
910000 -0.269438
920000 -0.269168
930000 -0.268904
940000 -0.268642
950000 -0.268385
960000 -0.268131
970000 -0.267883
980000 -0.26764
990000 -0.267401
