10000 -0.336407
20000 -0.366128
30000 -0.377157
40000 -0.380996
50000 -0.381486
60000 -0.376883
70000 -0.371694
80000 -0.365994
90000 -0.359951
100000 -0.35358
110000 -0.347412
120000 -0.341339
130000 -0.335774
140000 -0.330713
150000 -0.325982
160000 -0.321649
170000 -0.317742
180000 -0.314203
190000 -0.310816
200000 -0.307697
210000 -0.30467
220000 -0.301852
230000 -0.299065
240000 -0.296387
250000 -0.293813
260000 -0.291318
270000 -0.288847
280000 -0.2864
290000 -0.283972
300000 -0.281677
310000 -0.279414
320000 -0.277185
330000 -0.27493
340000 -0.272687
350000 -0.270531
360000 -0.268359
370000 -0.266149
380000 -0.264067
390000 -0.261984
400000 -0.259956
410000 -0.258009
420000 -0.256111
430000 -0.254254
440000 -0.252461
450000 -0.250726
460000 -0.249034
470000 -0.247389
480000 -0.245749
490000 -0.244165
500000 -0.242635
510000 -0.241165
520000 -0.239751
530000 -0.238372
540000 -0.237052
550000 -0.235772
560000 -0.234537
570000 -0.233349
580000 -0.232198
590000 -0.231088
600000 -0.230009
610000 -0.228973
620000 -0.227963
630000 -0.226988
640000 -0.22604
650000 -0.225116
660000 -0.224228
670000 -0.223362
680000 -0.222516
690000 -0.221698
700000 -0.220905
710000 -0.220128
720000 -0.219378
730000 -0.218646
740000 -0.217932
750000 -0.217236
760000 -0.216565
770000 -0.215904
780000 -0.215263
790000 -0.214632
800000 -0.214019
810000 -0.213417
820000 -0.212833
830000 -0.212266
840000 -0.211706
850000 -0.211162
860000 -0.210625
870000 -0.210101
880000 -0.20959
890000 -0.209097
900000 -0.208612
910000 -0.208135
920000 -0.207666
930000 -0.20721
940000 -0.206761
950000 -0.206324
960000 -0.205895
970000 -0.205478
980000 -0.205069
990000 -0.204668
