10000 -0.334768
20000 -0.368591
30000 -0.383403
40000 -0.385801
50000 -0.380762
60000 -0.373703
70000 -0.365148
80000 -0.35538
90000 -0.346367
100000 -0.337589
110000 -0.329465
120000 -0.322008
130000 -0.315275
140000 -0.309521
150000 -0.30433
160000 -0.299638
170000 -0.29545
180000 -0.291708
190000 -0.288369
200000 -0.285353
210000 -0.282601
220000 -0.280047
230000 -0.277703
240000 -0.2755
250000 -0.273503
260000 -0.271677
270000 -0.269936
280000 -0.268332
290000 -0.266851
300000 -0.265452
310000 -0.264049
320000 -0.262827
330000 -0.261682
340000 -0.260592
350000 -0.259569
360000 -0.258624
370000 -0.257728
380000 -0.25687
390000 -0.256076
400000 -0.255318
410000 -0.254577
420000 -0.253868
430000 -0.253228
440000 -0.252584
450000 -0.251983
460000 -0.251392
470000 -0.250837
480000 -0.250298
490000 -0.24979
500000 -0.249296
510000 -0.248813
520000 -0.248359
530000 -0.247928
540000 -0.247512
550000 -0.247101
560000 -0.246713
570000 -0.246335
580000 -0.245971
590000 -0.245622
600000 -0.245276
610000 -0.244937
620000 -0.244606
630000 -0.244286
640000 -0.243975
650000 -0.243675
660000 -0.243388
670000 -0.243104
680000 -0.242827
690000 -0.242555
700000 -0.242293
710000 -0.242032
720000 -0.241785
730000 -0.241543
740000 -0.241312
750000 -0.241082
760000 -0.240856
770000 -0.240633
780000 -0.240409
790000 -0.240195
800000 -0.239986
810000 -0.239784
820000 -0.239583
830000 -0.23939
840000 -0.239201
850000 -0.239018
860000 -0.238834
870000 -0.238652
880000 -0.238475
890000 -0.238303
900000 -0.238135
910000 -0.23797
920000 -0.237806
930000 -0.237646
940000 -0.237489
950000 -0.237338
960000 -0.237192
970000 -0.237047
980000 -0.236905
990000 -0.236764
