10000 -0.337963
20000 -0.364403
30000 -0.374325
40000 -0.380634
50000 -0.383011
60000 -0.381484
70000 -0.37972
80000 -0.378508
90000 -0.375706
100000 -0.37307
110000 -0.369895
120000 -0.365872
130000 -0.36137
140000 -0.356653
150000 -0.351734
160000 -0.347213
170000 -0.342949
180000 -0.338935
190000 -0.335177
200000 -0.331724
210000 -0.328488
220000 -0.325597
230000 -0.322856
240000 -0.320234
250000 -0.317763
260000 -0.31539
270000 -0.313133
280000 -0.310984
290000 -0.308971
300000 -0.307085
310000 -0.30528
320000 -0.30355
330000 -0.301908
340000 -0.300324
350000 -0.298818
360000 -0.297403
370000 -0.296059
380000 -0.294769
390000 -0.293534
400000 -0.292349
410000 -0.291195
420000 -0.290091
430000 -0.289009
440000 -0.287992
450000 -0.287005
460000 -0.286059
470000 -0.285141
480000 -0.28426
490000 -0.28346
500000 -0.282663
510000 -0.2819
520000 -0.281145
530000 -0.280424
540000 -0.279732
550000 -0.279063
560000 -0.278411
570000 -0.277774
580000 -0.277155
590000 -0.276555
600000 -0.275986
610000 -0.275427
620000 -0.274894
630000 -0.274383
640000 -0.273894
650000 -0.273401
660000 -0.272922
670000 -0.272459
680000 -0.272005
690000 -0.271548
700000 -0.27111
710000 -0.270678
720000 -0.270258
730000 -0.269834
740000 -0.269441
750000 -0.269051
760000 -0.268674
770000 -0.268304
780000 -0.267941
790000 -0.267591
800000 -0.267251
810000 -0.266919
820000 -0.266593
830000 -0.266267
840000 -0.265953
850000 -0.265651
860000 -0.265359
870000 -0.265077
880000 -0.264792
890000 -0.264507
900000 -0.264235
910000 -0.263967
920000 -0.263703
930000 -0.263439
940000 -0.26318
950000 -0.262929
960000 -0.262681
970000 -0.262442
980000 -0.262197
990000 -0.261961
