10000 -0.356692
20000 -0.371741
30000 -0.383194
40000 -0.389474
50000 -0.392753
60000 -0.394701
70000 -0.39617
80000 -0.395858
90000 -0.394637
100000 -0.39278
110000 -0.390614
120000 -0.387912
130000 -0.38487
140000 -0.380842
150000 -0.375897
160000 -0.370297
170000 -0.364886
180000 -0.359631
190000 -0.354508
200000 -0.349505
210000 -0.344836
220000 -0.34045
230000 -0.336202
240000 -0.33229
250000 -0.328715
260000 -0.325387
270000 -0.322261
280000 -0.319359
290000 -0.316638
300000 -0.314061
310000 -0.311642
320000 -0.309394
330000 -0.307286
340000 -0.305251
350000 -0.303349
360000 -0.301514
370000 -0.299804
380000 -0.298159
390000 -0.296646
400000 -0.295146
410000 -0.293734
420000 -0.292379
430000 -0.29107
440000 -0.289831
450000 -0.288632
460000 -0.287472
470000 -0.286353
480000 -0.285262
490000 -0.284221
500000 -0.283222
510000 -0.282259
520000 -0.281347
530000 -0.280457
540000 -0.279592
550000 -0.278755
560000 -0.277951
570000 -0.277181
580000 -0.276422
590000 -0.275687
600000 -0.274979
610000 -0.274298
620000 -0.27365
630000 -0.273023
640000 -0.272414
650000 -0.27182
660000 -0.271237
670000 -0.270672
680000 -0.270109
690000 -0.269566
700000 -0.269043
710000 -0.26853
720000 -0.268027
730000 -0.267536
740000 -0.267065
750000 -0.266611
760000 -0.266167
770000 -0.26573
780000 -0.265306
790000 -0.264891
800000 -0.264482
810000 -0.264091
820000 -0.263708
830000 -0.263331
840000 -0.262961
850000 -0.262601
860000 -0.262246
870000 -0.261901
880000 -0.261563
890000 -0.26123
900000 -0.260902
910000 -0.260578
920000 -0.260267
930000 -0.259962
940000 -0.259663
950000 -0.259371
960000 -0.259088
970000 -0.258803
980000 -0.258528
990000 -0.258256
