10000 -0.34926
20000 -0.372679
30000 -0.380863
40000 -0.384043
50000 -0.384738
60000 -0.383261
70000 -0.378246
80000 -0.371571
90000 -0.364469
100000 -0.358175
110000 -0.352847
120000 -0.348212
130000 -0.344081
140000 -0.34047
150000 -0.337247
160000 -0.334351
170000 -0.331712
180000 -0.329263
190000 -0.327001
200000 -0.324983
210000 -0.323076
220000 -0.321325
230000 -0.319771
240000 -0.318316
250000 -0.317005
260000 -0.315708
270000 -0.3145
280000 -0.313354
290000 -0.312286
300000 -0.311261
310000 -0.310285
320000 -0.309378
330000 -0.308498
340000 -0.307666
350000 -0.306894
360000 -0.306124
370000 -0.305377
380000 -0.304659
390000 -0.303975
400000 -0.303327
410000 -0.302697
420000 -0.302083
430000 -0.301487
440000 -0.300917
450000 -0.300359
460000 -0.299818
470000 -0.299285
480000 -0.298787
490000 -0.298285
500000 -0.297817
510000 -0.297361
520000 -0.296913
530000 -0.296485
540000 -0.296068
550000 -0.295677
560000 -0.295287
570000 -0.294912
580000 -0.294545
590000 -0.294189
600000 -0.293857
610000 -0.293529
620000 -0.2932
630000 -0.292887
640000 -0.292586
650000 -0.29229
660000 -0.291999
670000 -0.291715
680000 -0.29145
690000 -0.29117
700000 -0.290906
710000 -0.290644
720000 -0.2904
730000 -0.290164
740000 -0.28993
750000 -0.289688
760000 -0.28945
770000 -0.289223
780000 -0.289002
790000 -0.288777
800000 -0.288553
810000 -0.288334
820000 -0.288122
830000 -0.287909
840000 -0.287703
850000 -0.287505
860000 -0.287312
870000 -0.28712
880000 -0.286936
890000 -0.286755
900000 -0.286578
910000 -0.286409
920000 -0.286243
930000 -0.286084
940000 -0.285924
950000 -0.285769
960000 -0.285624
970000 -0.285477
980000 -0.285332
990000 -0.285189
