10000 -0.3302
20000 -0.361173
30000 -0.361649
40000 -0.354494
50000 -0.345358
60000 -0.335443
70000 -0.324432
80000 -0.315431
90000 -0.307395
100000 -0.300882
110000 -0.29511
120000 -0.290036
130000 -0.285984
140000 -0.282481
150000 -0.279278
160000 -0.276414
170000 -0.273744
180000 -0.271477
190000 -0.269412
200000 -0.267518
210000 -0.265742
220000 -0.26407
230000 -0.262527
240000 -0.261139
250000 -0.259837
260000 -0.25865
270000 -0.257523
280000 -0.256473
290000 -0.255473
300000 -0.254554
310000 -0.253652
320000 -0.252826
330000 -0.252047
340000 -0.251309
350000 -0.250603
360000 -0.249928
370000 -0.249282
380000 -0.248663
390000 -0.24807
400000 -0.247488
410000 -0.24694
420000 -0.246402
430000 -0.245878
440000 -0.245396
450000 -0.244917
460000 -0.244458
470000 -0.244023
480000 -0.243592
490000 -0.243173
500000 -0.242777
510000 -0.242391
520000 -0.242026
530000 -0.241669
540000 -0.241325
550000 -0.240996
560000 -0.240679
570000 -0.240372
580000 -0.240084
590000 -0.239806
600000 -0.239541
610000 -0.239274
620000 -0.239023
630000 -0.238775
640000 -0.238531
650000 -0.238298
660000 -0.238069
670000 -0.237843
680000 -0.237624
690000 -0.237415
700000 -0.237208
710000 -0.237011
720000 -0.23681
730000 -0.23662
740000 -0.236437
750000 -0.236252
760000 -0.236069
770000 -0.235895
780000 -0.235725
790000 -0.235558
800000 -0.235394
810000 -0.235235
820000 -0.235076
830000 -0.234928
840000 -0.234777
850000 -0.234629
860000 -0.234488
870000 -0.234347
880000 -0.234206
890000 -0.234067
900000 -0.233936
910000 -0.233802
920000 -0.233678
930000 -0.233553
940000 -0.233431
950000 -0.233312
960000 -0.233197
970000 -0.23308
980000 -0.232965
990000 -0.232851
