10000 -0.468239
20000 -0.443171
30000 -0.434407
40000 -0.421257
50000 -0.414899
60000 -0.403294
70000 -0.381204
80000 -0.353033
90000 -0.333725
100000 -0.330483
110000 -0.31476
120000 -0.306731
130000 -0.293676
140000 -0.28572
150000 -0.289406
160000 -0.284427
170000 -0.278994
180000 -0.276283
190000 -0.273423
200000 -0.27238
210000 -0.271465
220000 -0.268352
230000 -0.269303
240000 -0.267778
250000 -0.267459
260000 -0.267217
270000 -0.267287
280000 -0.266709
290000 -0.265177
300000 -0.264536
310000 -0.26437
320000 -0.261771
330000 -0.260766
340000 -0.260546
350000 -0.258108
360000 -0.258935
370000 -0.25903
380000 -0.257982
390000 -0.256716
400000 -0.256773
410000 -0.25545
420000 -0.254612
430000 -0.25383
440000 -0.253365
450000 -0.253837
460000 -0.253422
470000 -0.252067
480000 -0.251163
490000 -0.251414
500000 -0.250613
510000 -0.249627
520000 -0.249392
530000 -0.248797
540000 -0.249051
550000 -0.247155
560000 -0.246493
570000 -0.244954
580000 -0.243332
590000 -0.240159
600000 -0.237537
610000 -0.236249
620000 -0.233692
630000 -0.23165
640000 -0.228233
650000 -0.223085
660000 -0.219598
670000 -0.216729
680000 -0.211625
690000 -0.210174
700000 -0.209711
710000 -0.203096
720000 -0.202071
730000 -0.202005
740000 -0.201022
750000 -0.200923
760000 -0.200527
770000 -0.200199
780000 -0.199772
790000 -0.199298
800000 -0.199148
810000 -0.198899
820000 -0.198289
830000 -0.198303
840000 -0.197743
850000 -0.197379
860000 -0.197101
870000 -0.197091
880000 -0.19702
890000 -0.196879
900000 -0.196681
910000 -0.196135
920000 -0.195793
930000 -0.195779
940000 -0.195552
950000 -0.195157
960000 -0.195909
970000 -0.196003
980000 -0.196006
990000 -0.195756
