10000 0.141146
20000 0.0729305
30000 0.0500873
40000 0.0386469
50000 0.0317786
60000 0.0271977
70000 0.0239247
80000 0.0214692
90000 0.0195591
100000 0.0180309
110000 0.0167803
120000 0.0157381
130000 0.0148561
140000 0.0141002
150000 0.0134449
160000 0.0128715
170000 0.0123656
180000 0.0119159
190000 0.0115135
200000 0.0111514
210000 0.0108237
220000 0.0105257
230000 0.0102537
240000 0.0100044
250000 0.00977501
260000 0.00956325
270000 0.00936718
280000 0.00918513
290000 0.0090156
300000 0.00885737
310000 0.00870936
320000 0.0085706
330000 0.00844025
340000 0.00831756
350000 0.00820188
360000 0.00809265
370000 0.00798928
380000 0.00789138
390000 0.00779849
400000 0.00771024
410000 0.0076263
420000 0.00754636
430000 0.00747014
440000 0.00739737
450000 0.00732785
460000 0.00726134
470000 0.00719767
480000 0.00713664
490000 0.00707811
500000 0.00702192
510000 0.00696793
520000 0.00691602
530000 0.00686607
540000 0.00681797
550000 0.00677161
560000 0.00672692
570000 0.00668378
580000 0.00664214
590000 0.00660191
600000 0.00656302
610000 0.0065254
620000 0.006489
630000 0.00645375
640000 0.00641961
650000 0.00638652
660000 0.00635442
670000 0.00632328
680000 0.00629307
690000 0.00626373
700000 0.00623522
710000 0.00620752
720000 0.00618059
730000 0.00615439
740000 0.0061289
750000 0.0061041
760000 0.00607994
770000 0.00605642
780000 0.0060335
790000 0.00601115
800000 0.00598937
810000 0.00596812
820000 0.00594739
830000 0.00592716
840000 0.00590742
850000 0.00588813
860000 0.0058693
870000 0.00585089
880000 0.00583291
890000 0.00581533
900000 0.00579814
910000 0.00578133
920000 0.00576489
930000 0.0057488
940000 0.00573305
950000 0.00571763
960000 0.00570253
970000 0.00568775
980000 0.00567326
990000 0.00565907
