10000 0.264592
20000 0.137093
30000 0.0931297
40000 0.0710467
50000 0.0577568
60000 0.0488677
70000 0.0425127
80000 0.0377582
90000 0.0340569
100000 0.0310939
110000 0.0286692
120000 0.0266493
130000 0.0249381
140000 0.0234712
150000 0.0222001
160000 0.0210868
170000 0.0201052
180000 0.0192296
190000 0.0184468
200000 0.0177452
210000 0.0171119
220000 0.0165372
230000 0.0160128
240000 0.0155323
250000 0.0150913
260000 0.0146843
270000 0.0143065
280000 0.0139556
290000 0.0136291
300000 0.0133243
310000 0.0130395
320000 0.0127729
330000 0.0125227
340000 0.0122874
350000 0.0120661
360000 0.0118572
370000 0.0116597
380000 0.011472
390000 0.0112944
400000 0.0111255
410000 0.0109645
420000 0.0108116
430000 0.0106649
440000 0.0105246
450000 0.0103906
460000 0.010262
470000 0.0101386
480000 0.0100202
490000 0.00990654
500000 0.00979741
510000 0.0096928
520000 0.00959238
530000 0.00949518
540000 0.00940179
550000 0.00931183
560000 0.00922498
570000 0.00914145
580000 0.00906085
590000 0.00898297
600000 0.00890742
610000 0.00883416
620000 0.00876303
630000 0.00869416
640000 0.00862723
650000 0.00856244
660000 0.00849977
670000 0.0084386
680000 0.00837945
690000 0.00832194
700000 0.0082661
710000 0.00821167
720000 0.00815843
730000 0.00810658
740000 0.00805634
750000 0.0080074
760000 0.00795989
770000 0.00791362
780000 0.00786857
790000 0.00782438
800000 0.0077813
810000 0.00773925
820000 0.00769796
830000 0.00765797
840000 0.00761887
850000 0.00758059
860000 0.00754296
870000 0.00750609
880000 0.00746984
890000 0.00743464
900000 0.00740006
910000 0.00736655
920000 0.00733353
930000 0.00730138
940000 0.00727005
950000 0.00723906
960000 0.00720839
970000 0.00717832
980000 0.00714934
990000 0.00712111
