10000 -0.324452
20000 -0.356265
30000 -0.361921
40000 -0.366921
50000 -0.366929
60000 -0.363374
70000 -0.357837
80000 -0.352266
90000 -0.34641
100000 -0.340999
110000 -0.336462
120000 -0.332387
130000 -0.329044
140000 -0.325899
150000 -0.322988
160000 -0.320177
170000 -0.317146
180000 -0.314064
190000 -0.31077
200000 -0.307103
210000 -0.303079
220000 -0.299258
230000 -0.295697
240000 -0.29235
250000 -0.289223
260000 -0.286226
270000 -0.283402
280000 -0.280715
290000 -0.278136
300000 -0.275577
310000 -0.273024
320000 -0.270663
330000 -0.268401
340000 -0.266293
350000 -0.264251
360000 -0.262313
370000 -0.260485
380000 -0.258757
390000 -0.257068
400000 -0.255521
410000 -0.254025
420000 -0.25261
430000 -0.251288
440000 -0.249958
450000 -0.248701
460000 -0.247502
470000 -0.245768
480000 -0.242213
490000 -0.23861
500000 -0.23502
510000 -0.231592
520000 -0.228241
530000 -0.224939
540000 -0.221673
550000 -0.218477
560000 -0.215361
570000 -0.212344
580000 -0.209412
590000 -0.206562
600000 -0.203796
610000 -0.201106
620000 -0.198501
630000 -0.195994
640000 -0.193546
650000 -0.191139
660000 -0.188788
670000 -0.186489
680000 -0.18426
690000 -0.182118
700000 -0.180028
710000 -0.177995
720000 -0.175993
730000 -0.174046
740000 -0.172172
750000 -0.170342
760000 -0.168552
770000 -0.166808
780000 -0.165137
790000 -0.163471
800000 -0.161852
810000 -0.160275
820000 -0.158735
830000 -0.157228
840000 -0.155752
850000 -0.154315
860000 -0.152913
870000 -0.151532
880000 -0.150201
890000 -0.148888
900000 -0.147606
910000 -0.146353
920000 -0.14513
930000 -0.143938
940000 -0.142761
950000 -0.141615
960000 -0.140485
970000 -0.139377
980000 -0.138302
990000 -0.13724
