10000 -0.331093
20000 -0.350657
30000 -0.362264
40000 -0.366515
50000 -0.368382
60000 -0.366665
70000 -0.363362
80000 -0.359433
90000 -0.355578
100000 -0.351961
110000 -0.348916
120000 -0.34615
130000 -0.343443
140000 -0.34047
150000 -0.336873
160000 -0.332719
170000 -0.328542
180000 -0.324916
190000 -0.321681
200000 -0.31848
210000 -0.315539
220000 -0.312839
230000 -0.310343
240000 -0.307982
250000 -0.305807
260000 -0.303763
270000 -0.301789
280000 -0.299969
290000 -0.298205
300000 -0.296554
310000 -0.29499
320000 -0.293533
330000 -0.29216
340000 -0.29092
350000 -0.289724
360000 -0.288561
370000 -0.287506
380000 -0.286434
390000 -0.285424
400000 -0.284484
410000 -0.2836
420000 -0.282756
430000 -0.281933
440000 -0.281148
450000 -0.280392
460000 -0.279674
470000 -0.278986
480000 -0.278314
490000 -0.277641
500000 -0.27703
510000 -0.276438
520000 -0.275863
530000 -0.275314
540000 -0.274789
550000 -0.274239
560000 -0.273728
570000 -0.273266
580000 -0.2728
590000 -0.272338
600000 -0.271906
610000 -0.27149
620000 -0.271087
630000 -0.270672
640000 -0.270279
650000 -0.269905
660000 -0.269518
670000 -0.269167
680000 -0.268795
690000 -0.268455
700000 -0.268122
710000 -0.267816
720000 -0.26752
730000 -0.267224
740000 -0.26692
750000 -0.266623
760000 -0.266347
770000 -0.266067
780000 -0.265806
790000 -0.265537
800000 -0.265259
810000 -0.264669
820000 -0.263829
830000 -0.26273
840000 -0.261285
850000 -0.259721
860000 -0.258199
870000 -0.25669
880000 -0.255208
890000 -0.25376
900000 -0.252345
910000 -0.250958
920000 -0.249606
930000 -0.248282
940000 -0.246997
950000 -0.245711
960000 -0.244444
970000 -0.243169
980000 -0.24195
990000 -0.240752
