10000 -0.406456
20000 -0.385205
30000 -0.362227
40000 -0.344612
50000 -0.330182
60000 -0.305415
70000 -0.286552
80000 -0.263484
90000 -0.251797
100000 -0.247086
110000 -0.242888
120000 -0.238604
130000 -0.23511
140000 -0.233559
150000 -0.231976
160000 -0.23093
170000 -0.229355
180000 -0.22893
190000 -0.225115
200000 -0.224108
210000 -0.215643
220000 -0.215656
230000 -0.214543
240000 -0.208186
250000 -0.206015
260000 -0.20687
270000 -0.202904
280000 -0.198911
290000 -0.197366
300000 -0.199529
310000 -0.199265
320000 -0.199636
330000 -0.199128
340000 -0.198117
350000 -0.196806
360000 -0.197022
370000 -0.196312
380000 -0.195165
390000 -0.195826
400000 -0.196561
410000 -0.196457
420000 -0.196036
430000 -0.195692
440000 -0.194897
450000 -0.195101
460000 -0.19533
470000 -0.195985
480000 -0.195663
490000 -0.196262
500000 -0.196425
510000 -0.196298
520000 -0.196443
530000 -0.195848
540000 -0.195269
550000 -0.194379
560000 -0.192467
570000 -0.192135
580000 -0.191879
590000 -0.191582
600000 -0.191351
610000 -0.191392
620000 -0.191345
630000 -0.19121
640000 -0.19117
650000 -0.190873
660000 -0.191174
670000 -0.189823
680000 -0.188145
690000 -0.187304
700000 -0.18668
710000 -0.185594
720000 -0.185495
730000 -0.185007
740000 -0.184747
750000 -0.183619
760000 -0.183548
770000 -0.183284
780000 -0.182522
790000 -0.181879
800000 -0.181696
810000 -0.138758
820000 -0.117706
830000 -0.0707753
840000 -0.0697941
850000 -0.0697455
860000 -0.0694224
870000 -0.0693991
880000 -0.0692578
890000 -0.0690655
900000 -0.0691215
910000 -0.069066
920000 -0.0689694
930000 -0.0689188
940000 -0.0683981
950000 -0.0681892
960000 -0.0680249
970000 -0.067923
980000 -0.0679943
990000 -0.0681647
