10000 -0.447517
20000 -0.420491
30000 -0.410688
40000 -0.386526
50000 -0.360938
60000 -0.345331
70000 -0.331883
80000 -0.326643
90000 -0.313592
100000 -0.295385
110000 -0.253232
120000 -0.233301
130000 -0.218696
140000 -0.216831
150000 -0.214258
160000 -0.212969
170000 -0.211314
180000 -0.208364
190000 -0.207044
200000 -0.207022
210000 -0.205643
220000 -0.204777
230000 -0.20436
240000 -0.20338
250000 -0.203583
260000 -0.203069
270000 -0.202498
280000 -0.202948
290000 -0.202166
300000 -0.201319
310000 -0.200841
320000 -0.199432
330000 -0.198473
340000 -0.197803
350000 -0.196873
360000 -0.195458
370000 -0.195269
380000 -0.194043
390000 -0.194239
400000 -0.193223
410000 -0.193412
420000 -0.19376
430000 -0.193884
440000 -0.191943
450000 -0.190412
460000 -0.192302
470000 -0.191962
480000 -0.191132
490000 -0.190475
500000 -0.189976
510000 -0.188162
520000 -0.188127
530000 -0.187967
540000 -0.186264
550000 -0.187663
560000 -0.184952
570000 -0.185288
580000 -0.184841
590000 -0.184123
600000 -0.184305
610000 -0.168836
620000 -0.142881
630000 -0.120102
640000 -0.0822821
650000 -0.080472
660000 -0.0798955
670000 -0.0786034
680000 -0.0783433
690000 -0.0783224
700000 -0.0777558
710000 -0.0776069
720000 -0.0772863
730000 -0.0768785
740000 -0.0767154
750000 -0.0769922
760000 -0.0771244
770000 -0.0771138
780000 -0.0768248
790000 -0.0773527
800000 -0.0773194
810000 -0.077146
820000 -0.0775817
830000 -0.0771255
840000 -0.0769816
850000 -0.0774285
860000 -0.0772595
870000 -0.0769696
880000 -0.0769992
890000 -0.076835
900000 -0.0765508
910000 -0.0765451
920000 -0.0765408
930000 -0.0765148
940000 -0.0765228
950000 -0.0765021
960000 -0.0764224
970000 -0.0764228
980000 -0.0763487
990000 -0.0767941
