10000 -0.444741
20000 -0.414317
30000 -0.398458
40000 -0.377809
50000 -0.370215
60000 -0.357584
70000 -0.313518
80000 -0.300162
90000 -0.290269
100000 -0.277315
110000 -0.270726
120000 -0.265923
130000 -0.262569
140000 -0.260712
150000 -0.260429
160000 -0.258501
170000 -0.259157
180000 -0.258074
190000 -0.258666
200000 -0.256136
210000 -0.255921
220000 -0.255047
230000 -0.254783
240000 -0.254277
250000 -0.255144
260000 -0.254609
270000 -0.253746
280000 -0.252963
290000 -0.252538
300000 -0.252717
310000 -0.25234
320000 -0.252558
330000 -0.252283
340000 -0.251759
350000 -0.251643
360000 -0.251951
370000 -0.251688
380000 -0.251523
390000 -0.251725
400000 -0.251697
410000 -0.25324
420000 -0.251721
430000 -0.251578
440000 -0.251466
450000 -0.251464
460000 -0.251504
470000 -0.251563
480000 -0.251473
490000 -0.251182
500000 -0.250767
510000 -0.251022
520000 -0.250832
530000 -0.250796
540000 -0.251234
550000 -0.250901
560000 -0.250726
570000 -0.250097
580000 -0.202119
590000 -0.145092
600000 -0.114375
610000 -0.111793
620000 -0.108956
630000 -0.10763
640000 -0.10661
650000 -0.105617
660000 -0.10459
670000 -0.102628
680000 -0.100562
690000 -0.100183
700000 -0.0986345
710000 -0.0966794
720000 -0.0966644
730000 -0.0964223
740000 -0.0960297
750000 -0.0957121
760000 -0.0955164
770000 -0.0953999
780000 -0.0952144
790000 -0.0947226
800000 -0.0944273
810000 -0.0940576
820000 -0.0939985
830000 -0.0938844
840000 -0.0935745
850000 -0.0933376
860000 -0.0933352
870000 -0.0929142
880000 -0.0926732
890000 -0.0922193
900000 -0.0920731
910000 -0.0920302
920000 -0.0918463
930000 -0.0917312
940000 -0.0915733
950000 -0.0915082
960000 -0.0911539
970000 -0.0909829
980000 -0.0909594
990000 -0.0908574
