10000 -0.419331
20000 -0.429243
30000 -0.423959
40000 -0.396612
50000 -0.391427
60000 -0.385913
70000 -0.379845
80000 -0.374307
90000 -0.368254
100000 -0.360148
110000 -0.353862
120000 -0.341794
130000 -0.331329
140000 -0.326655
150000 -0.312291
160000 -0.311083
170000 -0.308464
180000 -0.304253
190000 -0.301803
200000 -0.294786
210000 -0.294617
220000 -0.293208
230000 -0.291771
240000 -0.291494
250000 -0.287032
260000 -0.286109
270000 -0.286504
280000 -0.285167
290000 -0.28397
300000 -0.283861
310000 -0.283286
320000 -0.28181
330000 -0.280709
340000 -0.279671
350000 -0.279856
360000 -0.28016
370000 -0.275504
380000 -0.272951
390000 -0.234807
400000 -0.191754
410000 -0.131463
420000 -0.113745
430000 -0.108909
440000 -0.103622
450000 -0.0990172
460000 -0.0945007
470000 -0.0900778
480000 -0.0871505
490000 -0.0859239
500000 -0.085339
510000 -0.0846354
520000 -0.0837387
530000 -0.0826391
540000 -0.0815847
550000 -0.0808153
560000 -0.0796267
570000 -0.0772056
580000 -0.0748097
590000 -0.0724098
600000 -0.0696466
610000 -0.0677279
620000 -0.0662127
630000 -0.064757
640000 -0.0632034
650000 -0.0607741
660000 -0.0590944
670000 -0.0564505
680000 -0.0549571
690000 -0.0535201
700000 -0.0517252
710000 -0.0489255
720000 -0.0469858
730000 -0.0451586
740000 -0.0418238
750000 -0.0406803
760000 -0.0384288
770000 -0.0366153
780000 -0.0344664
790000 -0.0330579
800000 -0.0331292
810000 -0.0329766
820000 -0.0331289
830000 -0.0332837
840000 -0.0331454
850000 -0.0332067
860000 -0.0334791
870000 -0.0335253
880000 -0.0331884
890000 -0.0327012
900000 -0.0318929
910000 -0.0314087
920000 -0.031349
930000 -0.0303415
940000 -0.0308438
950000 -0.0301396
960000 -0.0299972
970000 -0.0294428
980000 -0.029295
990000 -0.0292999
