10000 0.394461
20000 0.337798
30000 0.307729
40000 0.263392
50000 0.213618
60000 0.179028
70000 0.154301
80000 0.135712
90000 0.12125
100000 0.109683
110000 0.100215
120000 0.0923236
130000 0.0856457
140000 0.0799237
150000 0.0749572
160000 0.0706144
170000 0.0667838
180000 0.0633761
190000 0.0603289
200000 0.0575861
210000 0.055102
220000 0.0528447
230000 0.050785
240000 0.048895
250000 0.047157
260000 0.0455536
270000 0.0440678
280000 0.0426876
290000 0.0414033
300000 0.0402056
310000 0.0390839
320000 0.038032
330000 0.0370453
340000 0.0361149
350000 0.0352388
360000 0.0344105
370000 0.0336274
380000 0.0328855
390000 0.0321817
400000 0.0315133
410000 0.030877
420000 0.0302712
430000 0.0296938
440000 0.0291423
450000 0.0286155
460000 0.0281118
470000 0.0276291
480000 0.0271668
490000 0.0267234
500000 0.0262975
510000 0.0258887
520000 0.025495
530000 0.0251166
540000 0.024752
550000 0.0244008
560000 0.0240621
570000 0.0237353
580000 0.02342
590000 0.0231149
600000 0.0228202
610000 0.0225352
620000 0.0222593
630000 0.0219923
640000 0.0217335
650000 0.0214828
660000 0.0212395
670000 0.0210036
680000 0.0207746
690000 0.0205523
700000 0.0203363
710000 0.0201263
720000 0.0199223
730000 0.0197238
740000 0.0195307
750000 0.0193426
760000 0.0191596
770000 0.0189815
780000 0.0188077
790000 0.0186383
800000 0.0184733
810000 0.0183123
820000 0.0181554
830000 0.018002
840000 0.0178523
850000 0.0177061
860000 0.0175634
870000 0.017424
880000 0.0172877
890000 0.0171545
900000 0.0170243
910000 0.016897
920000 0.0167722
930000 0.0166503
940000 0.0165082
950000 0.0163914
960000 0.016277
970000 0.0161649
980000 0.0160551
990000 0.0159476
