10000 0.392123
20000 0.271039
30000 0.182692
40000 0.138294
50000 0.111606
60000 0.0938074
70000 0.0810919
80000 0.0715511
90000 0.0641165
100000 0.0581758
110000 0.0533148
120000 0.049263
130000 0.045835
140000 0.0428944
150000 0.0403472
160000 0.0381182
170000 0.0361518
180000 0.0344022
190000 0.0328374
200000 0.0314302
210000 0.0301551
220000 0.0289975
230000 0.0279393
240000 0.0269699
250000 0.0260779
260000 0.0252551
270000 0.024492
280000 0.0237842
290000 0.0231251
300000 0.0225098
310000 0.0219341
320000 0.0213947
330000 0.0208879
340000 0.0204107
350000 0.0199613
360000 0.019536
370000 0.0191342
380000 0.0187535
390000 0.0183924
400000 0.0180491
410000 0.0177227
420000 0.0174122
430000 0.0171154
440000 0.0168325
450000 0.0165622
460000 0.0163035
470000 0.016056
480000 0.0158187
490000 0.0155911
500000 0.0153725
510000 0.0151627
520000 0.0149608
530000 0.0147666
540000 0.0145795
550000 0.0143992
560000 0.0142255
570000 0.0140577
580000 0.0138958
590000 0.0137394
600000 0.0135881
610000 0.0134418
620000 0.0133003
630000 0.0131632
640000 0.0130304
650000 0.0129018
660000 0.012777
670000 0.0126559
680000 0.0125384
690000 0.0124243
700000 0.0123135
710000 0.0122057
720000 0.012101
730000 0.0119991
740000 0.0119
750000 0.0118036
760000 0.0117096
770000 0.0116182
780000 0.011529
790000 0.0114422
800000 0.0113574
810000 0.0112748
820000 0.0111942
830000 0.0111155
840000 0.0110387
850000 0.0109638
860000 0.0108905
870000 0.010819
880000 0.0107491
890000 0.0106807
900000 0.0106138
910000 0.0105485
920000 0.0104845
930000 0.010422
940000 0.0103607
950000 0.0103008
960000 0.010242
970000 0.0101845
980000 0.0101282
990000 0.0100731
