10000 0.41507
20000 0.224575
30000 0.151489
40000 0.114852
50000 0.0928396
60000 0.0781625
70000 0.0676754
80000 0.0597999
90000 0.0536763
100000 0.0487783
110000 0.0447704
120000 0.041429
130000 0.0386024
140000 0.0361788
150000 0.0340786
160000 0.032241
170000 0.0306194
180000 0.0291777
190000 0.027888
200000 0.0267274
210000 0.0256767
220000 0.024722
230000 0.0238499
240000 0.0230512
250000 0.0223155
260000 0.0216371
270000 0.0210085
280000 0.0204246
290000 0.0198813
300000 0.0193819
310000 0.0189
320000 0.0184554
330000 0.018037
340000 0.0176437
350000 0.0172731
360000 0.016923
370000 0.0165917
380000 0.016278
390000 0.0159804
400000 0.0156975
410000 0.0154284
420000 0.0151722
430000 0.0149277
440000 0.0146945
450000 0.0144716
460000 0.0142584
470000 0.0140543
480000 0.0138588
490000 0.0136711
500000 0.0134911
510000 0.013318
520000 0.0131516
530000 0.0129916
540000 0.0128373
550000 0.0126887
560000 0.0125454
570000 0.0124072
580000 0.0122737
590000 0.0121448
600000 0.0120201
610000 0.0118996
620000 0.0117829
630000 0.0116699
640000 0.0115605
650000 0.0114544
660000 0.0113515
670000 0.0112517
680000 0.0111548
690000 0.0110608
700000 0.0109695
710000 0.0108806
720000 0.0107943
730000 0.0107103
740000 0.0106286
750000 0.0105491
760000 0.0104717
770000 0.0103963
780000 0.0103228
790000 0.0102512
800000 0.0101814
810000 0.0101133
820000 0.0100468
830000 0.009982
840000 0.00991869
850000 0.00985688
860000 0.00979651
870000 0.00973752
880000 0.00967989
890000 0.00962355
900000 0.00956846
910000 0.00951458
920000 0.00946187
930000 0.00941028
940000 0.0093598
950000 0.00931039
960000 0.00926199
970000 0.00921461
980000 0.00916817
990000 0.00912268
