10000 0.139709
20000 0.09723
30000 0.0516835
40000 0.0377477
50000 0.00288887
60000 0.00169904
70000 0.00166416
80000 0.00173278
90000 0.00151738
100000 0.0014086
110000 0.00135491
120000 0.00139456
130000 0.00138647
140000 0.00143112
150000 0.0014831
160000 0.00142952
170000 0.00140472
180000 0.00139503
190000 0.00126816
200000 0.00122628
210000 0.0010204
220000 0.0010204
230000 0.00102924
240000 0.0010204
250000 0.00102041
260000 0.00102039
270000 0.00102038
280000 0.00102038
290000 0.00102039
300000 0.00102039
310000 0.00102039
320000 0.00102038
330000 0.00102039
340000 0.0010204
350000 0.00102038
360000 0.00102037
370000 0.00102036
380000 0.00102036
390000 0.00102033
400000 0.00109177
410000 0.00102029
420000 0.00102028
430000 0.00102028
440000 0.00102032
450000 0.00102029
460000 0.0010203
470000 0.00102027
480000 0.00102027
490000 0.00102025
500000 0.00102025
510000 0.00102024
520000 0.00102025
530000 0.00102025
540000 0.00102023
550000 0.00102024
560000 0.00102025
570000 0.00102025
580000 0.00102024
590000 0.00102021
600000 0.00102023
610000 0.00102024
620000 0.00102023
630000 0.00102023
640000 0.00102023
650000 0.00102023
660000 0.00102025
670000 0.00102024
680000 0.00102022
690000 0.00102023
700000 0.00102026
710000 0.00112412
720000 0.00104254
730000 0.00105626
740000 0.00109089
750000 0.00108386
760000 0.00109663
770000 0.00111311
780000 0.00115984
790000 0.00115984
800000 0.00110646
810000 0.00112278
820000 0.00114045
830000 0.0011082
840000 0.00109457
850000 0.00107799
860000 0.00107558
870000 0.00107251
880000 0.00106751
890000 0.00108294
900000 0.00108718
910000 0.00108385
920000 0.00107725
930000 0.00108713
940000 0.00108322
950000 0.00106327
960000 0.00105422
970000 0.00106148
980000 0.00103551
990000 0.00104312
