10000 0.0104747
20000 0.00417137
30000 0.00417137
40000 0.00417137
50000 0.00417137
60000 0.00417137
70000 0.00417137
80000 0.00417137
90000 0.00417137
100000 0.00417137
110000 0.00417137
120000 0.00417137
130000 0.00417137
140000 0.00417137
150000 0.00417137
160000 0.00417137
170000 0.00417137
180000 0.00417137
190000 0.00417137
200000 0.00417137
210000 0.00417137
220000 0.00417137
230000 0.00417137
240000 0.00417137
250000 0.00417137
260000 0.00417137
270000 0.00417137
280000 0.00417137
290000 0.00417137
300000 0.00417137
310000 0.00417137
320000 0.00417137
330000 0.00417137
340000 0.00488242
350000 0.00543191
360000 0.00541569
370000 0.00515135
380000 0.00489635
390000 0.00476827
400000 0.0045927
410000 0.00476039
420000 0.00470724
430000 0.00510072
440000 0.00503565
450000 0.00497127
460000 0.00494827
470000 0.00476132
480000 0.00449034
490000 0.00457122
500000 0.00460072
510000 0.00487773
520000 0.00493083
530000 0.00493978
540000 0.00489898
550000 0.00477462
560000 0.00484631
570000 0.00481012
580000 0.00458458
590000 0.00441192
600000 0.00465582
610000 0.00475139
620000 0.00491283
630000 0.00485885
640000 0.0048762
650000 0.00500628
660000 0.00505507
670000 0.00494169
680000 0.00501604
690000 0.004989
700000 0.00500741
710000 0.00491426
720000 0.00503591
730000 0.00504037
740000 0.0050516
750000 0.00522021
760000 0.00556041
770000 0.00576259
780000 0.00540119
790000 0.00526759
800000 0.00519693
810000 0.00526831
820000 0.00520796
830000 0.00501801
840000 0.00487778
850000 0.00488604
860000 0.00493979
870000 0.00480011
880000 0.00482013
890000 0.00486064
900000 0.00496637
910000 0.00498677
920000 0.00505624
930000 0.00502255
940000 0.00513161
950000 0.00517057
960000 0.00504064
970000 0.00488166
980000 0.00476469
990000 0.004798
