10000 -0.333278
20000 -0.364403
30000 -0.378469
40000 -0.387104
50000 -0.393234
60000 -0.39725
70000 -0.39966
80000 -0.400944
90000 -0.400609
100000 -0.400584
110000 -0.399354
120000 -0.397629
130000 -0.397364
140000 -0.397888
150000 -0.397614
160000 -0.39739
170000 -0.396258
180000 -0.394565
190000 -0.394212
200000 -0.394116
210000 -0.392769
220000 -0.390694
230000 -0.387391
240000 -0.383918
250000 -0.380679
260000 -0.377698
270000 -0.374954
280000 -0.372139
290000 -0.370315
300000 -0.370221
310000 -0.369387
320000 -0.36803
330000 -0.366351
340000 -0.363926
350000 -0.361461
360000 -0.35908
370000 -0.357017
380000 -0.356251
390000 -0.3548
400000 -0.352745
410000 -0.350667
420000 -0.34861
430000 -0.346589
440000 -0.344668
450000 -0.342754
460000 -0.340905
470000 -0.339142
480000 -0.337582
490000 -0.336046
500000 -0.334468
510000 -0.332929
520000 -0.331441
530000 -0.330231
540000 -0.329033
550000 -0.327781
560000 -0.326514
570000 -0.325294
580000 -0.324136
590000 -0.32305
600000 -0.321939
610000 -0.320805
620000 -0.319716
630000 -0.318717
640000 -0.317767
650000 -0.316788
660000 -0.315855
670000 -0.315011
680000 -0.314206
690000 -0.313405
700000 -0.312492
710000 -0.311577
720000 -0.310724
730000 -0.309893
740000 -0.309097
750000 -0.308291
760000 -0.307577
770000 -0.307011
780000 -0.306459
790000 -0.305944
800000 -0.305379
810000 -0.304841
820000 -0.304321
830000 -0.303813
840000 -0.303292
850000 -0.302831
860000 -0.302307
870000 -0.30184
880000 -0.301337
890000 -0.300818
900000 -0.300289
910000 -0.299763
920000 -0.299265
930000 -0.298754
940000 -0.298276
950000 -0.297785
960000 -0.297314
970000 -0.29682
980000 -0.29636
990000 -0.295912
