10000 -0.34197
20000 -0.36927
30000 -0.381328
40000 -0.389057
50000 -0.393724
60000 -0.396266
70000 -0.402689
80000 -0.40846
90000 -0.411222
100000 -0.411999
110000 -0.41011
120000 -0.406558
130000 -0.40171
140000 -0.395539
150000 -0.389353
160000 -0.383159
170000 -0.376197
180000 -0.367704
190000 -0.358373
200000 -0.348665
210000 -0.339856
220000 -0.331374
230000 -0.323468
240000 -0.316211
250000 -0.30944
260000 -0.303208
270000 -0.297323
280000 -0.291742
290000 -0.286973
300000 -0.282147
310000 -0.277527
320000 -0.27446
330000 -0.27203
340000 -0.269178
350000 -0.266049
360000 -0.263286
370000 -0.259952
380000 -0.257113
390000 -0.254005
400000 -0.251536
410000 -0.248759
420000 -0.245989
430000 -0.243398
440000 -0.240895
450000 -0.238444
460000 -0.236106
470000 -0.233806
480000 -0.231616
490000 -0.229493
500000 -0.227849
510000 -0.226222
520000 -0.224317
530000 -0.222483
540000 -0.220736
550000 -0.219076
560000 -0.217429
570000 -0.215803
580000 -0.214284
590000 -0.212747
600000 -0.211314
610000 -0.209879
620000 -0.2085
630000 -0.207384
640000 -0.206516
650000 -0.205633
660000 -0.204782
670000 -0.203922
680000 -0.20306
690000 -0.202219
700000 -0.20139
710000 -0.200623
720000 -0.199855
730000 -0.199078
740000 -0.198316
750000 -0.1976
760000 -0.196865
770000 -0.196189
780000 -0.195492
790000 -0.194793
800000 -0.194091
810000 -0.193403
820000 -0.192753
830000 -0.192082
840000 -0.191415
850000 -0.190793
860000 -0.190159
870000 -0.189559
880000 -0.188935
890000 -0.18833
900000 -0.187733
910000 -0.187134
920000 -0.186538
930000 -0.185954
940000 -0.185377
950000 -0.184797
960000 -0.184206
970000 -0.183661
980000 -0.18313
990000 -0.1826
