10000 -0.473569
20000 -0.454519
30000 -0.442368
40000 -0.440715
50000 -0.436599
60000 -0.411193
70000 -0.399699
80000 -0.399882
90000 -0.379215
100000 -0.403251
110000 -0.397186
120000 -0.382047
130000 -0.384587
140000 -0.362596
150000 -0.375979
160000 -0.338701
170000 -0.329703
180000 -0.328823
190000 -0.386712
200000 -0.362066
210000 -0.345549
220000 -0.322472
230000 -0.28957
240000 -0.293648
250000 -0.30859
260000 -0.282582
270000 -0.319162
280000 -0.328479
290000 -0.303095
300000 -0.311587
310000 -0.294029
320000 -0.277131
330000 -0.281234
340000 -0.288017
350000 -0.273134
360000 -0.273603
370000 -0.272552
380000 -0.27216
390000 -0.27118
400000 -0.276449
410000 -0.275511
420000 -0.259771
430000 -0.260649
440000 -0.258462
450000 -0.285328
460000 -0.276372
470000 -0.259859
480000 -0.259173
490000 -0.266924
500000 -0.27126
510000 -0.273221
520000 -0.266467
530000 -0.259986
540000 -0.444372
550000 -0.434435
560000 -0.423492
570000 -0.415551
580000 -0.407495
590000 -0.39988
600000 -0.392992
610000 -0.388573
620000 -0.377295
630000 -0.369006
640000 -0.368871
650000 -0.356401
660000 -0.352162
670000 -0.349723
680000 -0.354572
690000 -0.349392
700000 -0.344444
710000 -0.341026
720000 -0.338062
730000 -0.335534
740000 -0.331158
750000 -0.325313
760000 -0.319169
770000 -0.316503
780000 -0.314731
790000 -0.308537
800000 -0.323377
810000 -0.319687
820000 -0.295821
830000 -0.289858
840000 -0.279323
850000 -0.276921
860000 -0.276225
870000 -0.272126
880000 -0.258743
890000 -0.252133
900000 -0.243661
910000 -0.2382
920000 -0.236208
930000 -0.224216
940000 -0.212178
950000 -0.212875
960000 -0.202408
970000 -0.189412
980000 -0.186233
990000 -0.176581
