10000 0.489048
20000 0.353201
30000 0.325842
40000 0.318169
50000 0.316723
60000 0.324764
70000 0.316981
80000 0.303241
90000 0.28781
100000 0.272438
110000 0.257862
120000 0.24435
130000 0.250977
140000 0.255477
150000 0.257125
160000 0.2567
170000 0.254798
180000 0.251871
190000 0.248241
200000 0.244171
210000 0.239804
220000 0.235257
230000 0.230638
240000 0.226013
250000 0.222462
260000 0.219867
270000 0.215504
280000 0.211174
290000 0.206914
300000 0.202741
310000 0.198667
320000 0.194699
330000 0.190838
340000 0.187088
350000 0.189461
360000 0.190465
370000 0.190885
380000 0.191037
390000 0.190926
400000 0.190616
410000 0.190151
420000 0.18954
430000 0.188799
440000 0.18797
450000 0.18703
460000 0.186016
470000 0.184929
480000 0.18378
490000 0.18257
500000 0.181322
510000 0.180035
520000 0.178712
530000 0.177361
540000 0.175984
550000 0.174583
560000 0.173166
570000 0.171747
580000 0.170317
590000 0.168889
600000 0.167464
610000 0.166047
620000 0.164639
630000 0.163266
640000 0.16191
650000 0.160551
660000 0.159199
670000 0.157851
680000 0.156519
690000 0.155198
700000 0.153894
710000 0.153038
720000 0.152648
730000 0.152127
740000 0.151484
750000 0.150716
760000 0.14982
770000 0.148792
780000 0.147625
790000 0.146296
800000 0.144829
810000 0.143265
820000 0.141733
830000 0.140234
840000 0.138766
850000 0.137328
860000 0.135921
870000 0.134542
880000 0.133191
890000 0.131868
900000 0.130571
910000 0.1293
920000 0.128054
930000 0.126831
940000 0.125633
950000 0.124457
960000 0.123303
970000 0.122171
980000 0.121061
990000 0.11997
