10000 0.420255
20000 0.414195
30000 0.35975
40000 0.31676
50000 0.273282
60000 0.239247
70000 0.208505
80000 0.1846
90000 0.165581
100000 0.155629
110000 0.157286
120000 0.153809
130000 0.147282
140000 0.143611
150000 0.139303
160000 0.134883
170000 0.130483
180000 0.1262
190000 0.128304
200000 0.129546
210000 0.128365
220000 0.125547
230000 0.141475
240000 0.154624
250000 0.165226
260000 0.173793
270000 0.181347
280000 0.187166
290000 0.194662
300000 0.204224
310000 0.212567
320000 0.219775
330000 0.225952
340000 0.231173
350000 0.235505
360000 0.238986
370000 0.241663
380000 0.243581
390000 0.244769
400000 0.245188
410000 0.24481
420000 0.244089
430000 0.243153
440000 0.241957
450000 0.240568
460000 0.239058
470000 0.237461
480000 0.235791
490000 0.234146
500000 0.232311
510000 0.230409
520000 0.228462
530000 0.226489
540000 0.224455
550000 0.2225
560000 0.221203
570000 0.219801
580000 0.21828
590000 0.216657
600000 0.215671
610000 0.214817
620000 0.213509
630000 0.211731
640000 0.209763
650000 0.207786
660000 0.205834
670000 0.20391
680000 0.202016
690000 0.200206
700000 0.198402
710000 0.196593
720000 0.194811
730000 0.195558
740000 0.201631
750000 0.207469
760000 0.21309
770000 0.218501
780000 0.223716
790000 0.228744
800000 0.233594
810000 0.238273
820000 0.242785
830000 0.247137
840000 0.251333
850000 0.25538
860000 0.259278
870000 0.263041
880000 0.266666
890000 0.270159
900000 0.273572
910000 0.276948
920000 0.280199
930000 0.283336
940000 0.286364
950000 0.289288
960000 0.292115
970000 0.294843
980000 0.297477
990000 0.300017
