10000 0.0489684
20000 0.00444612
30000 0.0044459
40000 0.00545822
50000 0.00461069
60000 0.00461095
70000 0.00517928
80000 0.00517628
90000 0.00518456
100000 0.00691051
110000 0.00594687
120000 0.00517266
130000 0.0051648
140000 0.00517221
150000 0.0051298
160000 0.00512476
170000 0.00512063
180000 0.0107969
190000 0.00750273
200000 0.00514978
210000 0.0051596
220000 0.00515484
230000 0.00515866
240000 0.00515856
250000 0.00515722
260000 0.00515587
270000 0.00894558
280000 0.00514364
290000 0.00513117
300000 0.00513965
310000 0.00513261
320000 0.00513838
330000 0.050206
340000 0.0410047
350000 0.0353234
360000 0.0278127
370000 0.0204578
380000 0.0144985
390000 0.00787796
400000 0.00505694
410000 0.00503919
420000 0.0464871
430000 0.0367394
440000 0.0255851
450000 0.0147991
460000 0.0166312
470000 0.00504067
480000 0.00503378
490000 0.00503232
500000 0.00536171
510000 0.00535801
520000 0.00535967
530000 0.00536045
540000 0.00536188
550000 0.00536348
560000 0.00536376
570000 0.00536141
580000 0.00535922
590000 0.00535756
600000 0.00536095
610000 0.00536388
620000 0.00536279
630000 0.00536394
640000 0.00536462
650000 0.00536317
660000 0.00536516
670000 0.00536166
680000 0.00536542
690000 0.00536556
700000 0.00536389
710000 0.00536958
720000 0.00526787
730000 0.00527415
740000 0.00527455
750000 0.0052739
760000 0.00527394
770000 0.00527438
780000 0.00527445
790000 0.00520829
800000 0.0416596
810000 0.037272
820000 0.0329378
830000 0.0285667
840000 0.0236722
850000 0.0184769
860000 0.0123973
870000 0.00907918
880000 0.00519537
890000 0.0051945
900000 0.0391168
910000 0.0371325
920000 0.0349049
930000 0.0333346
940000 0.0317562
950000 0.0298064
960000 0.0803016
970000 0.0751215
980000 0.0695961
990000 0.0642831
