10000 0.00482115
20000 0.00520631
30000 0.00606609
40000 0.230877
50000 0.180589
60000 0.132021
70000 0.114809
80000 0.0373886
90000 0.0102341
100000 0.00533142
110000 0.0753686
120000 0.0053396
130000 0.00533943
140000 0.0052082
150000 0.00520977
160000 0.00521297
170000 0.00521113
180000 0.00521023
190000 0.00520989
200000 0.00520506
210000 0.00520889
220000 0.00521263
230000 0.00521784
240000 0.179891
250000 0.159478
260000 0.141748
270000 0.125836
280000 0.108274
290000 0.0921337
300000 0.133603
310000 0.0750264
320000 0.0425609
330000 0.0158599
340000 0.0876167
350000 0.0281165
360000 0.00475705
370000 0.00475465
380000 0.00475627
390000 0.248863
400000 0.235334
410000 0.223216
420000 0.212974
430000 0.202415
440000 0.192939
450000 0.183606
460000 0.175354
470000 0.167276
480000 0.159653
490000 0.152737
500000 0.14613
510000 0.139455
520000 0.133589
530000 0.127452
540000 0.121861
550000 0.115945
560000 0.110806
570000 0.105849
580000 0.100869
590000 0.0960695
600000 0.0910174
610000 0.0860334
620000 0.0811679
630000 0.0764217
640000 0.0720838
650000 0.0681925
660000 0.0640642
670000 0.0598002
680000 0.0555958
690000 0.0517987
700000 0.0481972
710000 0.0444041
720000 0.372171
730000 0.254383
740000 0.244016
750000 0.23326
760000 0.222372
770000 0.211654
780000 0.201765
790000 0.191699
800000 0.180523
810000 0.17131
820000 0.15977
830000 0.149072
840000 0.138313
850000 0.1264
860000 0.113638
870000 0.101668
880000 0.116162
890000 0.0809346
900000 0.0585645
910000 0.0423106
920000 0.0209077
930000 0.00505742
940000 0.00471719
950000 0.00471314
960000 0.00471344
970000 0.00471167
980000 0.00470738
990000 0.00470531
