10000 0.562255
20000 0.515258
30000 0.262509
40000 0.227956
50000 0.288458
60000 0.247674
70000 0.182165
80000 0.22503
90000 0.211488
100000 0.15634
110000 0.166837
120000 0.13472
130000 0.188683
140000 0.160614
150000 0.204623
160000 0.152863
170000 0.078272
180000 0.183203
190000 0.250627
200000 0.12329
210000 0.11015
220000 0.102804
230000 0.0964729
240000 0.0867187
250000 0.0792131
260000 0.0726845
270000 0.116329
280000 0.0946785
290000 0.0803435
300000 0.0649581
310000 0.0486855
320000 0.0711258
330000 0.0991405
340000 0.0456556
350000 0.0425179
360000 0.0313056
370000 0.0232465
380000 0.0156246
390000 0.0455085
400000 0.0432134
410000 0.0407831
420000 0.0385686
430000 0.0362164
440000 0.0338858
450000 0.0316123
460000 0.0404084
470000 0.0377855
480000 0.0346625
490000 0.0312928
500000 0.0274485
510000 0.0233076
520000 0.0186803
530000 0.0151518
540000 0.0131952
550000 0.009932
560000 0.00899494
570000 0.00891698
580000 0.0394562
590000 0.0357262
600000 0.0321985
610000 0.0292236
620000 0.0467663
630000 0.0439828
640000 0.0410252
650000 0.0382151
660000 0.0362846
670000 0.0384464
680000 0.0326512
690000 0.0266192
700000 0.0209169
710000 0.0262688
720000 0.0228178
730000 0.0204928
740000 0.0164449
750000 0.0126555
760000 0.00967872
770000 0.00763103
780000 0.00724116
790000 0.00617485
800000 0.00601049
810000 0.00586577
820000 0.00569249
830000 0.00550182
840000 0.00538617
850000 0.0375161
860000 0.0356619
870000 0.0339039
880000 0.0325402
890000 0.0308652
900000 0.0291607
910000 0.0278234
920000 0.0266529
930000 0.0251422
940000 0.0240151
950000 0.0222155
960000 0.0208548
970000 0.0193806
980000 0.0239486
990000 0.0227026
