10000 0.284826
20000 0.606571
30000 0.328343
40000 0.316974
50000 0.325632
60000 0.310274
70000 0.304789
80000 0.299031
90000 0.282574
100000 0.389313
110000 0.309665
120000 0.283348
130000 0.267923
140000 0.267242
150000 0.259345
160000 0.249297
170000 0.239741
180000 0.249163
190000 0.234199
200000 0.246029
210000 0.221408
220000 0.211944
230000 0.221211
240000 0.306354
250000 0.337352
260000 0.315207
270000 0.298348
280000 0.276974
290000 0.258188
300000 0.262812
310000 0.24555
320000 0.239606
330000 0.232871
340000 0.229702
350000 0.223943
360000 0.215931
370000 0.208467
380000 0.207864
390000 0.205089
400000 0.317827
410000 0.3147
420000 0.307941
430000 0.306382
440000 0.301284
450000 0.299922
460000 0.298955
470000 0.295565
480000 0.291544
490000 0.289984
500000 0.227216
510000 0.194301
520000 0.194756
530000 0.184467
540000 0.179511
550000 0.174649
560000 0.164392
570000 0.15889
580000 0.157571
590000 0.149505
600000 0.143899
610000 0.139121
620000 0.139821
630000 0.131492
640000 0.129939
650000 0.122275
660000 0.114736
670000 0.110287
680000 0.105791
690000 0.103871
700000 0.0990477
710000 0.0967826
720000 0.0959136
730000 0.0921871
740000 0.0914728
750000 0.0904786
760000 0.0904381
770000 0.0871094
780000 0.0853142
790000 0.0832267
800000 0.0869561
810000 0.0785529
820000 0.0793109
830000 0.0765325
840000 0.0768754
850000 0.0802309
860000 0.0829405
870000 0.0774507
880000 0.080002
890000 0.0779738
900000 0.0762813
910000 0.0786867
920000 0.0789766
930000 0.0789972
940000 0.076184
950000 0.0746906
960000 0.0760856
970000 0.0764367
980000 0.0752882
990000 0.0738818
