100000 -0.622279
200000 -0.595826
300000 -0.619165
400000 -0.559505
500000 -0.540977
600000 -0.536723
700000 -0.557044
800000 -0.593751
900000 -0.548417
1000000 -0.545527
1100000 -0.508454
1200000 -0.491501
1300000 -0.58241
1400000 -0.58694
1500000 -0.491603
1600000 -0.577974
1700000 -0.53511
1800000 -0.575219
1900000 -0.519049
2000000 -0.584663
2100000 -0.558355
2200000 -0.538548
2300000 -0.54002
2400000 -0.511063
2500000 -0.562611
2600000 -0.493599
2700000 -0.539344
2800000 -0.536355
2900000 -0.561269
3000000 -0.599235
3100000 -0.52333
3200000 -0.501344
3300000 -0.529586
3400000 -0.581166
3500000 -0.5221
3600000 -0.443965
3700000 -0.642665
3800000 -0.558446
3900000 -0.526328
4000000 -0.501825
4100000 -0.553179
4200000 -0.522262
4300000 -0.478433
4400000 -0.526782
4500000 -0.49696
4600000 -0.584713
4700000 -0.574694
4800000 -0.507281
4900000 -0.447083
5000000 -0.642066
5100000 -0.588603
5200000 -0.607866
5300000 -0.583772
5400000 -0.520348
5500000 -0.516335
5600000 -0.473884
5700000 -0.600823
5800000 -0.53115
5900000 -0.540575
6000000 -0.523808
6100000 -0.530701
6200000 -0.549833
6300000 -0.616671
6400000 -0.482746
6500000 -0.537798
6600000 -0.589719
6700000 -0.413756
6800000 -0.47129
6900000 -0.535652
7000000 -0.546316
7100000 -0.383477
7200000 -0.599957
7300000 -0.468607
7400000 -0.455926
7500000 -0.581214
7600000 -0.587505
7700000 -0.558197
7800000 -0.535495
7900000 -0.630199
8000000 -0.493174
8100000 -0.528896
8200000 -0.508759
8300000 -0.507159
8400000 -0.571334
8500000 -0.51541
8600000 -0.55025
8700000 -0.474898
8800000 -0.538712
8900000 -0.511875
9000000 -0.542031
9100000 -0.506927
9200000 -0.481186
9300000 -0.534978
9400000 -0.553271
9500000 -0.493046
9600000 -0.45149
9700000 -0.444968
9800000 -0.520041
9900000 -0.487282
10000000 -0.562405
