100000 -0.593648
200000 -0.515553
300000 -0.579321
400000 -0.532773
500000 -0.460042
600000 -0.571811
700000 -0.613732
800000 -0.566317
900000 -0.558485
1000000 -0.487437
1100000 -0.548909
1200000 -0.566476
1300000 -0.509743
1400000 -0.551649
1500000 -0.593551
1600000 -0.511776
1700000 -0.501554
1800000 -0.578862
1900000 -0.629362
2000000 -0.581199
2100000 -0.400091
2200000 -0.564376
2300000 -0.620765
2400000 -0.584165
2500000 -0.584871
2600000 -0.532762
2700000 -0.576504
2800000 -0.552553
2900000 -0.503091
3000000 -0.571106
3100000 -0.511648
3200000 -0.58201
3300000 -0.473071
3400000 -0.509943
3500000 -0.555068
3600000 -0.545656
3700000 -0.592405
3800000 -0.601981
3900000 -0.504944
4000000 -0.481342
4100000 -0.528567
4200000 -0.535423
4300000 -0.575466
4400000 -0.543219
4500000 -0.542513
4600000 -0.55013
4700000 -0.476493
4800000 -0.587726
4900000 -0.551264
5000000 -0.515218
5100000 -0.589832
5200000 -0.504399
5300000 -0.550182
5400000 -0.50593
5500000 -0.517221
5600000 -0.548607
5700000 -0.466899
5800000 -0.475051
5900000 -0.496298
6000000 -0.566765
6100000 -0.591771
6200000 -0.555527
6300000 -0.525699
6400000 -0.522543
6500000 -0.531488
6600000 -0.60586
6700000 -0.528344
6800000 -0.509486
6900000 -0.589564
7000000 -0.557657
7100000 -0.533146
7200000 -0.531551
7300000 -0.468129
7400000 -0.497572
7500000 -0.493253
7600000 -0.464093
7700000 -0.5209
7800000 -0.500654
7900000 -0.549225
8000000 -0.561116
8100000 -0.592215
8200000 -0.567523
8300000 -0.490589
8400000 -0.439529
8500000 -0.564375
8600000 -0.545704
8700000 -0.589693
8800000 -0.543139
8900000 -0.543485
9000000 -0.448146
9100000 -0.543452
9200000 -0.513365
9300000 -0.482127
9400000 -0.519433
9500000 -0.495068
9600000 -0.4301
9700000 -0.562994
9800000 -0.464793
9900000 -0.586409
10000000 -0.519108
