100000 -0.575731
200000 -0.49438
300000 -0.534425
400000 -0.508632
500000 -0.604525
600000 -0.518009
700000 -0.509657
800000 -0.567843
900000 -0.471482
1000000 -0.55381
1100000 -0.593999
1200000 -0.506222
1300000 -0.530082
1400000 -0.462294
1500000 -0.613428
1600000 -0.478137
1700000 -0.625575
1800000 -0.536358
1900000 -0.58633
2000000 -0.570261
2100000 -0.568976
2200000 -0.591806
2300000 -0.570308
2400000 -0.561691
2500000 -0.53284
2600000 -0.530807
2700000 -0.588056
2800000 -0.552681
2900000 -0.527693
3000000 -0.582187
3100000 -0.568892
3200000 -0.569826
3300000 -0.415183
3400000 -0.535281
3500000 -0.58087
3600000 -0.560867
3700000 -0.569868
3800000 -0.539152
3900000 -0.575313
4000000 -0.566375
4100000 -0.558796
4200000 -0.539583
4300000 -0.547269
4400000 -0.584057
4500000 -0.587471
4600000 -0.448923
4700000 -0.501373
4800000 -0.475032
4900000 -0.537758
5000000 -0.523386
5100000 -0.514735
5200000 -0.495278
5300000 -0.547471
5400000 -0.567847
5500000 -0.527408
5600000 -0.629291
5700000 -0.46497
5800000 -0.559613
5900000 -0.516893
6000000 -0.509398
6100000 -0.5036
6200000 -0.53128
6300000 -0.562586
6400000 -0.516883
6500000 -0.481206
6600000 -0.491155
6700000 -0.480273
6800000 -0.482917
6900000 -0.576072
7000000 -0.447278
7100000 -0.565983
7200000 -0.42113
7300000 -0.558644
7400000 -0.647038
7500000 -0.50466
7600000 -0.523491
7700000 -0.518721
7800000 -0.444964
7900000 -0.436359
8000000 -0.564243
8100000 -0.564933
8200000 -0.501638
8300000 -0.596793
8400000 -0.450835
8500000 -0.481468
8600000 -0.619211
8700000 -0.569786
8800000 -0.554676
8900000 -0.565925
9000000 -0.482541
9100000 -0.477025
9200000 -0.510376
9300000 -0.516887
9400000 -0.557553
9500000 -0.587059
9600000 -0.530616
9700000 -0.509305
9800000 -0.495401
9900000 -0.562243
10000000 -0.635299
