100000 -0.61152
200000 -0.545396
300000 -0.540418
400000 -0.55982
500000 -0.453688
600000 -0.576429
700000 -0.584395
800000 -0.594952
900000 -0.495189
1000000 -0.53565
1100000 -0.548238
1200000 -0.529982
1300000 -0.50552
1400000 -0.526637
1500000 -0.590538
1600000 -0.496632
1700000 -0.621756
1800000 -0.633331
1900000 -0.59392
2000000 -0.485259
2100000 -0.567907
2200000 -0.536695
2300000 -0.510051
2400000 -0.44527
2500000 -0.501004
2600000 -0.653571
2700000 -0.584789
2800000 -0.582541
2900000 -0.550206
3000000 -0.515101
3100000 -0.528979
3200000 -0.535744
3300000 -0.547723
3400000 -0.5583
3500000 -0.542512
3600000 -0.608982
3700000 -0.502892
3800000 -0.582753
3900000 -0.559584
4000000 -0.548483
4100000 -0.485904
4200000 -0.539204
4300000 -0.571782
4400000 -0.467531
4500000 -0.479429
4600000 -0.507802
4700000 -0.485161
4800000 -0.524165
4900000 -0.504066
5000000 -0.550906
5100000 -0.565891
5200000 -0.576545
5300000 -0.467172
5400000 -0.493404
5500000 -0.496934
5600000 -0.546879
5700000 -0.532418
5800000 -0.564568
5900000 -0.504336
6000000 -0.490842
6100000 -0.62166
6200000 -0.511479
6300000 -0.563003
6400000 -0.474343
6500000 -0.498677
6600000 -0.536383
6700000 -0.555851
6800000 -0.632712
6900000 -0.596508
7000000 -0.558701
7100000 -0.613358
7200000 -0.548305
7300000 -0.553993
7400000 -0.532549
7500000 -0.557406
7600000 -0.555179
7700000 -0.527084
7800000 -0.549649
7900000 -0.43699
8000000 -0.52749
8100000 -0.520545
8200000 -0.515339
8300000 -0.525614
8400000 -0.544862
8500000 -0.491958
8600000 -0.511966
8700000 -0.476654
8800000 -0.538765
8900000 -0.560285
9000000 -0.591351
9100000 -0.517231
9200000 -0.421765
9300000 -0.644441
9400000 -0.589486
9500000 -0.489423
9600000 -0.470314
9700000 -0.567691
9800000 -0.571933
9900000 -0.540469
10000000 -0.529253
