100000 -0.579849
200000 -0.532106
300000 -0.593416
400000 -0.607127
500000 -0.622077
600000 -0.593668
700000 -0.494873
800000 -0.484123
900000 -0.484486
1000000 -0.530729
1100000 -0.544867
1200000 -0.587176
1300000 -0.599693
1400000 -0.574216
1500000 -0.584611
1600000 -0.537209
1700000 -0.500261
1800000 -0.559527
1900000 -0.579884
2000000 -0.597593
2100000 -0.55943
2200000 -0.557655
2300000 -0.550336
2400000 -0.617097
2500000 -0.507025
2600000 -0.557001
2700000 -0.59582
2800000 -0.601292
2900000 -0.519572
3000000 -0.57431
3100000 -0.535211
3200000 -0.60255
3300000 -0.590793
3400000 -0.621629
3500000 -0.553425
3600000 -0.574436
3700000 -0.524907
3800000 -0.504063
3900000 -0.522335
4000000 -0.526054
4100000 -0.555704
4200000 -0.519883
4300000 -0.493786
4400000 -0.372731
4500000 -0.503406
4600000 -0.601834
4700000 -0.495326
4800000 -0.52109
4900000 -0.552104
5000000 -0.547468
5100000 -0.485495
5200000 -0.540876
5300000 -0.510318
5400000 -0.496183
5500000 -0.529269
5600000 -0.519383
5700000 -0.414236
5800000 -0.567951
5900000 -0.504906
6000000 -0.52655
6100000 -0.554795
6200000 -0.516215
6300000 -0.46268
6400000 -0.486489
6500000 -0.582927
6600000 -0.560942
6700000 -0.500077
6800000 -0.495026
6900000 -0.649095
7000000 -0.575963
7100000 -0.516291
7200000 -0.60618
7300000 -0.538736
7400000 -0.527041
7500000 -0.539895
7600000 -0.534879
7700000 -0.53114
7800000 -0.547049
7900000 -0.497666
8000000 -0.508629
8100000 -0.495266
8200000 -0.521836
8300000 -0.476985
8400000 -0.502853
8500000 -0.490698
8600000 -0.530635
8700000 -0.4659
8800000 -0.508656
8900000 -0.515023
9000000 -0.561997
9100000 -0.56191
9200000 -0.56891
9300000 -0.509512
9400000 -0.526341
9500000 -0.532966
9600000 -0.507583
9700000 -0.584581
9800000 -0.496052
9900000 -0.498118
10000000 -0.545882
