10000 -0.237261
20000 -0.320163
30000 -0.346187
40000 -0.359389
50000 -0.365226
60000 -0.369471
70000 -0.372781
80000 -0.37486
90000 -0.376686
100000 -0.376775
110000 -0.376618
120000 -0.376016
130000 -0.375506
140000 -0.374815
150000 -0.374169
160000 -0.373797
170000 -0.373267
180000 -0.372246
190000 -0.371222
200000 -0.369863
210000 -0.368361
220000 -0.366766
230000 -0.365198
240000 -0.363592
250000 -0.361711
260000 -0.359903
270000 -0.358397
280000 -0.356728
290000 -0.354833
300000 -0.353019
310000 -0.351374
320000 -0.349726
330000 -0.348515
340000 -0.347484
350000 -0.346451
360000 -0.345185
370000 -0.34388
380000 -0.342466
390000 -0.340986
400000 -0.339674
410000 -0.339307
420000 -0.3388
430000 -0.338144
440000 -0.337531
450000 -0.336926
460000 -0.336193
470000 -0.335441
480000 -0.334665
490000 -0.333916
500000 -0.333201
510000 -0.332441
520000 -0.331661
530000 -0.331024
540000 -0.330391
550000 -0.329811
560000 -0.329206
570000 -0.328611
580000 -0.327981
590000 -0.327268
600000 -0.326637
610000 -0.326037
620000 -0.325417
630000 -0.324824
640000 -0.324261
650000 -0.323622
660000 -0.322945
670000 -0.322203
680000 -0.321424
690000 -0.320641
700000 -0.319848
710000 -0.319041
720000 -0.318225
730000 -0.317372
740000 -0.316455
750000 -0.315543
760000 -0.314612
770000 -0.313634
780000 -0.312608
790000 -0.311582
800000 -0.310545
810000 -0.309508
820000 -0.308434
830000 -0.30738
840000 -0.306331
850000 -0.305273
860000 -0.304229
870000 -0.303212
880000 -0.30231
890000 -0.301426
900000 -0.300518
910000 -0.299585
920000 -0.298649
930000 -0.297709
940000 -0.296814
950000 -0.295908
960000 -0.294979
970000 -0.294052
980000 -0.293134
990000 -0.29221
