10000 -0.219948
20000 -0.321935
30000 -0.354399
40000 -0.370086
50000 -0.378411
60000 -0.383318
70000 -0.385462
80000 -0.387164
90000 -0.387563
100000 -0.388315
110000 -0.387486
120000 -0.385758
130000 -0.384217
140000 -0.382224
150000 -0.380058
160000 -0.377682
170000 -0.37483
180000 -0.371816
190000 -0.368219
200000 -0.364861
210000 -0.362643
220000 -0.360804
230000 -0.358796
240000 -0.35698
250000 -0.354974
260000 -0.352959
270000 -0.351395
280000 -0.348983
290000 -0.34654
300000 -0.344179
310000 -0.341723
320000 -0.339376
330000 -0.337149
340000 -0.334947
350000 -0.332843
360000 -0.330739
370000 -0.328558
380000 -0.326449
390000 -0.324487
400000 -0.322666
410000 -0.320944
420000 -0.319253
430000 -0.317574
440000 -0.316154
450000 -0.314838
460000 -0.313578
470000 -0.312335
480000 -0.311135
490000 -0.309901
500000 -0.308691
510000 -0.308727
520000 -0.30872
530000 -0.308684
540000 -0.308626
550000 -0.308536
560000 -0.308433
570000 -0.308308
580000 -0.308178
590000 -0.308033
600000 -0.307836
610000 -0.307626
620000 -0.307417
630000 -0.307192
640000 -0.306983
650000 -0.306778
660000 -0.306573
670000 -0.306345
680000 -0.306125
690000 -0.305882
700000 -0.30563
710000 -0.30538
720000 -0.305139
730000 -0.304963
740000 -0.304725
750000 -0.304457
760000 -0.304151
770000 -0.303855
780000 -0.303847
790000 -0.303868
800000 -0.303695
810000 -0.303444
820000 -0.30313
830000 -0.302879
840000 -0.302618
850000 -0.302381
860000 -0.302154
870000 -0.301901
880000 -0.301673
890000 -0.301426
900000 -0.301138
910000 -0.300842
920000 -0.30056
930000 -0.300262
940000 -0.299956
950000 -0.299661
960000 -0.29937
970000 -0.299067
980000 -0.298775
990000 -0.298532
