10000 -0.438692
20000 -0.448204
30000 -0.430446
40000 -0.424835
50000 -0.423103
60000 -0.412813
70000 -0.405634
80000 -0.405837
90000 -0.398785
100000 -0.382501
110000 -0.362636
120000 -0.368254
130000 -0.35591
140000 -0.346815
150000 -0.341871
160000 -0.328591
170000 -0.322666
180000 -0.306555
190000 -0.300316
200000 -0.305438
210000 -0.323284
220000 -0.313341
230000 -0.3132
240000 -0.30515
250000 -0.294848
260000 -0.318248
270000 -0.28996
280000 -0.274249
290000 -0.271727
300000 -0.271307
310000 -0.263185
320000 -0.267401
330000 -0.261609
340000 -0.262685
350000 -0.256577
360000 -0.251255
370000 -0.247842
380000 -0.24598
390000 -0.249809
400000 -0.250209
410000 -0.247861
420000 -0.249331
430000 -0.244568
440000 -0.256637
450000 -0.25505
460000 -0.254707
470000 -0.253298
480000 -0.251685
490000 -0.248549
500000 -0.310233
510000 -0.305362
520000 -0.300124
530000 -0.297482
540000 -0.296263
550000 -0.294056
560000 -0.292904
570000 -0.292747
580000 -0.291403
590000 -0.290095
600000 -0.288161
610000 -0.286905
620000 -0.286879
630000 -0.288622
640000 -0.28764
650000 -0.285685
660000 -0.285019
670000 -0.283771
680000 -0.283628
690000 -0.2821
700000 -0.280515
710000 -0.27945
720000 -0.282529
730000 -0.276535
740000 -0.275178
750000 -0.280001
760000 -0.275238
770000 -0.273869
780000 -0.304621
790000 -0.290058
800000 -0.281631
810000 -0.27966
820000 -0.282888
830000 -0.27842
840000 -0.27368
850000 -0.281228
860000 -0.277364
870000 -0.272093
880000 -0.277605
890000 -0.274216
900000 -0.268964
910000 -0.268431
920000 -0.267367
930000 -0.266918
940000 -0.267047
950000 -0.267058
960000 -0.266526
970000 -0.265035
980000 -0.264103
990000 -0.269798
