10000 -0.462879
20000 -0.418642
30000 -0.401728
40000 -0.394363
50000 -0.358538
60000 -0.363888
70000 -0.354077
80000 -0.333738
90000 -0.322001
100000 -0.33642
110000 -0.324101
120000 -0.322548
130000 -0.332864
140000 -0.31465
150000 -0.308799
160000 -0.345198
170000 -0.304679
180000 -0.28894
190000 -0.28673
200000 -0.26754
210000 -0.274427
220000 -0.262246
230000 -0.265829
240000 -0.261626
250000 -0.261083
260000 -0.264423
270000 -0.25428
280000 -0.257653
290000 -0.256078
300000 -0.249903
310000 -0.262955
320000 -0.261534
330000 -0.263417
340000 -0.260609
350000 -0.262178
360000 -0.255378
370000 -0.257544
380000 -0.248727
390000 -0.262618
400000 -0.251017
410000 -0.315971
420000 -0.311423
430000 -0.307547
440000 -0.306201
450000 -0.300123
460000 -0.296282
470000 -0.297091
480000 -0.290622
490000 -0.348708
500000 -0.335854
510000 -0.325091
520000 -0.317044
530000 -0.308869
540000 -0.303798
550000 -0.298996
560000 -0.294669
570000 -0.290436
580000 -0.287455
590000 -0.283445
600000 -0.280173
610000 -0.276312
620000 -0.27291
630000 -0.26947
640000 -0.264962
650000 -0.262021
660000 -0.257633
670000 -0.251939
680000 -0.245403
690000 -0.239631
700000 -0.233595
710000 -0.2328
720000 -0.232088
730000 -0.231226
740000 -0.230757
750000 -0.230825
760000 -0.229936
770000 -0.229115
780000 -0.228533
790000 -0.227144
800000 -0.226163
810000 -0.224967
820000 -0.225201
830000 -0.224169
840000 -0.223151
850000 -0.223222
860000 -0.222869
870000 -0.221191
880000 -0.219669
890000 -0.218777
900000 -0.217042
910000 -0.215909
920000 -0.214855
930000 -0.214426
940000 -0.214116
950000 -0.213274
960000 -0.211722
970000 -0.210429
980000 -0.208155
990000 -0.207697
