10000 -0.494298
20000 -0.440749
30000 -0.402709
40000 -0.380172
50000 -0.355363
60000 -0.34458
70000 -0.330272
80000 -0.31882
90000 -0.310649
100000 -0.295718
110000 -0.290907
120000 -0.288259
130000 -0.332886
140000 -0.325378
150000 -0.286946
160000 -0.275672
170000 -0.286998
180000 -0.281391
190000 -0.278949
200000 -0.276823
210000 -0.275647
220000 -0.280339
230000 -0.274209
240000 -0.262398
250000 -0.255612
260000 -0.249599
270000 -0.246126
280000 -0.28072
290000 -0.259114
300000 -0.225399
310000 -0.217363
320000 -0.201021
330000 -0.203722
340000 -0.204404
350000 -0.19944
360000 -0.198949
370000 -0.192657
380000 -0.191784
390000 -0.191949
400000 -0.188931
410000 -0.18635
420000 -0.1847
430000 -0.184368
440000 -0.179566
450000 -0.179981
460000 -0.179238
470000 -0.176457
480000 -0.174639
490000 -0.173147
500000 -0.170753
510000 -0.167593
520000 -0.16834
530000 -0.165596
540000 -0.187887
550000 -0.188096
560000 -0.184389
570000 -0.184581
580000 -0.182663
590000 -0.182425
600000 -0.18142
610000 -0.179196
620000 -0.186103
630000 -0.185422
640000 -0.183584
650000 -0.181378
660000 -0.180989
670000 -0.180536
680000 -0.178882
690000 -0.178642
700000 -0.176203
710000 -0.174574
720000 -0.172644
730000 -0.170429
740000 -0.168727
750000 -0.173464
760000 -0.171778
770000 -0.169848
780000 -0.167419
790000 -0.166523
800000 -0.164551
810000 -0.163818
820000 -0.162473
830000 -0.15971
840000 -0.159162
850000 -0.158847
860000 -0.157292
870000 -0.156686
880000 -0.155699
890000 -0.155509
900000 -0.1637
910000 -0.161388
920000 -0.159055
930000 -0.157073
940000 -0.157722
950000 -0.155873
960000 -0.153461
970000 -0.152364
980000 -0.154588
990000 -0.15423
