10000 0.488176
20000 0.484441
30000 0.474963
40000 0.451318
50000 0.408767
60000 0.363426
70000 0.31901
80000 0.280708
90000 0.250709
100000 0.226478
110000 0.206583
120000 0.189937
130000 0.175816
140000 0.163684
150000 0.153134
160000 0.143881
170000 0.135742
180000 0.128487
190000 0.122001
200000 0.116121
210000 0.110672
220000 0.105924
230000 0.101578
240000 0.097589
250000 0.0939103
260000 0.090507
270000 0.0873502
280000 0.0844155
290000 0.0816812
300000 0.0791295
310000 0.0767371
320000 0.0744915
330000 0.0723811
340000 0.0703903
350000 0.068514
360000 0.06674
370000 0.0650585
380000 0.0634627
390000 0.0619505
400000 0.060516
410000 0.0591457
420000 0.0590537
430000 0.0629345
440000 0.0661077
450000 0.0687478
460000 0.070952
470000 0.0735116
480000 0.0773462
490000 0.0806291
500000 0.0834392
510000 0.0858308
520000 0.087845
530000 0.0895204
540000 0.0908969
550000 0.0953385
560000 0.101288
570000 0.106818
580000 0.111944
590000 0.116713
600000 0.121133
610000 0.125219
620000 0.128953
630000 0.132328
640000 0.135445
650000 0.138338
660000 0.141004
670000 0.143472
680000 0.145756
690000 0.147861
700000 0.149807
710000 0.151595
720000 0.153239
730000 0.154746
740000 0.15612
750000 0.157371
760000 0.158499
770000 0.159517
780000 0.160426
790000 0.161233
800000 0.161942
810000 0.16256
820000 0.163083
830000 0.163515
840000 0.163863
850000 0.16413
860000 0.164319
870000 0.164424
880000 0.164451
890000 0.164399
900000 0.164284
910000 0.164106
920000 0.163861
930000 0.163538
940000 0.163152
950000 0.16275
960000 0.162269
970000 0.161729
980000 0.161109
990000 0.160425
