10000 0.441679
20000 0.510709
30000 0.483495
40000 0.451171
50000 0.425766
60000 0.424285
70000 0.426888
80000 0.428437
90000 0.427691
100000 0.424029
110000 0.418506
120000 0.411134
130000 0.40426
140000 0.396996
150000 0.391863
160000 0.385847
170000 0.379796
180000 0.381119
190000 0.383447
200000 0.384729
210000 0.385179
220000 0.384944
230000 0.384075
240000 0.382762
250000 0.381025
260000 0.378649
270000 0.376074
280000 0.373248
290000 0.369802
300000 0.368268
310000 0.367643
320000 0.366342
330000 0.364372
340000 0.361689
350000 0.358313
360000 0.354412
370000 0.350331
380000 0.347072
390000 0.343059
400000 0.338877
410000 0.3342
420000 0.330091
430000 0.326821
440000 0.323642
450000 0.320755
460000 0.318368
470000 0.315813
480000 0.31424
490000 0.312944
500000 0.31161
510000 0.310235
520000 0.308729
530000 0.3071
540000 0.305359
550000 0.303542
560000 0.30164
570000 0.299787
580000 0.298046
590000 0.29626
600000 0.294535
610000 0.29278
620000 0.290754
630000 0.288589
640000 0.2863
650000 0.283895
660000 0.281399
670000 0.278746
680000 0.276019
690000 0.2733
700000 0.27059
710000 0.26785
720000 0.265113
730000 0.261413
740000 0.259055
750000 0.256532
760000 0.254007
770000 0.251547
780000 0.248993
790000 0.246357
800000 0.243649
810000 0.242225
820000 0.241452
830000 0.240638
840000 0.239787
850000 0.238903
860000 0.237985
870000 0.237038
880000 0.236066
890000 0.235068
900000 0.234046
910000 0.233
920000 0.231929
930000 0.230832
940000 0.229713
950000 0.228642
960000 0.227717
970000 0.226788
980000 0.225832
990000 0.224855
