10000 0.574155
20000 0.614208
30000 0.593164
40000 0.554995
50000 0.497219
60000 0.437589
70000 0.377851
80000 0.331526
90000 0.295756
100000 0.26673
110000 0.242948
120000 0.223107
130000 0.206308
140000 0.1919
150000 0.179406
160000 0.168473
170000 0.158821
180000 0.150239
190000 0.14256
200000 0.135648
210000 0.129392
220000 0.123705
230000 0.118511
240000 0.113749
250000 0.109368
260000 0.105324
270000 0.101579
280000 0.0981014
290000 0.0948633
300000 0.091841
310000 0.0890134
320000 0.0863623
330000 0.0838717
340000 0.0815276
350000 0.0793174
360000 0.07723
370000 0.0752551
380000 0.0733844
390000 0.0716092
400000 0.0699229
410000 0.068319
420000 0.0667911
430000 0.0653343
440000 0.0639438
450000 0.0626151
460000 0.0613439
470000 0.060127
480000 0.0589608
490000 0.057842
500000 0.056768
510000 0.0557361
520000 0.054744
530000 0.0537891
540000 0.0528697
550000 0.0519836
560000 0.0511293
570000 0.0503048
580000 0.0495089
590000 0.0490651
600000 0.0566492
610000 0.0634918
620000 0.0696921
630000 0.0753066
640000 0.080403
650000 0.0850585
660000 0.0893058
670000 0.0931868
680000 0.0967047
690000 0.0998958
700000 0.102796
710000 0.105429
720000 0.107812
730000 0.109957
740000 0.11187
750000 0.113561
760000 0.115037
770000 0.116308
780000 0.117391
790000 0.118276
800000 0.118988
810000 0.119503
820000 0.119818
830000 0.119925
840000 0.11982
850000 0.119479
860000 0.118909
870000 0.118093
880000 0.116997
890000 0.115733
900000 0.114493
910000 0.11328
920000 0.112094
930000 0.110933
940000 0.109797
950000 0.108684
960000 0.107595
970000 0.106529
980000 0.105484
990000 0.10446
