10000 0.521215
20000 0.586047
30000 0.520272
40000 0.469531
50000 0.463073
60000 0.457148
70000 0.453604
80000 0.447879
90000 0.440813
100000 0.43342
110000 0.42584
120000 0.418238
130000 0.411406
140000 0.409503
150000 0.404881
160000 0.397262
170000 0.38426
180000 0.376416
190000 0.378342
200000 0.378317
210000 0.377083
220000 0.374503
230000 0.371499
240000 0.367194
250000 0.363173
260000 0.358689
270000 0.35381
280000 0.352108
290000 0.349682
300000 0.347154
310000 0.344587
320000 0.341463
330000 0.337755
340000 0.335393
350000 0.33509
360000 0.33435
370000 0.333744
380000 0.3327
390000 0.331301
400000 0.330364
410000 0.329513
420000 0.328095
430000 0.326193
440000 0.323859
450000 0.321078
460000 0.317965
470000 0.314582
480000 0.311332
490000 0.307762
500000 0.303678
510000 0.299043
520000 0.293805
530000 0.288389
540000 0.286492
550000 0.285449
560000 0.284282
570000 0.283031
580000 0.281667
590000 0.280227
600000 0.278707
610000 0.277138
620000 0.275505
630000 0.273798
640000 0.272081
650000 0.270317
660000 0.268605
670000 0.266917
680000 0.265191
690000 0.263414
700000 0.261473
710000 0.259613
720000 0.257683
730000 0.255706
740000 0.253769
750000 0.251757
760000 0.249648
770000 0.247434
780000 0.246073
790000 0.245231
800000 0.244385
810000 0.243543
820000 0.242697
830000 0.241849
840000 0.240999
850000 0.240145
860000 0.239297
870000 0.23845
880000 0.237601
890000 0.23675
900000 0.2359
910000 0.235052
920000 0.234204
930000 0.23336
940000 0.232521
950000 0.231684
960000 0.230852
970000 0.230022
980000 0.229193
990000 0.228366
