10000 0.521809
20000 0.569499
30000 0.56178
40000 0.553568
50000 0.541138
60000 0.526576
70000 0.514294
80000 0.503028
90000 0.492604
100000 0.479757
110000 0.466253
120000 0.450552
130000 0.435348
140000 0.419863
150000 0.402192
160000 0.38267
170000 0.361533
180000 0.342983
190000 0.331292
200000 0.319364
210000 0.307176
220000 0.294736
230000 0.282335
240000 0.27298
250000 0.265564
260000 0.25804
270000 0.25036
280000 0.242349
290000 0.234232
300000 0.226707
310000 0.22602
320000 0.226507
330000 0.226797
340000 0.226971
350000 0.227163
360000 0.22715
370000 0.226968
380000 0.226637
390000 0.226164
400000 0.225597
410000 0.224943
420000 0.224375
430000 0.223803
440000 0.223165
450000 0.222455
460000 0.221694
470000 0.220872
480000 0.22001
490000 0.21889
500000 0.217949
510000 0.216977
520000 0.21598
530000 0.21497
540000 0.213277
550000 0.212186
560000 0.211081
570000 0.210402
580000 0.209362
590000 0.208328
600000 0.207274
610000 0.206231
620000 0.205227
630000 0.204178
640000 0.203133
650000 0.202095
660000 0.201058
670000 0.200026
680000 0.198993
690000 0.19796
700000 0.196931
710000 0.195891
720000 0.194855
730000 0.193822
740000 0.19279
750000 0.191765
760000 0.190738
770000 0.189717
780000 0.188704
790000 0.187694
800000 0.186689
810000 0.185695
820000 0.184698
830000 0.183709
840000 0.182724
850000 0.181745
860000 0.180768
870000 0.179796
880000 0.178833
890000 0.17787
900000 0.176916
910000 0.175969
920000 0.175017
930000 0.174066
940000 0.173126
950000 0.172185
960000 0.171245
970000 0.170307
980000 0.169366
990000 0.168427
