10000 0.504356
20000 0.550934
30000 0.537219
40000 0.496108
50000 0.439423
60000 0.391295
70000 0.357246
80000 0.334474
90000 0.317438
100000 0.307019
110000 0.292431
120000 0.27635
130000 0.260947
140000 0.246512
150000 0.233234
160000 0.221236
170000 0.21032
180000 0.20138
190000 0.192384
200000 0.183411
210000 0.17517
220000 0.167475
230000 0.16045
240000 0.154002
250000 0.148073
260000 0.142599
270000 0.137529
280000 0.132821
290000 0.128437
300000 0.124344
310000 0.120515
320000 0.116927
330000 0.113555
340000 0.11038
350000 0.107387
360000 0.104561
370000 0.101886
380000 0.099353
390000 0.0969486
400000 0.0946656
410000 0.092492
420000 0.090501
430000 0.0885266
440000 0.0866415
450000 0.0848414
460000 0.0831184
470000 0.0814695
480000 0.0798877
490000 0.0783717
500000 0.0769162
510000 0.0755186
520000 0.0741729
530000 0.0728786
540000 0.0716327
550000 0.0704319
560000 0.0692735
570000 0.0681561
580000 0.0670772
590000 0.0660351
600000 0.0650273
610000 0.0640529
620000 0.06311
630000 0.0621971
640000 0.0613127
650000 0.0604556
660000 0.0596244
670000 0.0588178
680000 0.0580347
690000 0.0572741
700000 0.0565354
710000 0.0558174
720000 0.0551195
730000 0.0544405
740000 0.0537798
750000 0.0531369
760000 0.052511
770000 0.0519015
780000 0.0513076
790000 0.0507287
800000 0.0501641
810000 0.0496137
820000 0.0490766
830000 0.0485525
840000 0.0480411
850000 0.0475414
860000 0.0470534
870000 0.0465768
880000 0.0461111
890000 0.0456555
900000 0.0452103
910000 0.0447748
920000 0.0443488
930000 0.043932
940000 0.0435239
950000 0.0431245
960000 0.0427333
970000 0.0423503
980000 0.0419749
990000 0.0416072
