10000 0.280751
20000 0.320482
30000 0.296531
40000 0.293118
50000 0.281318
60000 0.367374
70000 0.319274
80000 0.318346
90000 0.307137
100000 0.392777
110000 0.359709
120000 0.333197
130000 0.309401
140000 0.292803
150000 0.278051
160000 0.264993
170000 0.249361
180000 0.243417
190000 0.238578
200000 0.254004
210000 0.251384
220000 0.243748
230000 0.23572
240000 0.224613
250000 0.220189
260000 0.212896
270000 0.205762
280000 0.200188
290000 0.195961
300000 0.192417
310000 0.215379
320000 0.216738
330000 0.213105
340000 0.21153
350000 0.210114
360000 0.210533
370000 0.209028
380000 0.20564
390000 0.207814
400000 0.208249
410000 0.204544
420000 0.220894
430000 0.2056
440000 0.192793
450000 0.177761
460000 0.275693
470000 0.243195
480000 0.218561
490000 0.198622
500000 0.207957
510000 0.177094
520000 0.156425
530000 0.136383
540000 0.119212
550000 0.102723
560000 0.0876189
570000 0.0641275
580000 0.043795
590000 0.0205548
600000 0.00466471
610000 0.00466471
620000 0.00466471
630000 0.00466471
640000 0.00466471
650000 0.017102
660000 0.00466471
670000 0.00466471
680000 0.00466471
690000 0.00466471
700000 0.00466471
710000 0.00466471
720000 0.00466471
730000 0.00466471
740000 0.00466471
750000 0.00466471
760000 0.00466471
770000 0.00466471
780000 0.00466471
790000 0.00466471
800000 0.00466471
810000 0.00466471
820000 0.00466471
830000 0.00466471
840000 0.00466471
850000 0.00466471
860000 0.00466471
870000 0.00466471
880000 0.00466471
890000 0.00466471
900000 0.00466471
910000 0.00466471
920000 0.00466471
930000 0.00466471
940000 0.00466471
950000 0.00466471
960000 0.00466471
970000 0.00466471
980000 0.00466471
990000 0.00466471
