10000 0.554162
20000 0.453477
30000 0.377582
40000 0.378186
50000 0.366333
60000 0.284127
70000 0.423351
80000 0.358023
90000 0.362611
100000 0.329867
110000 0.301813
120000 0.269829
130000 0.237938
140000 0.198143
150000 0.163365
160000 0.143424
170000 0.125436
180000 0.107961
190000 0.0918899
200000 0.0788938
210000 0.0618303
220000 0.0506205
230000 0.037337
240000 0.0228766
250000 0.0053722
260000 0.00537235
270000 0.00537289
280000 0.00537441
290000 0.00855318
300000 0.0114769
310000 0.205424
320000 0.182482
330000 0.151686
340000 0.132953
350000 0.114754
360000 0.0988811
370000 0.0847353
380000 0.0708658
390000 0.0576263
400000 0.0976349
410000 0.0744027
420000 0.0484702
430000 0.0239053
440000 0.00514386
450000 0.00499127
460000 0.00499126
470000 0.00499183
480000 0.00499315
490000 0.00499173
500000 0.00498949
510000 0.00499009
520000 0.00498982
530000 0.0049882
540000 0.00498545
550000 0.00498708
560000 0.00498776
570000 0.00498392
580000 0.0049884
590000 0.00498574
600000 0.00498472
610000 0.00498482
620000 0.00498458
630000 0.00498173
640000 0.00498354
650000 0.00498316
660000 0.00498389
670000 0.00498324
680000 0.00498286
690000 0.00498229
700000 0.004979
710000 0.00497837
720000 0.00497821
730000 0.00498113
740000 0.004984
750000 0.0049838
760000 0.00498418
770000 0.00498581
780000 0.00498544
790000 0.00498326
800000 0.00498299
810000 0.0049796
820000 0.00497759
830000 0.0049787
840000 0.00498131
850000 0.00498023
860000 0.00497939
870000 0.00497741
880000 0.00497633
890000 0.00497552
900000 0.00497647
910000 0.00497963
920000 0.00497668
930000 0.00497356
940000 0.00496978
950000 0.00496869
960000 0.00497095
970000 0.00497013
980000 0.00496966
990000 0.0049689
