10000 0.668795
20000 0.31664
30000 0.382564
40000 0.372444
50000 0.506635
60000 0.50932
70000 0.500841
80000 0.466635
90000 0.457411
100000 0.446933
110000 0.43109
120000 0.426343
130000 0.390599
140000 0.349533
150000 0.310062
160000 0.286402
170000 0.260832
180000 0.259982
190000 0.216949
200000 0.207497
210000 0.17578
220000 0.139948
230000 0.0978252
240000 0.0386906
250000 0.0216038
260000 0.00852499
270000 0.00484259
280000 0.00484259
290000 0.00484259
300000 0.00484259
310000 0.00484259
320000 0.00484259
330000 0.00484259
340000 0.00484259
350000 0.00484259
360000 0.0173256
370000 0.0117613
380000 0.00484259
390000 0.00484259
400000 0.00484259
410000 0.00484259
420000 0.00484259
430000 0.00484259
440000 0.00484259
450000 0.00484259
460000 0.00484259
470000 0.00484259
480000 0.00484259
490000 0.00484259
500000 0.00484259
510000 0.00484259
520000 0.00484259
530000 0.00484259
540000 0.151606
550000 0.141999
560000 0.141701
570000 0.140813
580000 0.139769
590000 0.139034
600000 0.139209
610000 0.137486
620000 0.136606
630000 0.136122
640000 0.135412
650000 0.135044
660000 0.133897
670000 0.133243
680000 0.153821
690000 0.148429
700000 0.144698
710000 0.140924
720000 0.138653
730000 0.137168
740000 0.135876
750000 0.138097
760000 0.134701
770000 0.132004
780000 0.1313
790000 0.130174
800000 0.130077
810000 0.129498
820000 0.128123
830000 0.129225
840000 0.125991
850000 0.126306
860000 0.124817
870000 0.124423
880000 0.123922
890000 0.123468
900000 0.12283
910000 0.122372
920000 0.121867
930000 0.121263
940000 0.120795
950000 0.120342
960000 0.120232
970000 0.119363
980000 0.118892
990000 0.118518
