10000 -0.590125
20000 -0.571932
30000 -0.547676
40000 -0.605747
50000 -0.431233
60000 -0.552758
70000 -0.439256
80000 -0.465328
90000 -0.413445
100000 -0.606311
110000 -0.461268
120000 -0.461298
130000 -0.465226
140000 -0.453249
150000 -0.628972
160000 -0.619669
170000 -0.599105
180000 -0.475787
190000 -0.606902
200000 -0.565138
210000 -0.484237
220000 -0.575534
230000 -0.605885
240000 -0.457114
250000 -0.569706
260000 -0.602387
270000 -0.474857
280000 -0.564597
290000 -0.473729
300000 -0.43681
310000 -0.539523
320000 -0.473944
330000 -0.461164
340000 -0.578191
350000 -0.609208
360000 -0.582989
370000 -0.631665
380000 -0.608213
390000 -0.491074
400000 -0.566067
410000 -0.474796
420000 -0.430395
430000 -0.54484
440000 -0.560702
450000 -0.588657
460000 -0.550428
470000 -0.458469
480000 -0.476548
490000 -0.456501
500000 -0.617517
510000 -0.41338
520000 -0.586144
530000 -0.617221
540000 -0.484072
550000 -0.427448
560000 -0.58923
570000 -0.581546
580000 -0.460883
590000 -0.582015
600000 -0.506991
610000 -0.553385
620000 -0.486001
630000 -0.48507
640000 -0.480097
650000 -0.559855
660000 -0.44696
670000 -0.407235
680000 -0.602348
690000 -0.566918
700000 -0.478002
710000 -0.479235
720000 -0.603719
730000 -0.479888
740000 -0.645351
750000 -0.484752
760000 -0.452816
770000 -0.461454
780000 -0.629771
790000 -0.420744
800000 -0.619189
810000 -0.601931
820000 -0.465406
830000 -0.463974
840000 -0.48156
850000 -0.48162
860000 -0.565996
870000 -0.529699
880000 -0.620077
890000 -0.622891
900000 -0.570197
910000 -0.431818
920000 -0.474091
930000 -0.580593
940000 -0.62299
950000 -0.446474
960000 -0.51807
970000 -0.63797
980000 -0.60797
990000 -0.42897
1000000 -0.624326
