10000 -0.438705
20000 -0.584438
30000 -0.451122
40000 -0.468995
50000 -0.596221
60000 -0.528051
70000 -0.534663
80000 -0.564357
90000 -0.595617
100000 -0.443834
110000 -0.472962
120000 -0.586478
130000 -0.466685
140000 -0.468958
150000 -0.448574
160000 -0.455043
170000 -0.624881
180000 -0.528038
190000 -0.485244
200000 -0.472768
210000 -0.603847
220000 -0.466496
230000 -0.591757
240000 -0.448402
250000 -0.417857
260000 -0.605451
270000 -0.598652
280000 -0.560061
290000 -0.483998
300000 -0.441564
310000 -0.643536
320000 -0.476461
330000 -0.437627
340000 -0.623137
350000 -0.483024
360000 -0.427799
370000 -0.601448
380000 -0.474238
390000 -0.479731
400000 -0.622337
410000 -0.623226
420000 -0.581379
430000 -0.49679
440000 -0.39958
450000 -0.495311
460000 -0.592157
470000 -0.467095
480000 -0.557531
490000 -0.457169
500000 -0.643451
510000 -0.591178
520000 -0.493536
530000 -0.646512
540000 -0.441373
550000 -0.479237
560000 -0.457873
570000 -0.562986
580000 -0.491984
590000 -0.587223
600000 -0.58154
610000 -0.483818
620000 -0.580284
630000 -0.61413
640000 -0.491909
650000 -0.469065
660000 -0.440466
670000 -0.471613
680000 -0.439209
690000 -0.477614
700000 -0.608304
710000 -0.631525
720000 -0.549267
730000 -0.608535
740000 -0.445194
750000 -0.551653
760000 -0.644094
770000 -0.4562
780000 -0.456475
790000 -0.489824
800000 -0.582131
810000 -0.452225
820000 -0.442514
830000 -0.441613
840000 -0.464159
850000 -0.36354
860000 -0.487098
870000 -0.479933
880000 -0.577044
890000 -0.569795
900000 -0.625283
910000 -0.523636
920000 -0.61038
930000 -0.477634
940000 -0.494905
950000 -0.465143
960000 -0.403909
970000 -0.59456
980000 -0.45915
990000 -0.488927
1000000 -0.47285
