10000 -0.470363
20000 -0.429015
30000 -0.535521
40000 -0.445364
50000 -0.607902
60000 -0.629516
70000 -0.422875
80000 -0.520507
90000 -0.453909
100000 -0.546387
110000 -0.564887
120000 -0.561675
130000 -0.571527
140000 -0.580271
150000 -0.470596
160000 -0.573763
170000 -0.458891
180000 -0.636601
190000 -0.46096
200000 -0.550546
210000 -0.480349
220000 -0.488784
230000 -0.463937
240000 -0.461744
250000 -0.480856
260000 -0.602891
270000 -0.449718
280000 -0.491319
290000 -0.582051
300000 -0.442588
310000 -0.581202
320000 -0.599024
330000 -0.581511
340000 -0.410689
350000 -0.479113
360000 -0.586244
370000 -0.625539
380000 -0.440749
390000 -0.424577
400000 -0.495002
410000 -0.471419
420000 -0.582369
430000 -0.632916
440000 -0.585364
450000 -0.56696
460000 -0.60296
470000 -0.479614
480000 -0.465609
490000 -0.585467
500000 -0.617337
510000 -0.629747
520000 -0.518266
530000 -0.420916
540000 -0.541942
550000 -0.439486
560000 -0.561947
570000 -0.592361
580000 -0.572253
590000 -0.435667
600000 -0.458881
610000 -0.584306
620000 -0.550824
630000 -0.484114
640000 -0.633698
650000 -0.466877
660000 -0.6057
670000 -0.425232
680000 -0.455109
690000 -0.407329
700000 -0.482209
710000 -0.490391
720000 -0.477997
730000 -0.427917
740000 -0.462061
750000 -0.554723
760000 -0.602932
770000 -0.48402
780000 -0.495521
790000 -0.557316
800000 -0.458092
810000 -0.47756
820000 -0.57525
830000 -0.546027
840000 -0.470339
850000 -0.456183
860000 -0.439815
870000 -0.459825
880000 -0.525459
890000 -0.530229
900000 -0.486763
910000 -0.473011
920000 -0.452969
930000 -0.457108
940000 -0.638076
950000 -0.590632
960000 -0.589785
970000 -0.570119
980000 -0.601897
990000 -0.434751
1000000 -0.475565
