10000 -0.484021
20000 -0.458638
30000 -0.436308
40000 -0.578691
50000 -0.569589
60000 -0.491912
70000 -0.458449
80000 -0.43333
90000 -0.417919
100000 -0.49029
110000 -0.473036
120000 -0.446719
130000 -0.477384
140000 -0.460944
150000 -0.485794
160000 -0.617006
170000 -0.408466
180000 -0.430612
190000 -0.472858
200000 -0.458848
210000 -0.489862
220000 -0.457356
230000 -0.441094
240000 -0.60749
250000 -0.610602
260000 -0.454104
270000 -0.587791
280000 -0.40374
290000 -0.624091
300000 -0.593123
310000 -0.443572
320000 -0.611811
330000 -0.55981
340000 -0.583064
350000 -0.47375
360000 -0.619368
370000 -0.625831
380000 -0.565745
390000 -0.611796
400000 -0.548416
410000 -0.4787
420000 -0.421744
430000 -0.604033
440000 -0.483046
450000 -0.599314
460000 -0.450729
470000 -0.59821
480000 -0.599676
490000 -0.630288
500000 -0.566706
510000 -0.609197
520000 -0.448083
530000 -0.482795
540000 -0.48415
550000 -0.43893
560000 -0.496296
570000 -0.626536
580000 -0.561008
590000 -0.600506
600000 -0.482152
610000 -0.563397
620000 -0.415219
630000 -0.430776
640000 -0.42461
650000 -0.450501
660000 -0.561664
670000 -0.450022
680000 -0.590306
690000 -0.476189
700000 -0.47277
710000 -0.630319
720000 -0.572385
730000 -0.578307
740000 -0.578694
750000 -0.615029
760000 -0.474339
770000 -0.54501
780000 -0.458334
790000 -0.440207
800000 -0.478874
810000 -0.48002
820000 -0.583222
830000 -0.465303
840000 -0.461004
850000 -0.439045
860000 -0.58734
870000 -0.579975
880000 -0.615588
890000 -0.611509
900000 -0.465575
910000 -0.480087
920000 -0.567448
930000 -0.455139
940000 -0.48124
950000 -0.423973
960000 -0.452227
970000 -0.603368
980000 -0.481017
990000 -0.474216
1000000 -0.496965
