10000 0.635357
20000 0.657399
30000 0.929523
40000 0.652515
50000 0.581397
60000 0.595988
70000 0.839642
80000 0.429952
90000 1.05594
100000 0.651966
110000 0.925024
120000 0.907697
130000 1.15379
140000 0.934028
150000 0.851133
160000 0.931518
170000 1.02226
180000 1.13886
190000 0.65248
200000 0.80461
210000 0.824863
220000 0.876839
230000 0.742344
240000 0.636323
250000 0.718437
260000 0.818319
270000 1.20722
280000 1.2709
290000 0.711981
300000 0.926844
310000 0.969275
320000 0.78481
330000 0.765747
340000 0.523908
350000 0.907244
360000 1.00534
370000 0.458602
380000 0.732588
390000 0.876191
400000 1.11134
410000 0.639955
420000 0.921742
430000 0.993511
440000 0.752522
450000 0.822102
460000 1.13773
470000 1.04736
480000 1.16379
490000 0.766216
500000 0.719053
510000 0.948174
520000 0.553133
530000 0.675368
540000 0.629103
550000 1.03786
560000 0.928902
570000 0.88114
580000 0.751196
590000 1.14079
600000 1.05705
610000 0.654044
620000 0.611708
630000 0.882924
640000 1.04021
650000 0.956302
660000 0.940157
670000 1.07863
680000 0.993354
690000 0.879635
700000 0.589236
710000 0.793719
720000 1.15684
730000 1.28488
740000 0.91487
750000 1.06169
760000 0.654044
770000 1.06853
780000 0.895293
790000 1.22168
800000 1.01117
810000 1.00083
820000 0.654055
830000 1.01467
840000 1.1559
850000 1.09396
860000 0.897762
870000 0.786734
880000 0.717156
890000 0.784206
900000 0.585354
910000 0.985813
920000 1.12598
930000 0.957517
940000 0.456244
950000 1.0769
960000 0.772458
970000 0.860843
980000 1.091
990000 0.976772
1000000 0.967938
