10000 0.990468
20000 0.469909
30000 0.511186
40000 0.846846
50000 1.28131
60000 0.651055
70000 1.08079
80000 0.90052
90000 0.732465
100000 0.984524
110000 1.20639
120000 0.598553
130000 0.989047
140000 0.602712
150000 0.790746
160000 0.656937
170000 1.18817
180000 0.940754
190000 0.690006
200000 0.478064
210000 0.722403
220000 0.927216
230000 1.01308
240000 0.728848
250000 0.995042
260000 1.33981
270000 0.445297
280000 0.652833
290000 1.04841
300000 0.804511
310000 1.02275
320000 1.08514
330000 0.73403
340000 1.04456
350000 0.750706
360000 0.889886
370000 0.972029
380000 1.00442
390000 0.786414
400000 0.663321
410000 0.654089
420000 1.01263
430000 0.890176
440000 1.08646
450000 0.860773
460000 0.298943
470000 0.806194
480000 1.32403
490000 0.792873
500000 0.746502
510000 0.809455
520000 0.726064
530000 0.633353
540000 0.588511
550000 1.25038
560000 0.719402
570000 0.919795
580000 1.1568
590000 1.0417
600000 0.849602
610000 0.568398
620000 0.858031
630000 0.960589
640000 1.17949
650000 0.803237
660000 1.32119
670000 1.23645
680000 1.17423
690000 0.909134
700000 0.947936
710000 0.485557
720000 0.771819
730000 0.836004
740000 0.80117
750000 1.33794
760000 0.995658
770000 1.28508
780000 0.763324
790000 0.754455
800000 0.752995
810000 0.644449
820000 0.700031
830000 0.745872
840000 0.866957
850000 1.11851
860000 0.775026
870000 0.9699
880000 0.802532
890000 0.835259
900000 0.889494
910000 0.674825
920000 0.762177
930000 0.831547
940000 1.20124
950000 0.986613
960000 0.914729
970000 1.0582
980000 1.1398
990000 0.38092
1000000 0.601496
