10000 1.0247
20000 0.630577
30000 1.27455
40000 0.845453
50000 0.62712
60000 0.606971
70000 1.09575
80000 0.775478
90000 0.659471
100000 0.755934
110000 1.3408
120000 0.640978
130000 1.27068
140000 0.971049
150000 1.37526
160000 1.18383
170000 1.08857
180000 0.949653
190000 0.876047
200000 1.04001
210000 1.11404
220000 1.17363
230000 0.812029
240000 0.894055
250000 1.32792
260000 1.37772
270000 0.951555
280000 0.899926
290000 1.19162
300000 0.483406
310000 1.09505
320000 0.763623
330000 0.377737
340000 0.685452
350000 0.734889
360000 0.694013
370000 1.37021
380000 0.976325
390000 0.721071
400000 1.0017
410000 0.996489
420000 1.00245
430000 0.743829
440000 0.559404
450000 0.630577
460000 0.855697
470000 0.584802
480000 0.974312
490000 0.586585
500000 1.20858
510000 1.13576
520000 0.944279
530000 0.827
540000 1.09981
550000 1.09533
560000 0.763623
570000 1.24145
580000 1.37174
590000 0.838903
600000 0.560521
610000 1.09968
620000 1.17333
630000 0.630581
640000 0.94016
650000 1.15157
660000 0.676864
670000 0.828423
680000 0.763906
690000 1.07039
700000 1.05713
710000 1.00692
720000 0.545456
730000 1.0966
740000 1.14353
750000 0.743888
760000 0.93559
770000 0.503203
780000 0.984132
790000 1.26156
800000 0.705129
810000 0.889434
820000 0.769072
830000 0.689772
840000 0.974496
850000 0.734371
860000 1.25008
870000 0.940187
880000 0.753337
890000 0.640983
900000 0.66576
910000 0.862105
920000 1.10575
930000 1.22984
940000 1.16459
950000 1.37169
960000 1.12831
970000 0.571338
980000 1.21677
990000 0.80699
1000000 1.18657
