10000 1.06486
20000 0.939116
30000 0.861949
40000 0.965187
50000 0.743792
60000 0.97564
70000 1.00808
80000 1.28646
90000 0.91302
100000 1.10179
110000 1.09971
120000 0.947066
130000 0.846754
140000 0.796017
150000 1.02119
160000 0.857033
170000 0.913609
180000 1.01852
190000 1.2634
200000 0.92565
210000 1.00094
220000 1.35119
230000 0.860644
240000 1.14967
250000 1.03323
260000 0.647527
270000 0.837052
280000 1.08676
290000 0.587978
300000 0.826668
310000 0.872232
320000 1.0086
330000 1.04329
340000 1.34864
350000 1.08185
360000 1.04744
370000 1.37642
380000 0.9584
390000 1.12044
400000 1.06735
410000 0.726962
420000 0.595186
430000 1.25531
440000 0.959654
450000 0.646313
460000 0.859908
470000 1.08971
480000 0.743792
490000 1.17368
500000 0.939668
510000 1.25771
520000 0.734677
530000 1.16272
540000 0.923591
550000 0.779682
560000 0.967517
570000 1.35906
580000 1.1728
590000 1.11943
600000 1.07993
610000 0.588246
620000 0.979566
630000 1.01747
640000 0.66576
650000 1.03544
660000 0.677804
670000 0.747446
680000 1.02497
690000 1.0178
700000 1.32688
710000 1.25731
720000 0.620209
730000 0.706289
740000 1.06835
750000 0.669577
760000 1.03766
770000 1.03864
780000 1.08354
790000 0.638532
800000 0.4591
810000 1.22367
820000 0.972389
830000 0.644355
840000 0.76146
850000 1.07498
860000 0.731694
870000 0.941747
880000 0.648098
890000 0.393841
900000 1.13914
910000 1.01915
920000 0.894356
930000 1.11694
940000 0.682348
950000 0.743833
960000 0.90964
970000 1.1416
980000 1.09788
990000 1.33697
1000000 0.716047
