10000 0.880773
20000 0.640502
30000 0.60734
40000 1.12807
50000 0.784436
60000 0.816719
70000 0.669742
80000 0.784608
90000 0.96726
100000 0.734677
110000 0.997964
120000 0.542559
130000 0.860116
140000 0.737872
150000 0.597453
160000 1.00366
170000 1.0516
180000 0.817245
190000 1.29344
200000 0.857183
210000 1.2543
220000 0.72085
230000 0.490351
240000 1.12318
250000 0.855286
260000 0.828828
270000 0.87873
280000 0.522364
290000 0.947198
300000 1.16274
310000 1.32097
320000 1.14696
330000 0.393841
340000 0.990415
350000 0.996417
360000 0.659189
370000 0.912046
380000 0.86356
390000 1.03801
400000 0.592126
410000 0.905622
420000 1.25609
430000 1.22058
440000 1.2062
450000 0.751662
460000 0.608209
470000 1.15326
480000 1.05973
490000 1.21707
500000 1.14206
510000 0.866122
520000 0.698715
530000 0.649383
540000 0.736685
550000 1.15414
560000 0.895864
570000 1.00588
580000 1.16272
590000 0.950944
600000 1.08006
610000 0.920302
620000 0.751442
630000 1.30831
640000 0.671428
650000 1.08967
660000 0.832445
670000 0.710485
680000 0.71771
690000 1.1329
700000 0.975691
710000 1.3589
720000 0.772598
730000 0.909472
740000 1.22783
750000 0.767551
760000 0.995892
770000 0.825204
780000 1.16396
790000 1.03775
800000 1.27053
810000 1.01929
820000 0.724528
830000 0.935818
840000 0.661199
850000 0.623452
860000 1.17826
870000 0.829659
880000 1.11956
890000 0.781496
900000 0.791548
910000 1.0966
920000 0.59258
930000 1.00962
940000 1.0999
950000 0.766422
960000 1.08778
970000 0.919977
980000 0.110125
990000 0.820991
1000000 1.26596
