10000 1.23901
20000 0.82439
30000 0.953194
40000 1.15658
50000 0.822811
60000 1.00887
70000 0.899427
80000 1.03885
90000 0.740793
100000 1.10381
110000 0.861389
120000 0.700702
130000 1.14373
140000 0.74214
150000 1.17269
160000 0.623123
170000 1.19082
180000 0.723462
190000 1.20702
200000 1.20511
210000 1.21388
220000 1.17388
230000 1.02493
240000 1.19087
250000 0.714606
260000 0.965729
270000 1.26063
280000 0.911096
290000 0.997585
300000 0.897817
310000 0.91649
320000 0.620218
330000 1.16281
340000 0.971436
350000 0.957841
360000 0.873458
370000 0.545146
380000 0.721087
390000 1.04267
400000 1.17437
410000 0.901595
420000 1.17731
430000 1.23529
440000 0.996025
450000 1.07521
460000 0.780176
470000 0.685168
480000 0.736061
490000 1.02926
500000 0.329309
510000 1.1813
520000 0.884797
530000 1.32737
540000 0.843166
550000 0.947721
560000 0.946618
570000 0.870026
580000 1.03476
590000 0.661158
600000 0.864844
610000 1.11968
620000 1.18336
630000 0.544403
640000 0.842867
650000 0.998498
660000 1.09382
670000 1.07796
680000 0.641647
690000 1.0738
700000 0.672812
710000 1.13368
720000 0.836328
730000 0.939322
740000 0.734793
750000 0.934995
760000 1.02435
770000 1.00487
780000 1.08107
790000 1.16234
800000 0.748132
810000 0.836574
820000 1.2618
830000 0.889713
840000 1.11731
850000 0.923477
860000 1.20999
870000 0.91464
880000 1.35839
890000 0.81373
900000 1.04679
910000 0.640991
920000 1.34138
930000 1.08222
940000 1.17969
950000 1.29028
960000 1.25528
970000 0.644241
980000 0.916154
990000 0.78254
1000000 0.78152
