10000 -0.362485
20000 -0.373972
30000 -0.368381
40000 -0.359998
50000 -0.351403
60000 -0.341527
70000 -0.333333
80000 -0.325581
90000 -0.318455
100000 -0.311629
110000 -0.305399
120000 -0.299525
130000 -0.294055
140000 -0.289255
150000 -0.284981
160000 -0.281033
170000 -0.27754
180000 -0.274311
190000 -0.271381
200000 -0.268538
210000 -0.265862
220000 -0.263395
230000 -0.261127
240000 -0.258888
250000 -0.256757
260000 -0.25469
270000 -0.252756
280000 -0.250843
290000 -0.249079
300000 -0.247347
310000 -0.245632
320000 -0.244024
330000 -0.242484
340000 -0.241031
350000 -0.239604
360000 -0.238253
370000 -0.236968
380000 -0.23574
390000 -0.234552
400000 -0.233401
410000 -0.232314
420000 -0.231314
430000 -0.230323
440000 -0.229352
450000 -0.228423
460000 -0.227509
470000 -0.226632
480000 -0.225789
490000 -0.224958
500000 -0.224168
510000 -0.223378
520000 -0.222632
530000 -0.221901
540000 -0.221202
550000 -0.220521
560000 -0.219843
570000 -0.219196
580000 -0.218559
590000 -0.217924
600000 -0.217318
610000 -0.216722
620000 -0.216151
630000 -0.215594
640000 -0.215046
650000 -0.214509
660000 -0.213988
670000 -0.213475
680000 -0.212976
690000 -0.212486
700000 -0.212004
710000 -0.211542
720000 -0.211086
730000 -0.210655
740000 -0.210215
750000 -0.209795
760000 -0.209383
770000 -0.208982
780000 -0.208587
790000 -0.208208
800000 -0.207829
810000 -0.207458
820000 -0.207093
830000 -0.206735
840000 -0.206384
850000 -0.206036
860000 -0.205695
870000 -0.205362
880000 -0.205038
890000 -0.204718
900000 -0.2044
910000 -0.204088
920000 -0.203781
930000 -0.203479
940000 -0.203181
950000 -0.202894
960000 -0.202602
970000 -0.20232
980000 -0.202041
990000 -0.201764
