10000 -0.374086
20000 -0.400068
30000 -0.399281
40000 -0.386027
50000 -0.370156
60000 -0.353728
70000 -0.339389
80000 -0.327762
90000 -0.3176
100000 -0.309274
110000 -0.302272
120000 -0.296391
130000 -0.291223
140000 -0.286732
150000 -0.28265
160000 -0.279012
170000 -0.275709
180000 -0.272681
190000 -0.26987
200000 -0.267267
210000 -0.264912
220000 -0.262738
230000 -0.260701
240000 -0.258817
250000 -0.257079
260000 -0.255406
270000 -0.253794
280000 -0.252243
290000 -0.250805
300000 -0.249429
310000 -0.248063
320000 -0.24676
330000 -0.245526
340000 -0.244331
350000 -0.243208
360000 -0.242121
370000 -0.24109
380000 -0.24008
390000 -0.239127
400000 -0.238221
410000 -0.237345
420000 -0.2365
430000 -0.23568
440000 -0.234899
450000 -0.234135
460000 -0.233377
470000 -0.232657
480000 -0.231977
490000 -0.23131
500000 -0.230661
510000 -0.230026
520000 -0.229408
530000 -0.228815
540000 -0.22826
550000 -0.227706
560000 -0.227163
570000 -0.226628
580000 -0.226109
590000 -0.22559
600000 -0.225089
610000 -0.224618
620000 -0.224164
630000 -0.223706
640000 -0.223248
650000 -0.222818
660000 -0.222389
670000 -0.22198
680000 -0.221583
690000 -0.221194
700000 -0.220811
710000 -0.220445
720000 -0.22009
730000 -0.219739
740000 -0.219403
750000 -0.219074
760000 -0.218749
770000 -0.218434
780000 -0.218125
790000 -0.21782
800000 -0.217523
810000 -0.217227
820000 -0.216941
830000 -0.21666
840000 -0.216391
850000 -0.21612
860000 -0.215858
870000 -0.215595
880000 -0.215344
890000 -0.215095
900000 -0.214848
910000 -0.214609
920000 -0.214374
930000 -0.214147
940000 -0.213925
950000 -0.213706
960000 -0.213491
970000 -0.21328
980000 -0.213078
990000 -0.212874
