10000 -0.384073
20000 -0.409035
30000 -0.414692
40000 -0.411141
50000 -0.403624
60000 -0.392776
70000 -0.38184
80000 -0.370975
90000 -0.361976
100000 -0.354516
110000 -0.348339
120000 -0.343011
130000 -0.338527
140000 -0.334591
150000 -0.331173
160000 -0.328111
170000 -0.325339
180000 -0.322755
190000 -0.320593
200000 -0.31844
210000 -0.316447
220000 -0.31447
230000 -0.312626
240000 -0.311026
250000 -0.309489
260000 -0.308135
270000 -0.306823
280000 -0.305521
290000 -0.304267
300000 -0.303037
310000 -0.301838
320000 -0.300735
330000 -0.299691
340000 -0.298702
350000 -0.297772
360000 -0.296893
370000 -0.296041
380000 -0.295246
390000 -0.294492
400000 -0.293785
410000 -0.293103
420000 -0.292462
430000 -0.29184
440000 -0.291235
450000 -0.290655
460000 -0.290103
470000 -0.289558
480000 -0.289043
490000 -0.288547
500000 -0.28807
510000 -0.287609
520000 -0.28718
530000 -0.286749
540000 -0.286344
550000 -0.285954
560000 -0.285598
570000 -0.285246
580000 -0.284914
590000 -0.284578
600000 -0.284252
610000 -0.283936
620000 -0.28364
630000 -0.283344
640000 -0.283033
650000 -0.282736
660000 -0.282436
670000 -0.282125
680000 -0.281818
690000 -0.281521
700000 -0.28122
710000 -0.280915
720000 -0.28061
730000 -0.280305
740000 -0.279999
750000 -0.27968
760000 -0.279357
770000 -0.279017
780000 -0.278691
790000 -0.278371
800000 -0.278048
810000 -0.277736
820000 -0.277429
830000 -0.27713
840000 -0.276841
850000 -0.276557
860000 -0.27628
870000 -0.276007
880000 -0.275736
890000 -0.275466
900000 -0.275195
910000 -0.274933
920000 -0.274669
930000 -0.274416
940000 -0.274164
950000 -0.273915
960000 -0.273661
970000 -0.273424
980000 -0.273186
990000 -0.272958
