10000 -0.511288
20000 -0.45744
30000 -0.410117
40000 -0.382108
50000 -0.343441
60000 -0.31557
70000 -0.304234
80000 -0.294449
90000 -0.287588
100000 -0.280015
110000 -0.275213
120000 -0.270519
130000 -0.260895
140000 -0.25275
150000 -0.255454
160000 -0.257934
170000 -0.26055
180000 -0.256259
190000 -0.250844
200000 -0.248906
210000 -0.250299
220000 -0.250124
230000 -0.252156
240000 -0.247089
250000 -0.250218
260000 -0.246183
270000 -0.245503
280000 -0.245606
290000 -0.244767
300000 -0.244126
310000 -0.243151
320000 -0.24336
330000 -0.243081
340000 -0.242724
350000 -0.242816
360000 -0.242753
370000 -0.242206
380000 -0.242209
390000 -0.24216
400000 -0.241986
410000 -0.24203
420000 -0.241689
430000 -0.241635
440000 -0.241696
450000 -0.241815
460000 -0.241575
470000 -0.241303
480000 -0.241198
490000 -0.241108
500000 -0.240715
510000 -0.240876
520000 -0.24004
530000 -0.24045
540000 -0.240719
550000 -0.239617
560000 -0.239781
570000 -0.239391
580000 -0.238923
590000 -0.238749
600000 -0.238577
610000 -0.238747
620000 -0.238423
630000 -0.238426
640000 -0.23817
650000 -0.23802
660000 -0.238509
670000 -0.238363
680000 -0.238508
690000 -0.238626
700000 -0.237902
710000 -0.237863
720000 -0.238164
730000 -0.23821
740000 -0.237961
750000 -0.237672
760000 -0.237711
770000 -0.238076
780000 -0.238195
790000 -0.238352
800000 -0.238501
810000 -0.238443
820000 -0.237995
830000 -0.238019
840000 -0.238091
850000 -0.237462
860000 -0.236963
870000 -0.237559
880000 -0.237539
890000 -0.237578
900000 -0.237607
910000 -0.238007
920000 -0.238095
930000 -0.237823
940000 -0.237998
950000 -0.237623
960000 -0.237534
970000 -0.238061
980000 -0.238035
990000 -0.238014
