10000 -0.51933
20000 -0.48235
30000 -0.448017
40000 -0.428876
50000 -0.380905
60000 -0.36627
70000 -0.33272
80000 -0.307606
90000 -0.299419
100000 -0.297368
110000 -0.294814
120000 -0.292771
130000 -0.292239
140000 -0.290263
150000 -0.290266
160000 -0.289132
170000 -0.288929
180000 -0.287723
190000 -0.285981
200000 -0.285715
210000 -0.285405
220000 -0.284624
230000 -0.284165
240000 -0.283401
250000 -0.283185
260000 -0.282665
270000 -0.281842
280000 -0.28144
290000 -0.281228
300000 -0.280385
310000 -0.280076
320000 -0.279766
330000 -0.279552
340000 -0.279065
350000 -0.278931
360000 -0.278715
370000 -0.278482
380000 -0.277984
390000 -0.277714
400000 -0.277378
410000 -0.277408
420000 -0.27692
430000 -0.276812
440000 -0.276359
450000 -0.276203
460000 -0.276078
470000 -0.275593
480000 -0.275327
490000 -0.275116
500000 -0.275167
510000 -0.274966
520000 -0.274621
530000 -0.274358
540000 -0.274215
550000 -0.273814
560000 -0.273514
570000 -0.273232
580000 -0.272942
590000 -0.272604
600000 -0.272577
610000 -0.272534
620000 -0.272354
630000 -0.272096
640000 -0.271963
650000 -0.271351
660000 -0.271147
670000 -0.270908
680000 -0.271077
690000 -0.27105
700000 -0.270801
710000 -0.270666
720000 -0.270766
730000 -0.270804
740000 -0.271044
750000 -0.270957
760000 -0.271023
770000 -0.270881
780000 -0.270607
790000 -0.270766
800000 -0.270615
810000 -0.270408
820000 -0.270506
830000 -0.27051
840000 -0.270411
850000 -0.27026
860000 -0.270377
870000 -0.270392
880000 -0.270449
890000 -0.270221
900000 -0.270213
910000 -0.270303
920000 -0.270187
930000 -0.270081
940000 -0.270065
950000 -0.27004
960000 -0.269759
970000 -0.269713
980000 -0.269617
990000 -0.269466
