10000 -0.514512
20000 -0.399774
30000 -0.378831
40000 -0.366418
50000 -0.349694
60000 -0.344861
70000 -0.313427
80000 -0.288554
90000 -0.276023
100000 -0.261218
110000 -0.255844
120000 -0.246002
130000 -0.239879
140000 -0.233534
150000 -0.229907
160000 -0.228082
170000 -0.223583
180000 -0.223216
190000 -0.221803
200000 -0.219571
210000 -0.218707
220000 -0.217511
230000 -0.216389
240000 -0.216751
250000 -0.21566
260000 -0.213781
270000 -0.213572
280000 -0.214822
290000 -0.212647
300000 -0.211954
310000 -0.210924
320000 -0.210654
330000 -0.210913
340000 -0.210167
350000 -0.209763
360000 -0.209089
370000 -0.208895
380000 -0.208704
390000 -0.208774
400000 -0.208334
410000 -0.207583
420000 -0.207111
430000 -0.206654
440000 -0.206315
450000 -0.206177
460000 -0.206246
470000 -0.2058
480000 -0.205593
490000 -0.205253
500000 -0.204696
510000 -0.204866
520000 -0.204841
530000 -0.20485
540000 -0.204867
550000 -0.204536
560000 -0.204274
570000 -0.204151
580000 -0.204113
590000 -0.204165
600000 -0.203765
610000 -0.20353
620000 -0.203578
630000 -0.203901
640000 -0.203356
650000 -0.20333
660000 -0.203494
670000 -0.203728
680000 -0.203585
690000 -0.20297
700000 -0.202729
710000 -0.202566
720000 -0.20256
730000 -0.202584
740000 -0.202956
750000 -0.202976
760000 -0.203043
770000 -0.202766
780000 -0.203182
790000 -0.203137
800000 -0.203005
810000 -0.203088
820000 -0.203084
830000 -0.203203
840000 -0.203041
850000 -0.202766
860000 -0.20269
870000 -0.202568
880000 -0.202706
890000 -0.202822
900000 -0.202675
910000 -0.202662
920000 -0.202481
930000 -0.20288
940000 -0.202292
950000 -0.20241
960000 -0.202134
970000 -0.202218
980000 -0.202125
990000 -0.201799
