10000 -0.527432
20000 -0.498048
30000 -0.462153
40000 -0.451779
50000 -0.409045
60000 -0.391261
70000 -0.365397
80000 -0.358259
90000 -0.345664
100000 -0.353918
110000 -0.342141
120000 -0.338297
130000 -0.336152
140000 -0.334044
150000 -0.330636
160000 -0.329468
170000 -0.32773
180000 -0.32338
190000 -0.320733
200000 -0.319595
210000 -0.316601
220000 -0.314182
230000 -0.31098
240000 -0.306728
250000 -0.303307
260000 -0.301869
270000 -0.300896
280000 -0.300471
290000 -0.299778
300000 -0.299454
310000 -0.298327
320000 -0.297397
330000 -0.296218
340000 -0.295329
350000 -0.294835
360000 -0.294424
370000 -0.294196
380000 -0.294124
390000 -0.294022
400000 -0.293966
410000 -0.293578
420000 -0.293555
430000 -0.293214
440000 -0.292982
450000 -0.292766
460000 -0.29282
470000 -0.292813
480000 -0.292597
490000 -0.292435
500000 -0.292318
510000 -0.292714
520000 -0.292604
530000 -0.292734
540000 -0.292657
550000 -0.292552
560000 -0.292581
570000 -0.292398
580000 -0.292082
590000 -0.291821
600000 -0.291679
610000 -0.291712
620000 -0.291498
630000 -0.291638
640000 -0.291279
650000 -0.291155
660000 -0.291176
670000 -0.29128
680000 -0.291132
690000 -0.291279
700000 -0.291219
710000 -0.291149
720000 -0.291093
730000 -0.290851
740000 -0.290842
750000 -0.290646
760000 -0.290704
770000 -0.290894
780000 -0.2908
790000 -0.290751
800000 -0.290968
810000 -0.290963
820000 -0.290755
830000 -0.290773
840000 -0.290684
850000 -0.290622
860000 -0.290531
870000 -0.290582
880000 -0.290406
890000 -0.290278
900000 -0.290038
910000 -0.289958
920000 -0.289871
930000 -0.289936
940000 -0.290139
950000 -0.290068
960000 -0.290195
970000 -0.290065
980000 -0.289755
990000 -0.289845
