10000 0.105139
20000 0.0627335
30000 0.0485688
40000 0.0414798
50000 0.0372255
60000 0.0343887
70000 0.0323622
80000 0.030842
90000 0.0296595
100000 0.0287135
110000 0.0279396
120000 0.0272944
130000 0.0267486
140000 0.0262808
150000 0.0258752
160000 0.0255204
170000 0.0252073
180000 0.024929
190000 0.02468
200000 0.0244559
210000 0.0242531
220000 0.0240687
230000 0.0239004
240000 0.0237461
250000 0.0236042
260000 0.0234732
270000 0.0233518
280000 0.0232392
290000 0.0231343
300000 0.0230364
310000 0.0229448
320000 0.0228589
330000 0.0227783
340000 0.0227024
350000 0.0226308
360000 0.0225632
370000 0.0224993
380000 0.0224387
390000 0.0223812
400000 0.0223266
410000 0.0222747
420000 0.0222252
430000 0.022178
440000 0.022133
450000 0.02209
460000 0.0220489
470000 0.0220095
480000 0.0219717
490000 0.0219355
500000 0.0219007
510000 0.0218673
520000 0.0218352
530000 0.0218043
540000 0.0217745
550000 0.0217459
560000 0.0217182
570000 0.0216915
580000 0.0216658
590000 0.0216409
600000 0.0216168
610000 0.0215935
620000 0.021571
630000 0.0215492
640000 0.0215281
650000 0.0215076
660000 0.0214877
670000 0.0214685
680000 0.0214498
690000 0.0214316
700000 0.021414
710000 0.0213969
720000 0.0213802
730000 0.021364
740000 0.0213482
750000 0.0213329
760000 0.0213179
770000 0.0213034
780000 0.0212892
790000 0.0212754
800000 0.0212619
810000 0.0212487
820000 0.0212359
830000 0.0212234
840000 0.0212112
850000 0.0211992
860000 0.0211876
870000 0.0211762
880000 0.0211651
890000 0.0211542
900000 0.0211436
910000 0.0211332
920000 0.021123
930000 0.021113
940000 0.0211033
950000 0.0210938
960000 0.0210844
970000 0.0210753
980000 0.0210663
990000 0.0210575
