10000 0.109644
20000 0.0709938
30000 0.0580896
40000 0.0516337
50000 0.0477594
60000 0.0451757
70000 0.0433304
80000 0.0419462
90000 0.0408696
100000 0.040008
110000 0.0393032
120000 0.0387157
130000 0.0382186
140000 0.0377926
150000 0.0374234
160000 0.0371003
170000 0.0368152
180000 0.0365618
190000 0.0363351
200000 0.036131
210000 0.0359463
220000 0.0357785
230000 0.0356253
240000 0.0354847
250000 0.0353555
260000 0.0352362
270000 0.0351257
280000 0.0350231
290000 0.0349276
300000 0.0348385
310000 0.0347551
320000 0.0346769
330000 0.0346035
340000 0.0345343
350000 0.0344692
360000 0.0344076
370000 0.0343494
380000 0.0342942
390000 0.0342419
400000 0.0341922
410000 0.0341449
420000 0.0340999
430000 0.0340569
440000 0.0340159
450000 0.0339768
460000 0.0339393
470000 0.0339034
480000 0.033869
490000 0.0338361
500000 0.0338044
510000 0.033774
520000 0.0337447
530000 0.0337166
540000 0.0336895
550000 0.0336634
560000 0.0336382
570000 0.0336139
580000 0.0335905
590000 0.0335678
600000 0.0335459
610000 0.0335247
620000 0.0335042
630000 0.0334843
640000 0.0334651
650000 0.0334464
660000 0.0334284
670000 0.0334108
680000 0.0333938
690000 0.0333773
700000 0.0333612
710000 0.0333456
720000 0.0333304
730000 0.0333157
740000 0.0333013
750000 0.0332873
760000 0.0332737
770000 0.0332605
780000 0.0332476
790000 0.033235
800000 0.0332227
810000 0.0332107
820000 0.0331991
830000 0.0331511
840000 0.0329614
850000 0.0327464
860000 0.0325365
870000 0.0323314
880000 0.0321309
890000 0.031935
900000 0.0317434
910000 0.031556
920000 0.0313727
930000 0.0311933
940000 0.0310178
950000 0.0308459
960000 0.0306777
970000 0.0305129
980000 0.0303514
990000 0.0301932
