10000 0.453506
20000 0.245335
30000 0.17191
40000 0.133292
50000 0.109866
60000 0.0941253
70000 0.0828545
80000 0.0744021
90000 0.0678239
100000 0.0625442
110000 0.058213
120000 0.0546002
130000 0.0515419
140000 0.0489206
150000 0.0466457
160000 0.044654
170000 0.0428962
180000 0.0413322
190000 0.0399315
200000 0.0386728
210000 0.0375316
220000 0.0364951
230000 0.0355483
240000 0.0346806
250000 0.033882
260000 0.0331451
270000 0.0324626
280000 0.0318287
290000 0.0312382
300000 0.0306877
310000 0.0301718
320000 0.0296887
330000 0.0292348
340000 0.0288076
350000 0.0284045
360000 0.0280241
370000 0.0276642
380000 0.0273233
390000 0.0269997
400000 0.0266924
410000 0.0264
420000 0.0261215
430000 0.025856
440000 0.0256024
450000 0.0253603
460000 0.0251285
470000 0.0249065
480000 0.0246939
490000 0.0244899
500000 0.0242941
510000 0.0241058
520000 0.023925
530000 0.0237508
540000 0.0235832
550000 0.0234216
560000 0.0232657
570000 0.0231154
580000 0.0229703
590000 0.02283
600000 0.0226944
610000 0.0225633
620000 0.0224364
630000 0.0223135
640000 0.0221945
650000 0.0220791
660000 0.0219671
670000 0.0218586
680000 0.0217533
690000 0.021651
700000 0.0215516
710000 0.021455
720000 0.0213611
730000 0.0212697
740000 0.0211809
750000 0.0210944
760000 0.0210102
770000 0.0209281
780000 0.0208482
790000 0.0207703
800000 0.0206943
810000 0.0206203
820000 0.020548
830000 0.0204774
840000 0.0204086
850000 0.0203413
860000 0.0202757
870000 0.0202115
880000 0.0201488
890000 0.0200875
900000 0.0200276
910000 0.019969
920000 0.0199116
930000 0.0198555
940000 0.0198006
950000 0.0197468
960000 0.0196942
970000 0.0196426
980000 0.0195921
990000 0.0195426
