10000 -0.627255
20000 -0.615452
30000 -0.548639
40000 -0.561737
50000 -0.493022
60000 -0.543703
70000 -0.543912
80000 -0.597836
90000 -0.630645
100000 -0.617861
110000 -0.555701
120000 -0.559686
130000 -0.549755
140000 -0.63436
150000 -0.563272
160000 -0.49586
170000 -0.652093
180000 -0.563214
190000 -0.581977
200000 -0.578314
210000 -0.604283
220000 -0.507005
230000 -0.583681
240000 -0.553159
250000 -0.580951
260000 -0.585314
270000 -0.5007
280000 -0.593251
290000 -0.492811
300000 -0.56443
310000 -0.546305
320000 -0.53992
330000 -0.566731
340000 -0.552541
350000 -0.560892
360000 -0.576119
370000 -0.580487
380000 -0.575246
390000 -0.474381
400000 -0.474318
410000 -0.629976
420000 -0.535543
430000 -0.511681
440000 -0.623938
450000 -0.611673
460000 -0.417787
470000 -0.579468
480000 -0.65087
490000 -0.507439
500000 -0.580997
510000 -0.546869
520000 -0.622689
530000 -0.564067
540000 -0.586896
550000 -0.588765
560000 -0.553142
570000 -0.633045
580000 -0.652254
590000 -0.623275
600000 -0.537371
610000 -0.530858
620000 -0.6052
630000 -0.565913
640000 -0.628077
650000 -0.564033
660000 -0.568419
670000 -0.583708
680000 -0.627573
690000 -0.566747
700000 -0.640828
710000 -0.602151
720000 -0.570754
730000 -0.501022
740000 -0.546442
750000 -0.598631
760000 -0.602605
770000 -0.619659
780000 -0.577631
790000 -0.59769
800000 -0.493831
810000 -0.617957
820000 -0.509922
830000 -0.632444
840000 -0.537497
850000 -0.467353
860000 -0.521477
870000 -0.605409
880000 -0.584099
890000 -0.581099
900000 -0.577599
910000 -0.599734
920000 -0.568132
930000 -0.616326
940000 -0.526869
950000 -0.488416
960000 -0.574279
970000 -0.47013
980000 -0.526393
990000 -0.586911
1000000 -0.462552
