10000 -0.609498
20000 -0.580826
30000 -0.585693
40000 -0.638599
50000 -0.614314
60000 -0.523241
70000 -0.495325
80000 -0.552739
90000 -0.582184
100000 -0.520964
110000 -0.509355
120000 -0.608851
130000 -0.567306
140000 -0.618574
150000 -0.652027
160000 -0.484365
170000 -0.570531
180000 -0.588495
190000 -0.541765
200000 -0.583544
210000 -0.516345
220000 -0.613961
230000 -0.612274
240000 -0.66163
250000 -0.463935
260000 -0.499626
270000 -0.594099
280000 -0.619875
290000 -0.562067
300000 -0.606269
310000 -0.573882
320000 -0.54175
330000 -0.624451
340000 -0.580011
350000 -0.529947
360000 -0.475847
370000 -0.616766
380000 -0.568638
390000 -0.506289
400000 -0.489071
410000 -0.584708
420000 -0.543201
430000 -0.527347
440000 -0.582888
450000 -0.511409
460000 -0.63175
470000 -0.601588
480000 -0.573915
490000 -0.57601
500000 -0.525484
510000 -0.574538
520000 -0.587372
530000 -0.54764
540000 -0.581436
550000 -0.571553
560000 -0.581874
570000 -0.618911
580000 -0.53179
590000 -0.558779
600000 -0.549594
610000 -0.571168
620000 -0.607673
630000 -0.54842
640000 -0.578482
650000 -0.455365
660000 -0.574453
670000 -0.54147
680000 -0.562678
690000 -0.628843
700000 -0.530912
710000 -0.529606
720000 -0.527637
730000 -0.60164
740000 -0.545256
750000 -0.559627
760000 -0.60548
770000 -0.568164
780000 -0.58601
790000 -0.540561
800000 -0.576009
810000 -0.613504
820000 -0.570519
830000 -0.549374
840000 -0.593292
850000 -0.5886
860000 -0.610264
870000 -0.541759
880000 -0.451205
890000 -0.550822
900000 -0.651393
910000 -0.602071
920000 -0.604621
930000 -0.553341
940000 -0.478941
950000 -0.506924
960000 -0.582843
970000 -0.659743
980000 -0.65538
990000 -0.584463
1000000 -0.539319
