10000 -0.580328
20000 -0.592314
30000 -0.528356
40000 -0.619418
50000 -0.642002
60000 -0.562147
70000 -0.543862
80000 -0.579105
90000 -0.568419
100000 -0.606962
110000 -0.629881
120000 -0.554535
130000 -0.669682
140000 -0.502412
150000 -0.538774
160000 -0.516601
170000 -0.553976
180000 -0.588309
190000 -0.505174
200000 -0.592085
210000 -0.529827
220000 -0.547088
230000 -0.577703
240000 -0.62763
250000 -0.615492
260000 -0.568437
270000 -0.556065
280000 -0.553558
290000 -0.58346
300000 -0.603648
310000 -0.555128
320000 -0.506965
330000 -0.562183
340000 -0.503654
350000 -0.530396
360000 -0.468629
370000 -0.541177
380000 -0.592279
390000 -0.630688
400000 -0.47181
410000 -0.536146
420000 -0.605049
430000 -0.5741
440000 -0.474266
450000 -0.61946
460000 -0.521155
470000 -0.585591
480000 -0.574521
490000 -0.559383
500000 -0.595686
510000 -0.530911
520000 -0.614517
530000 -0.492982
540000 -0.574091
550000 -0.556528
560000 -0.501333
570000 -0.591563
580000 -0.573603
590000 -0.602187
600000 -0.570353
610000 -0.598735
620000 -0.4752
630000 -0.594239
640000 -0.57658
650000 -0.575924
660000 -0.480683
670000 -0.574954
680000 -0.593091
690000 -0.565411
700000 -0.639992
710000 -0.557627
720000 -0.601966
730000 -0.549442
740000 -0.593898
750000 -0.556592
760000 -0.519071
770000 -0.490795
780000 -0.524604
790000 -0.578735
800000 -0.501597
810000 -0.596618
820000 -0.603027
830000 -0.566419
840000 -0.49968
850000 -0.565317
860000 -0.573245
870000 -0.640697
880000 -0.569843
890000 -0.55202
900000 -0.56869
910000 -0.576838
920000 -0.544372
930000 -0.616843
940000 -0.501175
950000 -0.596859
960000 -0.519695
970000 -0.59331
980000 -0.53143
990000 -0.615978
1000000 -0.530209
