10000 0.84349
20000 1.10464
30000 0.833594
40000 0.822599
50000 0.678413
60000 0.985751
70000 1.05908
80000 0.763906
90000 0.532391
100000 1.0969
110000 0.841788
120000 1.16359
130000 1.34304
140000 0.851534
150000 0.640978
160000 1.17735
170000 0.564105
180000 0.640945
190000 1.17161
200000 1.22198
210000 1.06318
220000 0.45102
230000 1.33366
240000 0.790128
250000 1.31762
260000 0.682906
270000 0.821036
280000 0.544899
290000 1.00296
300000 1.36484
310000 1.01
320000 1.18017
330000 0.553851
340000 0.770557
350000 0.938336
360000 1.25852
370000 0.597453
380000 1.22796
390000 0.885562
400000 0.748566
410000 0.918318
420000 0.704589
430000 0.960576
440000 1.06717
450000 0.719626
460000 0.894517
470000 1.05719
480000 0.708912
490000 0.669493
500000 1.17363
510000 1.16493
520000 1.06722
530000 1.14666
540000 0.548036
550000 1.19423
560000 1.11414
570000 0.763774
580000 0.892618
590000 0.955713
600000 1.08187
610000 0.962583
620000 0.462514
630000 1.29402
640000 1.17623
650000 1.01047
660000 1.24064
670000 0.640983
680000 0.377593
690000 1.03296
700000 0.891653
710000 0.59258
720000 1.01479
730000 0.962573
740000 1.02731
750000 0.951357
760000 0.753811
770000 1.01451
780000 1.02748
790000 0.679151
800000 0.674546
810000 1.21656
820000 0.823801
830000 0.990536
840000 1.24606
850000 0.832478
860000 0.569154
870000 1.10706
880000 1.15829
890000 1.14628
900000 0.862103
910000 0.665137
920000 1.05099
930000 0.903818
940000 1.13801
950000 0.988687
960000 0.746802
970000 0.963931
980000 0.9943
990000 0.859165
1000000 0.844904
