10000 1.13594
20000 0.760296
30000 1.02446
40000 1.06978
50000 1.15413
60000 0.848594
70000 1.13472
80000 0.876293
90000 0.873949
100000 1.2112
110000 0.800286
120000 0.704738
130000 1.16102
140000 0.704589
150000 0.640978
160000 1.03487
170000 1.11369
180000 1.10875
190000 0.689692
200000 0.929475
210000 0.803168
220000 0.661838
230000 0.555111
240000 0.871744
250000 1.21758
260000 1.2928
270000 0.896594
280000 1.18049
290000 0.798502
300000 0.882137
310000 0.614023
320000 1.09553
330000 1.12248
340000 1.05401
350000 0.628703
360000 0.447948
370000 1.17121
380000 1.05287
390000 1.26429
400000 1.09466
410000 1.06933
420000 0.807619
430000 0.683412
440000 1.0076
450000 0.913702
460000 1.0257
470000 0.763812
480000 1.27286
490000 1.16921
500000 0.600062
510000 0.609012
520000 0.767945
530000 0.979135
540000 0.842634
550000 1.06035
560000 0.903888
570000 1.02016
580000 0.878416
590000 1.20313
600000 1.08887
610000 0.638422
620000 0.770422
630000 0.357674
640000 1.16452
650000 0.775217
660000 0.782145
670000 0.989354
680000 0.903393
690000 0.627897
700000 1.20691
710000 0.883891
720000 0.716996
730000 0.870587
740000 1.08277
750000 0.723462
760000 0.883707
770000 0.812208
780000 1.38675
790000 0.807909
800000 0.456211
810000 1.11154
820000 0.896206
830000 1.04739
840000 1.20599
850000 0.788286
860000 0.704591
870000 0.792186
880000 0.980431
890000 0.716996
900000 0.656226
910000 0.558299
920000 0.999913
930000 0.984403
940000 1.07322
950000 1.16925
960000 0.762408
970000 0.888598
980000 1.08567
990000 1.09479
1000000 0.209542
