10000 -0.386468
20000 -0.408491
30000 -0.408843
40000 -0.400924
50000 -0.38705
60000 -0.375747
70000 -0.366981
80000 -0.359959
90000 -0.354236
100000 -0.349794
110000 -0.345871
120000 -0.342447
130000 -0.339569
140000 -0.337111
150000 -0.33483
160000 -0.33279
170000 -0.331041
180000 -0.329445
190000 -0.327993
200000 -0.326723
210000 -0.325545
220000 -0.324448
230000 -0.323401
240000 -0.322407
250000 -0.321536
260000 -0.320714
270000 -0.319947
280000 -0.319258
290000 -0.31858
300000 -0.317965
310000 -0.317368
320000 -0.316818
330000 -0.316283
340000 -0.315766
350000 -0.315284
360000 -0.31483
370000 -0.314398
380000 -0.313997
390000 -0.313619
400000 -0.313242
410000 -0.312889
420000 -0.312523
430000 -0.31218
440000 -0.311848
450000 -0.31152
460000 -0.311198
470000 -0.310894
480000 -0.310599
490000 -0.310298
500000 -0.310023
510000 -0.309729
520000 -0.309436
530000 -0.309168
540000 -0.308901
550000 -0.308644
560000 -0.308393
570000 -0.308138
580000 -0.307899
590000 -0.307676
600000 -0.307448
610000 -0.307234
620000 -0.307021
630000 -0.306787
640000 -0.306553
650000 -0.306319
660000 -0.306079
670000 -0.305839
680000 -0.30558
690000 -0.305327
700000 -0.305058
710000 -0.304786
720000 -0.304519
730000 -0.304265
740000 -0.304015
750000 -0.303769
760000 -0.303521
770000 -0.303276
780000 -0.303036
790000 -0.302798
800000 -0.302564
810000 -0.302339
820000 -0.302109
830000 -0.30189
840000 -0.301684
850000 -0.301469
860000 -0.301258
870000 -0.30105
880000 -0.300848
890000 -0.30065
900000 -0.300454
910000 -0.300263
920000 -0.300074
930000 -0.299897
940000 -0.299714
950000 -0.299541
960000 -0.299372
970000 -0.299205
980000 -0.299043
990000 -0.298882
