10000 -0.466667
20000 -0.414106
30000 -0.378016
40000 -0.356039
50000 -0.342371
60000 -0.33618
70000 -0.33096
80000 -0.325317
90000 -0.320485
100000 -0.313789
110000 -0.313449
120000 -0.313073
130000 -0.311886
140000 -0.311893
150000 -0.310515
160000 -0.304174
170000 -0.30424
180000 -0.301105
190000 -0.298429
200000 -0.2971
210000 -0.294506
220000 -0.293454
230000 -0.290907
240000 -0.288228
250000 -0.287583
260000 -0.284802
270000 -0.284821
280000 -0.282825
290000 -0.280868
300000 -0.279972
310000 -0.27993
320000 -0.27708
330000 -0.27717
340000 -0.275864
350000 -0.275464
360000 -0.275066
370000 -0.274717
380000 -0.274398
390000 -0.274734
400000 -0.274966
410000 -0.276166
420000 -0.275211
430000 -0.276353
440000 -0.276185
450000 -0.276097
460000 -0.27561
470000 -0.274113
480000 -0.273595
490000 -0.273562
500000 -0.273636
510000 -0.273246
520000 -0.272987
530000 -0.272864
540000 -0.272716
550000 -0.27271
560000 -0.272545
570000 -0.272353
580000 -0.272234
590000 -0.272443
600000 -0.272289
610000 -0.272338
620000 -0.272343
630000 -0.272223
640000 -0.272177
650000 -0.272384
660000 -0.272074
670000 -0.271929
680000 -0.272071
690000 -0.272173
700000 -0.272235
710000 -0.272151
720000 -0.272105
730000 -0.272144
740000 -0.271877
750000 -0.271752
760000 -0.27197
770000 -0.272005
780000 -0.272131
790000 -0.272204
800000 -0.230375
810000 -0.176648
820000 -0.156533
830000 -0.155272
840000 -0.153893
850000 -0.15241
860000 -0.151432
870000 -0.150541
880000 -0.149465
890000 -0.148483
900000 -0.147683
910000 -0.146895
920000 -0.145925
930000 -0.145151
940000 -0.143917
950000 -0.143159
960000 -0.142428
970000 -0.141305
980000 -0.13984
990000 -0.138757
