10000 -0.49149
20000 -0.428464
30000 -0.397717
40000 -0.345763
50000 -0.324819
60000 -0.314098
70000 -0.305008
80000 -0.299041
90000 -0.295301
100000 -0.291518
110000 -0.289656
120000 -0.287289
130000 -0.285869
140000 -0.284138
150000 -0.282288
160000 -0.279645
170000 -0.277249
180000 -0.277168
190000 -0.276024
200000 -0.276036
210000 -0.276296
220000 -0.275467
230000 -0.273887
240000 -0.273601
250000 -0.273294
260000 -0.272521
270000 -0.27278
280000 -0.273648
290000 -0.272667
300000 -0.272649
310000 -0.272769
320000 -0.272374
330000 -0.271982
340000 -0.271597
350000 -0.271286
360000 -0.271259
370000 -0.27097
380000 -0.270839
390000 -0.269814
400000 -0.269936
410000 -0.269445
420000 -0.268655
430000 -0.268561
440000 -0.26841
450000 -0.267842
460000 -0.267682
470000 -0.267118
480000 -0.267079
490000 -0.267172
500000 -0.266603
510000 -0.266444
520000 -0.265807
530000 -0.265614
540000 -0.264934
550000 -0.264433
560000 -0.263461
570000 -0.262916
580000 -0.26153
590000 -0.259668
600000 -0.258631
610000 -0.258197
620000 -0.258093
630000 -0.258027
640000 -0.258065
650000 -0.258147
660000 -0.257828
670000 -0.25774
680000 -0.257538
690000 -0.257497
700000 -0.257385
710000 -0.257363
720000 -0.257308
730000 -0.257194
740000 -0.257162
750000 -0.256969
760000 -0.256997
770000 -0.25682
780000 -0.256849
790000 -0.256818
800000 -0.256747
810000 -0.256671
820000 -0.256574
830000 -0.256502
840000 -0.256479
850000 -0.256464
860000 -0.256521
870000 -0.256489
880000 -0.256378
890000 -0.256401
900000 -0.256404
910000 -0.256367
920000 -0.256328
930000 -0.2563
940000 -0.256358
950000 -0.2563
960000 -0.256266
970000 -0.256338
980000 -0.256309
990000 -0.256242
