10000 0.121917
20000 0.0746079
30000 0.0587828
40000 0.0508596
50000 0.0461024
60000 0.0429297
70000 0.0406629
80000 0.0389626
90000 0.0376399
100000 0.0365814
110000 0.0357154
120000 0.0349937
130000 0.0343829
140000 0.0338595
150000 0.0334057
160000 0.0330087
170000 0.0326584
180000 0.0323469
190000 0.0320683
200000 0.0318175
210000 0.0315906
220000 0.0313843
230000 0.031196
240000 0.0310233
250000 0.0308644
260000 0.0307178
270000 0.030582
280000 0.030456
290000 0.0303386
300000 0.030229
310000 0.0301265
320000 0.0300304
330000 0.0299402
340000 0.0298552
350000 0.0297751
360000 0.0296995
370000 0.0296279
380000 0.0295601
390000 0.0294958
400000 0.0294347
410000 0.0293766
420000 0.0293212
430000 0.0292684
440000 0.029218
450000 0.0291699
460000 0.0291239
470000 0.0290798
480000 0.0290375
490000 0.028997
500000 0.0289581
510000 0.0289207
520000 0.0288847
530000 0.0288502
540000 0.0288168
550000 0.0287847
560000 0.0287538
570000 0.0287239
580000 0.0286951
590000 0.0286672
600000 0.0286403
610000 0.0286143
620000 0.0285891
630000 0.0285646
640000 0.028541
650000 0.0285181
660000 0.0284959
670000 0.0284743
680000 0.0284534
690000 0.0284331
700000 0.0284133
710000 0.0283941
720000 0.0283755
730000 0.0283574
740000 0.0283397
750000 0.0283225
760000 0.0283058
770000 0.0282895
780000 0.0282736
790000 0.0282582
800000 0.0282431
810000 0.0282284
820000 0.028214
830000 0.0282
840000 0.0281863
850000 0.028173
860000 0.0281599
870000 0.0281472
880000 0.0281348
890000 0.0281226
900000 0.0281107
910000 0.028099
920000 0.0280877
930000 0.0280765
940000 0.0280656
950000 0.0280549
960000 0.0280445
970000 0.0280342
980000 0.0280242
990000 0.0280144
