10000 0.445652
20000 0.242341
30000 0.168346
40000 0.13127
50000 0.10901
60000 0.0941614
70000 0.0835538
80000 0.0755964
90000 0.0694072
100000 0.0644545
110000 0.0604027
120000 0.0570256
130000 0.0541681
140000 0.0517187
150000 0.0495955
160000 0.0477379
170000 0.046099
180000 0.0446419
190000 0.0433382
200000 0.0421649
210000 0.0411034
220000 0.0401382
230000 0.0392571
240000 0.0384494
250000 0.0377062
260000 0.0370202
270000 0.036385
280000 0.0357952
290000 0.0352461
300000 0.0347335
310000 0.0342541
320000 0.0338046
330000 0.0333823
340000 0.0329849
350000 0.0326102
360000 0.0322562
370000 0.0319215
380000 0.0316043
390000 0.0313034
400000 0.0310176
410000 0.0307457
420000 0.0304867
430000 0.0302398
440000 0.0300041
450000 0.0297789
460000 0.0295635
470000 0.0293572
480000 0.0291595
490000 0.0289699
500000 0.0287879
510000 0.028613
520000 0.0284449
530000 0.0282831
540000 0.0281272
550000 0.0279771
560000 0.0278323
570000 0.0276926
580000 0.0275577
590000 0.0274274
600000 0.0273014
610000 0.0271796
620000 0.0270617
630000 0.0269475
640000 0.0268369
650000 0.0267297
660000 0.0266257
670000 0.0265249
680000 0.026427
690000 0.026332
700000 0.0262396
710000 0.0261499
720000 0.0260627
730000 0.0259778
740000 0.0258953
750000 0.0258149
760000 0.0257367
770000 0.0256605
780000 0.0255862
790000 0.0255138
800000 0.0254433
810000 0.0253745
820000 0.0253073
830000 0.0252418
840000 0.0251778
850000 0.0251154
860000 0.0250544
870000 0.0249948
880000 0.0249365
890000 0.0248796
900000 0.0248239
910000 0.0247694
920000 0.0247162
930000 0.024664
940000 0.024613
950000 0.0245631
960000 0.0245142
970000 0.0244663
980000 0.0244194
990000 0.0243734
