10000 0.0322532
20000 0.0297392
30000 0.0302628
40000 0.0296636
50000 0.0300877
60000 0.0298516
70000 0.0301364
80000 0.0300374
90000 0.029567
100000 0.0294769
110000 0.0284674
120000 0.0285692
130000 0.0286073
140000 0.0279552
150000 0.0270513
160000 0.027886
170000 0.0279517
180000 0.0284303
190000 0.0279009
200000 0.0276837
210000 0.0270513
220000 0.0270513
230000 0.0270513
240000 0.0270513
250000 0.0270513
260000 0.0270513
270000 0.0280425
280000 0.027805
290000 0.028211
300000 0.0291465
310000 0.0290321
320000 0.0292342
330000 0.0294494
340000 0.0291836
350000 0.0289715
360000 0.0288166
370000 0.0284911
380000 0.0285132
390000 0.0280589
400000 0.0288206
410000 0.0287075
420000 0.0287888
430000 0.0291495
440000 0.0289241
450000 0.0280136
460000 0.0277815
470000 0.027246
480000 0.0270513
490000 0.0270513
500000 0.0270513
510000 0.0270513
520000 0.0270513
530000 0.0270513
540000 0.0270513
550000 0.0270513
560000 0.0270513
570000 0.0270513
580000 0.0270513
590000 0.0270513
600000 0.0270513
610000 0.0270513
620000 0.0270513
630000 0.0270513
640000 0.0270513
650000 0.0270513
660000 0.0270513
670000 0.0270513
680000 0.0270513
690000 0.0270513
700000 0.0270513
710000 0.0270513
720000 0.0270513
730000 0.0270513
740000 0.0270513
750000 0.0270513
760000 0.0270513
770000 0.0270513
780000 0.0270513
790000 0.0270513
800000 0.0270513
810000 0.0270513
820000 0.0270513
830000 0.0270513
840000 0.0270513
850000 0.0270513
860000 0.0270513
870000 0.0270513
880000 0.0270513
890000 0.0270513
900000 0.0270513
910000 0.0270513
920000 0.0270513
930000 0.0270513
940000 0.0248348
950000 0.0236857
960000 0.0232322
970000 0.0219022
980000 0.0208472
990000 0.0209625
