10000 -0.546142
20000 -0.593946
30000 -0.549439
40000 -0.550417
50000 -0.593839
60000 -0.577691
70000 -0.649607
80000 -0.605548
90000 -0.58062
100000 -0.54007
110000 -0.631212
120000 -0.523402
130000 -0.61737
140000 -0.629654
150000 -0.62739
160000 -0.498036
170000 -0.578713
180000 -0.622367
190000 -0.562343
200000 -0.570749
210000 -0.589215
220000 -0.629392
230000 -0.540535
240000 -0.522612
250000 -0.530577
260000 -0.593438
270000 -0.546476
280000 -0.643955
290000 -0.583217
300000 -0.484575
310000 -0.55399
320000 -0.596241
330000 -0.530525
340000 -0.630563
350000 -0.583647
360000 -0.632709
370000 -0.60757
380000 -0.543656
390000 -0.570433
400000 -0.569521
410000 -0.614293
420000 -0.512267
430000 -0.648782
440000 -0.581251
450000 -0.546207
460000 -0.566033
470000 -0.475527
480000 -0.595184
490000 -0.523044
500000 -0.593961
510000 -0.519538
520000 -0.572302
530000 -0.625282
540000 -0.57514
550000 -0.568372
560000 -0.521032
570000 -0.574125
580000 -0.570572
590000 -0.550936
600000 -0.471042
610000 -0.641134
620000 -0.652819
630000 -0.564343
640000 -0.535699
650000 -0.650504
660000 -0.626991
670000 -0.590891
680000 -0.572286
690000 -0.490103
700000 -0.609353
710000 -0.56442
720000 -0.544598
730000 -0.542062
740000 -0.516243
750000 -0.573932
760000 -0.513324
770000 -0.548572
780000 -0.567074
790000 -0.613839
800000 -0.522334
810000 -0.58841
820000 -0.525054
830000 -0.565509
840000 -0.580922
850000 -0.487832
860000 -0.564813
870000 -0.603789
880000 -0.588248
890000 -0.56574
900000 -0.568163
910000 -0.565191
920000 -0.631111
930000 -0.583192
940000 -0.588163
950000 -0.592821
960000 -0.529699
970000 -0.603465
980000 -0.548547
990000 -0.567477
1000000 -0.605322
