10000 1.03187
20000 1.09501
30000 0.587172
40000 1.28337
50000 1.0523
60000 0.746317
70000 1.03119
80000 1.01191
90000 1.19321
100000 1.17379
110000 0.734213
120000 1.18555
130000 0.832281
140000 1.25271
150000 0.780154
160000 1.15613
170000 1.05835
180000 1.31187
190000 1.06303
200000 0.9005
210000 1.30808
220000 1.01986
230000 1.06807
240000 0.782143
250000 0.763623
260000 1.23899
270000 1.03371
280000 0.676029
290000 1.15961
300000 0.966534
310000 0.617788
320000 1.16735
330000 0.569524
340000 1.29206
350000 1.28311
360000 1.3174
370000 0.640978
380000 1.05153
390000 1.13186
400000 0.829876
410000 0.902942
420000 1.00925
430000 1.08419
440000 1.13923
450000 1.1429
460000 0.960349
470000 0.724064
480000 0.8516
490000 1.19991
500000 0.63054
510000 1.11167
520000 1.09996
530000 0.932884
540000 0.96126
550000 0.846781
560000 1.18092
570000 1.13833
580000 1.13964
590000 1.01633
600000 0.981753
610000 0.801772
620000 0.58592
630000 0.891101
640000 1.30672
650000 1.07079
660000 0.861375
670000 0.786803
680000 0.781642
690000 1.16795
700000 1.08108
710000 1.17553
720000 1.00836
730000 1.38956
740000 1.38646
750000 0.788438
760000 0.905727
770000 1.12139
780000 0.933573
790000 1.05846
800000 0.836557
810000 1.08705
820000 1.22989
830000 1.13567
840000 1.24425
850000 0.536447
860000 0.969987
870000 0.964328
880000 0.644241
890000 0.972381
900000 0.65446
910000 0.476338
920000 1.00219
930000 1.02283
940000 0.883977
950000 0.684217
960000 0.77161
970000 0.854149
980000 1.26714
990000 0.973068
1000000 0.848231
