10000 -0.288743
20000 -0.341606
30000 -0.359417
40000 -0.361253
50000 -0.356608
60000 -0.351462
70000 -0.346772
80000 -0.342234
90000 -0.339774
100000 -0.335603
110000 -0.330222
120000 -0.327931
130000 -0.325735
140000 -0.322413
150000 -0.31909
160000 -0.315345
170000 -0.311383
180000 -0.307658
190000 -0.304115
200000 -0.301017
210000 -0.298819
220000 -0.296771
230000 -0.296668
240000 -0.297956
250000 -0.300011
260000 -0.301778
270000 -0.303159
280000 -0.30412
290000 -0.304763
300000 -0.305317
310000 -0.305719
320000 -0.306057
330000 -0.306084
340000 -0.306058
350000 -0.305863
360000 -0.305528
370000 -0.305179
380000 -0.305011
390000 -0.305072
400000 -0.304975
410000 -0.304834
420000 -0.304485
430000 -0.304037
440000 -0.303538
450000 -0.30297
460000 -0.302359
470000 -0.301683
480000 -0.300963
490000 -0.300063
500000 -0.299107
510000 -0.298186
520000 -0.297306
530000 -0.296478
540000 -0.295617
550000 -0.294781
560000 -0.293955
570000 -0.293147
580000 -0.292311
590000 -0.291481
600000 -0.290673
610000 -0.289855
620000 -0.289044
630000 -0.288198
640000 -0.287372
650000 -0.28656
660000 -0.285748
670000 -0.284974
680000 -0.284153
690000 -0.283414
700000 -0.282704
710000 -0.281982
720000 -0.281279
730000 -0.280523
740000 -0.27983
750000 -0.27915
760000 -0.278475
770000 -0.277799
780000 -0.277146
790000 -0.276474
800000 -0.27583
810000 -0.275228
820000 -0.274611
830000 -0.273984
840000 -0.273373
850000 -0.272755
860000 -0.272148
870000 -0.27154
880000 -0.270956
890000 -0.270372
900000 -0.269807
910000 -0.269246
920000 -0.268693
930000 -0.268155
940000 -0.267615
950000 -0.267093
960000 -0.266566
970000 -0.266031
980000 -0.265563
990000 -0.26509
