10000 -0.172244
20000 -0.342258
30000 -0.376306
40000 -0.386688
50000 -0.390625
60000 -0.394682
70000 -0.399624
80000 -0.400629
90000 -0.400489
100000 -0.398813
110000 -0.396536
120000 -0.394703
130000 -0.392308
140000 -0.389917
150000 -0.3878
160000 -0.385608
170000 -0.383469
180000 -0.381464
190000 -0.379525
200000 -0.377712
210000 -0.375736
220000 -0.373718
230000 -0.3717
240000 -0.369761
250000 -0.367908
260000 -0.366129
270000 -0.36446
280000 -0.362701
290000 -0.361018
300000 -0.359512
310000 -0.358102
320000 -0.356625
330000 -0.355227
340000 -0.353804
350000 -0.352491
360000 -0.351156
370000 -0.349882
380000 -0.348664
390000 -0.347472
400000 -0.346335
410000 -0.345336
420000 -0.34427
430000 -0.343264
440000 -0.342358
450000 -0.34185
460000 -0.341353
470000 -0.340864
480000 -0.340398
490000 -0.340114
500000 -0.340403
510000 -0.340611
520000 -0.340696
530000 -0.340655
540000 -0.340502
550000 -0.340228
560000 -0.339823
570000 -0.339395
580000 -0.338953
590000 -0.338512
600000 -0.338072
610000 -0.337637
620000 -0.337188
630000 -0.337022
640000 -0.336975
650000 -0.336853
660000 -0.336681
670000 -0.336443
680000 -0.336168
690000 -0.335807
700000 -0.335427
710000 -0.3351
720000 -0.334771
730000 -0.334864
740000 -0.335055
750000 -0.335205
760000 -0.335327
770000 -0.335422
780000 -0.335503
790000 -0.335557
800000 -0.335579
810000 -0.335572
820000 -0.335539
830000 -0.335487
840000 -0.335418
850000 -0.33532
860000 -0.335218
870000 -0.335086
880000 -0.334953
890000 -0.33478
900000 -0.334599
910000 -0.334424
920000 -0.334216
930000 -0.334009
940000 -0.333777
950000 -0.333529
960000 -0.333243
970000 -0.332915
980000 -0.332611
990000 -0.332289
