10000 -0.251849
20000 -0.379465
30000 -0.400283
40000 -0.406888
50000 -0.412632
60000 -0.416041
70000 -0.415398
80000 -0.413156
90000 -0.41104
100000 -0.40774
110000 -0.405451
120000 -0.403136
130000 -0.401353
140000 -0.399436
150000 -0.397947
160000 -0.396009
170000 -0.393498
180000 -0.391719
190000 -0.389147
200000 -0.386353
210000 -0.383786
220000 -0.3811
230000 -0.378434
240000 -0.37549
250000 -0.372518
260000 -0.369696
270000 -0.367058
280000 -0.364699
290000 -0.362482
300000 -0.360291
310000 -0.358358
320000 -0.356397
330000 -0.35451
340000 -0.353002
350000 -0.351484
360000 -0.349823
370000 -0.34819
380000 -0.346731
390000 -0.345339
400000 -0.344007
410000 -0.342657
420000 -0.341349
430000 -0.340602
440000 -0.340564
450000 -0.340504
460000 -0.340386
470000 -0.340225
480000 -0.340012
490000 -0.339732
500000 -0.339433
510000 -0.33914
520000 -0.338836
530000 -0.338525
540000 -0.338157
550000 -0.337776
560000 -0.337414
570000 -0.337031
580000 -0.336576
590000 -0.336083
600000 -0.335608
610000 -0.335084
620000 -0.334528
630000 -0.333946
640000 -0.33371
650000 -0.33346
660000 -0.333165
670000 -0.332907
680000 -0.332621
690000 -0.332312
700000 -0.331969
710000 -0.331664
720000 -0.331369
730000 -0.331002
740000 -0.330652
750000 -0.330319
760000 -0.329999
770000 -0.329692
780000 -0.329386
790000 -0.3291
800000 -0.328807
810000 -0.328514
820000 -0.328239
830000 -0.327918
840000 -0.327781
850000 -0.327684
860000 -0.327534
870000 -0.327367
880000 -0.32715
890000 -0.326891
900000 -0.326585
910000 -0.326233
920000 -0.325884
930000 -0.325526
940000 -0.325171
950000 -0.324819
960000 -0.324466
970000 -0.324109
980000 -0.323745
990000 -0.323373
