10000 -0.532743
20000 -0.502853
30000 -0.507903
40000 -0.493988
50000 -0.471217
60000 -0.449463
70000 -0.416552
80000 -0.416534
90000 -0.385278
100000 -0.349559
110000 -0.344023
120000 -0.325319
130000 -0.316238
140000 -0.307857
150000 -0.306028
160000 -0.289718
170000 -0.296475
180000 -0.284884
190000 -0.285252
200000 -0.413958
210000 -0.409414
220000 -0.404916
230000 -0.399116
240000 -0.392887
250000 -0.388832
260000 -0.383302
270000 -0.378431
280000 -0.373161
290000 -0.37132
300000 -0.366251
310000 -0.363549
320000 -0.358646
330000 -0.35415
340000 -0.35078
350000 -0.349285
360000 -0.349571
370000 -0.345702
380000 -0.342569
390000 -0.342683
400000 -0.339922
410000 -0.341424
420000 -0.34022
430000 -0.338937
440000 -0.336665
450000 -0.333451
460000 -0.331208
470000 -0.331693
480000 -0.328593
490000 -0.329592
500000 -0.324935
510000 -0.324581
520000 -0.321296
530000 -0.321957
540000 -0.317651
550000 -0.316014
560000 -0.31467
570000 -0.319923
580000 -0.318437
590000 -0.324718
600000 -0.321832
610000 -0.317974
620000 -0.314762
630000 -0.314246
640000 -0.31404
650000 -0.31199
660000 -0.313565
670000 -0.314829
680000 -0.310969
690000 -0.310099
700000 -0.310132
710000 -0.312598
720000 -0.31284
730000 -0.313535
740000 -0.309823
750000 -0.309803
760000 -0.308936
770000 -0.306517
780000 -0.304736
790000 -0.304415
800000 -0.306879
810000 -0.30609
820000 -0.305717
830000 -0.304368
840000 -0.305206
850000 -0.303532
860000 -0.302455
870000 -0.301709
880000 -0.300788
890000 -0.302527
900000 -0.304411
910000 -0.302554
920000 -0.302862
930000 -0.30144
940000 -0.299616
950000 -0.301138
960000 -0.299833
970000 -0.300065
980000 -0.300724
990000 -0.299814
