10000 -0.486896
20000 -0.422343
30000 -0.40815
40000 -0.394788
50000 -0.352386
60000 -0.343505
70000 -0.318753
80000 -0.313195
90000 -0.310081
100000 -0.403205
110000 -0.377032
120000 -0.380239
130000 -0.368276
140000 -0.347868
150000 -0.362966
160000 -0.341834
170000 -0.336491
180000 -0.340001
190000 -0.350998
200000 -0.33168
210000 -0.335455
220000 -0.330709
230000 -0.324984
240000 -0.332479
250000 -0.327969
260000 -0.328385
270000 -0.322329
280000 -0.319411
290000 -0.316971
300000 -0.321432
310000 -0.313462
320000 -0.318656
330000 -0.323953
340000 -0.32047
350000 -0.315908
360000 -0.317731
370000 -0.311718
380000 -0.310616
390000 -0.309219
400000 -0.306941
410000 -0.308397
420000 -0.311588
430000 -0.317915
440000 -0.314757
450000 -0.32569
460000 -0.302508
470000 -0.297883
480000 -0.291346
490000 -0.28386
500000 -0.279581
510000 -0.275972
520000 -0.29636
530000 -0.296597
540000 -0.294449
550000 -0.29367
560000 -0.291102
570000 -0.28971
580000 -0.288779
590000 -0.287825
600000 -0.289181
610000 -0.288547
620000 -0.285241
630000 -0.283582
640000 -0.282539
650000 -0.282351
660000 -0.282853
670000 -0.282688
680000 -0.277367
690000 -0.275093
700000 -0.271923
710000 -0.272708
720000 -0.268981
730000 -0.26897
740000 -0.270569
750000 -0.267596
760000 -0.264943
770000 -0.265544
780000 -0.263155
790000 -0.263136
800000 -0.263588
810000 -0.264721
820000 -0.263523
830000 -0.271175
840000 -0.270794
850000 -0.269566
860000 -0.269091
870000 -0.26746
880000 -0.266547
890000 -0.265657
900000 -0.264167
910000 -0.264317
920000 -0.262398
930000 -0.262262
940000 -0.262438
950000 -0.26152
960000 -0.262734
970000 -0.26084
980000 -0.261272
990000 -0.261011
