10000 -0.505843
20000 -0.509311
30000 -0.498627
40000 -0.481975
50000 -0.45727
60000 -0.445382
70000 -0.432979
80000 -0.416618
90000 -0.398896
100000 -0.388786
110000 -0.381375
120000 -0.352631
130000 -0.341965
140000 -0.325571
150000 -0.317672
160000 -0.31288
170000 -0.328118
180000 -0.316829
190000 -0.305118
200000 -0.293584
210000 -0.289143
220000 -0.289414
230000 -0.280931
240000 -0.281213
250000 -0.405349
260000 -0.400809
270000 -0.39293
280000 -0.389455
290000 -0.384703
300000 -0.384403
310000 -0.375397
320000 -0.377195
330000 -0.367298
340000 -0.364479
350000 -0.353912
360000 -0.349121
370000 -0.346636
380000 -0.343163
390000 -0.339105
400000 -0.336877
410000 -0.335754
420000 -0.336133
430000 -0.33535
440000 -0.327925
450000 -0.325274
460000 -0.318378
470000 -0.312869
480000 -0.343994
490000 -0.346199
500000 -0.337593
510000 -0.332636
520000 -0.330709
530000 -0.326926
540000 -0.31902
550000 -0.314434
560000 -0.309031
570000 -0.302391
580000 -0.297933
590000 -0.287793
600000 -0.283107
610000 -0.273544
620000 -0.268622
630000 -0.262233
640000 -0.253912
650000 -0.245772
660000 -0.239099
670000 -0.230166
680000 -0.22526
690000 -0.225503
700000 -0.224986
710000 -0.225803
720000 -0.219405
730000 -0.219188
740000 -0.217773
750000 -0.21745
760000 -0.216269
770000 -0.218185
780000 -0.219673
790000 -0.217102
800000 -0.215431
810000 -0.213559
820000 -0.211124
830000 -0.211667
840000 -0.214041
850000 -0.212546
860000 -0.209844
870000 -0.215178
880000 -0.211409
890000 -0.210704
900000 -0.2107
910000 -0.209441
920000 -0.212512
930000 -0.211738
940000 -0.209799
950000 -0.21213
960000 -0.210267
970000 -0.210014
980000 -0.211176
990000 -0.209727
