10000 0.57307
20000 0.529921
30000 0.468712
40000 0.440111
50000 0.415584
60000 0.400959
70000 0.417693
80000 0.394035
90000 0.451944
100000 0.398597
110000 0.331546
120000 0.412905
130000 0.377946
140000 0.349945
150000 0.379199
160000 0.350456
170000 0.332535
180000 0.278752
190000 0.221649
200000 0.160095
210000 0.101769
220000 0.0498503
230000 0.0341826
240000 0.0410859
250000 0.0333572
260000 0.0272804
270000 0.0231605
280000 0.0174366
290000 0.0156176
300000 0.0135151
310000 0.0135151
320000 0.0135151
330000 0.0135151
340000 0.0135151
350000 0.0135151
360000 0.117899
370000 0.10973
380000 0.103539
390000 0.0961237
400000 0.0901558
410000 0.0834419
420000 0.0760192
430000 0.0694118
440000 0.0624707
450000 0.058177
460000 0.0508892
470000 0.0410472
480000 0.032049
490000 0.0217359
500000 0.0135151
510000 0.0135151
520000 0.0135151
530000 0.0135151
540000 0.0135151
550000 0.0135151
560000 0.0135151
570000 0.0135151
580000 0.0135151
590000 0.0135151
600000 0.0135151
610000 0.0135151
620000 0.0135151
630000 0.0135151
640000 0.0135151
650000 0.0135151
660000 0.0135151
670000 0.0135151
680000 0.0135151
690000 0.0135151
700000 0.0135151
710000 0.0135151
720000 0.0135151
730000 0.0135151
740000 0.0135151
750000 0.0135151
760000 0.0135151
770000 0.0135151
780000 0.0135151
790000 0.0135151
800000 0.0135151
810000 0.0135151
820000 0.0135151
830000 0.0135151
840000 0.0135151
850000 0.0135151
860000 0.0135151
870000 0.0135151
880000 0.0135151
890000 0.0135151
900000 0.0135151
910000 0.0135151
920000 0.0135151
930000 0.0135151
940000 0.0135151
950000 0.0135151
960000 0.0135151
970000 0.0135151
980000 0.0135151
990000 0.0135151
