10000 -0.358496
20000 -0.374536
30000 -0.370064
40000 -0.366552
50000 -0.360758
60000 -0.354416
70000 -0.348296
80000 -0.342131
90000 -0.335738
100000 -0.329673
110000 -0.324534
120000 -0.320171
130000 -0.316148
140000 -0.312624
150000 -0.309433
160000 -0.306738
170000 -0.304246
180000 -0.301995
190000 -0.299986
200000 -0.298114
210000 -0.29642
220000 -0.294864
230000 -0.293481
240000 -0.292152
250000 -0.290915
260000 -0.289706
270000 -0.288597
280000 -0.287581
290000 -0.286674
300000 -0.285794
310000 -0.284991
320000 -0.28417
330000 -0.283423
340000 -0.282708
350000 -0.28196
360000 -0.281316
370000 -0.280675
380000 -0.280082
390000 -0.279495
400000 -0.278945
410000 -0.278422
420000 -0.277943
430000 -0.277462
440000 -0.276997
450000 -0.27655
460000 -0.276129
470000 -0.275722
480000 -0.275339
490000 -0.274962
500000 -0.274605
510000 -0.274257
520000 -0.273912
530000 -0.273582
540000 -0.273278
550000 -0.272981
560000 -0.272693
570000 -0.272412
580000 -0.27215
590000 -0.271895
600000 -0.271645
610000 -0.271354
620000 -0.270047
630000 -0.267487
640000 -0.264923
650000 -0.262434
660000 -0.260014
670000 -0.257652
680000 -0.255368
690000 -0.253141
700000 -0.250966
710000 -0.248852
720000 -0.246792
730000 -0.244784
740000 -0.242824
750000 -0.240919
760000 -0.23906
770000 -0.237246
780000 -0.235467
790000 -0.233741
800000 -0.232048
810000 -0.230403
820000 -0.228793
830000 -0.227224
840000 -0.22569
850000 -0.224192
860000 -0.222724
870000 -0.221294
880000 -0.219897
890000 -0.218529
900000 -0.217197
910000 -0.215886
920000 -0.214592
930000 -0.213333
940000 -0.212102
950000 -0.210898
960000 -0.209715
970000 -0.208559
980000 -0.207427
990000 -0.206319
