10000 -0.355967
20000 -0.371666
30000 -0.370607
40000 -0.365695
50000 -0.357738
60000 -0.350273
70000 -0.343611
80000 -0.33765
90000 -0.332731
100000 -0.32825
110000 -0.324483
120000 -0.321543
130000 -0.318825
140000 -0.31632
150000 -0.314069
160000 -0.312005
170000 -0.310032
180000 -0.308335
190000 -0.306794
200000 -0.30538
210000 -0.304059
220000 -0.302909
230000 -0.301812
240000 -0.300774
250000 -0.299797
260000 -0.298872
270000 -0.298021
280000 -0.297195
290000 -0.296396
300000 -0.295637
310000 -0.29493
320000 -0.294221
330000 -0.293601
340000 -0.293053
350000 -0.292517
360000 -0.292007
370000 -0.291499
380000 -0.291005
390000 -0.290557
400000 -0.290127
410000 -0.289732
420000 -0.289347
430000 -0.288979
440000 -0.28863
450000 -0.288282
460000 -0.287936
470000 -0.287608
480000 -0.287314
490000 -0.287023
500000 -0.286756
510000 -0.286502
520000 -0.286237
530000 -0.285981
540000 -0.285721
550000 -0.285472
560000 -0.285231
570000 -0.284999
580000 -0.284769
590000 -0.284531
600000 -0.284314
610000 -0.284107
620000 -0.283905
630000 -0.283714
640000 -0.28352
650000 -0.283336
660000 -0.283158
670000 -0.282985
680000 -0.282814
690000 -0.282644
700000 -0.282486
710000 -0.282332
720000 -0.282174
730000 -0.282024
740000 -0.28188
750000 -0.281739
760000 -0.281163
770000 -0.279682
780000 -0.277978
790000 -0.276283
800000 -0.274589
810000 -0.27288
820000 -0.271181
830000 -0.269487
840000 -0.2678
850000 -0.266136
860000 -0.264504
870000 -0.262909
880000 -0.261342
890000 -0.259814
900000 -0.258315
910000 -0.256848
920000 -0.255412
930000 -0.25399
940000 -0.252607
950000 -0.25125
960000 -0.249922
970000 -0.248618
980000 -0.247335
990000 -0.24607
