10000 -0.436387
20000 -0.419176
30000 -0.402402
40000 -0.364214
50000 -0.34033
60000 -0.3197
70000 -0.282493
80000 -0.280642
90000 -0.277517
100000 -0.274151
110000 -0.275353
120000 -0.272865
130000 -0.27213
140000 -0.273109
150000 -0.270149
160000 -0.266764
170000 -0.263681
180000 -0.25797
190000 -0.253515
200000 -0.249081
210000 -0.246769
220000 -0.245012
230000 -0.24481
240000 -0.244786
250000 -0.244619
260000 -0.244337
270000 -0.244343
280000 -0.244093
290000 -0.24372
300000 -0.243629
310000 -0.243263
320000 -0.243279
330000 -0.242823
340000 -0.242854
350000 -0.242505
360000 -0.242318
370000 -0.242408
380000 -0.241881
390000 -0.242254
400000 -0.242498
410000 -0.24287
420000 -0.242615
430000 -0.242526
440000 -0.242295
450000 -0.241953
460000 -0.241901
470000 -0.241755
480000 -0.241945
490000 -0.241372
500000 -0.241267
510000 -0.240922
520000 -0.240961
530000 -0.240374
540000 -0.240236
550000 -0.23969
560000 -0.239242
570000 -0.238734
580000 -0.238545
590000 -0.238255
600000 -0.238083
610000 -0.238231
620000 -0.238401
630000 -0.23855
640000 -0.238022
650000 -0.23786
660000 -0.237909
670000 -0.238034
680000 -0.237792
690000 -0.237624
700000 -0.237435
710000 -0.236839
720000 -0.237038
730000 -0.236669
740000 -0.236561
750000 -0.236586
760000 -0.23646
770000 -0.235977
780000 -0.236009
790000 -0.23566
800000 -0.235836
810000 -0.235572
820000 -0.234903
830000 -0.234146
840000 -0.23364
850000 -0.233736
860000 -0.233228
870000 -0.2331
880000 -0.233226
890000 -0.233174
900000 -0.233327
910000 -0.233132
920000 -0.23328
930000 -0.233206
940000 -0.233185
950000 -0.233257
960000 -0.233145
970000 -0.233032
980000 -0.233192
990000 -0.233174
