10000 -0.416944
20000 -0.375177
30000 -0.331601
40000 -0.313675
50000 -0.298015
60000 -0.281643
70000 -0.265318
80000 -0.247824
90000 -0.240409
100000 -0.236414
110000 -0.233414
120000 -0.231004
130000 -0.230164
140000 -0.229166
150000 -0.227578
160000 -0.22683
170000 -0.226367
180000 -0.226572
190000 -0.225237
200000 -0.225365
210000 -0.224666
220000 -0.225441
230000 -0.224489
240000 -0.224489
250000 -0.224378
260000 -0.224134
270000 -0.224123
280000 -0.223973
290000 -0.223879
300000 -0.224327
310000 -0.224123
320000 -0.223926
330000 -0.22381
340000 -0.223616
350000 -0.223757
360000 -0.223669
370000 -0.223249
380000 -0.223088
390000 -0.222997
400000 -0.222868
410000 -0.222708
420000 -0.222568
430000 -0.222701
440000 -0.222569
450000 -0.222554
460000 -0.222366
470000 -0.222273
480000 -0.222499
490000 -0.222246
500000 -0.222293
510000 -0.222168
520000 -0.222194
530000 -0.222304
540000 -0.222067
550000 -0.221999
560000 -0.221934
570000 -0.222048
580000 -0.221682
590000 -0.221917
600000 -0.221644
610000 -0.22148
620000 -0.221132
630000 -0.221281
640000 -0.221359
650000 -0.221451
660000 -0.221403
670000 -0.221333
680000 -0.221228
690000 -0.22169
700000 -0.221722
710000 -0.221644
720000 -0.221932
730000 -0.22167
740000 -0.221506
750000 -0.221465
760000 -0.221607
770000 -0.221557
780000 -0.221621
790000 -0.221661
800000 -0.221637
810000 -0.221186
820000 -0.220799
830000 -0.22072
840000 -0.221666
850000 -0.221602
860000 -0.221903
870000 -0.221987
880000 -0.222121
890000 -0.222171
900000 -0.222355
910000 -0.222446
920000 -0.222368
930000 -0.222272
940000 -0.222363
950000 -0.222331
960000 -0.222128
970000 -0.222238
980000 -0.222379
990000 -0.222479
