10000 0.0864173
20000 0.0458657
30000 0.0323158
40000 0.0255366
50000 0.0214665
60000 0.0187526
70000 0.0168136
80000 0.015359
90000 0.0142278
100000 0.0133228
110000 0.0125821
120000 0.0119648
130000 0.0114426
140000 0.0109949
150000 0.0106069
160000 0.0102674
170000 0.00996788
180000 0.00970158
190000 0.00946335
200000 0.00924889
210000 0.0090549
220000 0.00887848
230000 0.00871744
240000 0.00856983
250000 0.00843404
260000 0.00830863
270000 0.00819255
280000 0.00808475
290000 0.00798441
300000 0.00789072
310000 0.00780309
320000 0.00772095
330000 0.00764377
340000 0.00757113
350000 0.00750265
360000 0.00743799
370000 0.00737678
380000 0.00731882
390000 0.00726383
400000 0.00721159
410000 0.00716191
420000 0.00711457
430000 0.00706944
440000 0.00702638
450000 0.0069852
460000 0.00694583
470000 0.00690813
480000 0.00687201
490000 0.00683736
500000 0.00680409
510000 0.00677212
520000 0.00674139
530000 0.00671182
540000 0.00668335
550000 0.0066559
560000 0.00662945
570000 0.00660391
580000 0.00657926
590000 0.00655544
600000 0.00653241
610000 0.00651015
620000 0.0064886
630000 0.00646773
640000 0.00644752
650000 0.00642793
660000 0.00640893
670000 0.00639049
680000 0.00637261
690000 0.00635523
700000 0.00633836
710000 0.00632196
720000 0.00630602
730000 0.00629051
740000 0.00627542
750000 0.00626074
760000 0.00624644
770000 0.00623252
780000 0.00621894
790000 0.00620571
800000 0.00619282
810000 0.00618024
820000 0.00616797
830000 0.00615599
840000 0.0061443
850000 0.00613289
860000 0.00612174
870000 0.00611085
880000 0.0061002
890000 0.00608979
900000 0.00607962
910000 0.00606966
920000 0.00605993
930000 0.00605041
940000 0.00604108
950000 0.00603195
960000 0.00602302
970000 0.00601427
980000 0.00600569
990000 0.00599729
