10000 0.199718
20000 0.101941
30000 0.0694221
40000 0.0531482
50000 0.0433776
60000 0.0368624
70000 0.0322089
80000 0.0287171
90000 0.0260015
100000 0.0238286
110000 0.0220509
120000 0.0205693
130000 0.0193156
140000 0.0182411
150000 0.0173098
160000 0.0164948
170000 0.0157757
180000 0.0151365
190000 0.0145646
200000 0.0140498
210000 0.0135841
220000 0.0131607
230000 0.0127742
240000 0.0124198
250000 0.0120937
260000 0.0117928
270000 0.0115141
280000 0.0112554
290000 0.0110145
300000 0.0107896
310000 0.0105793
320000 0.010382
330000 0.0101968
340000 0.0100224
350000 0.00985804
360000 0.00970283
370000 0.00955593
380000 0.00941679
390000 0.00928477
400000 0.00915937
410000 0.00904009
420000 0.00892649
430000 0.00881816
440000 0.00871476
450000 0.00861595
460000 0.00852144
470000 0.00843098
480000 0.00834424
490000 0.00826106
500000 0.0081812
510000 0.00810449
520000 0.00803071
530000 0.00795973
540000 0.00789138
550000 0.00782551
560000 0.00776198
570000 0.00770069
580000 0.00764152
590000 0.00758435
600000 0.00752909
610000 0.00747562
620000 0.0074239
630000 0.00737382
640000 0.00732529
650000 0.00727826
660000 0.00723265
670000 0.00718841
680000 0.00714547
690000 0.00710377
700000 0.00706326
710000 0.0070239
720000 0.00698563
730000 0.00694841
740000 0.00691219
750000 0.00687694
760000 0.00684262
770000 0.00680919
780000 0.00677661
790000 0.00674486
800000 0.0067139
810000 0.00668371
820000 0.00665425
830000 0.00662551
840000 0.00659745
850000 0.00657005
860000 0.00654328
870000 0.00651714
880000 0.00649158
890000 0.0064666
900000 0.00644217
910000 0.00641829
920000 0.00639491
930000 0.00637205
940000 0.00634967
950000 0.00632776
960000 0.00630631
970000 0.0062853
980000 0.00626472
990000 0.00624455
