10000 0.275351
20000 0.145056
30000 0.0980019
40000 0.0744354
50000 0.0602845
60000 0.0508444
70000 0.0441032
80000 0.0390424
90000 0.0351082
100000 0.0319597
110000 0.029384
120000 0.0272366
130000 0.0254199
140000 0.0238625
150000 0.0225125
160000 0.0213317
170000 0.0202895
180000 0.0193631
190000 0.0185342
200000 0.0177881
210000 0.0171132
220000 0.0164994
230000 0.0159393
240000 0.0154256
250000 0.014953
260000 0.0145168
270000 0.014113
280000 0.0137379
290000 0.0133887
300000 0.0130628
310000 0.0127579
320000 0.0124721
330000 0.0122036
340000 0.011951
350000 0.0117126
360000 0.0114876
370000 0.0112747
380000 0.011073
390000 0.0108817
400000 0.0106999
410000 0.010527
420000 0.0103623
430000 0.0102053
440000 0.0100555
450000 0.00991227
460000 0.00977529
470000 0.00964411
480000 0.00951842
490000 0.00939789
500000 0.00928209
510000 0.0091709
520000 0.00906402
530000 0.00896105
540000 0.00886199
550000 0.0087665
560000 0.00867445
570000 0.0085856
580000 0.00849983
590000 0.00841695
600000 0.00833689
610000 0.00825935
620000 0.00818437
630000 0.0081118
640000 0.00804144
650000 0.00797327
660000 0.00790717
670000 0.00784305
680000 0.0077808
690000 0.00772037
700000 0.00766165
710000 0.00760459
720000 0.00754912
730000 0.00749517
740000 0.00744266
750000 0.00739156
760000 0.00734182
770000 0.00729335
780000 0.00724614
790000 0.00720011
800000 0.00715525
810000 0.00711148
820000 0.00706878
830000 0.00702713
840000 0.00698643
850000 0.00694672
860000 0.00690793
870000 0.00687002
880000 0.00683298
890000 0.00679678
900000 0.00676137
910000 0.00672674
920000 0.00669286
930000 0.00665972
940000 0.00662728
950000 0.00659552
960000 0.00656442
970000 0.00653398
980000 0.00650415
990000 0.00647493
