10000 0.020096
20000 0.0036102
30000 0.0036102
40000 0.0036102
50000 0.0036102
60000 0.0036102
70000 0.0036102
80000 0.0036102
90000 0.0036102
100000 0.0036102
110000 0.0036102
120000 0.0036102
130000 0.0036102
140000 0.0036102
150000 0.0036102
160000 0.0036102
170000 0.0036102
180000 0.0036102
190000 0.0036102
200000 0.0036102
210000 0.0036102
220000 0.0036102
230000 0.0036102
240000 0.0036102
250000 0.0036102
260000 0.0036102
270000 0.0036102
280000 0.0036102
290000 0.0036102
300000 0.0036102
310000 0.0036102
320000 0.0036102
330000 0.0036102
340000 0.0036102
350000 0.0036102
360000 0.0036102
370000 0.0036102
380000 0.0036102
390000 0.0036102
400000 0.0036102
410000 0.0036102
420000 0.0036102
430000 0.0036102
440000 0.0036102
450000 0.0036102
460000 0.0036102
470000 0.0036102
480000 0.0036102
490000 0.0036102
500000 0.0036102
510000 0.0036102
520000 0.0036102
530000 0.0036102
540000 0.0036102
550000 0.0036102
560000 0.0036102
570000 0.0036102
580000 0.0036102
590000 0.0036102
600000 0.0036102
610000 0.0036102
620000 0.0036102
630000 0.0036102
640000 0.0036102
650000 0.0036102
660000 0.0036102
670000 0.0036102
680000 0.0036102
690000 0.0036102
700000 0.0036102
710000 0.0036102
720000 0.0036102
730000 0.0036102
740000 0.0036102
750000 0.0036102
760000 0.0036102
770000 0.0036102
780000 0.0036102
790000 0.0036102
800000 0.0036102
810000 0.0036102
820000 0.0036102
830000 0.0036102
840000 0.0036102
850000 0.0036102
860000 0.0036102
870000 0.0036102
880000 0.0036102
890000 0.0036102
900000 0.0036102
910000 0.0036102
920000 0.0036102
930000 0.0036102
940000 0.0036102
950000 0.0036102
960000 0.0036102
970000 0.0036102
980000 0.0036102
990000 0.0036102
