10000 -0.598666
20000 -0.510062
30000 -0.585532
40000 -0.487752
50000 -0.468266
60000 -0.467322
70000 -0.472517
80000 -0.606174
90000 -0.472934
100000 -0.466159
110000 -0.465926
120000 -0.449828
130000 -0.470289
140000 -0.449085
150000 -0.436427
160000 -0.492724
170000 -0.48555
180000 -0.45572
190000 -0.460157
200000 -0.549866
210000 -0.461053
220000 -0.484292
230000 -0.587613
240000 -0.586704
250000 -0.540843
260000 -0.461695
270000 -0.479944
280000 -0.504952
290000 -0.47609
300000 -0.453677
310000 -0.460109
320000 -0.435986
330000 -0.561901
340000 -0.450557
350000 -0.484443
360000 -0.428504
370000 -0.522875
380000 -0.448916
390000 -0.434881
400000 -0.431507
410000 -0.440069
420000 -0.424153
430000 -0.476556
440000 -0.460867
450000 -0.436566
460000 -0.43093
470000 -0.508405
480000 -0.470134
490000 -0.597606
500000 -0.445376
510000 -0.448525
520000 -0.488711
530000 -0.459898
540000 -0.458852
550000 -0.471635
560000 -0.450249
570000 -0.477803
580000 -0.459627
590000 -0.465005
600000 -0.418653
610000 -0.451884
620000 -0.416397
630000 -0.459146
640000 -0.4185
650000 -0.443737
660000 -0.415713
670000 -0.571754
680000 -0.547883
690000 -0.446724
700000 -0.440142
710000 -0.456331
720000 -0.476477
730000 -0.478254
740000 -0.390854
750000 -0.500804
760000 -0.443484
770000 -0.486024
780000 -0.452481
790000 -0.448608
800000 -0.450602
810000 -0.50739
820000 -0.463583
830000 -0.548755
840000 -0.463087
850000 -0.421033
860000 -0.486317
870000 -0.479851
880000 -0.462766
890000 -0.472385
900000 -0.57553
910000 -0.525049
920000 -0.62607
930000 -0.460193
940000 -0.466188
950000 -0.403437
960000 -0.545871
970000 -0.443902
980000 -0.448421
990000 -0.463649
1000000 -0.485381
