10000 0.656438
20000 1.24855
30000 0.952063
40000 0.829859
50000 1.29609
60000 0.471067
70000 0.575303
80000 0.963208
90000 0.199927
100000 0.550699
110000 0.696269
120000 0.753699
130000 0.732517
140000 0.541608
150000 0.667697
160000 0.644073
170000 0.981105
180000 0.936717
190000 1.21119
200000 0.654935
210000 0.586568
220000 0.641525
230000 0.975452
240000 0.494199
250000 0.960822
260000 0.680492
270000 1.17285
280000 0.358945
290000 0.652254
300000 0.279067
310000 0.655033
320000 0.237188
330000 0.936448
340000 0.468329
350000 0.237188
360000 0.00466471
370000 0.263838
380000 0.479054
390000 0.00466471
400000 0.00466471
410000 0.00466471
420000 0.00466471
430000 0.00466471
440000 0.00466471
450000 0.00466471
460000 0.00466471
470000 0.00466471
480000 0.00466471
490000 0.00466471
500000 0.00466471
510000 0.00466471
520000 0.00466471
530000 0.00466471
540000 0.00466471
550000 0.00466471
560000 0.00466471
570000 0.00466471
580000 0.00466471
590000 0.00466471
600000 0.00466471
610000 0.00466471
620000 0.00466471
630000 0.00466471
640000 0.00466471
650000 0.00466471
660000 0.00466471
670000 0.00466471
680000 0.00466471
690000 0.00466471
700000 0.00466471
710000 0.00466471
720000 0.00466471
730000 0.00466471
740000 0.00466471
750000 0.00466471
760000 0.00466471
770000 0.00466471
780000 0.00466471
790000 0.00466471
800000 0.00466471
810000 0.00466471
820000 0.00466471
830000 0.00466471
840000 0.00466471
850000 0.00466471
860000 0.00466471
870000 0.00466471
880000 0.00466471
890000 0.00466471
900000 0.00466471
910000 0.00466471
920000 0.00466471
930000 0.00466471
940000 0.00466471
950000 0.00466471
960000 0.00466471
970000 0.00466471
980000 0.00466471
990000 0.00466471
1000000 0.00466471
