10000 0.790953
20000 1.20499
30000 0.641752
40000 0.59901
50000 0.728491
60000 0.917702
70000 1.09642
80000 0.890861
90000 0.489678
100000 0.905572
110000 0.636617
120000 0.915018
130000 0.653308
140000 0.763324
150000 0.654935
160000 0.652254
170000 1.09693
180000 0.449782
190000 0.453918
200000 0.829976
210000 0.894366
220000 0.466657
230000 0.944383
240000 0.323406
250000 0.535184
260000 0.569476
270000 0.61079
280000 0.479054
290000 0.455519
300000 0.455519
310000 0.237188
320000 0.00466471
330000 0.621065
340000 0.00466471
350000 0.00466471
360000 0.00466471
370000 0.00466471
380000 0.00466471
390000 0.00466471
400000 0.39519
410000 0.00466471
420000 0.00466471
430000 0.00466471
440000 0.00466471
450000 0.00466471
460000 0.00466471
470000 0.00466471
480000 0.00466471
490000 0.39519
500000 0.00466471
510000 0.00466471
520000 0.00466471
530000 0.00466471
540000 0.00466471
550000 0.00466471
560000 0.00466471
570000 0.00466471
580000 0.00466471
590000 0.00466471
600000 0.00466471
610000 0.00466471
620000 0.00466471
630000 0.00466471
640000 0.00466471
650000 0.00466471
660000 0.00466471
670000 0.00466471
680000 0.00466471
690000 0.00466471
700000 0.00466471
710000 0.00466471
720000 0.00466471
730000 0.00466471
740000 0.00466471
750000 0.00466471
760000 0.00466471
770000 0.00466471
780000 0.00466471
790000 0.00466471
800000 0.00466471
810000 0.00466471
820000 0.00466471
830000 0.00466471
840000 0.00466471
850000 0.00466471
860000 0.00466471
870000 0.00466471
880000 0.00466471
890000 0.00466471
900000 0.00466471
910000 0.00466471
920000 0.00466471
930000 0.00466471
940000 0.654363
950000 0.00466471
960000 0.00466471
970000 0.00466471
980000 0.00466471
990000 0.00466471
1000000 0.00466471
