10000 -0.556216
20000 -0.564047
30000 -0.540829
40000 -0.598115
50000 -0.542799
60000 -0.570733
70000 -0.541093
80000 -0.583631
90000 -0.59679
100000 -0.511223
110000 -0.523026
120000 -0.596682
130000 -0.558515
140000 -0.569376
150000 -0.558129
160000 -0.619411
170000 -0.549913
180000 -0.535698
190000 -0.589647
200000 -0.598459
210000 -0.51597
220000 -0.569792
230000 -0.554441
240000 -0.528162
250000 -0.507532
260000 -0.499979
270000 -0.542811
280000 -0.605506
290000 -0.668137
300000 -0.593989
310000 -0.608239
320000 -0.58121
330000 -0.522301
340000 -0.527718
350000 -0.581712
360000 -0.531699
370000 -0.543245
380000 -0.598913
390000 -0.551819
400000 -0.499926
410000 -0.558635
420000 -0.577583
430000 -0.546138
440000 -0.633658
450000 -0.578206
460000 -0.542859
470000 -0.570909
480000 -0.550401
490000 -0.554495
500000 -0.582309
510000 -0.636945
520000 -0.555857
530000 -0.581686
540000 -0.569923
550000 -0.496994
560000 -0.541387
570000 -0.525169
580000 -0.56363
590000 -0.541547
600000 -0.524674
610000 -0.601668
620000 -0.551859
630000 -0.564038
640000 -0.553124
650000 -0.563411
660000 -0.512505
670000 -0.555209
680000 -0.614013
690000 -0.551017
700000 -0.546066
710000 -0.55704
720000 -0.55774
730000 -0.483835
740000 -0.563645
750000 -0.603512
760000 -0.572301
770000 -0.567779
780000 -0.565322
790000 -0.571096
800000 -0.533423
810000 -0.573911
820000 -0.536918
830000 -0.594686
840000 -0.535278
850000 -0.59967
860000 -0.564509
870000 -0.522508
880000 -0.59696
890000 -0.534264
900000 -0.604326
910000 -0.652744
920000 -0.582292
930000 -0.5852
940000 -0.597482
950000 -0.55303
960000 -0.558525
970000 -0.588612
980000 -0.583076
990000 -0.531917
1000000 -0.622721
