10000 -0.60718
20000 -0.545411
30000 -0.569389
40000 -0.599582
50000 -0.565068
60000 -0.544922
70000 -0.560682
80000 -0.531754
90000 -0.557788
100000 -0.646497
110000 -0.557269
120000 -0.603185
130000 -0.513878
140000 -0.6264
150000 -0.580598
160000 -0.536185
170000 -0.593604
180000 -0.488464
190000 -0.597894
200000 -0.662288
210000 -0.578984
220000 -0.554953
230000 -0.59961
240000 -0.47344
250000 -0.477686
260000 -0.573776
270000 -0.577
280000 -0.546215
290000 -0.564909
300000 -0.542206
310000 -0.578342
320000 -0.572992
330000 -0.533437
340000 -0.589064
350000 -0.60833
360000 -0.50848
370000 -0.582804
380000 -0.514086
390000 -0.607314
400000 -0.633005
410000 -0.571192
420000 -0.627849
430000 -0.591546
440000 -0.611872
450000 -0.61363
460000 -0.625309
470000 -0.621
480000 -0.517896
490000 -0.555851
500000 -0.648342
510000 -0.586208
520000 -0.594784
530000 -0.593036
540000 -0.550268
550000 -0.512176
560000 -0.551104
570000 -0.58266
580000 -0.521521
590000 -0.558677
600000 -0.576092
610000 -0.629877
620000 -0.567718
630000 -0.55268
640000 -0.613624
650000 -0.558618
660000 -0.609787
670000 -0.58056
680000 -0.526026
690000 -0.581169
700000 -0.659213
710000 -0.580393
720000 -0.540686
730000 -0.564997
740000 -0.470639
750000 -0.581059
760000 -0.642265
770000 -0.579398
780000 -0.631586
790000 -0.529566
800000 -0.606288
810000 -0.617022
820000 -0.488765
830000 -0.626565
840000 -0.591536
850000 -0.566859
860000 -0.605967
870000 -0.589512
880000 -0.644856
890000 -0.558614
900000 -0.628782
910000 -0.61332
920000 -0.52747
930000 -0.576885
940000 -0.602438
950000 -0.621284
960000 -0.515833
970000 -0.559764
980000 -0.614034
990000 -0.654463
1000000 -0.632602
