10000 -0.565108
20000 -0.616501
30000 -0.56253
40000 -0.621838
50000 -0.612937
60000 -0.601433
70000 -0.586698
80000 -0.580876
90000 -0.577313
100000 -0.640546
110000 -0.556428
120000 -0.650926
130000 -0.569134
140000 -0.566378
150000 -0.618352
160000 -0.600461
170000 -0.595009
180000 -0.641244
190000 -0.551774
200000 -0.64026
210000 -0.55971
220000 -0.599645
230000 -0.644973
240000 -0.543908
250000 -0.54236
260000 -0.542205
270000 -0.581433
280000 -0.554353
290000 -0.590239
300000 -0.476368
310000 -0.484301
320000 -0.535
330000 -0.621776
340000 -0.578534
350000 -0.560079
360000 -0.54504
370000 -0.58962
380000 -0.50745
390000 -0.614847
400000 -0.607593
410000 -0.643428
420000 -0.601655
430000 -0.622576
440000 -0.507506
450000 -0.570808
460000 -0.616941
470000 -0.543607
480000 -0.606834
490000 -0.481373
500000 -0.66571
510000 -0.65689
520000 -0.533166
530000 -0.575315
540000 -0.597509
550000 -0.578195
560000 -0.600287
570000 -0.620209
580000 -0.535516
590000 -0.539516
600000 -0.578186
610000 -0.645005
620000 -0.62015
630000 -0.642292
640000 -0.647887
650000 -0.506003
660000 -0.579554
670000 -0.59049
680000 -0.615265
690000 -0.588479
700000 -0.553064
710000 -0.528544
720000 -0.524789
730000 -0.602656
740000 -0.554397
750000 -0.579658
760000 -0.577665
770000 -0.574019
780000 -0.558532
790000 -0.47405
800000 -0.545599
810000 -0.49474
820000 -0.568363
830000 -0.49653
840000 -0.639475
850000 -0.671965
860000 -0.553191
870000 -0.591947
880000 -0.600061
890000 -0.55594
900000 -0.560387
910000 -0.649031
920000 -0.583427
930000 -0.543598
940000 -0.614773
950000 -0.613626
960000 -0.624701
970000 -0.596515
980000 -0.550521
990000 -0.58547
1000000 -0.611089
