10000 1.11156
20000 0.555684
30000 0.58888
40000 0.925774
50000 0.494172
60000 0.935314
70000 1.03266
80000 0.828847
90000 1.17894
100000 0.927945
110000 0.756779
120000 1.24009
130000 1.01448
140000 0.824204
150000 1.23863
160000 1.20334
170000 0.734371
180000 1.16272
190000 0.59258
200000 0.804503
210000 0.640991
220000 1.13914
230000 1.338
240000 1.08117
250000 0.684749
260000 0.391266
270000 1.02928
280000 0.842522
290000 1.18033
300000 1.03912
310000 0.917144
320000 1.19781
330000 1.00154
340000 0.868933
350000 0.995052
360000 0.729989
370000 0.743792
380000 0.670229
390000 1.13633
400000 0.825944
410000 0.960632
420000 1.16454
430000 0.694299
440000 0.64123
450000 1.17719
460000 0.926321
470000 0.716792
480000 1.29524
490000 0.848859
500000 0.827983
510000 1.14782
520000 0.714469
530000 0.819753
540000 0.696666
550000 1.30056
560000 0.685427
570000 0.888416
580000 0.519306
590000 0.625392
600000 0.661802
610000 1.053
620000 0.592478
630000 0.640991
640000 1.32149
650000 1.08372
660000 1.12377
670000 1.1897
680000 0.670265
690000 0.704591
700000 0.900102
710000 1.0575
720000 0.845339
730000 0.878362
740000 1.0116
750000 1.09774
760000 1.0889
770000 0.524076
780000 1.12807
790000 0.780516
800000 0.734677
810000 0.711229
820000 1.17388
830000 0.886911
840000 0.949392
850000 1.032
860000 0.927791
870000 1.21492
880000 1.32848
890000 0.76372
900000 1.12768
910000 0.735071
920000 1.0006
930000 1.05314
940000 1.2212
950000 0.819925
960000 1.03705
970000 0.73489
980000 0.743792
990000 1.00971
1000000 1.02762
