10000 1.28672
20000 1.15404
30000 0.852539
40000 1.17387
50000 1.02055
60000 0.954494
70000 0.833996
80000 0.528227
90000 1.34182
100000 0.796968
110000 0.936657
120000 1.09512
130000 1.03022
140000 1.30289
150000 0.652232
160000 1.36235
170000 1.06232
180000 0.763774
190000 0.908733
200000 0.91698
210000 0.814357
220000 1.16204
230000 1.03394
240000 0.715399
250000 1.07076
260000 1.24559
270000 0.944464
280000 1.21186
290000 1.05429
300000 0.494172
310000 1.20189
320000 0.853645
330000 0.714469
340000 1.21119
350000 0.743833
360000 1.27327
370000 1.16085
380000 0.576698
390000 1.2553
400000 1.27959
410000 1.18324
420000 0.987088
430000 0.916301
440000 1.37882
450000 0.684733
460000 0.732595
470000 1.10338
480000 1.2187
490000 1.19877
500000 0.806187
510000 0.523989
520000 0.96684
530000 0.70899
540000 1.00108
550000 0.470286
560000 1.12445
570000 0.644608
580000 1.16275
590000 0.866459
600000 1.01379
610000 1.02799
620000 0.742395
630000 1.21268
640000 1.14444
650000 0.611893
660000 1.25367
670000 1.09301
680000 0.951507
690000 0.79869
700000 1.24196
710000 1.21336
720000 1.03006
730000 0.947904
740000 0.893934
750000 0.842346
760000 0.73489
770000 1.03398
780000 1.09999
790000 0.696344
800000 0.900609
810000 1.32214
820000 1.07136
830000 1.16282
840000 0.771948
850000 1.25497
860000 0.944133
870000 0.763774
880000 0.953635
890000 0.911444
900000 0.714469
910000 1.05734
920000 0.763623
930000 0.92672
940000 0.9007
950000 0.707731
960000 1.25529
970000 0.993696
980000 0.673262
990000 0.648599
1000000 1.241
