10000 0.966775
20000 1.019
30000 0.797439
40000 0.686057
50000 0.999501
60000 0.773155
70000 1.09861
80000 0.911156
90000 0.778726
100000 0.875852
110000 1.32415
120000 1.01644
130000 0.77246
140000 0.588909
150000 0.903957
160000 0.90289
170000 1.01681
180000 1.05468
190000 1.05187
200000 0.866142
210000 1.30031
220000 0.985456
230000 0.704589
240000 1.20764
250000 1.28464
260000 1.18807
270000 0.865247
280000 0.71771
290000 0.794122
300000 0.809485
310000 1.18642
320000 0.874479
330000 0.786858
340000 0.584097
350000 0.794371
360000 0.847917
370000 1.01017
380000 0.661158
390000 1.01281
400000 0.393841
410000 1.102
420000 1.15716
430000 1.0009
440000 0.77025
450000 1.2425
460000 0.943579
470000 1.0339
480000 1.09503
490000 1.09699
500000 1.16621
510000 0.882689
520000 1.09655
530000 1.03345
540000 0.368656
550000 1.06596
560000 1.04604
570000 1.15359
580000 1.11244
590000 1.11085
600000 0.850219
610000 1.05862
620000 0.999666
630000 0.924776
640000 0.9833
650000 1.02879
660000 1.26909
670000 1.24855
680000 0.920174
690000 0.656761
700000 1.05027
710000 1.29229
720000 0.52125
730000 0.393841
740000 1.24382
750000 0.895649
760000 0.628284
770000 0.563784
780000 0.704591
790000 0.829132
800000 0.839271
810000 0.819955
820000 1.10777
830000 0.722105
840000 0.859166
850000 0.96279
860000 0.969141
870000 0.677833
880000 0.905435
890000 0.913145
900000 0.868107
910000 0.347454
920000 0.877271
930000 1.11608
940000 0.714471
950000 1.16375
960000 0.881424
970000 0.854475
980000 0.831497
990000 0.969884
1000000 0.953404
