10000 1.06951
20000 0.834737
30000 1.05029
40000 1.32141
50000 0.995386
60000 0.700957
70000 0.866375
80000 1.11687
90000 0.82672
100000 0.767584
110000 1.16272
120000 1.12386
130000 1.08655
140000 0.828186
150000 1.21717
160000 0.984927
170000 1.00128
180000 0.997585
190000 0.947664
200000 1.17232
210000 1.05367
220000 1.16397
230000 1.28297
240000 1.01645
250000 1.17379
260000 0.859165
270000 0.538831
280000 0.653066
290000 0.824313
300000 1.10016
310000 1.11693
320000 1.12824
330000 1.03343
340000 1.14558
350000 1.37913
360000 1.06295
370000 0.629418
380000 0.772143
390000 0.630581
400000 0.983201
410000 0.704591
420000 1.25308
430000 0.628284
440000 0.81955
450000 0.640983
460000 0.704589
470000 0.63054
480000 1.17388
490000 1.08163
500000 0.455914
510000 1.08032
520000 0.809485
530000 1.12302
540000 0.710164
550000 1.03035
560000 1.31912
570000 0.704589
580000 0.63054
590000 0.984921
600000 1.04036
610000 0.673549
620000 1.08823
630000 0.387221
640000 0.556115
650000 0.997243
660000 0.569825
670000 1.10744
680000 1.04495
690000 0.916856
700000 0.641647
710000 0.632906
720000 0.640978
730000 1.13959
740000 0.823274
750000 0.844521
760000 1.03132
770000 1.30915
780000 1.04637
790000 1.32564
800000 0.701784
810000 0.734386
820000 0.848466
830000 0.754411
840000 0.59258
850000 0.714469
860000 0.603937
870000 0.824353
880000 0.967442
890000 0.97535
900000 0.499815
910000 0.408605
920000 0.729812
930000 0.672018
940000 0.630636
950000 0.470318
960000 1.15185
970000 1.07571
980000 0.683089
990000 0.548036
1000000 1.32419
