10000 1.28958
20000 0.717224
30000 0.477395
40000 0.973375
50000 1.00266
60000 0.655356
70000 1.07982
80000 0.905788
90000 1.26616
100000 0.59258
110000 0.764081
120000 0.859855
130000 1.00821
140000 0.734889
150000 0.523506
160000 1.30662
170000 0.643819
180000 1.23181
190000 0.763774
200000 1.12143
210000 0.630581
220000 1.04802
230000 0.943704
240000 1.17063
250000 0.734371
260000 1.09528
270000 1.08177
280000 0.685585
290000 0.975187
300000 1.00275
310000 1.35264
320000 0.693339
330000 0.877117
340000 0.640983
350000 0.877234
360000 1.2006
370000 0.913596
380000 0.734386
390000 1.13954
400000 1.11324
410000 0.717608
420000 1.13447
430000 1.16198
440000 1.06545
450000 1.03373
460000 1.06233
470000 0.747446
480000 1.09553
490000 0.62334
500000 1.22077
510000 0.864626
520000 1.3002
530000 1.1716
540000 1.25222
550000 0.734884
560000 0.636661
570000 0.901502
580000 1.24399
590000 0.883945
600000 1.06273
610000 0.720468
620000 0.460922
630000 0.660885
640000 0.592079
650000 0.879431
660000 0.890214
670000 0.695609
680000 1.06995
690000 1.10868
700000 1.29664
710000 1.19488
720000 0.653073
730000 1.10354
740000 0.548036
750000 1.14239
760000 0.878343
770000 0.640655
780000 1.22131
790000 0.756132
800000 0.671574
810000 0.99376
820000 0.903705
830000 0.369374
840000 1.32324
850000 0.46347
860000 1.01298
870000 1.34773
880000 1.16281
890000 0.735406
900000 0.954127
910000 1.24522
920000 0.716427
930000 1.0127
940000 1.14757
950000 0.808093
960000 1.07478
970000 1.06492
980000 1.08674
990000 1.24968
1000000 0.910948
