10000 0.455146
20000 1.02628
30000 0.910758
40000 0.632442
50000 0.949231
60000 0.804286
70000 0.540863
80000 0.309502
90000 0.655183
100000 1.27301
110000 0.796647
120000 0.860998
130000 1.19365
140000 0.760217
150000 0.808694
160000 0.554848
170000 0.864753
180000 1.13713
190000 0.786013
200000 0.504715
210000 0.908397
220000 0.583992
230000 1.1487
240000 0.788766
250000 0.893063
260000 1.02249
270000 1.02073
280000 0.84864
290000 1.20944
300000 0.838854
310000 1.29236
320000 1.04335
330000 0.612528
340000 0.838618
350000 0.78899
360000 0.998814
370000 0.769824
380000 0.75604
390000 1.27248
400000 0.830429
410000 0.906581
420000 1.17716
430000 0.729639
440000 0.823425
450000 0.820132
460000 1.0114
470000 0.971827
480000 0.811238
490000 0.752252
500000 0.884195
510000 0.93212
520000 0.940973
530000 0.614837
540000 1.09352
550000 0.933461
560000 0.965615
570000 1.2202
580000 0.749336
590000 1.12904
600000 0.707473
610000 1.18289
620000 0.794702
630000 0.621339
640000 1.08764
650000 0.65231
660000 0.484742
670000 0.924518
680000 1.0009
690000 1.28922
700000 1.10288
710000 0.904925
720000 0.855465
730000 0.860229
740000 0.731709
750000 0.65706
760000 0.35864
770000 1.073
780000 0.805635
790000 1.10513
800000 0.890264
810000 0.799744
820000 0.670147
830000 1.14289
840000 1.03742
850000 1.12924
860000 1.22044
870000 0.732812
880000 0.655447
890000 0.603351
900000 0.826978
910000 0.728788
920000 0.911802
930000 0.899479
940000 1.08315
950000 0.621502
960000 0.585854
970000 0.944481
980000 0.81114
990000 1.19811
1000000 0.730618
