10000 -0.330209
20000 -0.362889
30000 -0.378384
40000 -0.384904
50000 -0.387595
60000 -0.392213
70000 -0.402152
80000 -0.407562
90000 -0.410223
100000 -0.410581
110000 -0.408514
120000 -0.403463
130000 -0.395774
140000 -0.387974
150000 -0.380439
160000 -0.373057
170000 -0.366374
180000 -0.35974
190000 -0.353485
200000 -0.347126
210000 -0.341003
220000 -0.335128
230000 -0.329511
240000 -0.323845
250000 -0.318182
260000 -0.312732
270000 -0.307551
280000 -0.302351
290000 -0.297827
300000 -0.293482
310000 -0.28931
320000 -0.285418
330000 -0.281701
340000 -0.278149
350000 -0.274842
360000 -0.271668
370000 -0.268628
380000 -0.265723
390000 -0.262948
400000 -0.26026
410000 -0.25769
420000 -0.255248
430000 -0.252931
440000 -0.250637
450000 -0.248449
460000 -0.246447
470000 -0.24448
480000 -0.242538
490000 -0.240719
500000 -0.238911
510000 -0.23715
520000 -0.235478
530000 -0.233833
540000 -0.232262
550000 -0.230721
560000 -0.229237
570000 -0.227769
580000 -0.22637
590000 -0.225008
600000 -0.223603
610000 -0.222345
620000 -0.221082
630000 -0.219794
640000 -0.218569
650000 -0.217384
660000 -0.216197
670000 -0.215063
680000 -0.213918
690000 -0.212815
700000 -0.211717
710000 -0.210661
720000 -0.209711
730000 -0.208767
740000 -0.207819
750000 -0.206906
760000 -0.205992
770000 -0.205114
780000 -0.204248
790000 -0.203388
800000 -0.20256
810000 -0.201742
820000 -0.200937
830000 -0.200148
840000 -0.199353
850000 -0.198622
860000 -0.197878
870000 -0.19717
880000 -0.196476
890000 -0.195768
900000 -0.195078
910000 -0.19441
920000 -0.193743
930000 -0.19309
940000 -0.192448
950000 -0.191809
960000 -0.191197
970000 -0.190575
980000 -0.18998
990000 -0.189385
