10000 -0.344233
20000 -0.365883
30000 -0.380306
40000 -0.388177
50000 -0.394046
60000 -0.398448
70000 -0.400174
80000 -0.401399
90000 -0.401181
100000 -0.400077
110000 -0.397717
120000 -0.395349
130000 -0.393098
140000 -0.390813
150000 -0.389641
160000 -0.392104
170000 -0.393463
180000 -0.394135
190000 -0.393951
200000 -0.39305
210000 -0.391304
220000 -0.38891
230000 -0.385962
240000 -0.382591
250000 -0.379071
260000 -0.375448
270000 -0.371689
280000 -0.368354
290000 -0.365425
300000 -0.36337
310000 -0.361045
320000 -0.358594
330000 -0.355959
340000 -0.353489
350000 -0.351011
360000 -0.348605
370000 -0.346427
380000 -0.344277
390000 -0.34217
400000 -0.340032
410000 -0.337936
420000 -0.335947
430000 -0.333897
440000 -0.331864
450000 -0.329839
460000 -0.327905
470000 -0.325993
480000 -0.324353
490000 -0.32304
500000 -0.32166
510000 -0.320176
520000 -0.318815
530000 -0.317479
540000 -0.31624
550000 -0.315072
560000 -0.313777
570000 -0.312479
580000 -0.311221
590000 -0.309997
600000 -0.308795
610000 -0.307611
620000 -0.306419
630000 -0.305201
640000 -0.304116
650000 -0.303003
660000 -0.301896
670000 -0.30075
680000 -0.29962
690000 -0.298313
700000 -0.297145
710000 -0.296192
720000 -0.295231
730000 -0.294276
740000 -0.293306
750000 -0.29237
760000 -0.291412
770000 -0.290474
780000 -0.289473
790000 -0.288464
800000 -0.287501
810000 -0.286544
820000 -0.285677
830000 -0.285068
840000 -0.284467
850000 -0.283856
860000 -0.283276
870000 -0.282716
880000 -0.282139
890000 -0.281561
900000 -0.281003
910000 -0.280527
920000 -0.280022
930000 -0.279506
940000 -0.278946
950000 -0.278422
960000 -0.2779
970000 -0.277368
980000 -0.276817
990000 -0.276267
