10000 -0.348885
20000 -0.370148
30000 -0.382317
40000 -0.390204
50000 -0.393517
60000 -0.396094
70000 -0.397706
80000 -0.397934
90000 -0.396257
100000 -0.39321
110000 -0.389626
120000 -0.385677
130000 -0.382183
140000 -0.378858
150000 -0.376547
160000 -0.374211
170000 -0.371904
180000 -0.369829
190000 -0.368506
200000 -0.366813
210000 -0.365141
220000 -0.36337
230000 -0.361395
240000 -0.359688
250000 -0.358072
260000 -0.356579
270000 -0.354942
280000 -0.353177
290000 -0.351369
300000 -0.349532
310000 -0.347793
320000 -0.34604
330000 -0.344427
340000 -0.342903
350000 -0.341598
360000 -0.340946
370000 -0.34117
380000 -0.341699
390000 -0.342099
400000 -0.342388
410000 -0.342669
420000 -0.343017
430000 -0.343336
440000 -0.343638
450000 -0.343844
460000 -0.344025
470000 -0.344154
480000 -0.344254
490000 -0.344251
500000 -0.344231
510000 -0.344246
520000 -0.344281
530000 -0.344271
540000 -0.344164
550000 -0.34411
560000 -0.34409
570000 -0.343988
580000 -0.343845
590000 -0.343694
600000 -0.343493
610000 -0.343261
620000 -0.34307
630000 -0.34283
640000 -0.34255
650000 -0.342361
660000 -0.342106
670000 -0.341822
680000 -0.341518
690000 -0.341195
700000 -0.340847
710000 -0.340541
720000 -0.340346
730000 -0.340121
740000 -0.339982
750000 -0.339762
760000 -0.339567
770000 -0.339372
780000 -0.339072
790000 -0.338784
800000 -0.338463
810000 -0.338095
820000 -0.337775
830000 -0.337391
840000 -0.336993
850000 -0.336561
860000 -0.336133
870000 -0.335747
880000 -0.335338
890000 -0.334955
900000 -0.33462
910000 -0.334303
920000 -0.333982
930000 -0.333646
940000 -0.333335
950000 -0.33303
960000 -0.332718
970000 -0.332433
980000 -0.332159
990000 -0.331825
