10000 -0.351457
20000 -0.375542
30000 -0.383303
40000 -0.386244
50000 -0.386797
60000 -0.387172
70000 -0.387388
80000 -0.387416
90000 -0.385823
100000 -0.384577
110000 -0.382249
120000 -0.379809
130000 -0.377515
140000 -0.375676
150000 -0.37332
160000 -0.371117
170000 -0.368774
180000 -0.366047
190000 -0.362804
200000 -0.360129
210000 -0.357242
220000 -0.354561
230000 -0.351996
240000 -0.349459
250000 -0.346856
260000 -0.344506
270000 -0.342508
280000 -0.34038
290000 -0.338227
300000 -0.336941
310000 -0.335796
320000 -0.334547
330000 -0.333601
340000 -0.332772
350000 -0.331949
360000 -0.330845
370000 -0.329624
380000 -0.328313
390000 -0.326909
400000 -0.325663
410000 -0.324263
420000 -0.322934
430000 -0.322349
440000 -0.321198
450000 -0.320339
460000 -0.319261
470000 -0.318223
480000 -0.317079
490000 -0.315941
500000 -0.314856
510000 -0.313804
520000 -0.312674
530000 -0.311482
540000 -0.310405
550000 -0.309374
560000 -0.308329
570000 -0.307305
580000 -0.306292
590000 -0.305275
600000 -0.304299
610000 -0.303359
620000 -0.302394
630000 -0.301564
640000 -0.300763
650000 -0.299936
660000 -0.299216
670000 -0.298333
680000 -0.297532
690000 -0.296747
700000 -0.295936
710000 -0.29512
720000 -0.294327
730000 -0.293552
740000 -0.292771
750000 -0.291976
760000 -0.291215
770000 -0.29051
780000 -0.289816
790000 -0.289129
800000 -0.28867
810000 -0.288243
820000 -0.287787
830000 -0.287299
840000 -0.286839
850000 -0.286426
860000 -0.285976
870000 -0.285519
880000 -0.285089
890000 -0.284639
900000 -0.285101
910000 -0.285606
920000 -0.285966
930000 -0.286233
940000 -0.286396
950000 -0.286499
960000 -0.286475
970000 -0.28634
980000 -0.286011
990000 -0.285682
