10000 -0.331957
20000 -0.363676
30000 -0.378257
40000 -0.384547
50000 -0.385994
60000 -0.383561
70000 -0.381103
80000 -0.37639
90000 -0.371418
100000 -0.367028
110000 -0.362566
120000 -0.358552
130000 -0.3545
140000 -0.350492
150000 -0.346805
160000 -0.343866
170000 -0.340551
180000 -0.337769
190000 -0.334975
200000 -0.334348
210000 -0.339202
220000 -0.343177
230000 -0.346219
240000 -0.348582
250000 -0.350428
260000 -0.351734
270000 -0.352319
280000 -0.352683
290000 -0.352455
300000 -0.352013
310000 -0.35156
320000 -0.350768
330000 -0.349854
340000 -0.349014
350000 -0.34817
360000 -0.347008
370000 -0.345985
380000 -0.344792
390000 -0.343611
400000 -0.342365
410000 -0.341089
420000 -0.33986
430000 -0.338478
440000 -0.337082
450000 -0.335807
460000 -0.334637
470000 -0.33349
480000 -0.332352
490000 -0.332179
500000 -0.332293
510000 -0.332466
520000 -0.332636
530000 -0.3328
540000 -0.332911
550000 -0.333052
560000 -0.33312
570000 -0.333155
580000 -0.333067
590000 -0.333009
600000 -0.332877
610000 -0.33272
620000 -0.332484
630000 -0.332141
640000 -0.331718
650000 -0.331212
660000 -0.330659
670000 -0.330037
680000 -0.32934
690000 -0.328558
700000 -0.327688
710000 -0.326841
720000 -0.32599
730000 -0.325099
740000 -0.324242
750000 -0.323391
760000 -0.322507
770000 -0.321595
780000 -0.320738
790000 -0.319869
800000 -0.319042
810000 -0.318197
820000 -0.317359
830000 -0.316516
840000 -0.315725
850000 -0.314891
860000 -0.314031
870000 -0.313215
880000 -0.312409
890000 -0.311584
900000 -0.310777
910000 -0.310008
920000 -0.30928
930000 -0.308548
940000 -0.307826
950000 -0.30705
960000 -0.30628
970000 -0.30552
980000 -0.304769
990000 -0.304016
