10000 -0.450935
20000 -0.459252
30000 -0.449608
40000 -0.43704
50000 -0.429486
60000 -0.409286
70000 -0.388272
80000 -0.376667
90000 -0.385281
100000 -0.375689
110000 -0.364742
120000 -0.360716
130000 -0.34837
140000 -0.343793
150000 -0.341154
160000 -0.334743
170000 -0.308999
180000 -0.313391
190000 -0.311639
200000 -0.305716
210000 -0.307876
220000 -0.298779
230000 -0.297379
240000 -0.38713
250000 -0.373149
260000 -0.365093
270000 -0.356665
280000 -0.354162
290000 -0.351404
300000 -0.345005
310000 -0.340872
320000 -0.340908
330000 -0.337674
340000 -0.342526
350000 -0.341879
360000 -0.339793
370000 -0.336294
380000 -0.33592
390000 -0.332733
400000 -0.328374
410000 -0.330818
420000 -0.330345
430000 -0.3283
440000 -0.321349
450000 -0.322433
460000 -0.317323
470000 -0.32302
480000 -0.315135
490000 -0.313083
500000 -0.310634
510000 -0.310164
520000 -0.310061
530000 -0.308711
540000 -0.309651
550000 -0.308574
560000 -0.307869
570000 -0.308539
580000 -0.309522
590000 -0.308209
600000 -0.305352
610000 -0.306142
620000 -0.30466
630000 -0.299933
640000 -0.299723
650000 -0.296994
660000 -0.323038
670000 -0.315624
680000 -0.309876
690000 -0.304094
700000 -0.298199
710000 -0.298465
720000 -0.293344
730000 -0.287179
740000 -0.281548
750000 -0.279466
760000 -0.279131
770000 -0.276944
780000 -0.273342
790000 -0.270699
800000 -0.268647
810000 -0.270254
820000 -0.265811
830000 -0.265688
840000 -0.267868
850000 -0.263888
860000 -0.263442
870000 -0.263249
880000 -0.287386
890000 -0.283393
900000 -0.282215
910000 -0.280738
920000 -0.278498
930000 -0.27918
940000 -0.276054
950000 -0.276523
960000 -0.273674
970000 -0.270744
980000 -0.267726
990000 -0.26722
