10000 -0.453637
20000 -0.440091
30000 -0.438407
40000 -0.440713
50000 -0.41615
60000 -0.410329
70000 -0.40705
80000 -0.404696
90000 -0.398942
100000 -0.398371
110000 -0.386927
120000 -0.377742
130000 -0.384301
140000 -0.365131
150000 -0.340397
160000 -0.344032
170000 -0.332597
180000 -0.325733
190000 -0.326609
200000 -0.314368
210000 -0.313491
220000 -0.314019
230000 -0.313373
240000 -0.332985
250000 -0.311193
260000 -0.310012
270000 -0.292784
280000 -0.291882
290000 -0.300936
300000 -0.295295
310000 -0.281832
320000 -0.286369
330000 -0.289423
340000 -0.281815
350000 -0.282127
360000 -0.279038
370000 -0.280994
380000 -0.284292
390000 -0.283591
400000 -0.280806
410000 -0.289317
420000 -0.282249
430000 -0.28032
440000 -0.28331
450000 -0.293275
460000 -0.277274
470000 -0.27865
480000 -0.273102
490000 -0.268667
500000 -0.26331
510000 -0.256172
520000 -0.253749
530000 -0.246221
540000 -0.23981
550000 -0.236549
560000 -0.237208
570000 -0.22704
580000 -0.23815
590000 -0.232068
600000 -0.2205
610000 -0.200381
620000 -0.201697
630000 -0.196195
640000 -0.193195
650000 -0.193439
660000 -0.204604
670000 -0.208104
680000 -0.197068
690000 -0.200116
700000 -0.189326
710000 -0.190842
720000 -0.19912
730000 -0.196014
740000 -0.195848
750000 -0.187073
760000 -0.186276
770000 -0.182427
780000 -0.188201
790000 -0.180527
800000 -0.184545
810000 -0.181981
820000 -0.188154
830000 -0.18686
840000 -0.179305
850000 -0.233249
860000 -0.240931
870000 -0.220651
880000 -0.221596
890000 -0.211012
900000 -0.214298
910000 -0.21503
920000 -0.236207
930000 -0.217487
940000 -0.208471
950000 -0.220992
960000 -0.203427
970000 -0.2085
980000 -0.205599
990000 -0.205519
