10000 0.176477
20000 0.178868
30000 0.133554
40000 0.163904
50000 0.170301
60000 0.165318
70000 0.156937
80000 0.147902
90000 0.139137
100000 0.130985
110000 0.123615
120000 0.116958
130000 0.110899
140000 0.105435
150000 0.100506
160000 0.0960164
170000 0.0919459
180000 0.088226
190000 0.0847966
200000 0.0816306
210000 0.0786997
220000 0.075974
230000 0.0734379
240000 0.0710686
250000 0.0688413
260000 0.0667656
270000 0.0648208
280000 0.0629898
290000 0.061262
300000 0.0596246
310000 0.0580681
320000 0.0565805
330000 0.0551584
340000 0.053813
350000 0.0525296
360000 0.0539001
370000 0.0527941
380000 0.0515757
390000 0.0503814
400000 0.0492449
410000 0.0481634
420000 0.0471336
430000 0.0461514
440000 0.0452139
450000 0.044318
460000 0.043461
470000 0.0426406
480000 0.041854
490000 0.0410996
500000 0.0403754
510000 0.0396796
520000 0.0390104
530000 0.0383664
540000 0.0377463
550000 0.0371488
560000 0.0365725
570000 0.0360165
580000 0.0354796
590000 0.0349609
600000 0.0344594
610000 0.0339744
620000 0.033505
630000 0.0330504
640000 0.0326101
650000 0.0321834
660000 0.0317695
670000 0.031368
680000 0.0309783
690000 0.0305998
700000 0.0302322
710000 0.0298749
720000 0.0295276
730000 0.0291897
740000 0.028861
750000 0.028541
760000 0.0282294
770000 0.0279259
780000 0.0276303
790000 0.0273421
800000 0.027061
810000 0.026787
820000 0.0265195
830000 0.0262586
840000 0.0260038
850000 0.025755
860000 0.0255121
870000 0.0252747
880000 0.0250426
890000 0.0248158
900000 0.0245941
910000 0.0243772
920000 0.024165
930000 0.0239574
940000 0.0237542
950000 0.0235553
960000 0.0233605
970000 0.0231697
980000 0.0229828
990000 0.0227997
