10000 0.445582
20000 0.363595
30000 0.297641
40000 0.286809
50000 0.286313
60000 0.258062
70000 0.230885
80000 0.20781
90000 0.225978
100000 0.238341
110000 0.247595
120000 0.258259
130000 0.266992
140000 0.274098
150000 0.28065
160000 0.288712
170000 0.295626
180000 0.302249
190000 0.308278
200000 0.31305
210000 0.317058
220000 0.321544
230000 0.324953
240000 0.327949
250000 0.330303
260000 0.331502
270000 0.333393
280000 0.335011
290000 0.336342
300000 0.337528
310000 0.338644
320000 0.339649
330000 0.340299
340000 0.340775
350000 0.340988
360000 0.340968
370000 0.340982
380000 0.341479
390000 0.34161
400000 0.341196
410000 0.340918
420000 0.341604
430000 0.342039
440000 0.341846
450000 0.341535
460000 0.340747
470000 0.341164
480000 0.341817
490000 0.342457
500000 0.345476
510000 0.349084
520000 0.351459
530000 0.352719
540000 0.352712
550000 0.351161
560000 0.347537
570000 0.343173
580000 0.338838
590000 0.334633
600000 0.330554
610000 0.326598
620000 0.32276
630000 0.319325
640000 0.320389
650000 0.321365
660000 0.322226
670000 0.322455
680000 0.322777
690000 0.322963
700000 0.3231
710000 0.323227
720000 0.322756
730000 0.322805
740000 0.322834
750000 0.322842
760000 0.322711
770000 0.322484
780000 0.32224
790000 0.322077
800000 0.321774
810000 0.321309
820000 0.320706
830000 0.320043
840000 0.319282
850000 0.318441
860000 0.318017
870000 0.317777
880000 0.317415
890000 0.316897
900000 0.31623
910000 0.31529
920000 0.314286
930000 0.313118
940000 0.311737
950000 0.310171
960000 0.308495
970000 0.306757
980000 0.305005
990000 0.303375
