10000 0.162476
20000 0.00539929
30000 0.202795
40000 0.00545974
50000 0.00545861
60000 0.00582474
70000 0.124168
80000 0.0607792
90000 0.0301107
100000 0.00942061
110000 0.00535446
120000 0.00535583
130000 0.00535453
140000 0.0053545
150000 0.00535455
160000 0.00535469
170000 0.00535551
180000 0.00535489
190000 0.00535543
200000 0.0053557
210000 0.00535658
220000 0.00535667
230000 0.00535774
240000 0.00535654
250000 0.00535707
260000 0.00535775
270000 0.00535937
280000 0.00536112
290000 0.00536145
300000 0.00535937
310000 0.00535885
320000 0.00535905
330000 0.00535689
340000 0.00535887
350000 0.00535824
360000 0.00535757
370000 0.0053568
380000 0.00535927
390000 0.00535842
400000 0.00535839
410000 0.00535831
420000 0.00535795
430000 0.00535968
440000 0.00536085
450000 0.00536048
460000 0.00535983
470000 0.00535971
480000 0.00535839
490000 0.00535831
500000 0.00535962
510000 0.0053582
520000 0.00535671
530000 0.00535709
540000 0.00535432
550000 0.00535537
560000 0.00535477
570000 0.0053548
580000 0.00535452
590000 0.00535412
600000 0.00535331
610000 0.00535244
620000 0.276787
630000 0.149576
640000 0.00525685
650000 0.00525685
660000 0.00525685
670000 0.00525685
680000 0.00525685
690000 0.00525685
700000 0.00525685
710000 0.00525685
720000 0.00525685
730000 0.00525685
740000 0.00525685
750000 0.00525685
760000 0.00525685
770000 0.00525685
780000 0.00525685
790000 0.00525685
800000 0.00525685
810000 0.00525685
820000 0.00525685
830000 0.00675197
840000 0.00534669
850000 0.00534659
860000 0.0053468
870000 0.00534669
880000 0.00534704
890000 0.0053475
900000 0.00534749
910000 0.00534776
920000 0.00534853
930000 0.00534767
940000 0.00534799
950000 0.0053487
960000 0.00534868
970000 0.00534895
980000 0.00534849
990000 0.00534915
