10000 0.38395
20000 0.123007
30000 0.132037
40000 0.00541523
50000 0.0226139
60000 0.0154859
70000 0.0339908
80000 0.00533772
90000 0.023647
100000 0.01386
110000 0.00911838
120000 0.0220974
130000 0.120363
140000 0.0674659
150000 0.032985
160000 0.0447402
170000 0.00530001
180000 0.00529983
190000 0.00530033
200000 0.00530084
210000 0.00530173
220000 0.00530216
230000 0.00530382
240000 0.00530433
250000 0.00530638
260000 0.00530802
270000 0.0053074
280000 0.00615064
290000 0.0473916
300000 0.0262703
310000 0.0100943
320000 0.259263
330000 0.198977
340000 0.150445
350000 0.0958952
360000 0.034873
370000 0.0182843
380000 0.098108
390000 0.0306314
400000 0.00517398
410000 0.00517398
420000 0.0378144
430000 0.279318
440000 0.242476
450000 0.214417
460000 0.189377
470000 0.162766
480000 0.131855
490000 0.317399
500000 0.273648
510000 0.238938
520000 0.205343
530000 0.167114
540000 0.119071
550000 0.0608245
560000 0.0417884
570000 0.376311
580000 0.343622
590000 0.32138
600000 0.30963
610000 0.306562
620000 0.29165
630000 0.283064
640000 0.275013
650000 0.266772
660000 0.259097
670000 0.251365
680000 0.23154
690000 0.218212
700000 0.205083
710000 0.193637
720000 0.182814
730000 0.172784
740000 0.163749
750000 0.154668
760000 0.146042
770000 0.138169
780000 0.13146
790000 0.124409
800000 0.117763
810000 0.111051
820000 0.104745
830000 0.0990532
840000 0.0936327
850000 0.0883609
860000 0.082946
870000 0.0778644
880000 0.0728588
890000 0.0677161
900000 0.0631286
910000 0.058436
920000 0.0542226
930000 0.0501998
940000 0.0462567
950000 0.0425461
960000 0.0383658
970000 0.034736
980000 0.0305782
990000 0.0262412
