10000 0.0621541
20000 0.0829583
30000 0.0223087
40000 0.00515497
50000 0.00515607
60000 0.00515825
70000 0.571557
80000 0.292366
90000 0.0884872
100000 0.00511848
110000 0.00512198
120000 0.00512035
130000 0.00511885
140000 0.0163488
150000 0.0422995
160000 0.00751848
170000 0.00505993
180000 0.00506107
190000 0.0050604
200000 0.00505964
210000 0.00506092
220000 0.00506153
230000 0.00506058
240000 0.00506021
250000 0.0050612
260000 0.00505875
270000 0.00505735
280000 0.00505716
290000 0.00505612
300000 0.00505323
310000 0.00505387
320000 0.33764
330000 0.160751
340000 0.00484454
350000 0.00484454
360000 0.00484454
370000 0.00484454
380000 0.00484454
390000 0.00484454
400000 0.00484454
410000 0.00484454
420000 0.00484454
430000 0.00484454
440000 0.00484454
450000 0.00484454
460000 0.00484454
470000 0.00484454
480000 0.00484454
490000 0.00484454
500000 0.00484454
510000 0.00484454
520000 0.00484454
530000 0.00484454
540000 0.00484454
550000 0.00484454
560000 0.00484454
570000 0.00484454
580000 0.00484454
590000 0.00484454
600000 0.00484454
610000 0.00484454
620000 0.00484454
630000 0.00484454
640000 0.00484454
650000 0.00484454
660000 0.00484454
670000 0.00484454
680000 0.00484454
690000 0.00484454
700000 0.00484454
710000 0.00484454
720000 0.00484454
730000 0.00484454
740000 0.00484454
750000 0.00484454
760000 0.00484454
770000 0.00484454
780000 0.00484454
790000 0.00484454
800000 0.00484454
810000 0.00484454
820000 0.00484454
830000 0.00484454
840000 0.00484454
850000 0.00484454
860000 0.00484454
870000 0.00484454
880000 0.00484454
890000 0.00484454
900000 0.00484454
910000 0.00484454
920000 0.00484454
930000 0.00484454
940000 0.00484454
950000 0.00484454
960000 0.00484454
970000 0.00484454
980000 0.00484454
990000 0.00484454
