10000 0.393245
20000 0.308736
30000 0.101653
40000 0.0609122
50000 0.00528822
60000 0.005293
70000 0.0280386
80000 0.0285256
90000 0.00524529
100000 0.0491234
110000 0.0052554
120000 0.14275
130000 0.00486155
140000 0.00486242
150000 0.0048927
160000 0.00489345
170000 0.00487203
180000 0.00487937
190000 0.00486687
200000 0.00487796
210000 0.00487754
220000 0.00513052
230000 0.00513742
240000 0.00512732
250000 0.00512908
260000 0.00512863
270000 0.00513496
280000 0.00512779
290000 0.00511328
300000 0.00509971
310000 0.00510349
320000 0.00509446
330000 0.00510409
340000 0.00509138
350000 0.00510042
360000 0.00509571
370000 0.00509937
380000 0.0051153
390000 0.00510962
400000 0.00512128
410000 0.00513336
420000 0.00513585
430000 0.00514534
440000 0.00513868
450000 0.00513672
460000 0.00513933
470000 0.00514186
480000 0.00513266
490000 0.00513424
500000 0.00514408
510000 0.0051573
520000 0.00515738
530000 0.00515502
540000 0.00515909
550000 0.00513317
560000 0.00513649
570000 0.0051385
580000 0.00513671
590000 0.00516131
600000 0.00517429
610000 0.00517647
620000 0.00517861
630000 0.00517901
640000 0.00517329
650000 0.0121592
660000 0.00523986
670000 0.00523937
680000 0.00523555
690000 0.0868598
700000 0.114995
710000 0.0571434
720000 0.0055368
730000 0.0055368
740000 0.0055368
750000 0.0055368
760000 0.0055368
770000 0.0055368
780000 0.0055368
790000 0.0055368
800000 0.0055368
810000 0.0055368
820000 0.0055368
830000 0.0055368
840000 0.0055368
850000 0.0055368
860000 0.47262
870000 0.43616
880000 0.412346
890000 0.391786
900000 0.374431
910000 0.356254
920000 0.306412
930000 0.294483
940000 0.283281
950000 0.271522
960000 0.260789
970000 0.249922
980000 0.239099
990000 0.229993
