10000 0.570576
20000 0.531903
30000 0.520003
40000 0.475304
50000 0.430691
60000 0.403756
70000 0.410286
80000 0.404616
90000 0.338725
100000 0.33989
110000 0.342863
120000 0.290784
130000 0.329998
140000 0.282519
150000 0.35032
160000 0.323457
170000 0.305172
180000 0.281911
190000 0.262285
200000 0.231174
210000 0.209727
220000 0.191576
230000 0.175496
240000 0.162544
250000 0.150442
260000 0.22351
270000 0.227242
280000 0.199341
290000 0.204989
300000 0.175821
310000 0.135003
320000 0.109871
330000 0.155256
340000 0.118764
350000 0.0841032
360000 0.0530628
370000 0.0402624
380000 0.0382168
390000 0.152894
400000 0.155811
410000 0.123475
420000 0.11532
430000 0.104813
440000 0.0992982
450000 0.0938739
460000 0.0884772
470000 0.0835838
480000 0.0829112
490000 0.0778559
500000 0.0730272
510000 0.0686446
520000 0.0642857
530000 0.0595037
540000 0.0542321
550000 0.0585754
560000 0.155404
570000 0.145123
580000 0.164817
590000 0.153894
600000 0.142412
610000 0.131906
620000 0.120847
630000 0.111528
640000 0.102199
650000 0.0909084
660000 0.0840417
670000 0.078736
680000 0.0722271
690000 0.0685825
700000 0.0648689
710000 0.0619217
720000 0.0586963
730000 0.0557242
740000 0.103549
750000 0.0812042
760000 0.0492867
770000 0.0463939
780000 0.0440861
790000 0.177596
800000 0.168739
810000 0.159515
820000 0.150915
830000 0.144083
840000 0.13735
850000 0.133249
860000 0.127375
870000 0.121588
880000 0.11658
890000 0.111694
900000 0.107152
910000 0.102943
920000 0.0988368
930000 0.0950251
940000 0.0909787
950000 0.0870849
960000 0.0849398
970000 0.0809862
980000 0.0779201
990000 0.0744727
