10000 -0.366017
20000 -0.389037
30000 -0.390708
40000 -0.386686
50000 -0.381525
60000 -0.374969
70000 -0.366699
80000 -0.355905
90000 -0.34603
100000 -0.337543
110000 -0.33014
120000 -0.323729
130000 -0.318024
140000 -0.313054
150000 -0.308782
160000 -0.304891
170000 -0.301315
180000 -0.298107
190000 -0.29526
200000 -0.292563
210000 -0.29011
220000 -0.287863
230000 -0.285765
240000 -0.283859
250000 -0.282067
260000 -0.280429
270000 -0.278847
280000 -0.277394
290000 -0.27598
300000 -0.274616
310000 -0.273342
320000 -0.272136
330000 -0.270982
340000 -0.269892
350000 -0.268822
360000 -0.267817
370000 -0.266878
380000 -0.26596
390000 -0.26506
400000 -0.264217
410000 -0.263403
420000 -0.262618
430000 -0.261868
440000 -0.261132
450000 -0.260432
460000 -0.259752
470000 -0.259087
480000 -0.25844
490000 -0.257825
500000 -0.257238
510000 -0.25666
520000 -0.256109
530000 -0.255589
540000 -0.255081
550000 -0.254597
560000 -0.254119
570000 -0.253663
580000 -0.253232
590000 -0.252798
600000 -0.252379
610000 -0.251972
620000 -0.251568
630000 -0.251172
640000 -0.250778
650000 -0.250403
660000 -0.250025
670000 -0.249669
680000 -0.249312
690000 -0.248946
700000 -0.2486
710000 -0.248267
720000 -0.247928
730000 -0.247596
740000 -0.247277
750000 -0.246967
760000 -0.246656
770000 -0.246349
780000 -0.246057
790000 -0.245781
800000 -0.2455
810000 -0.24522
820000 -0.244949
830000 -0.244685
840000 -0.244423
850000 -0.244167
860000 -0.243916
870000 -0.243665
880000 -0.243415
890000 -0.243172
900000 -0.242938
910000 -0.242703
920000 -0.242467
930000 -0.242239
940000 -0.24202
950000 -0.241802
960000 -0.241587
970000 -0.24138
980000 -0.24118
990000 -0.240982
