10000 -0.384167
20000 -0.407033
30000 -0.414827
40000 -0.420524
50000 -0.422748
60000 -0.421973
70000 -0.418495
80000 -0.411282
90000 -0.402954
100000 -0.393706
110000 -0.384609
120000 -0.376054
130000 -0.367651
140000 -0.35955
150000 -0.352306
160000 -0.345835
170000 -0.339969
180000 -0.334643
190000 -0.329781
200000 -0.325412
210000 -0.321425
220000 -0.317789
230000 -0.314374
240000 -0.311262
250000 -0.308415
260000 -0.305677
270000 -0.303152
280000 -0.300772
290000 -0.29851
300000 -0.296402
310000 -0.294435
320000 -0.292555
330000 -0.290772
340000 -0.289069
350000 -0.287458
360000 -0.285933
370000 -0.284453
380000 -0.283051
390000 -0.281677
400000 -0.28039
410000 -0.279168
420000 -0.278024
430000 -0.276907
440000 -0.275846
450000 -0.274829
460000 -0.273804
470000 -0.272856
480000 -0.271925
490000 -0.271022
500000 -0.270166
510000 -0.269324
520000 -0.26852
530000 -0.267728
540000 -0.266977
550000 -0.266246
560000 -0.265529
570000 -0.264831
580000 -0.264178
590000 -0.26353
600000 -0.262907
610000 -0.262295
620000 -0.261701
630000 -0.261112
640000 -0.260553
650000 -0.259986
660000 -0.259431
670000 -0.258893
680000 -0.258369
690000 -0.257844
700000 -0.257338
710000 -0.256844
720000 -0.256353
730000 -0.255874
740000 -0.255437
750000 -0.25499
760000 -0.254556
770000 -0.254122
780000 -0.253705
790000 -0.253301
800000 -0.252895
810000 -0.252513
820000 -0.252125
830000 -0.251753
840000 -0.251386
850000 -0.251018
860000 -0.250673
870000 -0.250328
880000 -0.249992
890000 -0.249667
900000 -0.249348
910000 -0.249036
920000 -0.248725
930000 -0.248419
940000 -0.248122
950000 -0.247816
960000 -0.247527
970000 -0.247241
980000 -0.246962
990000 -0.246687
