10000 -0.382275
20000 -0.400839
30000 -0.410719
40000 -0.413254
50000 -0.405223
60000 -0.391373
70000 -0.377483
80000 -0.365311
90000 -0.354036
100000 -0.343052
110000 -0.332929
120000 -0.324051
130000 -0.316145
140000 -0.308794
150000 -0.30222
160000 -0.296024
170000 -0.290396
180000 -0.285113
190000 -0.280309
200000 -0.275863
210000 -0.271752
220000 -0.267922
230000 -0.264418
240000 -0.261191
250000 -0.258133
260000 -0.255309
270000 -0.252718
280000 -0.250228
290000 -0.247862
300000 -0.245636
310000 -0.243542
320000 -0.241553
330000 -0.23965
340000 -0.23788
350000 -0.236213
360000 -0.234622
370000 -0.233103
380000 -0.231668
390000 -0.230318
400000 -0.229029
410000 -0.227782
420000 -0.226595
430000 -0.225482
440000 -0.224392
450000 -0.223343
460000 -0.222344
470000 -0.22141
480000 -0.220483
490000 -0.219575
500000 -0.218704
510000 -0.217875
520000 -0.21707
530000 -0.216296
540000 -0.215553
550000 -0.214826
560000 -0.214127
570000 -0.213445
580000 -0.212792
590000 -0.21216
600000 -0.211545
610000 -0.210959
620000 -0.210392
630000 -0.209837
640000 -0.209288
650000 -0.20875
660000 -0.208233
670000 -0.207721
680000 -0.207247
690000 -0.206776
700000 -0.206309
710000 -0.205845
720000 -0.205395
730000 -0.204961
740000 -0.204525
750000 -0.204102
760000 -0.203698
770000 -0.203292
780000 -0.2029
790000 -0.202523
800000 -0.202153
810000 -0.20179
820000 -0.201432
830000 -0.201089
840000 -0.200743
850000 -0.200407
860000 -0.200082
870000 -0.19976
880000 -0.199452
890000 -0.199148
900000 -0.198846
910000 -0.19855
920000 -0.198268
930000 -0.197995
940000 -0.197713
950000 -0.19745
960000 -0.197184
970000 -0.196924
980000 -0.196661
990000 -0.196406
