10000 -0.389216
20000 -0.412227
30000 -0.421831
40000 -0.42418
50000 -0.423292
60000 -0.421127
70000 -0.417454
80000 -0.413321
90000 -0.408078
100000 -0.401556
110000 -0.394477
120000 -0.387759
130000 -0.380562
140000 -0.373264
150000 -0.36638
160000 -0.359681
170000 -0.353184
180000 -0.346929
190000 -0.341185
200000 -0.335799
210000 -0.330736
220000 -0.326095
230000 -0.321871
240000 -0.317891
250000 -0.314178
260000 -0.310762
270000 -0.307548
280000 -0.304543
290000 -0.301757
300000 -0.299087
310000 -0.296609
320000 -0.294228
330000 -0.29199
340000 -0.28986
350000 -0.287863
360000 -0.28595
370000 -0.284144
380000 -0.282419
390000 -0.280782
400000 -0.279208
410000 -0.277719
420000 -0.276307
430000 -0.274934
440000 -0.27362
450000 -0.272322
460000 -0.271105
470000 -0.269924
480000 -0.268771
490000 -0.267672
500000 -0.266599
510000 -0.265578
520000 -0.264582
530000 -0.263631
540000 -0.262706
550000 -0.261817
560000 -0.26095
570000 -0.260121
580000 -0.259312
590000 -0.258517
600000 -0.25775
610000 -0.257012
620000 -0.256306
630000 -0.255611
640000 -0.254935
650000 -0.25428
660000 -0.253636
670000 -0.253007
680000 -0.252394
690000 -0.251808
700000 -0.251221
710000 -0.250658
720000 -0.250117
730000 -0.249576
740000 -0.249045
750000 -0.248536
760000 -0.248037
770000 -0.247544
780000 -0.247068
790000 -0.246598
800000 -0.246141
810000 -0.245693
820000 -0.245252
830000 -0.244825
840000 -0.244414
850000 -0.244019
860000 -0.243627
870000 -0.24324
880000 -0.242861
890000 -0.242489
900000 -0.242124
910000 -0.24176
920000 -0.241401
930000 -0.241057
940000 -0.240721
950000 -0.240391
960000 -0.240062
970000 -0.239744
980000 -0.239413
990000 -0.239105
