10000 -0.470091
20000 -0.4222
30000 -0.385799
40000 -0.354309
50000 -0.339494
60000 -0.322393
70000 -0.307055
80000 -0.296052
90000 -0.288124
100000 -0.272635
110000 -0.259111
120000 -0.246732
130000 -0.22891
140000 -0.225544
150000 -0.225504
160000 -0.222411
170000 -0.222019
180000 -0.222539
190000 -0.214777
200000 -0.214745
210000 -0.213796
220000 -0.21233
230000 -0.212046
240000 -0.211575
250000 -0.210684
260000 -0.210579
270000 -0.210622
280000 -0.21061
290000 -0.210422
300000 -0.21077
310000 -0.210606
320000 -0.21072
330000 -0.210498
340000 -0.210542
350000 -0.210411
360000 -0.210453
370000 -0.21071
380000 -0.210494
390000 -0.210567
400000 -0.210282
410000 -0.210193
420000 -0.210248
430000 -0.210341
440000 -0.210338
450000 -0.210221
460000 -0.210289
470000 -0.210003
480000 -0.210096
490000 -0.209834
500000 -0.209982
510000 -0.209855
520000 -0.209831
530000 -0.209816
540000 -0.209858
550000 -0.209855
560000 -0.209832
570000 -0.209862
580000 -0.209823
590000 -0.209864
600000 -0.20973
610000 -0.209871
620000 -0.209872
630000 -0.20976
640000 -0.209682
650000 -0.209631
660000 -0.209722
670000 -0.209953
680000 -0.209786
690000 -0.209793
700000 -0.209888
710000 -0.20978
720000 -0.209773
730000 -0.209707
740000 -0.209512
750000 -0.209592
760000 -0.209625
770000 -0.20953
780000 -0.209708
790000 -0.209588
800000 -0.209575
810000 -0.20957
820000 -0.209513
830000 -0.209562
840000 -0.209598
850000 -0.209616
860000 -0.209658
870000 -0.209812
880000 -0.209845
890000 -0.209684
900000 -0.20977
910000 -0.20962
920000 -0.209607
930000 -0.2096
940000 -0.209601
950000 -0.209574
960000 -0.20947
970000 -0.20942
980000 -0.209375
990000 -0.209396
