10000 -0.521129
20000 -0.487054
30000 -0.460953
40000 -0.360209
50000 -0.322626
60000 -0.290305
70000 -0.280021
80000 -0.26867
90000 -0.253688
100000 -0.244982
110000 -0.235643
120000 -0.23016
130000 -0.230994
140000 -0.229027
150000 -0.22756
160000 -0.224588
170000 -0.217709
180000 -0.216684
190000 -0.215505
200000 -0.214649
210000 -0.211449
220000 -0.210893
230000 -0.211919
240000 -0.210222
250000 -0.20925
260000 -0.208206
270000 -0.206494
280000 -0.205222
290000 -0.204827
300000 -0.20342
310000 -0.202738
320000 -0.202746
330000 -0.201697
340000 -0.202173
350000 -0.201975
360000 -0.201183
370000 -0.200046
380000 -0.199712
390000 -0.199369
400000 -0.198841
410000 -0.198738
420000 -0.198454
430000 -0.198939
440000 -0.198671
450000 -0.198383
460000 -0.197584
470000 -0.19757
480000 -0.196973
490000 -0.196532
500000 -0.196391
510000 -0.196632
520000 -0.196527
530000 -0.196645
540000 -0.196687
550000 -0.196899
560000 -0.196935
570000 -0.19624
580000 -0.195218
590000 -0.194487
600000 -0.194644
610000 -0.195482
620000 -0.194887
630000 -0.194697
640000 -0.194527
650000 -0.194504
660000 -0.194575
670000 -0.194326
680000 -0.19422
690000 -0.194255
700000 -0.194393
710000 -0.194091
720000 -0.193998
730000 -0.193904
740000 -0.194038
750000 -0.193944
760000 -0.193755
770000 -0.193608
780000 -0.19342
790000 -0.193542
800000 -0.193563
810000 -0.193707
820000 -0.193541
830000 -0.193408
840000 -0.193396
850000 -0.193391
860000 -0.193602
870000 -0.193757
880000 -0.193079
890000 -0.193084
900000 -0.193172
910000 -0.193039
920000 -0.192991
930000 -0.19295
940000 -0.192737
950000 -0.192378
960000 -0.1923
970000 -0.191911
980000 -0.192135
990000 -0.192159
