10000 -0.459212
20000 -0.405607
30000 -0.354354
40000 -0.31568
50000 -0.302394
60000 -0.287222
70000 -0.287346
80000 -0.284879
90000 -0.28147
100000 -0.279184
110000 -0.276675
120000 -0.269611
130000 -0.266625
140000 -0.260462
150000 -0.258433
160000 -0.257455
170000 -0.257227
180000 -0.255666
190000 -0.255215
200000 -0.261701
210000 -0.260817
220000 -0.254315
230000 -0.252567
240000 -0.251314
250000 -0.251127
260000 -0.251214
270000 -0.251932
280000 -0.252003
290000 -0.250696
300000 -0.249468
310000 -0.24885
320000 -0.248837
330000 -0.249299
340000 -0.249029
350000 -0.248561
360000 -0.24908
370000 -0.249063
380000 -0.249605
390000 -0.249187
400000 -0.24877
410000 -0.248806
420000 -0.248454
430000 -0.247945
440000 -0.248154
450000 -0.247635
460000 -0.24757
470000 -0.247813
480000 -0.24779
490000 -0.247543
500000 -0.24758
510000 -0.247674
520000 -0.247665
530000 -0.247399
540000 -0.247366
550000 -0.247151
560000 -0.246863
570000 -0.247133
580000 -0.247133
590000 -0.246922
600000 -0.246793
610000 -0.246794
620000 -0.246552
630000 -0.246848
640000 -0.246818
650000 -0.246474
660000 -0.246557
670000 -0.246561
680000 -0.246696
690000 -0.246701
700000 -0.246751
710000 -0.246962
720000 -0.246778
730000 -0.246875
740000 -0.246906
750000 -0.246805
760000 -0.246701
770000 -0.246347
780000 -0.246299
790000 -0.246131
800000 -0.24606
810000 -0.246172
820000 -0.245793
830000 -0.245847
840000 -0.245811
850000 -0.245654
860000 -0.245471
870000 -0.245638
880000 -0.245756
890000 -0.245721
900000 -0.245666
910000 -0.245655
920000 -0.245538
930000 -0.245373
940000 -0.245299
950000 -0.245242
960000 -0.245211
970000 -0.245299
980000 -0.245516
990000 -0.245441
