10000 -0.471697
20000 -0.42893
30000 -0.391296
40000 -0.378673
50000 -0.353335
60000 -0.329078
70000 -0.300737
80000 -0.267544
90000 -0.264625
100000 -0.256359
110000 -0.253538
120000 -0.249179
130000 -0.247703
140000 -0.247453
150000 -0.24772
160000 -0.244908
170000 -0.243009
180000 -0.242225
190000 -0.242175
200000 -0.241179
210000 -0.239651
220000 -0.238908
230000 -0.23824
240000 -0.239465
250000 -0.238643
260000 -0.237059
270000 -0.236119
280000 -0.236504
290000 -0.235634
300000 -0.235012
310000 -0.23444
320000 -0.23315
330000 -0.233045
340000 -0.232064
350000 -0.232308
360000 -0.231627
370000 -0.23194
380000 -0.231417
390000 -0.230456
400000 -0.230627
410000 -0.230464
420000 -0.230347
430000 -0.229835
440000 -0.228972
450000 -0.228848
460000 -0.228328
470000 -0.22796
480000 -0.228156
490000 -0.228083
500000 -0.22769
510000 -0.228112
520000 -0.228105
530000 -0.228252
540000 -0.228047
550000 -0.227924
560000 -0.227544
570000 -0.227523
580000 -0.227508
590000 -0.227682
600000 -0.227186
610000 -0.226983
620000 -0.226898
630000 -0.226749
640000 -0.22659
650000 -0.225947
660000 -0.22588
670000 -0.225246
680000 -0.225024
690000 -0.224735
700000 -0.224555
710000 -0.224476
720000 -0.224268
730000 -0.224253
740000 -0.223862
750000 -0.22361
760000 -0.223488
770000 -0.223872
780000 -0.222998
790000 -0.223589
800000 -0.223399
810000 -0.222742
820000 -0.222736
830000 -0.222662
840000 -0.222655
850000 -0.222544
860000 -0.22226
870000 -0.221946
880000 -0.221868
890000 -0.222014
900000 -0.221451
910000 -0.220871
920000 -0.221362
930000 -0.221421
940000 -0.221529
950000 -0.221479
960000 -0.221368
970000 -0.221311
980000 -0.221323
990000 -0.220726
