10000 0.217267
20000 0.138655
30000 0.111877
40000 0.0984775
50000 0.0904314
60000 0.0850667
70000 0.0812348
80000 0.0783597
90000 0.0761234
100000 0.0743344
110000 0.0728706
120000 0.0716507
130000 0.0706185
140000 0.0697336
150000 0.0689668
160000 0.0682957
170000 0.0677036
180000 0.0671773
190000 0.0667063
200000 0.0662825
210000 0.065899
220000 0.0655504
230000 0.0652321
240000 0.0649404
250000 0.0646719
260000 0.0644241
270000 0.0641946
280000 0.0639816
290000 0.0637832
300000 0.0635981
310000 0.0634248
320000 0.0632625
330000 0.0631099
340000 0.0629664
350000 0.062831
360000 0.0627032
370000 0.0625822
380000 0.0624677
390000 0.062359
400000 0.0622557
410000 0.0621575
420000 0.0620639
430000 0.0619747
440000 0.0618896
450000 0.0618083
460000 0.0617304
470000 0.0616559
480000 0.0615845
490000 0.061516
500000 0.0614503
510000 0.0613871
520000 0.0613264
530000 0.0612679
540000 0.0612116
550000 0.0611574
560000 0.0611051
570000 0.0610546
580000 0.0610059
590000 0.0609588
600000 0.0609133
610000 0.0608693
620000 0.0608267
630000 0.0607855
640000 0.0607455
650000 0.0607068
660000 0.0606692
670000 0.0606328
680000 0.0605975
690000 0.0605631
700000 0.0605298
710000 0.0604974
720000 0.0603783
730000 0.0599101
740000 0.0593198
750000 0.0587295
760000 0.05815
770000 0.0575856
780000 0.0570357
790000 0.0564997
800000 0.0559771
810000 0.0554674
820000 0.0549702
830000 0.0544849
840000 0.0540112
850000 0.0535486
860000 0.0530968
870000 0.0526553
880000 0.0522239
890000 0.0518022
900000 0.0513899
910000 0.0509866
920000 0.0505921
930000 0.0502061
940000 0.0498282
950000 0.0494584
960000 0.0490962
970000 0.0487415
980000 0.0483941
990000 0.0480537
