10000 0.294957
20000 0.181355
30000 0.14324
40000 0.124143
50000 0.112677
60000 0.10503
70000 0.0995664
80000 0.0954681
90000 0.0922789
100000 0.0897278
110000 0.0876406
120000 0.0859007
130000 0.0844287
140000 0.0831668
150000 0.0816384
160000 0.0785233
170000 0.0754982
180000 0.072808
190000 0.0703998
200000 0.0682329
210000 0.0662719
220000 0.0644893
230000 0.0628617
240000 0.0615052
250000 0.0601415
260000 0.0588688
270000 0.0576904
280000 0.0565962
290000 0.0555775
300000 0.0546266
310000 0.0537371
320000 0.0529032
330000 0.0521199
340000 0.0513825
350000 0.0506874
360000 0.0500308
370000 0.0494098
380000 0.0488214
390000 0.0482632
400000 0.0477329
410000 0.0472285
420000 0.0467481
430000 0.0462901
440000 0.0458529
450000 0.045435
460000 0.0450354
470000 0.0446528
480000 0.0442861
490000 0.0439344
500000 0.0435967
510000 0.0432723
520000 0.0429603
530000 0.0426602
540000 0.0423712
550000 0.0420926
560000 0.041824
570000 0.0415648
580000 0.0413146
590000 0.0410729
600000 0.0408392
610000 0.0406132
620000 0.0403944
630000 0.0401826
640000 0.0399774
650000 0.0397786
660000 0.0395857
670000 0.0394008
680000 0.0392271
690000 0.0390529
700000 0.0388956
710000 0.0387438
720000 0.0385916
730000 0.0384412
740000 0.0382966
750000 0.0381525
760000 0.0380117
770000 0.0378716
780000 0.0377395
790000 0.0376097
800000 0.0374827
810000 0.0373586
820000 0.0372352
830000 0.037114
840000 0.0369983
850000 0.036886
860000 0.0367783
870000 0.0366747
880000 0.0365735
890000 0.0364744
900000 0.0363777
910000 0.0362828
920000 0.0361905
930000 0.0361009
940000 0.036015
950000 0.0359306
960000 0.0358472
970000 0.035765
980000 0.0356849
990000 0.0356068
