10000 0.122324
20000 0.0713802
30000 0.0542517
40000 0.0456773
50000 0.0405251
60000 0.0370879
70000 0.0346308
80000 0.0327883
90000 0.0313539
100000 0.0302061
110000 0.0292674
120000 0.0284844
130000 0.0278226
140000 0.0272543
150000 0.0267623
160000 0.0263318
170000 0.0259517
180000 0.0256141
190000 0.0253119
200000 0.0250399
210000 0.0247935
220000 0.0245698
230000 0.0243655
240000 0.0241784
250000 0.0240058
260000 0.0238468
270000 0.0236996
280000 0.0235627
290000 0.0234354
300000 0.0233166
310000 0.0232053
320000 0.0231011
330000 0.0230032
340000 0.022911
350000 0.0228241
360000 0.022742
370000 0.0226644
380000 0.0225908
390000 0.022521
400000 0.0224547
410000 0.0223917
420000 0.0223316
430000 0.0222743
440000 0.0222197
450000 0.0221674
460000 0.0221175
470000 0.0220696
480000 0.0220238
490000 0.0219798
500000 0.0219376
510000 0.021897
520000 0.021858
530000 0.0218205
540000 0.0217844
550000 0.0217495
560000 0.021716
570000 0.0216835
580000 0.0216523
590000 0.021622
600000 0.0215928
610000 0.0215646
620000 0.0215372
630000 0.0215107
640000 0.0214851
650000 0.0214602
660000 0.0214361
670000 0.0214127
680000 0.02139
690000 0.0213679
700000 0.0213465
710000 0.0213257
720000 0.0213055
730000 0.0212858
740000 0.0212666
750000 0.021248
760000 0.0212299
770000 0.0212122
780000 0.021195
790000 0.0211782
800000 0.0211618
810000 0.0211458
820000 0.0211303
830000 0.0211151
840000 0.0211002
850000 0.0210857
860000 0.0210716
870000 0.0210578
880000 0.0210442
890000 0.021031
900000 0.0210181
910000 0.0210055
920000 0.0209931
930000 0.020981
940000 0.0209692
950000 0.0209576
960000 0.0209463
970000 0.0209352
980000 0.0209243
990000 0.0209136
