10000 0.0959174
20000 0.0581079
30000 0.045483
40000 0.039166
50000 0.0353747
60000 0.032846
70000 0.0310398
80000 0.0296848
90000 0.0286309
100000 0.0277878
110000 0.027098
120000 0.026523
130000 0.0260365
140000 0.0256196
150000 0.025258
160000 0.0249417
170000 0.0246628
180000 0.0244147
190000 0.0241927
200000 0.0239929
210000 0.0238122
220000 0.0236479
230000 0.0234979
240000 0.0233604
250000 0.0232338
260000 0.0231171
270000 0.0230089
280000 0.0229085
290000 0.022815
300000 0.0227278
310000 0.0226461
320000 0.0225696
330000 0.0224977
340000 0.0224301
350000 0.0223663
360000 0.022306
370000 0.022249
380000 0.022195
390000 0.0221438
400000 0.0220951
410000 0.0220488
420000 0.0220048
430000 0.0219627
440000 0.0219226
450000 0.0218843
460000 0.0218476
470000 0.0218125
480000 0.0217788
490000 0.0217465
500000 0.0217155
510000 0.0216858
520000 0.0216571
530000 0.0216296
540000 0.0216031
550000 0.0215775
560000 0.0215529
570000 0.0215291
580000 0.0215061
590000 0.0214839
600000 0.0214625
610000 0.0214417
620000 0.0214217
630000 0.0214022
640000 0.0213834
650000 0.0213651
660000 0.0213474
670000 0.0213303
680000 0.0213136
690000 0.0212974
700000 0.0212817
710000 0.0212664
720000 0.0212516
730000 0.0212371
740000 0.0212231
750000 0.0212094
760000 0.0211961
770000 0.0211831
780000 0.0211705
790000 0.0211582
800000 0.0211461
810000 0.0211344
820000 0.021123
830000 0.0211118
840000 0.0211009
850000 0.0210903
860000 0.0210799
870000 0.0210698
880000 0.0210599
890000 0.0210502
900000 0.0210407
910000 0.0210314
920000 0.0210224
930000 0.0210135
940000 0.0210048
950000 0.0209963
960000 0.020988
970000 0.0209798
980000 0.0209718
990000 0.020964
