10000 0.227644
20000 0.0198686
30000 0.0198686
40000 0.0198686
50000 0.0198686
60000 0.0198686
70000 0.0198686
80000 0.0198686
90000 0.0198686
100000 0.0198686
110000 0.0198686
120000 0.0198686
130000 0.0198686
140000 0.0198686
150000 0.0198686
160000 0.0198686
170000 0.0198686
180000 0.0198686
190000 0.0198686
200000 0.0198686
210000 0.0198686
220000 0.0198686
230000 0.0198686
240000 0.0198686
250000 0.0198686
260000 0.0198686
270000 0.0198686
280000 0.0198686
290000 0.0198686
300000 0.0198686
310000 0.0198686
320000 0.0198686
330000 0.0198686
340000 0.0198686
350000 0.0198686
360000 0.0198686
370000 0.0198686
380000 0.0198686
390000 0.0198686
400000 0.0198686
410000 0.0198686
420000 0.0198686
430000 0.0198686
440000 0.0198686
450000 0.0198686
460000 0.0198686
470000 0.0198686
480000 0.0198686
490000 0.0198686
500000 0.0198686
510000 0.0198686
520000 0.0198686
530000 0.0198686
540000 0.0198686
550000 0.0198686
560000 0.0198686
570000 0.0198686
580000 0.0198686
590000 0.0198686
600000 0.0198686
610000 0.0198686
620000 0.0198686
630000 0.0198686
640000 0.0198686
650000 0.0198686
660000 0.0198686
670000 0.0198686
680000 0.0198686
690000 0.0198686
700000 0.0198686
710000 0.0198686
720000 0.0198686
730000 0.0198686
740000 0.0198686
750000 0.0198686
760000 0.0198686
770000 0.0198686
780000 0.0198686
790000 0.0198686
800000 0.0198686
810000 0.0198686
820000 0.0198686
830000 0.0198686
840000 0.0198686
850000 0.0198686
860000 0.0198686
870000 0.0198686
880000 0.0198686
890000 0.0198686
900000 0.0198686
910000 0.0198686
920000 0.0198686
930000 0.0198686
940000 0.0198686
950000 0.0198686
960000 0.0198686
970000 0.0198686
980000 0.0198686
990000 0.0198686
