10000 -0.434201
20000 -0.529296
30000 -0.550329
40000 -0.475289
50000 -0.489294
60000 -0.448934
70000 -0.563819
80000 -0.591012
90000 -0.439002
100000 -0.459863
110000 -0.442126
120000 -0.442359
130000 -0.465898
140000 -0.469512
150000 -0.609372
160000 -0.557673
170000 -0.599621
180000 -0.642605
190000 -0.47694
200000 -0.474633
210000 -0.593161
220000 -0.475877
230000 -0.571335
240000 -0.455107
250000 -0.597723
260000 -0.484201
270000 -0.465427
280000 -0.640489
290000 -0.615884
300000 -0.46127
310000 -0.593246
320000 -0.628647
330000 -0.596329
340000 -0.622431
350000 -0.581019
360000 -0.61974
370000 -0.608471
380000 -0.625527
390000 -0.488469
400000 -0.562262
410000 -0.601736
420000 -0.552386
430000 -0.535746
440000 -0.575224
450000 -0.603515
460000 -0.449597
470000 -0.481552
480000 -0.465832
490000 -0.425949
500000 -0.562727
510000 -0.479523
520000 -0.438163
530000 -0.551007
540000 -0.465971
550000 -0.637432
560000 -0.467331
570000 -0.46778
580000 -0.479708
590000 -0.56942
600000 -0.56102
610000 -0.447077
620000 -0.408353
630000 -0.559879
640000 -0.473072
650000 -0.474862
660000 -0.434906
670000 -0.461116
680000 -0.611664
690000 -0.629721
700000 -0.431759
710000 -0.47924
720000 -0.607513
730000 -0.471078
740000 -0.481084
750000 -0.451648
760000 -0.452791
770000 -0.528073
780000 -0.570487
790000 -0.448585
800000 -0.470558
810000 -0.510511
820000 -0.570935
830000 -0.53105
840000 -0.437799
850000 -0.627503
860000 -0.519692
870000 -0.476155
880000 -0.60779
890000 -0.553571
900000 -0.569316
910000 -0.437997
920000 -0.46177
930000 -0.485966
940000 -0.616235
950000 -0.514602
960000 -0.517186
970000 -0.594289
980000 -0.620475
990000 -0.409568
1000000 -0.557465
