10000 -0.453753
20000 -0.614197
30000 -0.462218
40000 -0.471423
50000 -0.563968
60000 -0.44288
70000 -0.584269
80000 -0.475756
90000 -0.627807
100000 -0.44903
110000 -0.619996
120000 -0.448097
130000 -0.567984
140000 -0.59145
150000 -0.603543
160000 -0.592232
170000 -0.56022
180000 -0.557644
190000 -0.472522
200000 -0.441197
210000 -0.446028
220000 -0.601765
230000 -0.593441
240000 -0.439732
250000 -0.48845
260000 -0.62539
270000 -0.494507
280000 -0.612772
290000 -0.612809
300000 -0.560466
310000 -0.562993
320000 -0.522041
330000 -0.449711
340000 -0.614822
350000 -0.486507
360000 -0.526879
370000 -0.485464
380000 -0.578914
390000 -0.477364
400000 -0.619796
410000 -0.640385
420000 -0.618269
430000 -0.480971
440000 -0.520654
450000 -0.426426
460000 -0.623832
470000 -0.460408
480000 -0.481118
490000 -0.45043
500000 -0.64186
510000 -0.62575
520000 -0.57561
530000 -0.440299
540000 -0.449606
550000 -0.591163
560000 -0.479174
570000 -0.477747
580000 -0.491207
590000 -0.598595
600000 -0.43867
610000 -0.57054
620000 -0.491051
630000 -0.453009
640000 -0.575826
650000 -0.477519
660000 -0.620075
670000 -0.488743
680000 -0.407081
690000 -0.581313
700000 -0.464744
710000 -0.5489
720000 -0.463607
730000 -0.433072
740000 -0.620201
750000 -0.48275
760000 -0.455963
770000 -0.556054
780000 -0.590501
790000 -0.561184
800000 -0.624051
810000 -0.543804
820000 -0.625199
830000 -0.431417
840000 -0.578121
850000 -0.460261
860000 -0.47158
870000 -0.482847
880000 -0.622171
890000 -0.453791
900000 -0.63361
910000 -0.609995
920000 -0.553111
930000 -0.593213
940000 -0.581019
950000 -0.599432
960000 -0.489178
970000 -0.610232
980000 -0.484828
990000 -0.489027
1000000 -0.584754
