10000 1.02233
20000 0.936766
30000 1.08183
40000 0.998819
50000 0.934225
60000 0.968909
70000 1.03951
80000 0.7991
90000 0.712242
100000 0.654935
110000 0.87994
120000 0.991109
130000 0.756489
140000 0.780642
150000 0.816233
160000 1.12156
170000 0.798265
180000 0.950312
190000 0.753341
200000 0.888514
210000 1.30162
220000 0.870185
230000 1.10307
240000 1.26712
250000 0.670306
260000 0.943722
270000 0.979796
280000 1.04173
290000 1.02756
300000 1.0934
310000 0.74852
320000 0.358945
330000 0.454009
340000 0.788834
350000 0.864305
360000 0.832643
370000 0.559256
380000 1.0347
390000 0.891087
400000 0.604145
410000 0.983942
420000 0.663783
430000 1.16818
440000 0.98024
450000 0.575398
460000 0.779754
470000 0.951526
480000 1.10799
490000 1.05355
500000 0.93804
510000 0.844652
520000 0.65231
530000 0.950783
540000 0.981401
550000 0.645078
560000 1.01206
570000 1.18243
580000 0.906559
590000 0.660735
600000 0.991349
610000 0.70453
620000 0.990303
630000 1.15221
640000 0.919603
650000 0.469909
660000 0.47009
670000 1.00368
680000 0.90455
690000 0.789561
700000 0.937769
710000 1.27471
720000 1.22826
730000 0.665053
740000 1.28501
750000 1.10245
760000 1.13608
770000 0.923582
780000 0.8102
790000 1.01839
800000 1.07255
810000 1.07639
820000 0.820028
830000 0.855123
840000 0.991941
850000 0.73656
860000 0.748878
870000 0.861697
880000 1.0714
890000 1.11893
900000 1.00672
910000 0.507956
920000 0.805435
930000 1.24612
940000 0.827983
950000 0.874
960000 1.31329
970000 1.13081
980000 0.997732
990000 0.756108
1000000 0.653554
