10000 0.902757
20000 0.964405
30000 0.97699
40000 1.07527
50000 0.772353
60000 0.772857
70000 0.986619
80000 0.954471
90000 0.816782
100000 0.891604
110000 0.654044
120000 1.19856
130000 0.970264
140000 0.803207
150000 1.18685
160000 0.820736
170000 0.900206
180000 0.760163
190000 0.947497
200000 0.91139
210000 1.10144
220000 0.694213
230000 0.884594
240000 0.652407
250000 1.2953
260000 0.570019
270000 0.464476
280000 0.664043
290000 0.651111
300000 0.882645
310000 0.793709
320000 0.963007
330000 0.625229
340000 0.938022
350000 0.556172
360000 0.961196
370000 1.0464
380000 0.899292
390000 0.795932
400000 0.577494
410000 0.531933
420000 0.738636
430000 0.601015
440000 0.903077
450000 0.988712
460000 1.28315
470000 0.961358
480000 0.570503
490000 0.8884
500000 1.00419
510000 1.03583
520000 0.653963
530000 0.813698
540000 0.709572
550000 0.879728
560000 0.875719
570000 1.0759
580000 0.74885
590000 0.843212
600000 1.09765
610000 1.09307
620000 1.09156
630000 0.621512
640000 0.302533
650000 1.23931
660000 0.842654
670000 1.14923
680000 0.981386
690000 0.656652
700000 0.735442
710000 1.07556
720000 0.966521
730000 1.05463
740000 1.15572
750000 0.749149
760000 1.03503
770000 0.716644
780000 0.950628
790000 0.956074
800000 0.768954
810000 0.710504
820000 1.10665
830000 1.08633
840000 1.17259
850000 0.734996
860000 1.32105
870000 0.936274
880000 0.940294
890000 1.15043
900000 0.464476
910000 0.94965
920000 0.903824
930000 1.10361
940000 1.13207
950000 1.14016
960000 0.956693
970000 0.916989
980000 1.22414
990000 1.07921
1000000 1.00985
