10000 1.11868
20000 1.01114
30000 0.606302
40000 0.930698
50000 1.05024
60000 0.839236
70000 0.845767
80000 1.13813
90000 1.08601
100000 0.95226
110000 0.886476
120000 1.2582
130000 0.759322
140000 0.755376
150000 0.84006
160000 0.655606
170000 0.841874
180000 1.04393
190000 0.720503
200000 0.88007
210000 0.653341
220000 1.05666
230000 1.00005
240000 0.899462
250000 0.94269
260000 0.809748
270000 0.784738
280000 1.07888
290000 1.2074
300000 0.836281
310000 0.638388
320000 1.24338
330000 0.933193
340000 0.879596
350000 0.931423
360000 0.896006
370000 0.640607
380000 0.709825
390000 1.02255
400000 0.655832
410000 1.0654
420000 1.07033
430000 0.896335
440000 0.548984
450000 0.62736
460000 0.601474
470000 0.532811
480000 1.06442
490000 0.803943
500000 0.899356
510000 0.804993
520000 0.682608
530000 1.16926
540000 0.914942
550000 0.655832
560000 0.799788
570000 1.24063
580000 1.17137
590000 0.527728
600000 1.16667
610000 0.962299
620000 1.24399
630000 0.828386
640000 0.78658
650000 0.92052
660000 0.772638
670000 1.16019
680000 0.930459
690000 0.961978
700000 0.95114
710000 1.08732
720000 0.791527
730000 0.75852
740000 1.08709
750000 1.29067
760000 0.931487
770000 1.07257
780000 1.00161
790000 0.87229
800000 1.09473
810000 1.29738
820000 1.07244
830000 1.02311
840000 0.396603
850000 0.862623
860000 0.759872
870000 0.700148
880000 1.16591
890000 0.828387
900000 0.745291
910000 0.636562
920000 0.269095
930000 0.656108
940000 1.05174
950000 0.485408
960000 1.04962
970000 1.18073
980000 0.45651
990000 0.822482
1000000 0.825599
