10000 0.855779
20000 0.990196
30000 1.18084
40000 0.842155
50000 0.906849
60000 0.822521
70000 1.05702
80000 0.869493
90000 0.915836
100000 0.782199
110000 0.894093
120000 0.713947
130000 0.742544
140000 0.941525
150000 0.981135
160000 1.04274
170000 1.23202
180000 1.04594
190000 0.903817
200000 0.933577
210000 0.762372
220000 1.0147
230000 0.580705
240000 0.915051
250000 0.905819
260000 1.26929
270000 1.01803
280000 1.06029
290000 0.567054
300000 0.977944
310000 0.913271
320000 0.559256
330000 0.69348
340000 0.861241
350000 0.934617
360000 0.995058
370000 0.688411
380000 0.960904
390000 1.10943
400000 0.5321
410000 1.17535
420000 1.09322
430000 0.602413
440000 0.703058
450000 0.65231
460000 0.87486
470000 1.04388
480000 0.9874
490000 0.869901
500000 0.857163
510000 0.939864
520000 0.820363
530000 0.688588
540000 0.967192
550000 0.897667
560000 0.522779
570000 0.654723
580000 0.653891
590000 0.458605
600000 0.77612
610000 0.890577
620000 0.654267
630000 0.598583
640000 0.789401
650000 0.944694
660000 0.621498
670000 0.85654
680000 1.07858
690000 0.833325
700000 0.571363
710000 0.454221
720000 0.926953
730000 0.896246
740000 0.80512
750000 0.406238
760000 0.952237
770000 0.841489
780000 0.892473
790000 0.615754
800000 0.954583
810000 1.06133
820000 0.885193
830000 0.642256
840000 1.08448
850000 0.529267
860000 0.572101
870000 1.00485
880000 1.16636
890000 0.865225
900000 0.983178
910000 0.641766
920000 0.93757
930000 0.963044
940000 0.861905
950000 0.722087
960000 1.03012
970000 1.03016
980000 0.781955
990000 0.544386
1000000 0.800662
