10000 0.975043
20000 1.05911
30000 1.02849
40000 0.924269
50000 0.665477
60000 0.850968
70000 0.936032
80000 1.01238
90000 1.11195
100000 1.19921
110000 0.921181
120000 0.826627
130000 1.07315
140000 0.525864
150000 1.25725
160000 1.09225
170000 0.637286
180000 0.564574
190000 0.898902
200000 0.974148
210000 1.08046
220000 1.19038
230000 0.57264
240000 1.10589
250000 1.04375
260000 0.612335
270000 1.01745
280000 0.906586
290000 0.573199
300000 1.27439
310000 0.758238
320000 0.654281
330000 0.904735
340000 0.928819
350000 0.778396
360000 0.757666
370000 0.559365
380000 0.605011
390000 0.655382
400000 0.650549
410000 0.652298
420000 0.640952
430000 1.03542
440000 0.690902
450000 0.544782
460000 1.12308
470000 0.709242
480000 0.893369
490000 0.620237
500000 1.01404
510000 1.02186
520000 0.786969
530000 0.656164
540000 0.565571
550000 1.03932
560000 0.522627
570000 0.544016
580000 1.1296
590000 0.889269
600000 0.922293
610000 0.834345
620000 1.04015
630000 0.808272
640000 0.8539
650000 0.858292
660000 0.565558
670000 0.302533
680000 1.0538
690000 1.00312
700000 0.667928
710000 0.654723
720000 0.879518
730000 1.06849
740000 0.582652
750000 0.867541
760000 1.01005
770000 1.0572
780000 1.19513
790000 1.1083
800000 1.15514
810000 0.976575
820000 0.80598
830000 1.16518
840000 0.613027
850000 0.956349
860000 0.92489
870000 0.323483
880000 0.918858
890000 1.09846
900000 1.23829
910000 0.868637
920000 0.731185
930000 0.907683
940000 0.919422
950000 0.807962
960000 0.656131
970000 0.711502
980000 1.03023
990000 0.883831
1000000 0.891384
