10000 0.732891
20000 0.717191
30000 0.915825
40000 0.912243
50000 0.96681
60000 0.919827
70000 1.06932
80000 1.10865
90000 1.2652
100000 0.908296
110000 1.12239
120000 0.791539
130000 0.679848
140000 0.924824
150000 0.709177
160000 1.05244
170000 1.08199
180000 0.53947
190000 0.58677
200000 1.05765
210000 1.09551
220000 0.460889
230000 0.875532
240000 0.86334
250000 0.652407
260000 0.929834
270000 0.418564
280000 0.754975
290000 0.971755
300000 0.712816
310000 0.656652
320000 1.19176
330000 0.987342
340000 1.18796
350000 1.02644
360000 0.809699
370000 1.06299
380000 0.977904
390000 1.1792
400000 1.09913
410000 1.01295
420000 0.788766
430000 1.17522
440000 0.693789
450000 0.743123
460000 1.0146
470000 1.12615
480000 0.65045
490000 1.05965
500000 0.829525
510000 0.984626
520000 0.320317
530000 1.2337
540000 0.454393
550000 0.61126
560000 1.14747
570000 1.09695
580000 0.738192
590000 1.12314
600000 0.784559
610000 0.888622
620000 0.883701
630000 1.0827
640000 0.826527
650000 0.825659
660000 0.934953
670000 0.821836
680000 0.655789
690000 0.995053
700000 0.751521
710000 0.871466
720000 0.703265
730000 0.967024
740000 0.715457
750000 0.898336
760000 0.580732
770000 0.680686
780000 1.03897
790000 0.664043
800000 0.71756
810000 0.887913
820000 0.690374
830000 0.49215
840000 1.02713
850000 0.99426
860000 0.260283
870000 0.8907
880000 0.654267
890000 0.923046
900000 0.741461
910000 0.388881
920000 0.79344
930000 1.11968
940000 0.978618
950000 0.712938
960000 0.974133
970000 0.970773
980000 1.11052
990000 0.998132
1000000 0.497016
