10000 -0.428748
20000 -0.437226
30000 -0.602763
40000 -0.46926
50000 -0.633675
60000 -0.448893
70000 -0.481141
80000 -0.59993
90000 -0.610894
100000 -0.463472
110000 -0.556204
120000 -0.595614
130000 -0.579535
140000 -0.476157
150000 -0.442604
160000 -0.450423
170000 -0.458817
180000 -0.58173
190000 -0.476159
200000 -0.605399
210000 -0.45174
220000 -0.464036
230000 -0.6282
240000 -0.429764
250000 -0.469159
260000 -0.474788
270000 -0.481442
280000 -0.587379
290000 -0.587842
300000 -0.455467
310000 -0.600525
320000 -0.603437
330000 -0.448211
340000 -0.605652
350000 -0.526516
360000 -0.594523
370000 -0.554648
380000 -0.43534
390000 -0.629103
400000 -0.468377
410000 -0.540538
420000 -0.477313
430000 -0.602165
440000 -0.495437
450000 -0.568849
460000 -0.578752
470000 -0.56332
480000 -0.482932
490000 -0.588937
500000 -0.610126
510000 -0.582915
520000 -0.600549
530000 -0.471721
540000 -0.578144
550000 -0.560376
560000 -0.486293
570000 -0.489547
580000 -0.577918
590000 -0.558787
600000 -0.444709
610000 -0.488663
620000 -0.477772
630000 -0.456644
640000 -0.629154
650000 -0.536797
660000 -0.566236
670000 -0.605155
680000 -0.55193
690000 -0.441416
700000 -0.57635
710000 -0.43363
720000 -0.460449
730000 -0.644584
740000 -0.538293
750000 -0.587042
760000 -0.43769
770000 -0.588227
780000 -0.42694
790000 -0.631043
800000 -0.451581
810000 -0.452664
820000 -0.540762
830000 -0.457656
840000 -0.437294
850000 -0.577347
860000 -0.628898
870000 -0.572124
880000 -0.484544
890000 -0.458643
900000 -0.434634
910000 -0.593026
920000 -0.480893
930000 -0.567492
940000 -0.471635
950000 -0.484493
960000 -0.455601
970000 -0.590088
980000 -0.614086
990000 -0.48874
1000000 -0.416828
