10000 -0.468096
20000 -0.597048
30000 -0.581148
40000 -0.585189
50000 -0.447801
60000 -0.606344
70000 -0.608518
80000 -0.60977
90000 -0.434258
100000 -0.503659
110000 -0.569255
120000 -0.451436
130000 -0.409483
140000 -0.586725
150000 -0.477047
160000 -0.437992
170000 -0.619432
180000 -0.54622
190000 -0.448645
200000 -0.448524
210000 -0.494295
220000 -0.583982
230000 -0.538577
240000 -0.431893
250000 -0.473567
260000 -0.59369
270000 -0.588962
280000 -0.456909
290000 -0.492578
300000 -0.45059
310000 -0.584713
320000 -0.432028
330000 -0.49378
340000 -0.45738
350000 -0.523221
360000 -0.468728
370000 -0.462012
380000 -0.486241
390000 -0.575506
400000 -0.575993
410000 -0.594981
420000 -0.485
430000 -0.472623
440000 -0.632919
450000 -0.422563
460000 -0.569334
470000 -0.472292
480000 -0.420654
490000 -0.437566
500000 -0.605545
510000 -0.473707
520000 -0.481958
530000 -0.463692
540000 -0.489079
550000 -0.609535
560000 -0.473038
570000 -0.491199
580000 -0.607304
590000 -0.639853
600000 -0.416845
610000 -0.593616
620000 -0.478454
630000 -0.445145
640000 -0.642999
650000 -0.593995
660000 -0.397699
670000 -0.578442
680000 -0.565538
690000 -0.453527
700000 -0.46703
710000 -0.617793
720000 -0.610496
730000 -0.599691
740000 -0.472646
750000 -0.471196
760000 -0.424556
770000 -0.530663
780000 -0.477019
790000 -0.436127
800000 -0.443248
810000 -0.559755
820000 -0.609374
830000 -0.563766
840000 -0.482483
850000 -0.404822
860000 -0.468661
870000 -0.624285
880000 -0.453787
890000 -0.632584
900000 -0.475086
910000 -0.489652
920000 -0.604415
930000 -0.502175
940000 -0.449385
950000 -0.428471
960000 -0.603521
970000 -0.619699
980000 -0.46177
990000 -0.569609
1000000 -0.559495
