10000 -0.484731
20000 -0.592686
30000 -0.561767
40000 -0.55498
50000 -0.444961
60000 -0.545468
70000 -0.465889
80000 -0.483285
90000 -0.548372
100000 -0.483979
110000 -0.436839
120000 -0.422335
130000 -0.398526
140000 -0.628386
150000 -0.547063
160000 -0.608271
170000 -0.55488
180000 -0.544951
190000 -0.459443
200000 -0.570859
210000 -0.441707
220000 -0.479405
230000 -0.557587
240000 -0.599331
250000 -0.444982
260000 -0.458004
270000 -0.482484
280000 -0.613149
290000 -0.518496
300000 -0.591976
310000 -0.472617
320000 -0.452009
330000 -0.541907
340000 -0.42816
350000 -0.454684
360000 -0.573261
370000 -0.626364
380000 -0.53648
390000 -0.450577
400000 -0.575869
410000 -0.446461
420000 -0.486015
430000 -0.545065
440000 -0.582024
450000 -0.459726
460000 -0.593352
470000 -0.580392
480000 -0.592298
490000 -0.47431
500000 -0.606969
510000 -0.551826
520000 -0.579919
530000 -0.428645
540000 -0.463369
550000 -0.46677
560000 -0.43461
570000 -0.596885
580000 -0.612605
590000 -0.607784
600000 -0.543891
610000 -0.458119
620000 -0.548386
630000 -0.483368
640000 -0.471026
650000 -0.509331
660000 -0.386904
670000 -0.438744
680000 -0.614402
690000 -0.489692
700000 -0.46277
710000 -0.480702
720000 -0.496878
730000 -0.546896
740000 -0.440506
750000 -0.587434
760000 -0.630587
770000 -0.60345
780000 -0.475072
790000 -0.548903
800000 -0.481342
810000 -0.543939
820000 -0.608285
830000 -0.465898
840000 -0.46303
850000 -0.616224
860000 -0.545931
870000 -0.432235
880000 -0.559044
890000 -0.512386
900000 -0.443292
910000 -0.636948
920000 -0.464882
930000 -0.600671
940000 -0.456126
950000 -0.467839
960000 -0.469879
970000 -0.576623
980000 -0.394781
990000 -0.466683
1000000 -0.573326
