10000 -0.452346
20000 -0.582522
30000 -0.469253
40000 -0.529716
50000 -0.474938
60000 -0.603462
70000 -0.485212
80000 -0.587809
90000 -0.560752
100000 -0.490388
110000 -0.631304
120000 -0.447123
130000 -0.555522
140000 -0.457106
150000 -0.594955
160000 -0.54097
170000 -0.438386
180000 -0.572772
190000 -0.414091
200000 -0.4776
210000 -0.499503
220000 -0.451973
230000 -0.524072
240000 -0.454793
250000 -0.572151
260000 -0.630832
270000 -0.476716
280000 -0.429221
290000 -0.473996
300000 -0.486694
310000 -0.457007
320000 -0.510267
330000 -0.472364
340000 -0.549456
350000 -0.462987
360000 -0.446897
370000 -0.427876
380000 -0.60711
390000 -0.572301
400000 -0.618358
410000 -0.45531
420000 -0.600664
430000 -0.573884
440000 -0.629743
450000 -0.569478
460000 -0.564046
470000 -0.443992
480000 -0.41801
490000 -0.463511
500000 -0.54264
510000 -0.428701
520000 -0.567609
530000 -0.480563
540000 -0.467099
550000 -0.592857
560000 -0.603283
570000 -0.626728
580000 -0.47847
590000 -0.485153
600000 -0.577823
610000 -0.46878
620000 -0.512986
630000 -0.619112
640000 -0.495257
650000 -0.621967
660000 -0.592282
670000 -0.627546
680000 -0.570828
690000 -0.420627
700000 -0.473968
710000 -0.583717
720000 -0.48709
730000 -0.473575
740000 -0.470208
750000 -0.466435
760000 -0.440935
770000 -0.569499
780000 -0.425753
790000 -0.573904
800000 -0.565975
810000 -0.482961
820000 -0.469671
830000 -0.463666
840000 -0.47745
850000 -0.632848
860000 -0.638354
870000 -0.566377
880000 -0.608667
890000 -0.471491
900000 -0.471088
910000 -0.457748
920000 -0.63618
930000 -0.604501
940000 -0.441243
950000 -0.61187
960000 -0.483056
970000 -0.46975
980000 -0.458576
990000 -0.601553
1000000 -0.453671
