10000 -0.584293
20000 -0.592324
30000 -0.609179
40000 -0.434725
50000 -0.563456
60000 -0.569242
70000 -0.592913
80000 -0.606976
90000 -0.585696
100000 -0.429556
110000 -0.434606
120000 -0.621533
130000 -0.625853
140000 -0.478267
150000 -0.473628
160000 -0.471665
170000 -0.4328
180000 -0.477946
190000 -0.447805
200000 -0.583291
210000 -0.470553
220000 -0.475231
230000 -0.453258
240000 -0.410751
250000 -0.444007
260000 -0.475613
270000 -0.591623
280000 -0.615186
290000 -0.453233
300000 -0.544315
310000 -0.480718
320000 -0.611247
330000 -0.641315
340000 -0.492644
350000 -0.621031
360000 -0.465763
370000 -0.587618
380000 -0.456403
390000 -0.55257
400000 -0.497123
410000 -0.568301
420000 -0.583206
430000 -0.574992
440000 -0.588048
450000 -0.469258
460000 -0.448592
470000 -0.480628
480000 -0.610347
490000 -0.604721
500000 -0.484254
510000 -0.589042
520000 -0.466907
530000 -0.557753
540000 -0.57544
550000 -0.578496
560000 -0.563301
570000 -0.464005
580000 -0.430214
590000 -0.496408
600000 -0.590263
610000 -0.624879
620000 -0.618016
630000 -0.444997
640000 -0.459511
650000 -0.606914
660000 -0.477955
670000 -0.458101
680000 -0.43921
690000 -0.483851
700000 -0.447432
710000 -0.512136
720000 -0.464154
730000 -0.569819
740000 -0.456484
750000 -0.478668
760000 -0.502941
770000 -0.61095
780000 -0.569592
790000 -0.39174
800000 -0.565318
810000 -0.487047
820000 -0.452007
830000 -0.450205
840000 -0.55078
850000 -0.461911
860000 -0.45883
870000 -0.598012
880000 -0.635607
890000 -0.435102
900000 -0.544632
910000 -0.562215
920000 -0.536743
930000 -0.474222
940000 -0.449809
950000 -0.619823
960000 -0.592487
970000 -0.441497
980000 -0.605555
990000 -0.467751
1000000 -0.465982
