10000 0.917194
20000 0.562072
30000 0.879002
40000 0.77612
50000 0.651055
60000 0.438412
70000 0.766956
80000 0.920048
90000 1.076
100000 1.05402
110000 0.617973
120000 1.13693
130000 0.97614
140000 0.768809
150000 0.958363
160000 1.33563
170000 1.13818
180000 1.22838
190000 0.874028
200000 1.24202
210000 0.49566
220000 1.06359
230000 0.840952
240000 0.97476
250000 0.686315
260000 0.576555
270000 1.06265
280000 1.09128
290000 0.830285
300000 0.690979
310000 0.737417
320000 0.269095
330000 0.807684
340000 0.979709
350000 0.980421
360000 0.321628
370000 0.8064
380000 1.19737
390000 0.49385
400000 1.02083
410000 0.964943
420000 1.01006
430000 1.23162
440000 0.520161
450000 0.905742
460000 0.653377
470000 1.13818
480000 0.836647
490000 1.10231
500000 0.988416
510000 1.00734
520000 0.78197
530000 0.742219
540000 0.630887
550000 0.8268
560000 0.870546
570000 0.913374
580000 0.784955
590000 0.838543
600000 0.906154
610000 1.0202
620000 0.827137
630000 0.761577
640000 0.718225
650000 0.830755
660000 1.18308
670000 0.972763
680000 1.16966
690000 0.776571
700000 0.876947
710000 0.725972
720000 0.654281
730000 1.03185
740000 0.654281
750000 0.760622
760000 0.759753
770000 1.00721
780000 0.757561
790000 1.31134
800000 1.03263
810000 0.918696
820000 0.831361
830000 0.629612
840000 0.519693
850000 0.90566
860000 0.750131
870000 0.523333
880000 0.910578
890000 1.10627
900000 1.02137
910000 0.834313
920000 0.708957
930000 0.610779
940000 0.490895
950000 0.364514
960000 0.920564
970000 0.997152
980000 0.801482
990000 0.61148
1000000 0.655625
