10000 1.00824
20000 0.82885
30000 0.72143
40000 1.05836
50000 0.630596
60000 0.694082
70000 0.921176
80000 0.876074
90000 1.08251
100000 0.787182
110000 0.805906
120000 0.674702
130000 1.02516
140000 0.562909
150000 0.501852
160000 0.928778
170000 1.03516
180000 1.00019
190000 0.558511
200000 0.989053
210000 0.760971
220000 1.09669
230000 0.786461
240000 0.781536
250000 1.19422
260000 0.83314
270000 0.810878
280000 1.3098
290000 1.18712
300000 0.479054
310000 1.14247
320000 0.896794
330000 0.615774
340000 1.06758
350000 0.882542
360000 1.01128
370000 0.874923
380000 1.1666
390000 0.653257
400000 0.809849
410000 0.972599
420000 0.833352
430000 1.29711
440000 0.988119
450000 0.6542
460000 1.04849
470000 0.971726
480000 0.7869
490000 0.544391
500000 0.955744
510000 0.987899
520000 0.866656
530000 0.849935
540000 0.785851
550000 1.19182
560000 0.438114
570000 0.899437
580000 1.11067
590000 0.775043
600000 0.89396
610000 1.08545
620000 0.983215
630000 0.650549
640000 0.873467
650000 1.14632
660000 1.06183
670000 1.02593
680000 1.14003
690000 0.955916
700000 0.619621
710000 0.966435
720000 0.696745
730000 1.28792
740000 0.998615
750000 1.2049
760000 1.06
770000 0.523908
780000 1.00874
790000 0.920802
800000 0.466657
810000 0.728806
820000 0.864148
830000 1.23097
840000 0.784277
850000 0.82568
860000 1.12708
870000 0.919195
880000 0.842962
890000 1.02792
900000 0.789594
910000 0.960195
920000 0.744189
930000 0.838698
940000 0.853913
950000 0.410001
960000 1.00309
970000 0.655664
980000 1.31359
990000 1.00561
1000000 1.08906
