10000 0.823051
20000 0.655789
30000 1.01952
40000 0.665194
50000 0.87684
60000 1.30523
70000 0.890702
80000 1.29563
90000 1.07339
100000 1.04328
110000 0.828768
120000 0.596963
130000 0.782479
140000 1.13238
150000 0.858094
160000 0.71116
170000 0.580799
180000 1.05856
190000 0.897731
200000 0.840555
210000 0.766759
220000 0.823897
230000 1.06925
240000 0.919473
250000 0.830767
260000 1.25528
270000 0.972555
280000 0.805176
290000 0.878368
300000 0.793288
310000 1.3128
320000 0.901661
330000 1.13782
340000 0.469909
350000 0.57644
360000 0.173031
370000 0.924272
380000 1.0362
390000 0.754312
400000 0.536515
410000 0.590026
420000 0.655446
430000 1.10389
440000 1.12988
450000 1.22753
460000 1.11113
470000 0.746799
480000 0.19099
490000 0.829962
500000 1.28877
510000 0.656939
520000 0.740206
530000 0.868923
540000 1.1589
550000 1.03587
560000 1.19919
570000 0.827145
580000 1.03677
590000 0.528793
600000 0.889334
610000 0.948666
620000 0.787109
630000 0.992893
640000 0.91726
650000 0.681725
660000 0.882099
670000 1.0509
680000 1.00922
690000 1.21336
700000 1.15254
710000 0.988681
720000 1.28394
730000 0.872519
740000 0.742117
750000 0.806296
760000 0.758561
770000 0.664586
780000 1.03648
790000 0.74983
800000 0.645888
810000 0.872519
820000 0.653257
830000 0.878775
840000 0.776806
850000 1.03127
860000 1.00343
870000 0.833947
880000 0.833563
890000 0.965514
900000 0.653257
910000 1.16365
920000 1.08419
930000 1.03924
940000 0.733665
950000 0.655744
960000 0.77018
970000 0.813268
980000 1.22414
990000 0.90115
1000000 0.585645
