10000 0.954623
20000 0.52967
30000 0.715305
40000 0.93602
50000 1.02462
60000 0.747757
70000 1.01998
80000 0.456745
90000 0.958502
100000 0.79535
110000 0.926903
120000 1.12617
130000 1.10397
140000 1.1258
150000 0.911475
160000 0.793417
170000 0.904751
180000 0.237455
190000 1.24792
200000 0.755182
210000 0.573365
220000 1.08438
230000 1.07467
240000 0.675499
250000 1.22102
260000 1.19792
270000 0.891946
280000 0.619297
290000 0.528102
300000 0.51999
310000 0.733356
320000 0.778918
330000 0.892247
340000 1.25152
350000 1.07377
360000 1.05984
370000 0.883676
380000 1.0597
390000 0.592094
400000 0.824538
410000 0.636846
420000 0.978566
430000 0.638792
440000 0.612725
450000 0.561147
460000 0.577167
470000 1.04492
480000 0.844351
490000 0.464763
500000 1.16131
510000 0.477978
520000 0.549731
530000 0.790469
540000 1.16481
550000 0.897318
560000 0.849978
570000 0.732864
580000 0.796888
590000 1.33781
600000 0.486398
610000 0.707176
620000 0.849619
630000 0.654055
640000 0.986899
650000 0.582287
660000 0.958213
670000 0.985155
680000 0.737413
690000 0.899362
700000 0.653276
710000 0.821683
720000 0.833425
730000 1.03038
740000 0.944734
750000 0.781173
760000 0.791035
770000 0.6951
780000 0.966254
790000 0.908187
800000 0.968798
810000 0.828078
820000 1.2923
830000 0.829597
840000 0.895843
850000 0.826852
860000 0.556412
870000 0.651972
880000 0.689729
890000 0.868018
900000 1.12719
910000 0.786796
920000 1.12705
930000 1.06711
940000 0.295606
950000 0.873137
960000 0.836973
970000 0.873642
980000 0.86319
990000 0.722953
1000000 0.388881
