10000 1.12595
20000 1.051
30000 0.801676
40000 0.79205
50000 0.931329
60000 0.649926
70000 0.721781
80000 0.746231
90000 1.01582
100000 0.883696
110000 0.640833
120000 0.773693
130000 1.00582
140000 0.967572
150000 1.05943
160000 1.1619
170000 0.923412
180000 0.804353
190000 0.956584
200000 1.03273
210000 1.09066
220000 0.987453
230000 1.0521
240000 0.655604
250000 0.814659
260000 0.892057
270000 1.00511
280000 0.616278
290000 1.07299
300000 0.655222
310000 1.1052
320000 1.24015
330000 0.740013
340000 0.812224
350000 1.00448
360000 1.13815
370000 1.15906
380000 0.768005
390000 1.02555
400000 1.13715
410000 1.0168
420000 0.51924
430000 0.747559
440000 0.65231
450000 1.04626
460000 1.02975
470000 1.14118
480000 1.03768
490000 0.654044
500000 1.0584
510000 0.0778435
520000 1.15466
530000 0.745206
540000 0.963661
550000 1.08086
560000 0.793754
570000 1.05096
580000 1.06604
590000 1.23542
600000 1.16518
610000 0.615355
620000 0.869845
630000 0.828722
640000 1.11841
650000 0.936371
660000 0.608344
670000 0.958367
680000 1.3143
690000 0.983481
700000 0.879039
710000 1.18975
720000 0.689952
730000 1.10948
740000 1.30897
750000 1.01065
760000 1.00488
770000 1.07982
780000 0.646658
790000 1.10581
800000 1.14063
810000 0.762557
820000 0.568712
830000 0.623509
840000 0.956923
850000 1.04148
860000 0.876929
870000 0.830371
880000 0.899474
890000 1.09285
900000 0.658039
910000 0.918009
920000 1.24209
930000 0.721002
940000 0.841541
950000 1.06953
960000 0.741638
970000 1.22464
980000 0.973841
990000 0.388881
1000000 0.566971
