10000 0.912722
20000 1.04648
30000 0.655789
40000 0.992123
50000 1.04089
60000 0.747619
70000 0.766266
80000 0.656652
90000 1.11583
100000 0.622482
110000 0.763084
120000 0.814372
130000 1.11917
140000 1.03683
150000 1.08434
160000 1.18458
170000 0.939835
180000 1.33773
190000 0.995626
200000 1.08594
210000 0.846162
220000 0.839996
230000 0.888611
240000 0.575303
250000 0.519285
260000 0.989718
270000 0.825436
280000 0.848224
290000 0.938774
300000 0.968911
310000 0.900083
320000 0.804993
330000 1.07656
340000 0.527324
350000 1.2916
360000 0.802452
370000 0.840396
380000 1.08983
390000 0.888939
400000 1.14832
410000 1.14038
420000 0.936981
430000 0.952699
440000 1.05146
450000 0.892537
460000 0.550805
470000 0.692425
480000 1.00775
490000 1.04751
500000 0.983431
510000 0.582988
520000 0.801937
530000 0.962833
540000 0.501624
550000 0.804766
560000 0.78558
570000 1.06303
580000 0.589864
590000 0.649365
600000 0.784965
610000 1.22953
620000 0.554094
630000 1.13366
640000 1.24285
650000 0.553082
660000 0.795602
670000 0.785965
680000 0.657008
690000 0.962058
700000 0.954725
710000 0.871311
720000 0.647389
730000 0.567028
740000 1.02285
750000 1.11406
760000 0.989599
770000 1.12226
780000 0.743697
790000 0.760488
800000 1.18448
810000 0.992032
820000 0.624352
830000 0.955298
840000 1.10094
850000 0.915512
860000 0.535184
870000 0.927329
880000 0.655606
890000 0.817386
900000 0.700215
910000 0.651196
920000 1.17042
930000 0.606466
940000 1.09512
950000 1.22238
960000 0.652407
970000 0.647229
980000 1.04166
990000 0.670961
1000000 0.716026
