10000 -0.584286
20000 -0.523671
30000 -0.489489
40000 -0.537645
50000 -0.558861
60000 -0.447737
70000 -0.631993
80000 -0.616058
90000 -0.485439
100000 -0.46068
110000 -0.586067
120000 -0.391031
130000 -0.476904
140000 -0.450081
150000 -0.591957
160000 -0.440255
170000 -0.418505
180000 -0.550114
190000 -0.467397
200000 -0.490952
210000 -0.612433
220000 -0.45847
230000 -0.612745
240000 -0.593791
250000 -0.635988
260000 -0.528237
270000 -0.575813
280000 -0.475581
290000 -0.548116
300000 -0.5873
310000 -0.638232
320000 -0.57284
330000 -0.459619
340000 -0.404716
350000 -0.575416
360000 -0.614669
370000 -0.492725
380000 -0.446449
390000 -0.451753
400000 -0.465475
410000 -0.461672
420000 -0.575793
430000 -0.480202
440000 -0.491158
450000 -0.463621
460000 -0.547033
470000 -0.485511
480000 -0.449004
490000 -0.592808
500000 -0.474115
510000 -0.584771
520000 -0.522635
530000 -0.45148
540000 -0.62103
550000 -0.478827
560000 -0.572596
570000 -0.4924
580000 -0.616152
590000 -0.53543
600000 -0.483649
610000 -0.593871
620000 -0.540647
630000 -0.522308
640000 -0.478917
650000 -0.475098
660000 -0.489359
670000 -0.452235
680000 -0.485213
690000 -0.465796
700000 -0.622392
710000 -0.464636
720000 -0.608796
730000 -0.444911
740000 -0.470172
750000 -0.443208
760000 -0.462828
770000 -0.556913
780000 -0.452282
790000 -0.631755
800000 -0.455084
810000 -0.41469
820000 -0.561908
830000 -0.441965
840000 -0.47437
850000 -0.489505
860000 -0.598366
870000 -0.445392
880000 -0.438646
890000 -0.479201
900000 -0.474785
910000 -0.43372
920000 -0.628803
930000 -0.403357
940000 -0.441883
950000 -0.580762
960000 -0.469812
970000 -0.492485
980000 -0.477025
990000 -0.470443
1000000 -0.58669
