10000 -0.45282
20000 -0.475927
30000 -0.461201
40000 -0.485832
50000 -0.428801
60000 -0.45821
70000 -0.462687
80000 -0.569669
90000 -0.459674
100000 -0.469653
110000 -0.632507
120000 -0.607714
130000 -0.561943
140000 -0.485373
150000 -0.422501
160000 -0.44385
170000 -0.457716
180000 -0.593004
190000 -0.459054
200000 -0.609659
210000 -0.563904
220000 -0.596039
230000 -0.573336
240000 -0.474644
250000 -0.577244
260000 -0.622239
270000 -0.592987
280000 -0.421738
290000 -0.615141
300000 -0.484749
310000 -0.570598
320000 -0.539601
330000 -0.603228
340000 -0.628743
350000 -0.445348
360000 -0.462771
370000 -0.549524
380000 -0.457797
390000 -0.466828
400000 -0.449853
410000 -0.455327
420000 -0.487136
430000 -0.62834
440000 -0.491415
450000 -0.475347
460000 -0.482674
470000 -0.562837
480000 -0.429764
490000 -0.485436
500000 -0.376446
510000 -0.494718
520000 -0.468067
530000 -0.479526
540000 -0.580276
550000 -0.45822
560000 -0.479068
570000 -0.423207
580000 -0.615805
590000 -0.60831
600000 -0.614771
610000 -0.567726
620000 -0.625451
630000 -0.479748
640000 -0.460482
650000 -0.465669
660000 -0.461215
670000 -0.423465
680000 -0.449312
690000 -0.490024
700000 -0.42951
710000 -0.432462
720000 -0.578325
730000 -0.484959
740000 -0.470012
750000 -0.51376
760000 -0.479339
770000 -0.440316
780000 -0.466268
790000 -0.575896
800000 -0.566532
810000 -0.445605
820000 -0.560114
830000 -0.436709
840000 -0.602214
850000 -0.477598
860000 -0.466791
870000 -0.561441
880000 -0.614601
890000 -0.550747
900000 -0.464943
910000 -0.466553
920000 -0.477249
930000 -0.474317
940000 -0.465839
950000 -0.484117
960000 -0.458218
970000 -0.479223
980000 -0.463742
990000 -0.633161
1000000 -0.601379
