10000 -0.443059
20000 -0.470581
30000 -0.580412
40000 -0.475197
50000 -0.554071
60000 -0.422048
70000 -0.474041
80000 -0.622674
90000 -0.423709
100000 -0.453848
110000 -0.475258
120000 -0.434457
130000 -0.570872
140000 -0.449364
150000 -0.607487
160000 -0.476139
170000 -0.545498
180000 -0.442804
190000 -0.574456
200000 -0.572161
210000 -0.443362
220000 -0.467642
230000 -0.412413
240000 -0.471093
250000 -0.562988
260000 -0.469313
270000 -0.560407
280000 -0.419751
290000 -0.585803
300000 -0.539516
310000 -0.434809
320000 -0.430824
330000 -0.590534
340000 -0.424456
350000 -0.469689
360000 -0.489064
370000 -0.566795
380000 -0.470852
390000 -0.481848
400000 -0.571237
410000 -0.485446
420000 -0.577671
430000 -0.431185
440000 -0.488603
450000 -0.449766
460000 -0.458077
470000 -0.609708
480000 -0.474754
490000 -0.493259
500000 -0.482471
510000 -0.457863
520000 -0.445537
530000 -0.466344
540000 -0.591315
550000 -0.588602
560000 -0.464196
570000 -0.461948
580000 -0.548133
590000 -0.478309
600000 -0.436257
610000 -0.445562
620000 -0.433114
630000 -0.46375
640000 -0.56059
650000 -0.429667
660000 -0.471683
670000 -0.492487
680000 -0.560483
690000 -0.472624
700000 -0.628537
710000 -0.569545
720000 -0.481272
730000 -0.594949
740000 -0.457006
750000 -0.584926
760000 -0.438785
770000 -0.54995
780000 -0.589545
790000 -0.607006
800000 -0.474643
810000 -0.473176
820000 -0.585601
830000 -0.567742
840000 -0.456632
850000 -0.460458
860000 -0.458776
870000 -0.447659
880000 -0.420062
890000 -0.407174
900000 -0.547004
910000 -0.607445
920000 -0.603188
930000 -0.44103
940000 -0.445747
950000 -0.529612
960000 -0.475223
970000 -0.472881
980000 -0.539538
990000 -0.615144
1000000 -0.534156
