10000 -0.606709
20000 -0.603271
30000 -0.523625
40000 -0.560471
50000 -0.593846
60000 -0.608942
70000 -0.450243
80000 -0.62812
90000 -0.622904
100000 -0.430538
110000 -0.580974
120000 -0.573293
130000 -0.580791
140000 -0.469168
150000 -0.490653
160000 -0.469157
170000 -0.481572
180000 -0.537729
190000 -0.442459
200000 -0.453059
210000 -0.533687
220000 -0.623562
230000 -0.467331
240000 -0.619257
250000 -0.448296
260000 -0.448091
270000 -0.441025
280000 -0.468556
290000 -0.595534
300000 -0.482667
310000 -0.399152
320000 -0.43311
330000 -0.483878
340000 -0.477641
350000 -0.439005
360000 -0.443721
370000 -0.558201
380000 -0.595087
390000 -0.440693
400000 -0.455361
410000 -0.458344
420000 -0.456942
430000 -0.47783
440000 -0.588381
450000 -0.608675
460000 -0.461964
470000 -0.475609
480000 -0.448288
490000 -0.571721
500000 -0.596082
510000 -0.591349
520000 -0.634886
530000 -0.493384
540000 -0.599209
550000 -0.477756
560000 -0.438601
570000 -0.612437
580000 -0.4721
590000 -0.604756
600000 -0.549826
610000 -0.430681
620000 -0.484261
630000 -0.464568
640000 -0.441885
650000 -0.547449
660000 -0.624208
670000 -0.608441
680000 -0.595383
690000 -0.513816
700000 -0.466392
710000 -0.479284
720000 -0.583115
730000 -0.548265
740000 -0.490018
750000 -0.589102
760000 -0.456729
770000 -0.48143
780000 -0.56985
790000 -0.464628
800000 -0.609181
810000 -0.456203
820000 -0.473692
830000 -0.45191
840000 -0.547574
850000 -0.564088
860000 -0.423148
870000 -0.460786
880000 -0.461601
890000 -0.461656
900000 -0.468262
910000 -0.468666
920000 -0.424955
930000 -0.543968
940000 -0.480786
950000 -0.527623
960000 -0.567031
970000 -0.483881
980000 -0.489327
990000 -0.469746
1000000 -0.480547
