10000 -0.447306
20000 -0.562909
30000 -0.463834
40000 -0.610637
50000 -0.54736
60000 -0.416584
70000 -0.624335
80000 -0.558594
90000 -0.488476
100000 -0.45799
110000 -0.556922
120000 -0.482556
130000 -0.465779
140000 -0.484708
150000 -0.472719
160000 -0.556847
170000 -0.560711
180000 -0.461774
190000 -0.438988
200000 -0.472343
210000 -0.58395
220000 -0.463247
230000 -0.490642
240000 -0.594763
250000 -0.626135
260000 -0.419649
270000 -0.447712
280000 -0.472514
290000 -0.462568
300000 -0.608498
310000 -0.594411
320000 -0.388629
330000 -0.471586
340000 -0.598152
350000 -0.463024
360000 -0.482578
370000 -0.564395
380000 -0.448376
390000 -0.566548
400000 -0.429018
410000 -0.445085
420000 -0.460041
430000 -0.603011
440000 -0.614687
450000 -0.614803
460000 -0.537011
470000 -0.590946
480000 -0.624931
490000 -0.447629
500000 -0.566203
510000 -0.590373
520000 -0.435251
530000 -0.457134
540000 -0.557935
550000 -0.605791
560000 -0.569835
570000 -0.466232
580000 -0.618373
590000 -0.438504
600000 -0.486005
610000 -0.476957
620000 -0.593288
630000 -0.419325
640000 -0.628962
650000 -0.535066
660000 -0.61972
670000 -0.445532
680000 -0.4769
690000 -0.543316
700000 -0.479955
710000 -0.438076
720000 -0.490869
730000 -0.465424
740000 -0.436504
750000 -0.627926
760000 -0.526985
770000 -0.484366
780000 -0.573351
790000 -0.450775
800000 -0.574211
810000 -0.466396
820000 -0.407153
830000 -0.562949
840000 -0.468
850000 -0.462482
860000 -0.604665
870000 -0.465254
880000 -0.474861
890000 -0.549001
900000 -0.493672
910000 -0.445769
920000 -0.595896
930000 -0.596571
940000 -0.447152
950000 -0.463036
960000 -0.465869
970000 -0.429257
980000 -0.465929
990000 -0.469069
1000000 -0.54483
