10000 0.682947
20000 1.06026
30000 0.959085
40000 0.996218
50000 1.19319
60000 0.878656
70000 0.971305
80000 0.621641
90000 0.962042
100000 1.20028
110000 0.96118
120000 0.916898
130000 0.770636
140000 0.65231
150000 0.464133
160000 0.904208
170000 0.99755
180000 0.623493
190000 0.811624
200000 0.822141
210000 0.997404
220000 0.454009
230000 1.12568
240000 0.775548
250000 0.950124
260000 0.963245
270000 1.27727
280000 0.804125
290000 0.651966
300000 0.817884
310000 0.878755
320000 0.845429
330000 0.653276
340000 0.818534
350000 0.793318
360000 1.1888
370000 0.655393
380000 1.23831
390000 1.1782
400000 0.654044
410000 1.15493
420000 1.01333
430000 0.815377
440000 1.06571
450000 0.805796
460000 0.913436
470000 1.09499
480000 0.834277
490000 0.847552
500000 0.960079
510000 0.930986
520000 0.935291
530000 1.23675
540000 0.651284
550000 0.852606
560000 0.955813
570000 0.640116
580000 0.827137
590000 0.807846
600000 1.06505
610000 1.20835
620000 0.97641
630000 0.771111
640000 0.65357
650000 0.974793
660000 0.808145
670000 1.06876
680000 0.577893
690000 1.10116
700000 0.727133
710000 1.02041
720000 0.621512
730000 1.18967
740000 0.775548
750000 0.771207
760000 1.19084
770000 0.796558
780000 0.826924
790000 1.12647
800000 1.03015
810000 0.981955
820000 0.707252
830000 1.07649
840000 1.26544
850000 1.15813
860000 0.760335
870000 0.960043
880000 0.494152
890000 0.855133
900000 0.454393
910000 0.958226
920000 1.10939
930000 0.652139
940000 1.14846
950000 0.449374
960000 1.23309
970000 1.07182
980000 0.661749
990000 1.31173
1000000 1.14973
