10000 -0.598795
20000 -0.533305
30000 -0.599012
40000 -0.549002
50000 -0.631636
60000 -0.537999
70000 -0.576603
80000 -0.616858
90000 -0.559653
100000 -0.593494
110000 -0.466159
120000 -0.587386
130000 -0.573718
140000 -0.527386
150000 -0.581895
160000 -0.516778
170000 -0.539841
180000 -0.513645
190000 -0.459986
200000 -0.54826
210000 -0.534355
220000 -0.50594
230000 -0.484171
240000 -0.561963
250000 -0.532214
260000 -0.578858
270000 -0.638726
280000 -0.578765
290000 -0.556745
300000 -0.541085
310000 -0.503354
320000 -0.56466
330000 -0.471105
340000 -0.51974
350000 -0.481282
360000 -0.521137
370000 -0.566889
380000 -0.555288
390000 -0.572275
400000 -0.592312
410000 -0.552523
420000 -0.543815
430000 -0.552803
440000 -0.561144
450000 -0.517068
460000 -0.606378
470000 -0.525196
480000 -0.602504
490000 -0.608507
500000 -0.517978
510000 -0.6074
520000 -0.573969
530000 -0.554661
540000 -0.584759
550000 -0.492719
560000 -0.598022
570000 -0.566263
580000 -0.584193
590000 -0.65417
600000 -0.557751
610000 -0.55095
620000 -0.580913
630000 -0.624649
640000 -0.596585
650000 -0.60413
660000 -0.575873
670000 -0.463668
680000 -0.49497
690000 -0.507509
700000 -0.56958
710000 -0.62128
720000 -0.588544
730000 -0.573283
740000 -0.563093
750000 -0.575576
760000 -0.584586
770000 -0.519893
780000 -0.627763
790000 -0.491303
800000 -0.54318
810000 -0.513136
820000 -0.523253
830000 -0.63096
840000 -0.553075
850000 -0.57097
860000 -0.600751
870000 -0.570587
880000 -0.58128
890000 -0.487961
900000 -0.575005
910000 -0.571828
920000 -0.576876
930000 -0.544017
940000 -0.541864
950000 -0.557261
960000 -0.545926
970000 -0.49421
980000 -0.571042
990000 -0.534465
1000000 -0.515526
