10000 -0.573437
20000 -0.564495
30000 -0.578356
40000 -0.574609
50000 -0.633885
60000 -0.545977
70000 -0.560025
80000 -0.524523
90000 -0.599728
100000 -0.629771
110000 -0.552479
120000 -0.504987
130000 -0.595036
140000 -0.521716
150000 -0.595856
160000 -0.566734
170000 -0.541914
180000 -0.55423
190000 -0.576097
200000 -0.531171
210000 -0.628596
220000 -0.597546
230000 -0.554553
240000 -0.632463
250000 -0.547279
260000 -0.468341
270000 -0.537913
280000 -0.533161
290000 -0.600083
300000 -0.494231
310000 -0.604206
320000 -0.54895
330000 -0.502986
340000 -0.552932
350000 -0.533011
360000 -0.562307
370000 -0.561329
380000 -0.58086
390000 -0.60986
400000 -0.556823
410000 -0.54089
420000 -0.482002
430000 -0.539381
440000 -0.562751
450000 -0.593768
460000 -0.526396
470000 -0.564421
480000 -0.541409
490000 -0.590243
500000 -0.589229
510000 -0.582949
520000 -0.543509
530000 -0.527187
540000 -0.527156
550000 -0.608194
560000 -0.511125
570000 -0.591268
580000 -0.56764
590000 -0.565238
600000 -0.53089
610000 -0.602375
620000 -0.629365
630000 -0.469032
640000 -0.530425
650000 -0.537646
660000 -0.608886
670000 -0.52964
680000 -0.542748
690000 -0.584528
700000 -0.539568
710000 -0.552862
720000 -0.606978
730000 -0.542625
740000 -0.515109
750000 -0.612538
760000 -0.497941
770000 -0.604112
780000 -0.567386
790000 -0.54901
800000 -0.637283
810000 -0.595916
820000 -0.529896
830000 -0.482036
840000 -0.521377
850000 -0.481572
860000 -0.546846
870000 -0.575469
880000 -0.574513
890000 -0.466692
900000 -0.557831
910000 -0.56015
920000 -0.57304
930000 -0.62108
940000 -0.55672
950000 -0.641926
960000 -0.525429
970000 -0.639634
980000 -0.482157
990000 -0.624733
1000000 -0.639011
