10000 -0.53216
20000 -0.563153
30000 -0.54267
40000 -0.511342
50000 -0.582007
60000 -0.571259
70000 -0.590042
80000 -0.60975
90000 -0.593957
100000 -0.490812
110000 -0.639035
120000 -0.603091
130000 -0.489
140000 -0.580843
150000 -0.563491
160000 -0.59561
170000 -0.563928
180000 -0.618324
190000 -0.597861
200000 -0.616982
210000 -0.470273
220000 -0.587822
230000 -0.53925
240000 -0.573119
250000 -0.553484
260000 -0.569743
270000 -0.526966
280000 -0.595048
290000 -0.565539
300000 -0.569069
310000 -0.510276
320000 -0.623642
330000 -0.558388
340000 -0.533479
350000 -0.557007
360000 -0.58896
370000 -0.522699
380000 -0.537438
390000 -0.59047
400000 -0.542441
410000 -0.557715
420000 -0.503631
430000 -0.525039
440000 -0.545245
450000 -0.612619
460000 -0.599623
470000 -0.614883
480000 -0.594288
490000 -0.528389
500000 -0.599448
510000 -0.558966
520000 -0.658506
530000 -0.571829
540000 -0.547864
550000 -0.481941
560000 -0.599658
570000 -0.661372
580000 -0.588841
590000 -0.514821
600000 -0.58553
610000 -0.539715
620000 -0.539669
630000 -0.56642
640000 -0.586294
650000 -0.543749
660000 -0.558312
670000 -0.619659
680000 -0.575131
690000 -0.643843
700000 -0.527129
710000 -0.512504
720000 -0.591257
730000 -0.566583
740000 -0.593437
750000 -0.640013
760000 -0.580654
770000 -0.523489
780000 -0.546002
790000 -0.57076
800000 -0.574758
810000 -0.473096
820000 -0.496683
830000 -0.545574
840000 -0.618085
850000 -0.496855
860000 -0.526388
870000 -0.645765
880000 -0.61348
890000 -0.525449
900000 -0.500028
910000 -0.574198
920000 -0.543779
930000 -0.504377
940000 -0.566869
950000 -0.635815
960000 -0.593479
970000 -0.599775
980000 -0.542607
990000 -0.586299
1000000 -0.524773
