10000 -0.604917
20000 -0.535161
30000 -0.618913
40000 -0.57522
50000 -0.563205
60000 -0.568857
70000 -0.611475
80000 -0.529216
90000 -0.487689
100000 -0.588652
110000 -0.564785
120000 -0.52287
130000 -0.589063
140000 -0.556905
150000 -0.614237
160000 -0.575465
170000 -0.62342
180000 -0.538843
190000 -0.603956
200000 -0.479481
210000 -0.646799
220000 -0.563298
230000 -0.545587
240000 -0.569018
250000 -0.55174
260000 -0.598083
270000 -0.575138
280000 -0.595165
290000 -0.586268
300000 -0.515027
310000 -0.560138
320000 -0.508462
330000 -0.542399
340000 -0.544769
350000 -0.548324
360000 -0.562495
370000 -0.505013
380000 -0.553896
390000 -0.575448
400000 -0.55972
410000 -0.541614
420000 -0.590104
430000 -0.530576
440000 -0.447226
450000 -0.518497
460000 -0.63298
470000 -0.577231
480000 -0.587954
490000 -0.573641
500000 -0.612171
510000 -0.550921
520000 -0.590241
530000 -0.571365
540000 -0.590156
550000 -0.573191
560000 -0.551239
570000 -0.530252
580000 -0.533624
590000 -0.655813
600000 -0.60567
610000 -0.599895
620000 -0.531547
630000 -0.624076
640000 -0.524571
650000 -0.542783
660000 -0.495242
670000 -0.579165
680000 -0.611564
690000 -0.546926
700000 -0.619473
710000 -0.57241
720000 -0.583304
730000 -0.55476
740000 -0.514945
750000 -0.567931
760000 -0.62441
770000 -0.576235
780000 -0.585846
790000 -0.521114
800000 -0.630188
810000 -0.546053
820000 -0.595169
830000 -0.551093
840000 -0.510821
850000 -0.553801
860000 -0.520212
870000 -0.533485
880000 -0.576006
890000 -0.610082
900000 -0.659901
910000 -0.648683
920000 -0.610808
930000 -0.61627
940000 -0.574017
950000 -0.587068
960000 -0.574185
970000 -0.547194
980000 -0.57645
990000 -0.561667
1000000 -0.590982
