10000 -0.555455
20000 -0.598357
30000 -0.480804
40000 -0.569536
50000 -0.601095
60000 -0.628841
70000 -0.604694
80000 -0.584485
90000 -0.59964
100000 -0.578685
110000 -0.574296
120000 -0.538963
130000 -0.590984
140000 -0.579391
150000 -0.529918
160000 -0.576521
170000 -0.564306
180000 -0.586361
190000 -0.569986
200000 -0.533319
210000 -0.525866
220000 -0.516604
230000 -0.578135
240000 -0.562931
250000 -0.553169
260000 -0.483139
270000 -0.618125
280000 -0.54658
290000 -0.541161
300000 -0.494866
310000 -0.550819
320000 -0.554605
330000 -0.594853
340000 -0.580387
350000 -0.606639
360000 -0.525353
370000 -0.578644
380000 -0.60596
390000 -0.632101
400000 -0.645137
410000 -0.582837
420000 -0.566844
430000 -0.588803
440000 -0.566866
450000 -0.535904
460000 -0.602629
470000 -0.557291
480000 -0.55721
490000 -0.471287
500000 -0.567367
510000 -0.549729
520000 -0.577823
530000 -0.59051
540000 -0.576451
550000 -0.612468
560000 -0.544651
570000 -0.566953
580000 -0.547751
590000 -0.48138
600000 -0.395866
610000 -0.598294
620000 -0.621464
630000 -0.610837
640000 -0.55501
650000 -0.481925
660000 -0.569491
670000 -0.580279
680000 -0.539461
690000 -0.50417
700000 -0.543758
710000 -0.561676
720000 -0.544494
730000 -0.527581
740000 -0.547698
750000 -0.579475
760000 -0.519011
770000 -0.568684
780000 -0.478246
790000 -0.520809
800000 -0.574363
810000 -0.584469
820000 -0.630471
830000 -0.452967
840000 -0.610657
850000 -0.600001
860000 -0.400757
870000 -0.495503
880000 -0.622613
890000 -0.554168
900000 -0.536416
910000 -0.546432
920000 -0.514133
930000 -0.528454
940000 -0.606052
950000 -0.549169
960000 -0.534498
970000 -0.586233
980000 -0.540895
990000 -0.551933
1000000 -0.492321
