10000 1.17902
20000 1.20411
30000 0.877326
40000 1.09869
50000 0.947357
60000 0.889106
70000 0.777637
80000 0.87599
90000 0.992454
100000 0.966971
110000 0.561298
120000 0.660521
130000 0.98338
140000 1.11939
150000 0.939862
160000 0.84366
170000 1.09553
180000 1.06491
190000 1.079
200000 1.15824
210000 1.06432
220000 1.00655
230000 0.537622
240000 0.704589
250000 0.365908
260000 1.35409
270000 1.07679
280000 0.975615
290000 0.763992
300000 0.655278
310000 1.03237
320000 1.25768
330000 1.11342
340000 1.11132
350000 0.866492
360000 1.14932
370000 0.456674
380000 0.670229
390000 0.935438
400000 0.834605
410000 0.897061
420000 1.32188
430000 0.640978
440000 0.946276
450000 1.38291
460000 0.758615
470000 0.642677
480000 0.811112
490000 0.329058
500000 1.19265
510000 1.09211
520000 0.874235
530000 0.861511
540000 0.734371
550000 0.873949
560000 0.767398
570000 1.00337
580000 0.967548
590000 0.472443
600000 1.18693
610000 0.734897
620000 0.597453
630000 0.815513
640000 0.969241
650000 1.18126
660000 0.763774
670000 1.31822
680000 0.750537
690000 0.831909
700000 1.25097
710000 1.14072
720000 0.708873
730000 0.734371
740000 0.539096
750000 1.01818
760000 0.641647
770000 0.797733
780000 1.16282
790000 0.566468
800000 1.23288
810000 0.443636
820000 0.661158
830000 0.97699
840000 0.743888
850000 0.95131
860000 0.956752
870000 1.0154
880000 0.860972
890000 0.760505
900000 1.09236
910000 0.859823
920000 0.791952
930000 0.834132
940000 0.809536
950000 0.734386
960000 1.04457
970000 1.0875
980000 0.646745
990000 1.10357
1000000 0.534161
