10000 1.21865
20000 1.10797
30000 0.766383
40000 0.980789
50000 1.05733
60000 1.08218
70000 1.2428
80000 0.912683
90000 1.11213
100000 0.977844
110000 0.978181
120000 1.35689
130000 0.782143
140000 0.829332
150000 1.1448
160000 0.861802
170000 0.743792
180000 1.24152
190000 0.564237
200000 0.758677
210000 0.734897
220000 0.996592
230000 0.851535
240000 1.36232
250000 1.26452
260000 0.672648
270000 0.623337
280000 1.09088
290000 1.07032
300000 0.465716
310000 1.03519
320000 0.461911
330000 0.739108
340000 0.783906
350000 0.94075
360000 0.891371
370000 0.723357
380000 0.490502
390000 1.14234
400000 1.15417
410000 0.956019
420000 1.10159
430000 0.754996
440000 1.19427
450000 0.623337
460000 0.613024
470000 0.714471
480000 1.19473
490000 0.91968
500000 0.887403
510000 0.999115
520000 0.548036
530000 1.14148
540000 0.859587
550000 0.881949
560000 1.12313
570000 0.955578
580000 0.804082
590000 0.972687
600000 1.20392
610000 0.726708
620000 1.25536
630000 1.17365
640000 0.714471
650000 1.23526
660000 0.876959
670000 1.10401
680000 1.00359
690000 0.667067
700000 0.63054
710000 0.954149
720000 1.25525
730000 0.936967
740000 0.620004
750000 0.640984
760000 0.71771
770000 0.977344
780000 0.877458
790000 1.04458
800000 0.793371
810000 0.733305
820000 0.649435
830000 1.28017
840000 1.17064
850000 1.05649
860000 0.734677
870000 0.68063
880000 0.99288
890000 0.66473
900000 0.302612
910000 1.33455
920000 0.890129
930000 0.763906
940000 1.02746
950000 1.27266
960000 0.929016
970000 1.13545
980000 1.04656
990000 0.660521
1000000 1.33075
