10000 0.704589
20000 1.02292
30000 0.640655
40000 1.0816
50000 0.840084
60000 0.84263
70000 0.597453
80000 0.794441
90000 1.03785
100000 0.573322
110000 0.907343
120000 1.18205
130000 0.817851
140000 0.947973
150000 1.3178
160000 0.786577
170000 0.63054
180000 1.22022
190000 1.27215
200000 1.23296
210000 0.783277
220000 1.19899
230000 0.592243
240000 0.814411
250000 1.31397
260000 1.011
270000 1.37695
280000 1.33428
290000 1.29771
300000 1.09306
310000 1.09216
320000 0.621652
330000 0.926843
340000 1.12368
350000 0.645556
360000 0.665366
370000 0.463692
380000 0.718755
390000 1.0394
400000 1.11926
410000 1.36029
420000 0.804981
430000 0.612152
440000 0.640978
450000 1.06645
460000 1.16862
470000 1.25739
480000 1.0955
490000 0.567228
500000 0.391772
510000 0.881874
520000 1.12099
530000 0.777638
540000 0.981177
550000 0.92376
560000 1.25526
570000 0.741751
580000 0.749219
590000 0.488812
600000 0.592083
610000 1.06542
620000 0.711048
630000 0.801761
640000 1.0004
650000 0.710314
660000 0.685199
670000 0.656956
680000 1.17369
690000 0.597163
700000 1.08119
710000 0.883544
720000 0.562624
730000 0.630636
740000 0.821837
750000 0.813199
760000 0.731695
770000 0.743829
780000 1.29298
790000 0.624118
800000 1.23704
810000 0.764775
820000 1.02223
830000 1.11916
840000 1.02336
850000 1.12146
860000 0.548959
870000 0.694299
880000 1.04974
890000 0.763774
900000 0.76642
910000 0.468472
920000 0.819955
930000 0.92154
940000 0.854237
950000 0.924576
960000 0.719416
970000 0.896079
980000 0.59258
990000 0.980884
1000000 0.935974
