1000 0.0056666666666666705 0.0006088848337253447
2000 0.00546666666666667 0.0006095049600260003
3000 0.004433333333333337 0.0004876664008505389
4000 0.003466666666666669 0.00043198079518354444
5000 0.002933333333333335 0.0003369580697071087
6000 0.0026000000000000016 0.0002532455988429677
7000 0.0027666666666666686 0.0002582777718027771
8000 0.0026666666666666683 0.00025531389540169014
9000 0.002366666666666668 0.0002453946179493725
10000 0.002366666666666668 0.0002871249566665022
11000 0.0023000000000000013 0.00024296776192189227
12000 0.002200000000000001 0.00023916521486202794
13000 0.002200000000000001 0.00023916521486202794
14000 0.0018000000000000008 0.00022181073012818837
15000 0.0019333333333333342 0.00022800259907550434
16000 0.0018666666666666675 0.00022496090195277797
17000 0.0018333333333333342 0.00022339965847647885
18000 0.0015666666666666676 0.00020985885909520412
19000 0.0015666666666666676 0.00020985885909520412
20000 0.0015333333333333342 0.00020802421511466898
21000 0.0015666666666666676 0.00020985885909520415
22000 0.0014666666666666673 0.00020425111632135215
23000 0.0015000000000000007 0.00020615528128088302
24000 0.0014000000000000006 0.00020033305601755623
25000 0.0013666666666666673 0.0001983169927909094
26000 0.0014000000000000006 0.00020033305601755623
27000 0.0011333333333333338 0.00018301993415007089
28000 0.0011333333333333338 0.00018301993415007089
29000 0.0011666666666666672 0.0001853425257512475
30000 0.0011000000000000005 0.00018064698539785635
31000 0.0013666666666666673 0.0001983169927909094
32000 0.0011666666666666672 0.0001853425257512475
33000 0.0011000000000000005 0.00018064698539785635
34000 0.0011000000000000005 0.00018064698539785635
35000 0.0010333333333333338 0.00017574181399196144
36000 0.0009000000000000002 0.00016522711641858305
37000 0.0010000000000000002 0.00017320508075688773
38000 0.0008666666666666668 0.0001624351722539955
39000 0.0008666666666666668 0.0001624351722539955
40000 0.0010333333333333338 0.00017574181399196144
41000 0.0011000000000000005 0.00018064698539785635
42000 0.0008666666666666668 0.0001624351722539955
43000 0.0008000000000000003 0.0001566312016596097
44000 0.0009333333333333336 0.00016795061002392164
45000 0.0009000000000000002 0.00016522711641858305
46000 0.0008000000000000003 0.00015663120165960973
47000 0.0008000000000000003 0.0001566312016596097
48000 0.0007666666666666669 0.00015361085995559134
49000 0.0007333333333333336 0.00015050532167286263
50000 0.0008000000000000003 0.00015663120165960973
51000 0.0007666666666666669 0.00015361085995559134
52000 0.0006666666666666668 0.00014401645996461914
53000 0.0006333333333333334 0.00014062031885212774
54000 0.0006333333333333334 0.00014062031885212774
55000 0.0007333333333333336 0.0001505053216728626
56000 0.0007333333333333336 0.00015050532167286263
57000 0.0006666666666666668 0.00014401645996461914
58000 0.0007333333333333336 0.00015050532167286263
59000 0.0006333333333333334 0.00014062031885212774
60000 0.0006333333333333334 0.00014062031885212774
61000 0.0007333333333333336 0.00015050532167286263
62000 0.0006666666666666668 0.00014401645996461914
63000 0.0006333333333333334 0.00014062031885212774
64000 0.0005333333333333334 0.00012972906239401265
65000 0.0005666666666666667 0.00013348602368232605
66000 0.0005 0.00012583057392117917
67000 0.0006000000000000001 0.00013711309200802087
68000 0.0005 0.00012583057392117917
69000 0.0004666666666666666 0.00012177696674506893
70000 0.0005333333333333334 0.00012972906239401265
71000 0.0006000000000000001 0.00013711309200802087
72000 0.0006000000000000001 0.00013711309200802087
73000 0.0005333333333333334 0.00012972906239401265
74000 0.0005666666666666667 0.00013348602368232605
75000 0.0005333333333333334 0.00012972906239401265
76000 0.0005333333333333334 0.00012972906239401265
77000 0.0006000000000000001 0.00013711309200802087
78000 0.0005333333333333334 0.00012972906239401265
79000 0.0004666666666666666 0.00012177696674506896
80000 0.0005 0.00012583057392117917
81000 0.0003666666666666666 0.00010850840554571832
82000 0.00039999999999999996 0.00011313708498984761
83000 0.0003666666666666666 0.00010850840554571832
84000 0.0003333333333333333 0.00010363754503432018
85000 0.0003 9.848857801796105e-05
86000 0.0002666666666666667 9.301533127313932e-05
87000 0.0002666666666666667 9.301533127313932e-05
88000 0.00023333333333333336 8.715673408461504e-05
89000 0.00023333333333333336 8.715673408461504e-05
90000 0.0002666666666666667 9.301533127313932e-05
91000 0.00023333333333333336 8.715673408461504e-05
92000 0.00023333333333333336 8.715673408461504e-05
93000 0.0002 8.082903768654762e-05
94000 0.0002 8.082903768654762e-05
95000 0.00023333333333333336 8.715673408461504e-05
96000 0.00023333333333333336 8.715673408461504e-05
97000 0.00023333333333333336 8.715673408461504e-05
98000 0.0002 8.082903768654762e-05
99000 0.00013333333333333334 6.622073078111707e-05
100000 0.00013333333333333334 6.622073078111707e-05
101000 0.00013333333333333334 6.622073078111707e-05
102000 0.00013333333333333334 6.622073078111707e-05
103000 0.00013333333333333334 6.622073078111707e-05
104000 0.00013333333333333334 6.622073078111707e-05
105000 9.999999999999999e-05 5.744562646538028e-05
106000 0.00013333333333333334 6.622073078111707e-05
107000 9.999999999999999e-05 5.744562646538028e-05
108000 9.999999999999999e-05 5.744562646538028e-05
109000 9.999999999999999e-05 5.744562646538028e-05
110000 9.999999999999999e-05 5.744562646538028e-05
111000 9.999999999999999e-05 5.744562646538028e-05
112000 9.999999999999999e-05 5.744562646538028e-05
113000 9.999999999999999e-05 5.744562646538028e-05
114000 9.999999999999999e-05 5.744562646538028e-05
115000 9.999999999999999e-05 5.744562646538028e-05
116000 9.999999999999999e-05 5.744562646538028e-05
117000 9.999999999999999e-05 5.744562646538028e-05
118000 0.00013333333333333334 6.622073078111707e-05
119000 9.999999999999999e-05 5.744562646538028e-05
120000 9.999999999999999e-05 5.744562646538028e-05
121000 9.999999999999999e-05 5.744562646538028e-05
122000 9.999999999999999e-05 5.744562646538028e-05
123000 9.999999999999999e-05 5.744562646538028e-05
124000 9.999999999999999e-05 5.744562646538028e-05
125000 9.999999999999999e-05 5.744562646538028e-05
126000 9.999999999999999e-05 5.744562646538028e-05
127000 0.00013333333333333334 6.622073078111707e-05
128000 9.999999999999999e-05 5.744562646538028e-05
129000 9.999999999999999e-05 5.744562646538028e-05
130000 9.999999999999999e-05 5.744562646538028e-05
131000 9.999999999999999e-05 5.744562646538028e-05
132000 9.999999999999999e-05 5.744562646538028e-05
133000 9.999999999999999e-05 5.744562646538028e-05
134000 9.999999999999999e-05 5.744562646538028e-05
135000 9.999999999999999e-05 5.744562646538028e-05
136000 9.999999999999999e-05 5.744562646538028e-05
137000 9.999999999999999e-05 5.744562646538028e-05
138000 9.999999999999999e-05 5.744562646538028e-05
139000 9.999999999999999e-05 5.744562646538028e-05
140000 9.999999999999999e-05 5.744562646538028e-05
141000 9.999999999999999e-05 5.744562646538028e-05
142000 9.999999999999999e-05 5.744562646538028e-05
143000 9.999999999999999e-05 5.744562646538028e-05
144000 9.999999999999999e-05 5.744562646538028e-05
145000 9.999999999999999e-05 5.744562646538028e-05
146000 9.999999999999999e-05 5.744562646538028e-05
147000 9.999999999999999e-05 5.744562646538028e-05
148000 9.999999999999999e-05 5.744562646538028e-05
149000 6.666666666666667e-05 4.698305447081328e-05
150000 6.666666666666667e-05 4.698305447081328e-05
151000 9.999999999999999e-05 5.744562646538028e-05
152000 6.666666666666667e-05 4.698305447081328e-05
153000 6.666666666666667e-05 4.698305447081328e-05
154000 6.666666666666667e-05 4.698305447081328e-05
155000 6.666666666666667e-05 4.698305447081328e-05
156000 6.666666666666667e-05 4.698305447081328e-05
157000 6.666666666666667e-05 4.698305447081328e-05
158000 6.666666666666667e-05 4.698305447081328e-05
159000 6.666666666666667e-05 4.698305447081328e-05
160000 3.3333333333333335e-05 3.327773140415985e-05
161000 3.3333333333333335e-05 3.327773140415985e-05
162000 3.3333333333333335e-05 3.327773140415985e-05
163000 3.3333333333333335e-05 3.327773140415985e-05
164000 6.666666666666667e-05 4.698305447081328e-05
165000 6.666666666666667e-05 4.698305447081328e-05
166000 6.666666666666667e-05 4.698305447081328e-05
167000 3.3333333333333335e-05 3.327773140415985e-05
168000 3.3333333333333335e-05 3.327773140415985e-05
169000 3.3333333333333335e-05 3.327773140415985e-05
170000 6.666666666666667e-05 4.698305447081328e-05
171000 6.666666666666667e-05 4.698305447081328e-05
172000 6.666666666666667e-05 4.698305447081328e-05
173000 6.666666666666667e-05 4.698305447081328e-05
174000 9.999999999999999e-05 5.744562646538028e-05
175000 9.999999999999999e-05 5.744562646538028e-05
176000 6.666666666666667e-05 4.698305447081328e-05
177000 6.666666666666667e-05 4.698305447081328e-05
178000 9.999999999999999e-05 5.744562646538028e-05
179000 6.666666666666667e-05 4.698305447081328e-05
180000 9.999999999999999e-05 5.744562646538028e-05
181000 6.666666666666667e-05 4.698305447081328e-05
182000 6.666666666666667e-05 4.698305447081328e-05
183000 6.666666666666667e-05 4.698305447081328e-05
184000 6.666666666666667e-05 4.698305447081328e-05
185000 6.666666666666667e-05 4.698305447081328e-05
186000 9.999999999999999e-05 5.744562646538028e-05
187000 9.999999999999999e-05 5.744562646538028e-05
188000 9.999999999999999e-05 5.744562646538028e-05
189000 9.999999999999999e-05 5.744562646538028e-05
190000 9.999999999999999e-05 5.744562646538028e-05
191000 9.999999999999999e-05 5.744562646538028e-05
192000 9.999999999999999e-05 5.744562646538028e-05
193000 9.999999999999999e-05 5.744562646538028e-05
194000 9.999999999999999e-05 5.744562646538028e-05
195000 9.999999999999999e-05 5.744562646538028e-05
196000 9.999999999999999e-05 5.744562646538028e-05
197000 9.999999999999999e-05 5.744562646538028e-05
198000 9.999999999999999e-05 5.744562646538028e-05
199000 9.999999999999999e-05 5.744562646538028e-05
200000 9.999999999999999e-05 5.744562646538028e-05
201000 9.999999999999999e-05 5.744562646538028e-05
202000 9.999999999999999e-05 5.744562646538028e-05
203000 9.999999999999999e-05 5.744562646538028e-05
204000 6.666666666666667e-05 4.698305447081328e-05
205000 9.999999999999999e-05 5.744562646538028e-05
206000 6.666666666666667e-05 4.698305447081328e-05
207000 6.666666666666667e-05 4.698305447081328e-05
208000 3.3333333333333335e-05 3.327773140415985e-05
209000 3.3333333333333335e-05 3.327773140415985e-05
210000 3.3333333333333335e-05 3.327773140415985e-05
211000 3.3333333333333335e-05 3.327773140415985e-05
212000 3.3333333333333335e-05 3.327773140415985e-05
213000 3.3333333333333335e-05 3.327773140415985e-05
214000 3.3333333333333335e-05 3.327773140415985e-05
215000 3.3333333333333335e-05 3.327773140415985e-05
216000 6.666666666666667e-05 4.698305447081328e-05
217000 6.666666666666667e-05 4.698305447081328e-05
218000 3.3333333333333335e-05 3.327773140415985e-05
219000 3.3333333333333335e-05 3.327773140415985e-05
220000 3.3333333333333335e-05 3.327773140415985e-05
221000 3.3333333333333335e-05 3.327773140415985e-05
222000 3.3333333333333335e-05 3.327773140415985e-05
223000 3.3333333333333335e-05 3.327773140415985e-05
224000 3.3333333333333335e-05 3.327773140415985e-05
225000 3.3333333333333335e-05 3.327773140415985e-05
226000 3.3333333333333335e-05 3.327773140415985e-05
227000 3.3333333333333335e-05 3.327773140415985e-05
228000 3.3333333333333335e-05 3.327773140415985e-05
229000 3.3333333333333335e-05 3.327773140415985e-05
230000 3.3333333333333335e-05 3.327773140415985e-05
231000 3.3333333333333335e-05 3.327773140415985e-05
232000 3.3333333333333335e-05 3.327773140415985e-05
233000 3.3333333333333335e-05 3.327773140415985e-05
234000 3.3333333333333335e-05 3.327773140415985e-05
235000 3.3333333333333335e-05 3.327773140415985e-05
236000 3.3333333333333335e-05 3.327773140415985e-05
237000 3.3333333333333335e-05 3.327773140415985e-05
238000 3.3333333333333335e-05 3.327773140415985e-05
239000 3.3333333333333335e-05 3.327773140415985e-05
240000 6.666666666666667e-05 4.698305447081328e-05
241000 3.3333333333333335e-05 3.327773140415985e-05
242000 0.0 0.0
243000 0.0 0.0
244000 0.0 0.0
245000 0.0 0.0
246000 0.0 0.0
247000 0.0 0.0
248000 0.0 0.0
249000 0.0 0.0
250000 0.0 0.0
251000 0.0 0.0
252000 0.0 0.0
253000 0.0 0.0
254000 0.0 0.0
255000 0.0 0.0
256000 0.0 0.0
257000 0.0 0.0
258000 0.0 0.0
259000 0.0 0.0
260000 0.0 0.0
261000 0.0 0.0
262000 0.0 0.0
263000 0.0 0.0
264000 0.0 0.0
265000 0.0 0.0
266000 3.3333333333333335e-05 3.327773140415985e-05
267000 3.3333333333333335e-05 3.327773140415985e-05
268000 0.0 0.0
269000 0.0 0.0
270000 3.3333333333333335e-05 3.327773140415985e-05
271000 3.3333333333333335e-05 3.327773140415985e-05
272000 3.3333333333333335e-05 3.327773140415985e-05
273000 3.3333333333333335e-05 3.327773140415985e-05
274000 3.3333333333333335e-05 3.327773140415985e-05
275000 3.3333333333333335e-05 3.327773140415985e-05
276000 3.3333333333333335e-05 3.327773140415985e-05
277000 3.3333333333333335e-05 3.327773140415985e-05
278000 3.3333333333333335e-05 3.327773140415985e-05
279000 3.3333333333333335e-05 3.327773140415985e-05
280000 3.3333333333333335e-05 3.327773140415985e-05
281000 3.3333333333333335e-05 3.327773140415985e-05
282000 3.3333333333333335e-05 3.327773140415985e-05
283000 3.3333333333333335e-05 3.327773140415985e-05
284000 3.3333333333333335e-05 3.327773140415985e-05
285000 3.3333333333333335e-05 3.327773140415985e-05
286000 3.3333333333333335e-05 3.327773140415985e-05
287000 3.3333333333333335e-05 3.327773140415985e-05
288000 0.0 0.0
289000 3.3333333333333335e-05 3.327773140415985e-05
290000 0.0 0.0
291000 0.0 0.0
292000 0.0 0.0
293000 0.0 0.0
294000 0.0 0.0
295000 0.0 0.0
296000 0.0 0.0
297000 0.0 0.0
298000 0.0 0.0
299000 0.0 0.0
300000 0.0 0.0
301000 0.0 0.0
302000 0.0 0.0
303000 0.0 0.0
304000 0.0 0.0
305000 0.0 0.0
306000 0.0 0.0
307000 0.0 0.0
308000 0.0 0.0
309000 0.0 0.0
310000 0.0 0.0
311000 0.0 0.0
312000 0.0 0.0
313000 0.0 0.0
314000 0.0 0.0
315000 0.0 0.0
316000 0.0 0.0
317000 0.0 0.0
318000 0.0 0.0
319000 0.0 0.0
320000 0.0 0.0
321000 0.0 0.0
322000 0.0 0.0
323000 0.0 0.0
324000 0.0 0.0
325000 0.0 0.0
326000 0.0 0.0
327000 0.0 0.0
328000 0.0 0.0
329000 0.0 0.0
330000 0.0 0.0
331000 0.0 0.0
332000 0.0 0.0
333000 0.0 0.0
334000 0.0 0.0
335000 0.0 0.0
336000 0.0 0.0
337000 0.0 0.0
338000 0.0 0.0
339000 0.0 0.0
340000 0.0 0.0
341000 0.0 0.0
342000 0.0 0.0
343000 0.0 0.0
344000 0.0 0.0
345000 0.0 0.0
346000 0.0 0.0
347000 0.0 0.0
348000 0.0 0.0
349000 0.0 0.0
350000 0.0 0.0
351000 0.0 0.0
352000 0.0 0.0
353000 0.0 0.0
354000 0.0 0.0
355000 0.0 0.0
356000 0.0 0.0
357000 0.0 0.0
358000 0.0 0.0
359000 0.0 0.0
360000 0.0 0.0
361000 0.0 0.0
362000 0.0 0.0
363000 0.0 0.0
364000 0.0 0.0
365000 0.0 0.0
366000 0.0 0.0
367000 0.0 0.0
368000 0.0 0.0
369000 0.0 0.0
370000 0.0 0.0
371000 0.0 0.0
372000 0.0 0.0
373000 0.0 0.0
374000 0.0 0.0
375000 0.0 0.0
376000 0.0 0.0
377000 0.0 0.0
378000 0.0 0.0
379000 0.0 0.0
380000 0.0 0.0
381000 0.0 0.0
382000 0.0 0.0
383000 0.0 0.0
384000 0.0 0.0
385000 0.0 0.0
386000 0.0 0.0
387000 0.0 0.0
388000 0.0 0.0
389000 0.0 0.0
390000 0.0 0.0
391000 0.0 0.0
392000 0.0 0.0
393000 0.0 0.0
394000 0.0 0.0
395000 0.0 0.0
396000 0.0 0.0
397000 0.0 0.0
398000 0.0 0.0
399000 0.0 0.0
400000 0.0 0.0
401000 0.0 0.0
402000 0.0 0.0
403000 0.0 0.0
404000 0.0 0.0
405000 0.0 0.0
406000 0.0 0.0
407000 0.0 0.0
408000 0.0 0.0
409000 0.0 0.0
410000 0.0 0.0
411000 0.0 0.0
412000 0.0 0.0
413000 0.0 0.0
414000 0.0 0.0
415000 0.0 0.0
416000 0.0 0.0
417000 0.0 0.0
418000 0.0 0.0
419000 0.0 0.0
420000 0.0 0.0
421000 0.0 0.0
422000 0.0 0.0
423000 0.0 0.0
424000 0.0 0.0
425000 0.0 0.0
426000 0.0 0.0
427000 0.0 0.0
428000 0.0 0.0
429000 0.0 0.0
430000 0.0 0.0
431000 0.0 0.0
432000 0.0 0.0
433000 0.0 0.0
434000 0.0 0.0
435000 0.0 0.0
436000 0.0 0.0
437000 0.0 0.0
438000 0.0 0.0
439000 0.0 0.0
440000 0.0 0.0
441000 0.0 0.0
442000 0.0 0.0
443000 0.0 0.0
444000 0.0 0.0
445000 0.0 0.0
446000 0.0 0.0
447000 0.0 0.0
448000 0.0 0.0
449000 0.0 0.0
450000 0.0 0.0
451000 0.0 0.0
452000 0.0 0.0
453000 0.0 0.0
454000 0.0 0.0
455000 0.0 0.0
456000 0.0 0.0
457000 0.0 0.0
458000 0.0 0.0
459000 0.0 0.0
460000 0.0 0.0
461000 0.0 0.0
462000 0.0 0.0
463000 0.0 0.0
464000 0.0 0.0
465000 0.0 0.0
466000 0.0 0.0
467000 0.0 0.0
468000 0.0 0.0
469000 0.0 0.0
470000 0.0 0.0
471000 0.0 0.0
472000 0.0 0.0
473000 0.0 0.0
474000 0.0 0.0
475000 0.0 0.0
476000 0.0 0.0
477000 0.0 0.0
478000 0.0 0.0
479000 0.0 0.0
480000 0.0 0.0
481000 0.0 0.0
482000 0.0 0.0
483000 0.0 0.0
484000 0.0 0.0
485000 0.0 0.0
486000 0.0 0.0
487000 0.0 0.0
488000 0.0 0.0
489000 0.0 0.0
490000 0.0 0.0
491000 0.0 0.0
492000 0.0 0.0
493000 0.0 0.0
494000 0.0 0.0
495000 0.0 0.0
496000 0.0 0.0
497000 0.0 0.0
498000 0.0 0.0
499000 0.0 0.0
