10000 -0.45623
20000 -0.560529
30000 -0.61067
40000 -0.535629
50000 -0.444412
60000 -0.40679
70000 -0.53483
80000 -0.421397
90000 -0.49679
100000 -0.462021
110000 -0.466639
120000 -0.432141
130000 -0.461836
140000 -0.436803
150000 -0.472194
160000 -0.480802
170000 -0.605917
180000 -0.579522
190000 -0.430181
200000 -0.520455
210000 -0.597675
220000 -0.480224
230000 -0.49554
240000 -0.585515
250000 -0.463876
260000 -0.539176
270000 -0.490518
280000 -0.39062
290000 -0.4382
300000 -0.443313
310000 -0.615065
320000 -0.633028
330000 -0.479446
340000 -0.587674
350000 -0.618593
360000 -0.601147
370000 -0.435132
380000 -0.593246
390000 -0.589113
400000 -0.472081
410000 -0.43815
420000 -0.474482
430000 -0.481281
440000 -0.542157
450000 -0.492137
460000 -0.59401
470000 -0.626723
480000 -0.543421
490000 -0.42583
500000 -0.474223
510000 -0.469549
520000 -0.617715
530000 -0.551379
540000 -0.474972
550000 -0.61708
560000 -0.640953
570000 -0.623596
580000 -0.568489
590000 -0.47241
600000 -0.622432
610000 -0.406187
620000 -0.605562
630000 -0.43468
640000 -0.449347
650000 -0.579432
660000 -0.470694
670000 -0.481225
680000 -0.593812
690000 -0.58837
700000 -0.47715
710000 -0.445649
720000 -0.490659
730000 -0.639266
740000 -0.478021
750000 -0.450316
760000 -0.468057
770000 -0.471958
780000 -0.470899
790000 -0.482486
800000 -0.619058
810000 -0.43604
820000 -0.455588
830000 -0.494134
840000 -0.616997
850000 -0.468341
860000 -0.527557
870000 -0.478775
880000 -0.553677
890000 -0.431964
900000 -0.470568
910000 -0.474792
920000 -0.512301
930000 -0.476236
940000 -0.573493
950000 -0.577881
960000 -0.581562
970000 -0.572634
980000 -0.421576
990000 -0.477431
1000000 -0.460821
