10000 1.1604
20000 1.15678
30000 0.879631
40000 0.747751
50000 0.373237
60000 1.02481
70000 0.896521
80000 0.676124
90000 0.740789
100000 0.769629
110000 0.990191
120000 0.784288
130000 1.17037
140000 0.860195
150000 0.883852
160000 1.1756
170000 1.0087
180000 0.485214
190000 0.715502
200000 1.1819
210000 0.869001
220000 0.9159
230000 0.403796
240000 0.912299
250000 1.12857
260000 0.876199
270000 0.913993
280000 0.997026
290000 1.14748
300000 1.30098
310000 1.27307
320000 0.855356
330000 0.963558
340000 0.735484
350000 0.882407
360000 0.340562
370000 0.731553
380000 1.10848
390000 0.58191
400000 0.860262
410000 0.988856
420000 0.650349
430000 0.904293
440000 0.983209
450000 1.15411
460000 0.634925
470000 0.613748
480000 0.747596
490000 0.829962
500000 1.00823
510000 1.03621
520000 0.875648
530000 0.961266
540000 1.28103
550000 0.824908
560000 1.05342
570000 1.07442
580000 1.23469
590000 0.464133
600000 0.899499
610000 1.08123
620000 1.03743
630000 1.28383
640000 0.864166
650000 0.833966
660000 0.871799
670000 0.993638
680000 0.945776
690000 0.855168
700000 1.11422
710000 0.792499
720000 1.15374
730000 1.16704
740000 0.700529
750000 1.05441
760000 0.932604
770000 1.09435
780000 0.655555
790000 1.04376
800000 1.03967
810000 0.290543
820000 0.172608
830000 1.09138
840000 0.856173
850000 1.19008
860000 0.358693
870000 0.654055
880000 0.902524
890000 0.577318
900000 0.983043
910000 1.01336
920000 0.730755
930000 0.936365
940000 1.13614
950000 0.88342
960000 0.94503
970000 0.582346
980000 1.31016
990000 0.456908
1000000 1.04827
