10000 -0.577863
20000 -0.556146
30000 -0.550881
40000 -0.612406
50000 -0.547651
60000 -0.552673
70000 -0.529338
80000 -0.5655
90000 -0.515574
100000 -0.585329
110000 -0.540214
120000 -0.579833
130000 -0.546946
140000 -0.583941
150000 -0.635334
160000 -0.582129
170000 -0.519499
180000 -0.539081
190000 -0.540082
200000 -0.539094
210000 -0.557554
220000 -0.580056
230000 -0.617546
240000 -0.593977
250000 -0.594376
260000 -0.616061
270000 -0.591245
280000 -0.48474
290000 -0.484414
300000 -0.613238
310000 -0.53337
320000 -0.593361
330000 -0.582315
340000 -0.526939
350000 -0.585625
360000 -0.571222
370000 -0.536737
380000 -0.553384
390000 -0.548126
400000 -0.532985
410000 -0.578164
420000 -0.626387
430000 -0.6655
440000 -0.493581
450000 -0.591338
460000 -0.556178
470000 -0.656777
480000 -0.623176
490000 -0.560431
500000 -0.618235
510000 -0.47738
520000 -0.618477
530000 -0.540878
540000 -0.5825
550000 -0.460029
560000 -0.629442
570000 -0.660529
580000 -0.578949
590000 -0.494407
600000 -0.585316
610000 -0.571087
620000 -0.555316
630000 -0.583845
640000 -0.573829
650000 -0.519107
660000 -0.625232
670000 -0.587285
680000 -0.647118
690000 -0.563048
700000 -0.636013
710000 -0.581942
720000 -0.618154
730000 -0.586688
740000 -0.628072
750000 -0.571101
760000 -0.524031
770000 -0.48094
780000 -0.623237
790000 -0.568416
800000 -0.59516
810000 -0.513048
820000 -0.606747
830000 -0.531441
840000 -0.512152
850000 -0.571359
860000 -0.530889
870000 -0.583878
880000 -0.532558
890000 -0.526384
900000 -0.599971
910000 -0.467665
920000 -0.548018
930000 -0.573978
940000 -0.552611
950000 -0.531629
960000 -0.59835
970000 -0.485208
980000 -0.547507
990000 -0.630778
1000000 -0.542529
