10000 -0.506899
20000 -0.516625
30000 -0.6071
40000 -0.500479
50000 -0.621576
60000 -0.581982
70000 -0.586791
80000 -0.554536
90000 -0.566297
100000 -0.53857
110000 -0.533165
120000 -0.575193
130000 -0.588509
140000 -0.635338
150000 -0.567296
160000 -0.562708
170000 -0.624814
180000 -0.642638
190000 -0.554012
200000 -0.579808
210000 -0.556383
220000 -0.573416
230000 -0.551762
240000 -0.578565
250000 -0.578982
260000 -0.566972
270000 -0.535631
280000 -0.519584
290000 -0.565225
300000 -0.583984
310000 -0.538249
320000 -0.640325
330000 -0.551478
340000 -0.588134
350000 -0.583373
360000 -0.529324
370000 -0.599306
380000 -0.589956
390000 -0.602123
400000 -0.583658
410000 -0.552045
420000 -0.542288
430000 -0.575753
440000 -0.496976
450000 -0.586393
460000 -0.611814
470000 -0.601594
480000 -0.554805
490000 -0.586625
500000 -0.570433
510000 -0.573039
520000 -0.54448
530000 -0.560738
540000 -0.521333
550000 -0.522006
560000 -0.481383
570000 -0.568945
580000 -0.544829
590000 -0.605946
600000 -0.526454
610000 -0.543448
620000 -0.604427
630000 -0.552368
640000 -0.571333
650000 -0.661571
660000 -0.573876
670000 -0.5957
680000 -0.56297
690000 -0.649582
700000 -0.615468
710000 -0.565928
720000 -0.644141
730000 -0.572237
740000 -0.530981
750000 -0.60108
760000 -0.575733
770000 -0.540196
780000 -0.518512
790000 -0.4897
800000 -0.610743
810000 -0.566689
820000 -0.669344
830000 -0.624579
840000 -0.612006
850000 -0.524595
860000 -0.531613
870000 -0.516844
880000 -0.59868
890000 -0.502441
900000 -0.57816
910000 -0.576
920000 -0.594807
930000 -0.589068
940000 -0.593396
950000 -0.482192
960000 -0.654182
970000 -0.460398
980000 -0.607568
990000 -0.510963
1000000 -0.553963
