10000 -0.524865
20000 -0.566812
30000 -0.45029
40000 -0.575517
50000 -0.558989
60000 -0.549336
70000 -0.568117
80000 -0.58386
90000 -0.481891
100000 -0.644089
110000 -0.578799
120000 -0.589628
130000 -0.608743
140000 -0.588073
150000 -0.558395
160000 -0.640682
170000 -0.574509
180000 -0.543706
190000 -0.574937
200000 -0.570294
210000 -0.62461
220000 -0.538093
230000 -0.552904
240000 -0.566942
250000 -0.601236
260000 -0.593184
270000 -0.577233
280000 -0.617204
290000 -0.568581
300000 -0.498117
310000 -0.518138
320000 -0.530787
330000 -0.581384
340000 -0.637405
350000 -0.616253
360000 -0.53611
370000 -0.550715
380000 -0.637084
390000 -0.575294
400000 -0.554734
410000 -0.606988
420000 -0.55768
430000 -0.545345
440000 -0.617758
450000 -0.588473
460000 -0.572168
470000 -0.554946
480000 -0.64187
490000 -0.53533
500000 -0.594391
510000 -0.665553
520000 -0.552434
530000 -0.619862
540000 -0.560254
550000 -0.624224
560000 -0.512432
570000 -0.614369
580000 -0.573826
590000 -0.63357
600000 -0.532052
610000 -0.56618
620000 -0.57975
630000 -0.55805
640000 -0.517259
650000 -0.485725
660000 -0.570982
670000 -0.59443
680000 -0.635413
690000 -0.601916
700000 -0.488452
710000 -0.535214
720000 -0.652104
730000 -0.587212
740000 -0.52376
750000 -0.608751
760000 -0.566331
770000 -0.541285
780000 -0.561942
790000 -0.633308
800000 -0.649926
810000 -0.570427
820000 -0.508049
830000 -0.555567
840000 -0.499924
850000 -0.602651
860000 -0.504219
870000 -0.554532
880000 -0.536751
890000 -0.523904
900000 -0.539776
910000 -0.567783
920000 -0.586905
930000 -0.600061
940000 -0.56883
950000 -0.523534
960000 -0.541291
970000 -0.552436
980000 -0.598871
990000 -0.630364
1000000 -0.623559
