10000 -0.583268
20000 -0.575701
30000 -0.517635
40000 -0.508638
50000 -0.588578
60000 -0.617534
70000 -0.520232
80000 -0.558525
90000 -0.57671
100000 -0.619549
110000 -0.570869
120000 -0.587616
130000 -0.610444
140000 -0.581419
150000 -0.597486
160000 -0.584526
170000 -0.603325
180000 -0.513983
190000 -0.460693
200000 -0.629272
210000 -0.574608
220000 -0.61199
230000 -0.598764
240000 -0.654721
250000 -0.596215
260000 -0.584631
270000 -0.518879
280000 -0.497879
290000 -0.639898
300000 -0.615862
310000 -0.653462
320000 -0.481441
330000 -0.532596
340000 -0.540131
350000 -0.610323
360000 -0.604924
370000 -0.638228
380000 -0.516035
390000 -0.654942
400000 -0.601763
410000 -0.644941
420000 -0.549629
430000 -0.567426
440000 -0.631355
450000 -0.512135
460000 -0.532851
470000 -0.592166
480000 -0.516491
490000 -0.51253
500000 -0.557973
510000 -0.633705
520000 -0.516738
530000 -0.610055
540000 -0.580734
550000 -0.547112
560000 -0.520221
570000 -0.452055
580000 -0.605621
590000 -0.605961
600000 -0.558703
610000 -0.545354
620000 -0.59374
630000 -0.606758
640000 -0.647925
650000 -0.563591
660000 -0.573468
670000 -0.618546
680000 -0.638057
690000 -0.557665
700000 -0.619427
710000 -0.58679
720000 -0.585035
730000 -0.51079
740000 -0.567902
750000 -0.583893
760000 -0.579475
770000 -0.569245
780000 -0.523025
790000 -0.552888
800000 -0.60969
810000 -0.572855
820000 -0.627707
830000 -0.595074
840000 -0.627136
850000 -0.564907
860000 -0.546908
870000 -0.602887
880000 -0.630907
890000 -0.50728
900000 -0.622971
910000 -0.597085
920000 -0.451765
930000 -0.634662
940000 -0.55653
950000 -0.575747
960000 -0.604423
970000 -0.507082
980000 -0.518445
990000 -0.481352
1000000 -0.510692
