10000 -0.535897
20000 -0.559164
30000 -0.564111
40000 -0.505559
50000 -0.580347
60000 -0.517355
70000 -0.560681
80000 -0.595087
90000 -0.631823
100000 -0.557075
110000 -0.558654
120000 -0.576388
130000 -0.576077
140000 -0.526476
150000 -0.565386
160000 -0.576057
170000 -0.550349
180000 -0.546134
190000 -0.627912
200000 -0.592088
210000 -0.606792
220000 -0.544011
230000 -0.565566
240000 -0.488701
250000 -0.571899
260000 -0.613084
270000 -0.630616
280000 -0.628463
290000 -0.545788
300000 -0.602226
310000 -0.591598
320000 -0.512669
330000 -0.515088
340000 -0.512007
350000 -0.557963
360000 -0.588612
370000 -0.603763
380000 -0.540927
390000 -0.624679
400000 -0.472741
410000 -0.61243
420000 -0.571607
430000 -0.539544
440000 -0.526239
450000 -0.532243
460000 -0.542498
470000 -0.518913
480000 -0.545369
490000 -0.561595
500000 -0.607954
510000 -0.591057
520000 -0.621551
530000 -0.627484
540000 -0.614669
550000 -0.64206
560000 -0.560643
570000 -0.545266
580000 -0.527917
590000 -0.532826
600000 -0.592816
610000 -0.617417
620000 -0.557908
630000 -0.550535
640000 -0.609878
650000 -0.555805
660000 -0.559944
670000 -0.565334
680000 -0.560138
690000 -0.550191
700000 -0.572855
710000 -0.604099
720000 -0.501881
730000 -0.648498
740000 -0.607635
750000 -0.588518
760000 -0.55101
770000 -0.627051
780000 -0.509917
790000 -0.586699
800000 -0.61089
810000 -0.487481
820000 -0.622937
830000 -0.578271
840000 -0.63682
850000 -0.532472
860000 -0.583573
870000 -0.484969
880000 -0.603703
890000 -0.55449
900000 -0.577087
910000 -0.555585
920000 -0.57225
930000 -0.587033
940000 -0.632041
950000 -0.571301
960000 -0.559605
970000 -0.510321
980000 -0.560323
990000 -0.587602
1000000 -0.567303
