10000 -0.49932
20000 -0.591335
30000 -0.574913
40000 -0.482474
50000 -0.568163
60000 -0.643712
70000 -0.558489
80000 -0.507914
90000 -0.545853
100000 -0.540082
110000 -0.605947
120000 -0.534172
130000 -0.616752
140000 -0.629669
150000 -0.507874
160000 -0.603858
170000 -0.609257
180000 -0.55401
190000 -0.552929
200000 -0.655953
210000 -0.521711
220000 -0.575947
230000 -0.588721
240000 -0.569896
250000 -0.588092
260000 -0.603549
270000 -0.571822
280000 -0.548126
290000 -0.61371
300000 -0.502393
310000 -0.590828
320000 -0.586382
330000 -0.638554
340000 -0.546378
350000 -0.557828
360000 -0.574413
370000 -0.614124
380000 -0.544823
390000 -0.605227
400000 -0.57532
410000 -0.506169
420000 -0.610546
430000 -0.504863
440000 -0.445109
450000 -0.525786
460000 -0.519992
470000 -0.527893
480000 -0.590686
490000 -0.528952
500000 -0.568607
510000 -0.598685
520000 -0.604054
530000 -0.607902
540000 -0.633138
550000 -0.620133
560000 -0.470995
570000 -0.576301
580000 -0.558585
590000 -0.659084
600000 -0.558935
610000 -0.485363
620000 -0.56718
630000 -0.485514
640000 -0.614941
650000 -0.607716
660000 -0.563831
670000 -0.575721
680000 -0.505377
690000 -0.543431
700000 -0.580043
710000 -0.551586
720000 -0.544475
730000 -0.587083
740000 -0.634992
750000 -0.47271
760000 -0.58042
770000 -0.631154
780000 -0.56711
790000 -0.467515
800000 -0.603345
810000 -0.585218
820000 -0.630251
830000 -0.563516
840000 -0.522694
850000 -0.497282
860000 -0.581015
870000 -0.557737
880000 -0.559779
890000 -0.601234
900000 -0.567384
910000 -0.530884
920000 -0.604738
930000 -0.549246
940000 -0.660774
950000 -0.555428
960000 -0.60046
970000 -0.569297
980000 -0.564085
990000 -0.641131
1000000 -0.576505
