10000 -0.572173
20000 -0.515027
30000 -0.521617
40000 -0.608288
50000 -0.579524
60000 -0.570083
70000 -0.552835
80000 -0.592306
90000 -0.625584
100000 -0.586372
110000 -0.527897
120000 -0.533185
130000 -0.571757
140000 -0.585497
150000 -0.562957
160000 -0.546191
170000 -0.595326
180000 -0.55849
190000 -0.591258
200000 -0.603655
210000 -0.528514
220000 -0.543616
230000 -0.575199
240000 -0.540612
250000 -0.561697
260000 -0.556885
270000 -0.664477
280000 -0.539426
290000 -0.61858
300000 -0.635606
310000 -0.550529
320000 -0.587405
330000 -0.38787
340000 -0.639597
350000 -0.635854
360000 -0.581526
370000 -0.543179
380000 -0.640442
390000 -0.542491
400000 -0.535436
410000 -0.572065
420000 -0.611532
430000 -0.525222
440000 -0.596102
450000 -0.528222
460000 -0.644832
470000 -0.602248
480000 -0.508594
490000 -0.544498
500000 -0.52831
510000 -0.632575
520000 -0.593101
530000 -0.641174
540000 -0.515864
550000 -0.566395
560000 -0.641305
570000 -0.606195
580000 -0.619379
590000 -0.540147
600000 -0.601193
610000 -0.601867
620000 -0.571493
630000 -0.488415
640000 -0.580692
650000 -0.484982
660000 -0.620296
670000 -0.472606
680000 -0.617908
690000 -0.546463
700000 -0.506012
710000 -0.645973
720000 -0.657819
730000 -0.535472
740000 -0.612782
750000 -0.539143
760000 -0.585414
770000 -0.612796
780000 -0.591874
790000 -0.646272
800000 -0.544769
810000 -0.540149
820000 -0.612873
830000 -0.533353
840000 -0.543676
850000 -0.630369
860000 -0.524379
870000 -0.645129
880000 -0.488487
890000 -0.604166
900000 -0.52998
910000 -0.473911
920000 -0.598809
930000 -0.586021
940000 -0.580686
950000 -0.630742
960000 -0.594039
970000 -0.561541
980000 -0.551444
990000 -0.451516
1000000 -0.581867
