10000 0.908404
20000 0.966311
30000 0.87133
40000 0.95052
50000 1.09027
60000 1.1488
70000 0.775472
80000 1.03123
90000 0.734371
100000 0.478461
110000 0.81605
120000 0.769578
130000 1.26182
140000 0.617496
150000 0.700512
160000 0.793531
170000 0.897661
180000 0.547052
190000 1.02365
200000 1.04089
210000 1.30674
220000 1.12084
230000 0.690395
240000 0.763906
250000 1.04764
260000 0.915717
270000 1.14408
280000 0.534201
290000 1.27392
300000 0.831388
310000 0.950154
320000 1.26278
330000 1.11478
340000 0.852759
350000 1.19103
360000 0.947879
370000 0.685243
380000 0.671681
390000 0.474759
400000 1.17388
410000 1.06689
420000 0.795228
430000 0.877858
440000 0.734889
450000 1.03919
460000 0.883132
470000 0.817813
480000 0.836788
490000 0.694704
500000 1.13684
510000 0.763609
520000 1.24618
530000 0.808696
540000 0.977728
550000 0.727646
560000 0.877836
570000 1.04894
580000 1.04674
590000 1.08739
600000 1.06035
610000 1.10459
620000 1.12339
630000 0.756022
640000 1.38981
650000 0.933109
660000 0.845352
670000 0.953715
680000 0.915707
690000 1.02551
700000 1.26766
710000 0.746349
720000 0.721071
730000 1.07389
740000 1.12618
750000 1.03869
760000 0.927244
770000 1.1558
780000 0.782143
790000 1.08131
800000 0.827048
810000 0.93857
820000 0.967606
830000 0.887823
840000 0.924701
850000 1.21817
860000 1.10643
870000 0.85218
880000 0.976037
890000 0.734544
900000 0.984031
910000 0.655356
920000 0.640984
930000 0.668832
940000 0.808026
950000 0.985981
960000 0.799067
970000 1.25406
980000 0.740476
990000 1.38052
1000000 1.04733
