10000 1.11765
20000 0.908453
30000 0.46347
40000 1.20826
50000 1.34896
60000 1.09357
70000 1.22294
80000 1.20084
90000 1.2058
100000 1.2607
110000 1.19298
120000 0.811924
130000 0.694299
140000 0.799383
150000 0.869486
160000 1.19207
170000 1.16275
180000 0.972195
190000 1.38433
200000 1.08063
210000 0.714469
220000 1.03166
230000 0.997725
240000 0.821194
250000 0.646451
260000 0.630636
270000 1.04766
280000 0.849141
290000 1.03482
300000 0.70068
310000 0.993728
320000 1.17824
330000 1.02596
340000 1.20925
350000 0.783784
360000 0.393841
370000 0.852852
380000 0.370634
390000 0.898772
400000 0.967792
410000 0.63564
420000 0.670582
430000 0.784873
440000 1.2553
450000 1.03551
460000 0.907948
470000 0.827649
480000 0.636508
490000 1.20595
500000 1.18456
510000 0.646314
520000 0.640655
530000 1.08304
540000 0.87474
550000 0.714421
560000 0.811798
570000 1.37826
580000 0.996702
590000 0.743888
600000 1.03253
610000 0.714469
620000 0.723826
630000 1.17964
640000 1.2216
650000 1.17369
660000 1.28089
670000 1.14354
680000 1.02744
690000 0.911984
700000 0.674634
710000 0.972066
720000 0.830725
730000 0.707793
740000 0.813373
750000 1.35931
760000 1.02106
770000 0.987667
780000 0.785186
790000 0.956567
800000 1.35893
810000 1.23208
820000 0.53896
830000 1.15708
840000 0.995283
850000 0.836518
860000 0.887236
870000 1.17808
880000 0.747838
890000 1.22885
900000 0.803183
910000 0.443636
920000 1.21293
930000 0.867074
940000 0.736836
950000 0.738747
960000 0.989877
970000 0.835113
980000 0.721798
990000 0.548036
1000000 1.29441
