10000 -0.530458
20000 -0.531645
30000 -0.513203
40000 -0.509052
50000 -0.489124
60000 -0.475421
70000 -0.465374
80000 -0.456859
90000 -0.438033
100000 -0.424563
110000 -0.439074
120000 -0.449278
130000 -0.393861
140000 -0.394222
150000 -0.403785
160000 -0.45472
170000 -0.440879
180000 -0.425666
190000 -0.421129
200000 -0.412476
210000 -0.405194
220000 -0.396509
230000 -0.382234
240000 -0.383218
250000 -0.380989
260000 -0.369206
270000 -0.370141
280000 -0.364496
290000 -0.359464
300000 -0.360019
310000 -0.351574
320000 -0.343901
330000 -0.343052
340000 -0.337734
350000 -0.329793
360000 -0.321052
370000 -0.311963
380000 -0.313792
390000 -0.301401
400000 -0.285998
410000 -0.278886
420000 -0.276333
430000 -0.258875
440000 -0.272581
450000 -0.268871
460000 -0.268238
470000 -0.247487
480000 -0.238454
490000 -0.255399
500000 -0.24887
510000 -0.233625
520000 -0.241785
530000 -0.245482
540000 -0.238159
550000 -0.237392
560000 -0.23421
570000 -0.234587
580000 -0.228685
590000 -0.227884
600000 -0.222107
610000 -0.228169
620000 -0.227925
630000 -0.222361
640000 -0.226604
650000 -0.233067
660000 -0.231404
670000 -0.22263
680000 -0.224771
690000 -0.228027
700000 -0.221993
710000 -0.216829
720000 -0.219019
730000 -0.224835
740000 -0.218291
750000 -0.219207
760000 -0.222844
770000 -0.214712
780000 -0.218077
790000 -0.223729
800000 -0.221624
810000 -0.219397
820000 -0.218054
830000 -0.218713
840000 -0.209073
850000 -0.211048
860000 -0.223336
870000 -0.213362
880000 -0.214371
890000 -0.2085
900000 -0.224068
910000 -0.218668
920000 -0.204425
930000 -0.209575
940000 -0.221714
950000 -0.209597
960000 -0.212529
970000 -0.214635
980000 -0.220513
990000 -0.228081
