10000 0.2081
20000 0.205871
30000 0.204665
40000 0.203677
50000 0.439058
60000 0.438701
70000 0.436791
80000 0.336121
90000 0.186276
100000 0.159097
110000 0.0987251
120000 0.0720833
130000 0.0690896
140000 0.0661972
150000 0.0631219
160000 0.0601037
170000 0.0567919
180000 0.0535142
190000 0.169458
200000 0.157776
210000 0.150256
220000 0.144218
230000 0.1409
240000 0.140734
250000 0.13722
260000 0.131214
270000 0.140719
280000 0.127313
290000 0.125668
300000 0.1212
310000 0.119791
320000 0.122268
330000 0.114834
340000 0.102761
350000 0.103834
360000 0.0970589
370000 0.0987315
380000 0.0954342
390000 0.0952015
400000 0.0951244
410000 0.0930144
420000 0.0922411
430000 0.091481
440000 0.0906635
450000 0.0955722
460000 0.0929078
470000 0.0957576
480000 0.0873676
490000 0.0886405
500000 0.0858046
510000 0.0850304
520000 0.299932
530000 0.302684
540000 0.296751
550000 0.296644
560000 0.294805
570000 0.307424
580000 0.292876
590000 0.293628
600000 0.291135
610000 0.291263
620000 0.290466
630000 0.288443
640000 0.287994
650000 0.286309
660000 0.286204
670000 0.290802
680000 0.295565
690000 0.29519
700000 0.288884
710000 0.283108
720000 0.284019
730000 0.282724
740000 0.331358
750000 0.317126
760000 0.304735
770000 0.29979
780000 0.295061
790000 0.290939
800000 0.285227
810000 0.279152
820000 0.271467
830000 0.261751
840000 0.249485
850000 0.238515
860000 0.233913
870000 0.225911
880000 0.220551
890000 0.215851
900000 0.214905
910000 0.214579
920000 0.213025
930000 0.211094
940000 0.210137
950000 0.209188
960000 0.208195
970000 0.20724
980000 0.206274
990000 0.205166
