10000 0.648863
20000 0.105854
30000 0.0719899
40000 0.155164
50000 0.044513
60000 0.0392164
70000 0.0382911
80000 0.0381357
90000 0.062698
100000 0.062245
110000 0.0620723
120000 0.0619678
130000 0.0618394
140000 0.061744
150000 0.0617471
160000 0.0615841
170000 0.0616641
180000 0.0615203
190000 0.0613526
200000 0.0609975
210000 0.0612339
220000 0.137515
230000 0.0821962
240000 0.0667565
250000 0.0667565
260000 0.0667565
270000 0.02942
280000 0.0194831
290000 0.0194302
300000 0.0193992
310000 0.0193561
320000 0.0192935
330000 0.019228
340000 0.0191936
350000 0.0191323
360000 0.0190515
370000 0.0190114
380000 0.018914
390000 0.0188994
400000 0.0889437
410000 0.0881626
420000 0.0875022
430000 0.0867869
440000 0.0861152
450000 0.0854663
460000 0.0847626
470000 0.0840006
480000 0.0832578
490000 0.0825641
500000 0.0819114
510000 0.0811473
520000 0.0803179
530000 0.0794691
540000 0.078724
550000 0.077949
560000 0.0772061
570000 0.0765116
580000 0.0756981
590000 0.0749376
600000 0.0741606
610000 0.0734022
620000 0.0726157
630000 0.0718858
640000 0.0711409
650000 0.0703744
660000 0.0696138
670000 0.0688034
680000 0.0679534
690000 0.0670969
700000 0.0664198
710000 0.0656506
720000 0.0649948
730000 0.0641924
740000 0.0633743
750000 0.0625281
760000 0.0617564
770000 0.0609561
780000 0.0600674
790000 0.059185
800000 0.0583653
810000 0.0574381
820000 0.0566246
830000 0.0557367
840000 0.0548491
850000 0.0539904
860000 0.0532297
870000 0.0521825
880000 0.0511683
890000 0.0502101
900000 0.0493592
910000 0.0486034
920000 0.0476159
930000 0.0466963
940000 0.0457272
950000 0.701848
960000 0.567904
970000 0.486166
980000 0.469235
990000 0.445458
