10000 0.272248
20000 0.0713177
30000 0.0713177
40000 0.117216
50000 0.0524849
60000 0.0523224
70000 0.052171
80000 0.051982
90000 0.0518569
100000 0.0719335
110000 0.0514307
120000 0.0504761
130000 0.0502628
140000 0.413195
150000 0.248553
160000 0.206167
170000 0.175764
180000 0.13678
190000 0.135705
200000 0.165666
210000 0.162432
220000 0.154514
230000 0.177176
240000 0.146083
250000 0.143051
260000 0.136776
270000 0.135621
280000 0.134074
290000 0.131089
300000 0.134134
310000 0.128307
320000 0.12733
330000 0.127151
340000 0.126708
350000 0.125949
360000 0.127145
370000 0.12439
380000 0.13498
390000 0.1332
400000 0.122253
410000 0.122152
420000 0.155712
430000 0.156647
440000 0.165918
450000 0.153845
460000 0.154907
470000 0.152904
480000 0.185674
490000 0.0950082
500000 0.0918138
510000 0.0935454
520000 0.0983303
530000 0.0917497
540000 0.0906405
550000 0.0917766
560000 0.0939327
570000 0.0914037
580000 0.0896739
590000 0.107199
600000 0.0979451
610000 0.0886832
620000 0.0883144
630000 0.127838
640000 0.11036
650000 0.0939291
660000 0.0918603
670000 0.0914095
680000 0.0911329
690000 0.0915617
700000 0.0896153
710000 0.0906007
720000 0.0899352
730000 0.0892035
740000 0.0873665
750000 0.0875473
760000 0.0861852
770000 0.0880113
780000 0.0852855
790000 0.0873098
800000 0.0841915
810000 0.0839672
820000 0.0831116
830000 0.0826327
840000 0.0831827
850000 0.0817665
860000 0.0808915
870000 0.133193
880000 0.121634
890000 0.108135
900000 0.106129
910000 0.102197
920000 0.102734
930000 0.100586
940000 0.097543
950000 0.0962007
960000 0.0959872
970000 0.0937963
980000 0.0926329
990000 0.0917167
