10000 0.0201971
20000 0.0201971
30000 0.0201971
40000 0.0201971
50000 0.0201971
60000 0.0201971
70000 0.0201971
80000 0.0201971
90000 0.0201971
100000 0.0201971
110000 0.0201971
120000 0.0201971
130000 0.0201971
140000 0.0201971
150000 0.0201971
160000 0.0201971
170000 0.0201971
180000 0.0201971
190000 0.0201971
200000 0.0201971
210000 0.0201971
220000 0.0201971
230000 0.0201971
240000 0.0201971
250000 0.0201971
260000 0.0201971
270000 0.0201971
280000 0.0201971
290000 0.0201971
300000 0.0201971
310000 0.0201971
320000 0.0201971
330000 0.0201971
340000 0.506867
350000 0.217816
360000 0.152689
370000 0.124157
380000 0.119701
390000 0.117825
400000 0.114239
410000 0.114153
420000 0.113358
430000 0.112841
440000 0.112485
450000 0.111903
460000 0.111758
470000 0.111216
480000 0.110564
490000 0.109962
500000 0.173556
510000 0.152463
520000 0.122363
530000 0.241698
540000 0.235041
550000 0.23173
560000 0.228179
570000 0.228041
580000 0.22804
590000 0.227799
600000 0.227724
610000 0.227522
620000 0.227493
630000 0.227631
640000 0.227688
650000 0.227456
660000 0.228495
670000 0.227117
680000 0.227275
690000 0.226863
700000 0.226737
710000 0.226613
720000 0.226572
730000 0.226451
740000 0.226198
750000 0.226876
760000 0.226094
770000 0.22589
780000 0.225785
790000 0.226708
800000 0.225633
810000 0.226469
820000 0.22541
830000 0.202575
840000 0.178097
850000 0.167587
860000 0.166684
870000 0.166116
880000 0.165337
890000 0.164872
900000 0.16461
910000 0.167262
920000 0.164233
930000 0.172285
940000 0.182423
950000 0.163839
960000 0.163692
970000 0.163075
980000 0.163029
990000 0.164627
