10000 0.284968
20000 0.376155
30000 0.20359
40000 0.155144
50000 0.373744
60000 0.303837
70000 0.480615
80000 0.45747
90000 0.397492
100000 0.319707
110000 0.294939
120000 0.258475
130000 0.245846
140000 0.232067
150000 0.217532
160000 0.199009
170000 0.192879
180000 0.187186
190000 0.117902
200000 0.11317
210000 0.109087
220000 0.105072
230000 0.101192
240000 0.0971735
250000 0.093525
260000 0.0900429
270000 0.086331
280000 0.0827444
290000 0.0793371
300000 0.0761764
310000 0.0733071
320000 0.070273
330000 0.330885
340000 0.313754
350000 0.311808
360000 0.307672
370000 0.305929
380000 0.297707
390000 0.304131
400000 0.300887
410000 0.29036
420000 0.282304
430000 0.278509
440000 0.277258
450000 0.277175
460000 0.275648
470000 0.275108
480000 0.274606
490000 0.274245
500000 0.271653
510000 0.271453
520000 0.272199
530000 0.267152
540000 0.29429
550000 0.284277
560000 0.270625
570000 0.267413
580000 0.266034
590000 0.26834
600000 0.262212
610000 0.261824
620000 0.264905
630000 0.25841
640000 0.259513
650000 0.259531
660000 0.261018
670000 0.261167
680000 0.257476
690000 0.265765
700000 0.257941
710000 0.254177
720000 0.300826
730000 0.292181
740000 0.296
750000 0.283045
760000 0.278395
770000 0.279244
780000 0.276926
790000 0.278901
800000 0.276106
810000 0.276015
820000 0.275742
830000 0.272471
840000 0.273204
850000 0.27328
860000 0.272837
870000 0.270383
880000 0.269995
890000 0.26728
900000 0.26698
910000 0.267393
920000 0.27284
930000 0.262129
940000 0.263049
950000 0.264939
960000 0.261145
970000 0.260196
980000 0.259662
990000 0.256604
