10000 -0.601944
20000 -0.514122
30000 -0.51801
40000 -0.562197
50000 -0.508435
60000 -0.565357
70000 -0.61637
80000 -0.565694
90000 -0.519772
100000 -0.585907
110000 -0.533771
120000 -0.549831
130000 -0.621545
140000 -0.531625
150000 -0.630348
160000 -0.580555
170000 -0.613821
180000 -0.647545
190000 -0.5643
200000 -0.599236
210000 -0.56693
220000 -0.591307
230000 -0.558642
240000 -0.592925
250000 -0.509741
260000 -0.593782
270000 -0.562809
280000 -0.610831
290000 -0.594198
300000 -0.548839
310000 -0.489281
320000 -0.531624
330000 -0.581918
340000 -0.530929
350000 -0.594918
360000 -0.597905
370000 -0.606988
380000 -0.589715
390000 -0.527743
400000 -0.529147
410000 -0.510148
420000 -0.488233
430000 -0.532293
440000 -0.638455
450000 -0.643668
460000 -0.555274
470000 -0.572271
480000 -0.586222
490000 -0.462813
500000 -0.531154
510000 -0.572783
520000 -0.578253
530000 -0.607946
540000 -0.631352
550000 -0.590871
560000 -0.565439
570000 -0.574648
580000 -0.569794
590000 -0.573955
600000 -0.59598
610000 -0.56626
620000 -0.616749
630000 -0.618985
640000 -0.61115
650000 -0.571502
660000 -0.540066
670000 -0.478558
680000 -0.50448
690000 -0.62726
700000 -0.522112
710000 -0.604257
720000 -0.548283
730000 -0.52556
740000 -0.574683
750000 -0.609615
760000 -0.617012
770000 -0.515093
780000 -0.606043
790000 -0.518294
800000 -0.62867
810000 -0.652889
820000 -0.489974
830000 -0.554499
840000 -0.601794
850000 -0.514224
860000 -0.538758
870000 -0.601428
880000 -0.613768
890000 -0.567018
900000 -0.600772
910000 -0.559898
920000 -0.579032
930000 -0.615021
940000 -0.467413
950000 -0.614439
960000 -0.631058
970000 -0.497356
980000 -0.511952
990000 -0.587287
1000000 -0.498016
