10000 -0.593049
20000 -0.613263
30000 -0.627276
40000 -0.561261
50000 -0.530207
60000 -0.603664
70000 -0.548322
80000 -0.571776
90000 -0.563385
100000 -0.565285
110000 -0.575076
120000 -0.636081
130000 -0.589388
140000 -0.583891
150000 -0.578144
160000 -0.485952
170000 -0.62477
180000 -0.580913
190000 -0.552741
200000 -0.634675
210000 -0.571429
220000 -0.518755
230000 -0.565452
240000 -0.589578
250000 -0.57832
260000 -0.565388
270000 -0.496202
280000 -0.513747
290000 -0.501685
300000 -0.541506
310000 -0.618859
320000 -0.574748
330000 -0.533599
340000 -0.583402
350000 -0.608236
360000 -0.56201
370000 -0.604997
380000 -0.613385
390000 -0.580041
400000 -0.618133
410000 -0.539756
420000 -0.5831
430000 -0.55471
440000 -0.52999
450000 -0.497682
460000 -0.4794
470000 -0.508827
480000 -0.614456
490000 -0.558938
500000 -0.649259
510000 -0.61045
520000 -0.580229
530000 -0.607985
540000 -0.63415
550000 -0.574909
560000 -0.56939
570000 -0.536804
580000 -0.612994
590000 -0.527664
600000 -0.527387
610000 -0.567451
620000 -0.564077
630000 -0.577
640000 -0.611506
650000 -0.639953
660000 -0.514707
670000 -0.603909
680000 -0.540886
690000 -0.559431
700000 -0.475271
710000 -0.593548
720000 -0.498347
730000 -0.627051
740000 -0.540812
750000 -0.579425
760000 -0.587823
770000 -0.516545
780000 -0.623707
790000 -0.559089
800000 -0.534403
810000 -0.532708
820000 -0.509239
830000 -0.422018
840000 -0.539102
850000 -0.564424
860000 -0.56819
870000 -0.584704
880000 -0.606323
890000 -0.567745
900000 -0.593069
910000 -0.532981
920000 -0.595361
930000 -0.579828
940000 -0.561578
950000 -0.532848
960000 -0.574764
970000 -0.616182
980000 -0.566755
990000 -0.555779
1000000 -0.543774
