10000 -0.572927
20000 -0.594103
30000 -0.616626
40000 -0.561796
50000 -0.537193
60000 -0.597525
70000 -0.566757
80000 -0.523639
90000 -0.524623
100000 -0.591993
110000 -0.558972
120000 -0.484114
130000 -0.643155
140000 -0.639898
150000 -0.594838
160000 -0.613372
170000 -0.555386
180000 -0.55573
190000 -0.585649
200000 -0.625805
210000 -0.523596
220000 -0.611869
230000 -0.610739
240000 -0.611419
250000 -0.556909
260000 -0.611861
270000 -0.573712
280000 -0.546552
290000 -0.420416
300000 -0.583182
310000 -0.663891
320000 -0.622737
330000 -0.543005
340000 -0.578134
350000 -0.559788
360000 -0.540615
370000 -0.577658
380000 -0.601466
390000 -0.618894
400000 -0.611619
410000 -0.55393
420000 -0.624931
430000 -0.543952
440000 -0.614181
450000 -0.493101
460000 -0.523581
470000 -0.495533
480000 -0.573394
490000 -0.533707
500000 -0.584083
510000 -0.624396
520000 -0.469147
530000 -0.596987
540000 -0.537229
550000 -0.559222
560000 -0.531776
570000 -0.586337
580000 -0.599091
590000 -0.629967
600000 -0.618664
610000 -0.607446
620000 -0.588038
630000 -0.644627
640000 -0.575152
650000 -0.614051
660000 -0.520506
670000 -0.529947
680000 -0.619591
690000 -0.569798
700000 -0.567544
710000 -0.454601
720000 -0.607217
730000 -0.514272
740000 -0.537557
750000 -0.633065
760000 -0.544263
770000 -0.486461
780000 -0.580246
790000 -0.551566
800000 -0.545908
810000 -0.608195
820000 -0.529223
830000 -0.583086
840000 -0.582957
850000 -0.544601
860000 -0.586145
870000 -0.613698
880000 -0.533266
890000 -0.533627
900000 -0.532707
910000 -0.499531
920000 -0.572475
930000 -0.5798
940000 -0.619243
950000 -0.651536
960000 -0.555725
970000 -0.607594
980000 -0.545799
990000 -0.583677
1000000 -0.552343
