10000 1.05947
20000 1.17617
30000 0.609854
40000 0.589281
50000 1.09592
60000 1.11341
70000 1.23038
80000 0.752466
90000 1.12807
100000 0.901106
110000 1.32855
120000 0.897271
130000 0.806271
140000 0.579599
150000 0.993644
160000 0.722105
170000 0.573584
180000 0.63322
190000 0.801726
200000 0.944294
210000 0.955318
220000 0.999299
230000 0.770108
240000 0.775403
250000 1.25526
260000 1.0654
270000 0.641648
280000 1.12349
290000 0.828518
300000 0.859823
310000 1.04245
320000 0.634819
330000 0.629087
340000 0.90589
350000 0.919371
360000 0.970451
370000 1.02065
380000 0.621676
390000 0.846048
400000 0.968399
410000 1.1179
420000 1.3834
430000 0.45768
440000 0.734677
450000 0.980195
460000 0.911346
470000 0.613166
480000 1.27305
490000 1.14944
500000 1.02237
510000 1.14148
520000 0.773011
530000 0.227258
540000 1.19361
550000 0.880379
560000 1.17006
570000 1.38502
580000 0.704592
590000 1.04785
600000 1.04459
610000 1.00547
620000 0.716996
630000 1.14155
640000 1.17343
650000 0.781065
660000 0.924752
670000 1.12117
680000 0.775698
690000 1.01317
700000 1.12433
710000 0.687612
720000 1.02504
730000 1.03603
740000 0.771203
750000 0.654809
760000 1.08556
770000 1.1817
780000 1.04646
790000 1.28142
800000 1.04806
810000 0.97034
820000 0.981145
830000 0.765521
840000 0.862115
850000 0.936673
860000 0.950106
870000 1.3264
880000 0.597453
890000 0.730305
900000 1.39875
910000 1.13631
920000 0.682832
930000 0.838838
940000 0.964962
950000 0.704003
960000 0.783325
970000 1.01478
980000 1.33335
990000 0.947689
1000000 0.773513
