10000 1.1178
20000 0.826486
30000 0.937718
40000 1.10517
50000 1.03918
60000 0.938921
70000 1.10176
80000 0.540595
90000 0.53925
100000 0.997902
110000 1.04173
120000 0.922764
130000 1.01441
140000 1.15676
150000 0.995705
160000 1.08897
170000 1.36367
180000 0.957461
190000 1.03109
200000 0.661154
210000 0.941544
220000 0.950014
230000 1.00542
240000 0.595026
250000 0.46347
260000 0.521467
270000 1.15015
280000 0.795031
290000 0.92094
300000 0.680485
310000 0.714471
320000 1.03026
330000 0.771878
340000 0.66576
350000 0.704589
360000 1.16281
370000 0.685604
380000 0.860726
390000 0.782143
400000 1.00515
410000 1.332
420000 0.635827
430000 1.02298
440000 0.717395
450000 0.734897
460000 0.704589
470000 1.12482
480000 0.690865
490000 0.733794
500000 0.937231
510000 0.660521
520000 1.25526
530000 0.99587
540000 0.874732
550000 1.04293
560000 0.790309
570000 0.892441
580000 0.933624
590000 1.01812
600000 0.959615
610000 1.05171
620000 0.859164
630000 0.640991
640000 0.981445
650000 0.758773
660000 1.36807
670000 0.919245
680000 1.23133
690000 1.29813
700000 0.497361
710000 0.757382
720000 0.755074
730000 1.05232
740000 1.24026
750000 0.774177
760000 0.546814
770000 0.933147
780000 0.704537
790000 0.676136
800000 1.1318
810000 0.867417
820000 1.00695
830000 0.862105
840000 0.859843
850000 1.09964
860000 1.09572
870000 0.989758
880000 0.641647
890000 1.12779
900000 1.17326
910000 0.511506
920000 0.650085
930000 1.13674
940000 1.01552
950000 0.441964
960000 0.717393
970000 1.08671
980000 0.994877
990000 1.05683
1000000 0.443636
