10000 -0.305215
20000 -0.328032
30000 -0.346433
40000 -0.359219
50000 -0.367684
60000 -0.369929
70000 -0.36974
80000 -0.370239
90000 -0.3706
100000 -0.37123
110000 -0.373171
120000 -0.372984
130000 -0.373153
140000 -0.372514
150000 -0.371807
160000 -0.370904
170000 -0.370026
180000 -0.36841
190000 -0.366019
200000 -0.363779
210000 -0.361523
220000 -0.359868
230000 -0.358025
240000 -0.356106
250000 -0.354359
260000 -0.352545
270000 -0.350975
280000 -0.34924
290000 -0.347878
300000 -0.346524
310000 -0.345066
320000 -0.343556
330000 -0.342297
340000 -0.340935
350000 -0.339762
360000 -0.338524
370000 -0.337207
380000 -0.335883
390000 -0.334518
400000 -0.333077
410000 -0.331612
420000 -0.330379
430000 -0.32896
440000 -0.327804
450000 -0.32656
460000 -0.325414
470000 -0.324303
480000 -0.323211
490000 -0.322222
500000 -0.321221
510000 -0.320077
520000 -0.319083
530000 -0.318178
540000 -0.317262
550000 -0.316477
560000 -0.315628
570000 -0.314877
580000 -0.314127
590000 -0.31342
600000 -0.312703
610000 -0.311995
620000 -0.311369
630000 -0.310703
640000 -0.309945
650000 -0.308502
660000 -0.306396
670000 -0.303619
680000 -0.300751
690000 -0.29829
700000 -0.295798
710000 -0.293306
720000 -0.291042
730000 -0.288769
740000 -0.28648
750000 -0.28423
760000 -0.282135
770000 -0.279971
780000 -0.277838
790000 -0.275778
800000 -0.273787
810000 -0.271804
820000 -0.269926
830000 -0.268039
840000 -0.266218
850000 -0.264501
860000 -0.262712
870000 -0.26094
880000 -0.259259
890000 -0.257616
900000 -0.255988
910000 -0.254375
920000 -0.252787
930000 -0.251204
940000 -0.249733
950000 -0.248224
960000 -0.246783
970000 -0.245362
980000 -0.243971
990000 -0.242583
