10000 -0.402994
20000 -0.42295
30000 -0.397339
40000 -0.392048
50000 -0.390553
60000 -0.384587
70000 -0.381909
80000 -0.372457
90000 -0.368415
100000 -0.36565
110000 -0.361571
120000 -0.354025
130000 -0.351812
140000 -0.344507
150000 -0.334007
160000 -0.328281
170000 -0.32517
180000 -0.317462
190000 -0.309827
200000 -0.304426
210000 -0.300794
220000 -0.278118
230000 -0.27119
240000 -0.274028
250000 -0.270999
260000 -0.257109
270000 -0.254711
280000 -0.253783
290000 -0.253158
300000 -0.253726
310000 -0.253133
320000 -0.25846
330000 -0.257487
340000 -0.251326
350000 -0.253041
360000 -0.255405
370000 -0.248019
380000 -0.254389
390000 -0.257256
400000 -0.246936
410000 -0.246674
420000 -0.242497
430000 -0.241582
440000 -0.24059
450000 -0.239518
460000 -0.239432
470000 -0.239435
480000 -0.239971
490000 -0.239237
500000 -0.238876
510000 -0.239555
520000 -0.23873
530000 -0.238024
540000 -0.237845
550000 -0.22679
560000 -0.216442
570000 -0.186045
580000 -0.178531
590000 -0.168907
600000 -0.157672
610000 -0.141622
620000 -0.110747
630000 -0.108653
640000 -0.108669
650000 -0.109076
660000 -0.109602
670000 -0.110088
680000 -0.110358
690000 -0.109433
700000 -0.109937
710000 -0.111055
720000 -0.109794
730000 -0.110074
740000 -0.10995
750000 -0.109786
760000 -0.108954
770000 -0.108549
780000 -0.108758
790000 -0.107843
800000 -0.107561
810000 -0.107544
820000 -0.108045
830000 -0.108303
840000 -0.108337
850000 -0.10791
860000 -0.107381
870000 -0.107513
880000 -0.106377
890000 -0.105761
900000 -0.104364
910000 -0.1043
920000 -0.104634
930000 -0.104703
940000 -0.104458
950000 -0.104136
960000 -0.103842
970000 -0.103552
980000 -0.103496
990000 -0.103494
