10000 -0.437433
20000 -0.427707
30000 -0.428752
40000 -0.420107
50000 -0.41983
60000 -0.413217
70000 -0.407912
80000 -0.403533
90000 -0.395764
100000 -0.391217
110000 -0.38985
120000 -0.377688
130000 -0.375748
140000 -0.373299
150000 -0.372589
160000 -0.375386
170000 -0.368862
180000 -0.349545
190000 -0.350247
200000 -0.35425
210000 -0.351098
220000 -0.345871
230000 -0.343792
240000 -0.340745
250000 -0.334404
260000 -0.334545
270000 -0.329908
280000 -0.325325
290000 -0.323579
300000 -0.320526
310000 -0.316022
320000 -0.312557
330000 -0.306039
340000 -0.303066
350000 -0.302582
360000 -0.300195
370000 -0.296673
380000 -0.295645
390000 -0.293902
400000 -0.290758
410000 -0.290042
420000 -0.29015
430000 -0.286109
440000 -0.286404
450000 -0.285788
460000 -0.276702
470000 -0.268999
480000 -0.260457
490000 -0.248712
500000 -0.242755
510000 -0.238202
520000 -0.232919
530000 -0.220621
540000 -0.215521
550000 -0.214608
560000 -0.210524
570000 -0.209372
580000 -0.203545
590000 -0.199606
600000 -0.192279
610000 -0.180159
620000 -0.173505
630000 -0.162154
640000 -0.161927
650000 -0.161284
660000 -0.160496
670000 -0.156362
680000 -0.152699
690000 -0.151946
700000 -0.150117
710000 -0.148954
720000 -0.148451
730000 -0.146275
740000 -0.145503
750000 -0.144593
760000 -0.144546
770000 -0.1435
780000 -0.143257
790000 -0.142739
800000 -0.143323
810000 -0.142686
820000 -0.141826
830000 -0.141829
840000 -0.142532
850000 -0.142355
860000 -0.140865
870000 -0.140994
880000 -0.139978
890000 -0.139323
900000 -0.139031
910000 -0.13912
920000 -0.139874
930000 -0.13978
940000 -0.14045
950000 -0.139467
960000 -0.138385
970000 -0.137676
980000 -0.138168
990000 -0.137515
