10000 -0.44603
20000 -0.438159
30000 -0.406802
40000 -0.398528
50000 -0.358191
60000 -0.327083
70000 -0.31886
80000 -0.305626
90000 -0.303627
100000 -0.296841
110000 -0.288462
120000 -0.283553
130000 -0.278055
140000 -0.275126
150000 -0.270802
160000 -0.262336
170000 -0.26168
180000 -0.263293
190000 -0.263141
200000 -0.260466
210000 -0.258604
220000 -0.253386
230000 -0.252705
240000 -0.251456
250000 -0.25014
260000 -0.247704
270000 -0.248537
280000 -0.24568
290000 -0.242085
300000 -0.239751
310000 -0.238582
320000 -0.237705
330000 -0.233717
340000 -0.232566
350000 -0.235782
360000 -0.229682
370000 -0.224101
380000 -0.220556
390000 -0.218676
400000 -0.215683
410000 -0.211994
420000 -0.206339
430000 -0.199242
440000 -0.194137
450000 -0.190551
460000 -0.190319
470000 -0.189604
480000 -0.185494
490000 -0.185677
500000 -0.179386
510000 -0.159033
520000 -0.151697
530000 -0.142469
540000 -0.14425
550000 -0.137484
560000 -0.134687
570000 -0.112079
580000 -0.109547
590000 -0.104887
600000 -0.101724
610000 -0.0988114
620000 -0.0957645
630000 -0.091952
640000 -0.0869355
650000 -0.0855117
660000 -0.0853227
670000 -0.0853174
680000 -0.0841348
690000 -0.0833556
700000 -0.0835196
710000 -0.0826559
720000 -0.0811504
730000 -0.0801203
740000 -0.0786241
750000 -0.0783511
760000 -0.0773934
770000 -0.0766912
780000 -0.076502
790000 -0.0770011
800000 -0.0754203
810000 -0.0740209
820000 -0.0728411
830000 -0.0712359
840000 -0.0706554
850000 -0.0695691
860000 -0.0691613
870000 -0.068904
880000 -0.0689116
890000 -0.0689169
900000 -0.0689008
910000 -0.0689
920000 -0.0687048
930000 -0.0687426
940000 -0.0686588
950000 -0.0686492
960000 -0.0686956
970000 -0.0687017
980000 -0.0686803
990000 -0.0687202
