10000 -0.435653
20000 -0.419162
30000 -0.417063
40000 -0.408301
50000 -0.384334
60000 -0.370047
70000 -0.362733
80000 -0.360656
90000 -0.351094
100000 -0.34031
110000 -0.341264
120000 -0.334818
130000 -0.330748
140000 -0.327558
150000 -0.324548
160000 -0.322748
170000 -0.320961
180000 -0.316729
190000 -0.314818
200000 -0.312368
210000 -0.310855
220000 -0.306227
230000 -0.304112
240000 -0.299141
250000 -0.292957
260000 -0.28768
270000 -0.284622
280000 -0.277421
290000 -0.268974
300000 -0.270615
310000 -0.270351
320000 -0.273237
330000 -0.265582
340000 -0.261975
350000 -0.254159
360000 -0.250752
370000 -0.249582
380000 -0.249018
390000 -0.249041
400000 -0.251062
410000 -0.251672
420000 -0.250884
430000 -0.250516
440000 -0.249809
450000 -0.24966
460000 -0.249406
470000 -0.2487
480000 -0.248168
490000 -0.249157
500000 -0.251109
510000 -0.247956
520000 -0.24833
530000 -0.247403
540000 -0.246719
550000 -0.248731
560000 -0.249889
570000 -0.235185
580000 -0.23319
590000 -0.230595
600000 -0.219829
610000 -0.209166
620000 -0.201096
630000 -0.198674
640000 -0.187983
650000 -0.174321
660000 -0.154616
670000 -0.139043
680000 -0.136456
690000 -0.134162
700000 -0.132275
710000 -0.131403
720000 -0.12803
730000 -0.120965
740000 -0.118667
750000 -0.116078
760000 -0.114827
770000 -0.115315
780000 -0.107492
790000 -0.109072
800000 -0.102709
810000 -0.0982775
820000 -0.0962921
830000 -0.0960849
840000 -0.0969012
850000 -0.0952672
860000 -0.0908943
870000 -0.0900106
880000 -0.0894998
890000 -0.0891445
900000 -0.0854096
910000 -0.0853665
920000 -0.0862266
930000 -0.0845214
940000 -0.0836193
950000 -0.0803635
960000 -0.0791755
970000 -0.0808621
980000 -0.0810054
990000 -0.0786005
