10000 0.414405
20000 0.271613
30000 0.184157
40000 0.139851
50000 0.113142
60000 0.0952515
70000 0.0824202
80000 0.0728058
90000 0.0653456
100000 0.0593625
110000 0.0544741
120000 0.0503632
130000 0.0469095
140000 0.0439393
150000 0.0413725
160000 0.0391226
170000 0.0371428
180000 0.0353747
190000 0.0337979
200000 0.0323737
210000 0.0310866
220000 0.0299199
230000 0.0288518
240000 0.0278731
250000 0.0269721
260000 0.0261401
270000 0.0253706
280000 0.0246565
290000 0.0238572
300000 0.023236
310000 0.0226553
320000 0.0221089
330000 0.0215969
340000 0.0211157
350000 0.0206608
360000 0.020232
370000 0.0198265
380000 0.0194421
390000 0.0190773
400000 0.0187303
410000 0.0184009
420000 0.0180869
430000 0.0177869
440000 0.0175024
450000 0.017228
460000 0.0169668
470000 0.016717
480000 0.016477
490000 0.0162477
500000 0.0160272
510000 0.0158147
520000 0.0156105
530000 0.0154145
540000 0.0152259
550000 0.0150431
560000 0.0148676
570000 0.014698
580000 0.0145345
590000 0.0143763
600000 0.0142235
610000 0.014076
620000 0.0139328
630000 0.0137943
640000 0.0136607
650000 0.0135304
660000 0.0134041
670000 0.013282
680000 0.0131632
690000 0.0130478
700000 0.0129358
710000 0.0128271
720000 0.0127211
730000 0.0126183
740000 0.0125183
750000 0.0124207
760000 0.0123259
770000 0.0122333
780000 0.0121431
790000 0.0120554
800000 0.0119699
810000 0.0118864
820000 0.0118049
830000 0.0117255
840000 0.0116478
850000 0.0115721
860000 0.011498
870000 0.0114257
880000 0.0113551
890000 0.011286
900000 0.0112187
910000 0.0111525
920000 0.0110879
930000 0.0110246
940000 0.0109627
950000 0.0109021
960000 0.0108429
970000 0.0107848
980000 0.0107278
990000 0.010672
