10000 0.264506
20000 0.14868
30000 0.115891
40000 0.0778747
50000 0.0762433
60000 0.0675202
70000 0.0672387
80000 0.0660879
90000 0.0656676
100000 0.0655627
110000 0.0654818
120000 0.0654787
130000 0.0654942
140000 0.0654918
150000 0.0655548
160000 0.0655943
170000 0.0655702
180000 0.0656154
190000 0.0656906
200000 0.0656805
210000 0.0656906
220000 0.00426827
230000 0.00426827
240000 0.00426827
250000 0.00426827
260000 0.00426827
270000 0.00426827
280000 0.00426827
290000 0.00426827
300000 0.00426827
310000 0.00426827
320000 0.00426827
330000 0.00426827
340000 0.00426827
350000 0.00426827
360000 0.00426827
370000 0.00426827
380000 0.00426827
390000 0.00426827
400000 0.00426827
410000 0.00426827
420000 0.00426827
430000 0.00426827
440000 0.00426827
450000 0.00426827
460000 0.00426827
470000 0.00426827
480000 0.00426827
490000 0.00426827
500000 0.00426827
510000 0.00426827
520000 0.00426827
530000 0.00426827
540000 0.00426827
550000 0.00426827
560000 0.00426827
570000 0.00426827
580000 0.00426827
590000 0.00426827
600000 0.00426827
610000 0.00426827
620000 0.00426827
630000 0.00426827
640000 0.00426827
650000 0.00426827
660000 0.00426827
670000 0.00426827
680000 0.00426827
690000 0.00426827
700000 0.00426827
710000 0.00426827
720000 0.00426827
730000 0.00426827
740000 0.00426827
750000 0.00426827
760000 0.00426827
770000 0.00426827
780000 0.00426827
790000 0.00426827
800000 0.00426827
810000 0.00426827
820000 0.00426827
830000 0.00426827
840000 0.00426827
850000 0.00426827
860000 0.00426827
870000 0.00426827
880000 0.00426827
890000 0.00426827
900000 0.00426827
910000 0.00426827
920000 0.00426827
930000 0.00426827
940000 0.00426827
950000 0.00426827
960000 0.00426827
970000 0.00426827
980000 0.00426827
990000 0.00426827
