10000 -0.448653
20000 -0.427034
30000 -0.434375
40000 -0.518139
50000 -0.463651
60000 -0.422035
70000 -0.363761
80000 -0.475707
90000 -0.42517
100000 -0.483564
110000 -0.381843
120000 -0.479141
130000 -0.421322
140000 -0.479035
150000 -0.469533
160000 -0.440231
170000 -0.431402
180000 -0.437311
190000 -0.469153
200000 -0.443885
210000 -0.460674
220000 -0.443368
230000 -0.457845
240000 -0.444071
250000 -0.4167
260000 -0.40485
270000 -0.460698
280000 -0.470494
290000 -0.453149
300000 -0.473854
310000 -0.446133
320000 -0.385983
330000 -0.391902
340000 -0.445179
350000 -0.454297
360000 -0.460821
370000 -0.456413
380000 -0.452211
390000 -0.415633
400000 -0.47772
410000 -0.328694
420000 -0.391869
430000 -0.428396
440000 -0.433287
450000 -0.330688
460000 -0.324986
470000 -0.349631
480000 -0.442328
490000 -0.380505
500000 -0.393201
510000 -0.308533
520000 -0.333924
530000 -0.437585
540000 -0.36027
550000 -0.343715
560000 -0.343678
570000 -0.362534
580000 -0.378915
590000 -0.346113
600000 -0.377796
610000 -0.357964
620000 -0.340074
630000 -0.297519
640000 -0.337106
650000 -0.306413
660000 -0.334622
670000 -0.336342
680000 -0.318969
690000 -0.476735
700000 -0.308254
710000 -0.303291
720000 -0.331609
730000 -0.305415
740000 -0.32261
750000 -0.294095
760000 -0.25725
770000 -0.280636
780000 -0.275923
790000 -0.326677
800000 -0.26461
810000 -0.288012
820000 -0.297229
830000 -0.285374
840000 -0.333242
850000 -0.280115
860000 -0.315633
870000 -0.342042
880000 -0.270482
890000 -0.337773
900000 -0.323525
910000 -0.317383
920000 -0.261254
930000 -0.335898
940000 -0.242406
950000 -0.309556
960000 -0.313401
970000 -0.320277
980000 -0.257571
990000 -0.27818
1000000 -0.225845
