10000 -0.456929
20000 -0.5602
30000 -0.440186
40000 -0.455184
50000 -0.598935
60000 -0.436677
70000 -0.60297
80000 -0.485039
90000 -0.483358
100000 -0.485167
110000 -0.600401
120000 -0.639388
130000 -0.471266
140000 -0.442643
150000 -0.5461
160000 -0.56532
170000 -0.479234
180000 -0.413262
190000 -0.447741
200000 -0.567542
210000 -0.410672
220000 -0.478042
230000 -0.487743
240000 -0.590465
250000 -0.453649
260000 -0.586471
270000 -0.44626
280000 -0.453427
290000 -0.444502
300000 -0.546723
310000 -0.597558
320000 -0.611143
330000 -0.4745
340000 -0.429661
350000 -0.456259
360000 -0.476999
370000 -0.455428
380000 -0.595748
390000 -0.592452
400000 -0.47114
410000 -0.541666
420000 -0.58414
430000 -0.470043
440000 -0.556487
450000 -0.536355
460000 -0.477213
470000 -0.561517
480000 -0.455294
490000 -0.474766
500000 -0.453991
510000 -0.438225
520000 -0.545288
530000 -0.469257
540000 -0.57151
550000 -0.467595
560000 -0.456646
570000 -0.491843
580000 -0.532536
590000 -0.61407
600000 -0.586551
610000 -0.48106
620000 -0.453816
630000 -0.605454
640000 -0.599887
650000 -0.563745
660000 -0.611522
670000 -0.467156
680000 -0.465128
690000 -0.483209
700000 -0.453163
710000 -0.426775
720000 -0.5741
730000 -0.410081
740000 -0.610317
750000 -0.599588
760000 -0.475559
770000 -0.590521
780000 -0.46469
790000 -0.465323
800000 -0.57422
810000 -0.575129
820000 -0.603211
830000 -0.449972
840000 -0.435335
850000 -0.464088
860000 -0.462776
870000 -0.463236
880000 -0.448892
890000 -0.581522
900000 -0.616205
910000 -0.438344
920000 -0.592729
930000 -0.382854
940000 -0.479375
950000 -0.44838
960000 -0.469032
970000 -0.609619
980000 -0.585611
990000 -0.43823
1000000 -0.436487
