10000 -0.470531
20000 -0.450292
30000 -0.460792
40000 -0.460584
50000 -0.625249
60000 -0.483888
70000 -0.455013
80000 -0.578871
90000 -0.460408
100000 -0.551088
110000 -0.444504
120000 -0.578836
130000 -0.469395
140000 -0.554326
150000 -0.433567
160000 -0.445531
170000 -0.462486
180000 -0.577876
190000 -0.464249
200000 -0.589973
210000 -0.478761
220000 -0.627758
230000 -0.518315
240000 -0.61644
250000 -0.619558
260000 -0.438064
270000 -0.487608
280000 -0.469184
290000 -0.465034
300000 -0.44498
310000 -0.426265
320000 -0.566798
330000 -0.401608
340000 -0.43329
350000 -0.419169
360000 -0.465571
370000 -0.529159
380000 -0.603601
390000 -0.564231
400000 -0.610166
410000 -0.576038
420000 -0.59404
430000 -0.556469
440000 -0.451609
450000 -0.534249
460000 -0.479144
470000 -0.604253
480000 -0.522557
490000 -0.603381
500000 -0.488349
510000 -0.448382
520000 -0.480778
530000 -0.430847
540000 -0.574552
550000 -0.600753
560000 -0.523468
570000 -0.480882
580000 -0.469072
590000 -0.47007
600000 -0.456972
610000 -0.609861
620000 -0.431391
630000 -0.448504
640000 -0.588227
650000 -0.5952
660000 -0.568675
670000 -0.629812
680000 -0.504822
690000 -0.558479
700000 -0.398473
710000 -0.598871
720000 -0.470086
730000 -0.587782
740000 -0.59908
750000 -0.576311
760000 -0.439345
770000 -0.579023
780000 -0.49709
790000 -0.479974
800000 -0.583698
810000 -0.485209
820000 -0.55494
830000 -0.415088
840000 -0.459481
850000 -0.548645
860000 -0.481698
870000 -0.632335
880000 -0.57911
890000 -0.472165
900000 -0.524902
910000 -0.438067
920000 -0.472452
930000 -0.492896
940000 -0.481306
950000 -0.488958
960000 -0.5523
970000 -0.602112
980000 -0.494304
990000 -0.569389
1000000 -0.486886
