10000 -0.424679
20000 -0.572889
30000 -0.483928
40000 -0.444963
50000 -0.595349
60000 -0.475196
70000 -0.576949
80000 -0.562234
90000 -0.417627
100000 -0.591853
110000 -0.465049
120000 -0.589793
130000 -0.515789
140000 -0.620848
150000 -0.487275
160000 -0.383804
170000 -0.439985
180000 -0.466041
190000 -0.58315
200000 -0.591672
210000 -0.453104
220000 -0.544415
230000 -0.588615
240000 -0.492306
250000 -0.427419
260000 -0.44984
270000 -0.46278
280000 -0.448198
290000 -0.566913
300000 -0.457316
310000 -0.473297
320000 -0.607698
330000 -0.447582
340000 -0.554955
350000 -0.431244
360000 -0.614542
370000 -0.58862
380000 -0.623504
390000 -0.463072
400000 -0.460269
410000 -0.572703
420000 -0.602873
430000 -0.455826
440000 -0.41067
450000 -0.529527
460000 -0.540275
470000 -0.460836
480000 -0.470452
490000 -0.470393
500000 -0.581418
510000 -0.456082
520000 -0.466675
530000 -0.460432
540000 -0.574382
550000 -0.482669
560000 -0.466483
570000 -0.459685
580000 -0.555586
590000 -0.44348
600000 -0.487691
610000 -0.495616
620000 -0.417846
630000 -0.450015
640000 -0.444677
650000 -0.467541
660000 -0.56447
670000 -0.480925
680000 -0.460145
690000 -0.595616
700000 -0.611716
710000 -0.625253
720000 -0.628996
730000 -0.43267
740000 -0.457373
750000 -0.41486
760000 -0.422016
770000 -0.519104
780000 -0.493551
790000 -0.39347
800000 -0.628682
810000 -0.616849
820000 -0.489555
830000 -0.423547
840000 -0.61785
850000 -0.594479
860000 -0.490795
870000 -0.613786
880000 -0.470294
890000 -0.436885
900000 -0.471391
910000 -0.45546
920000 -0.627619
930000 -0.478871
940000 -0.631735
950000 -0.472851
960000 -0.47662
970000 -0.611311
980000 -0.470294
990000 -0.423706
1000000 -0.463635
