10000 1.06656
20000 1.04366
30000 0.401951
40000 0.455519
50000 1.05047
60000 1.01173
70000 0.842317
80000 0.929576
90000 1.05028
100000 0.797465
110000 0.931139
120000 1.02491
130000 1.14653
140000 1.00796
150000 1.15738
160000 0.547628
170000 0.842199
180000 0.583992
190000 0.593683
200000 1.12035
210000 0.84909
220000 0.486454
230000 0.803597
240000 1.06391
250000 1.18597
260000 0.828711
270000 0.484551
280000 0.541608
290000 0.928389
300000 0.930902
310000 0.775548
320000 0.621502
330000 0.587019
340000 0.861348
350000 0.538489
360000 0.622948
370000 0.881761
380000 1.08983
390000 1.16133
400000 1.03466
410000 0.984398
420000 1.20048
430000 1.09809
440000 0.651677
450000 1.20198
460000 0.583122
470000 0.584818
480000 0.497016
490000 0.629886
500000 0.868938
510000 0.852642
520000 0.486912
530000 1.01032
540000 0.621512
550000 0.718011
560000 0.688335
570000 0.601883
580000 0.9467
590000 1.01615
600000 0.641766
610000 1.16134
620000 0.901962
630000 0.653257
640000 0.319287
650000 0.894034
660000 1.31429
670000 0.579528
680000 0.94041
690000 0.797675
700000 0.860171
710000 0.934005
720000 0.969427
730000 0.932393
740000 0.67388
750000 0.935404
760000 1.13733
770000 1.10373
780000 1.26464
790000 0.599971
800000 0.989052
810000 0.760359
820000 0.583613
830000 0.654723
840000 1.16937
850000 0.653422
860000 0.93618
870000 0.91597
880000 0.866933
890000 0.965697
900000 0.699122
910000 1.03274
920000 1.03768
930000 0.886418
940000 0.519774
950000 1.08579
960000 1.11821
970000 0.870676
980000 1.08895
990000 0.767472
1000000 0.901901
