10000 0.922152
20000 1.14984
30000 0.237188
40000 0.838229
50000 0.923423
60000 0.858428
70000 0.974903
80000 1.13692
90000 1.00962
100000 1.01032
110000 0.91722
120000 0.77037
130000 1.13538
140000 0.957935
150000 1.24149
160000 0.588269
170000 0.922778
180000 0.915444
190000 0.789022
200000 0.792848
210000 0.891648
220000 1.06388
230000 1.09487
240000 1.23551
250000 0.898667
260000 0.826949
270000 1.04654
280000 0.975658
290000 1.09356
300000 1.06143
310000 0.53172
320000 0.63646
330000 0.962006
340000 1.20472
350000 0.638829
360000 1.00106
370000 1.05496
380000 1.2974
390000 0.729619
400000 0.448456
410000 0.952
420000 0.58774
430000 1.04779
440000 1.12598
450000 1.15415
460000 0.879554
470000 1.17984
480000 0.770211
490000 1.04102
500000 1.2031
510000 0.888744
520000 0.962482
530000 0.953378
540000 0.691982
550000 1.24983
560000 0.653461
570000 0.771295
580000 0.646494
590000 1.22986
600000 0.602818
610000 1.01607
620000 0.653963
630000 1.15123
640000 0.829966
650000 1.06272
660000 0.661241
670000 1.03245
680000 0.840859
690000 0.945095
700000 0.655555
710000 0.868245
720000 0.978832
730000 0.654935
740000 0.625068
750000 0.828912
760000 0.621784
770000 0.821178
780000 0.780594
790000 1.11643
800000 0.320266
810000 0.86179
820000 0.3762
830000 0.561009
840000 0.913905
850000 0.765673
860000 0.490855
870000 0.969272
880000 1.12241
890000 0.958489
900000 0.768488
910000 0.804255
920000 0.573852
930000 0.984601
940000 1.05172
950000 1.00329
960000 0.931859
970000 0.90603
980000 0.7518
990000 0.197047
1000000 0.437237
