10000 1.18319
20000 0.706892
30000 0.882825
40000 1.01822
50000 0.970613
60000 0.70645
70000 0.86951
80000 0.8699
90000 0.603605
100000 1.14585
110000 0.91938
120000 0.968447
130000 0.756925
140000 0.914174
150000 1.0601
160000 0.585884
170000 0.680485
180000 0.798922
190000 0.805472
200000 0.993387
210000 0.729579
220000 0.85807
230000 1.20405
240000 0.853313
250000 0.74452
260000 0.818764
270000 0.989938
280000 0.973484
290000 0.736187
300000 0.655382
310000 0.715081
320000 0.891801
330000 0.781056
340000 0.673585
350000 0.975392
360000 0.655183
370000 1.04652
380000 1.08934
390000 0.986001
400000 0.811567
410000 1.30079
420000 0.990759
430000 0.667654
440000 1.03085
450000 1.05958
460000 0.636652
470000 0.999673
480000 0.679419
490000 0.849046
500000 1.02058
510000 0.775548
520000 0.602712
530000 0.803597
540000 0.801367
550000 1.0734
560000 0.720117
570000 0.973818
580000 0.93952
590000 0.819309
600000 0.88864
610000 0.845856
620000 0.543517
630000 0.846515
640000 0.652707
650000 0.760208
660000 0.670147
670000 0.454009
680000 0.802958
690000 0.734708
700000 0.772194
710000 0.953222
720000 0.904876
730000 0.858548
740000 0.569476
750000 1.23593
760000 0.649721
770000 0.895641
780000 1.10343
790000 0.944362
800000 0.763463
810000 0.754296
820000 0.935975
830000 0.649053
840000 1.15401
850000 0.583029
860000 1.21759
870000 0.709015
880000 0.576162
890000 0.544205
900000 0.726067
910000 0.624853
920000 0.925566
930000 0.644125
940000 1.07366
950000 0.891987
960000 0.85085
970000 0.946958
980000 0.654756
990000 0.750613
1000000 0.842349
