10000 1.13263
20000 1.15662
30000 0.863359
40000 0.794681
50000 1.03365
60000 0.95828
70000 0.609628
80000 0.950832
90000 0.991602
100000 0.867467
110000 1.0875
120000 0.717004
130000 0.8096
140000 0.868426
150000 1.12465
160000 0.509166
170000 0.846272
180000 1.22122
190000 0.976174
200000 0.797996
210000 0.840996
220000 0.65599
230000 0.449937
240000 0.964579
250000 1.31003
260000 1.13144
270000 0.731048
280000 0.864013
290000 1.07222
300000 1.13963
310000 0.48417
320000 0.961852
330000 0.770973
340000 0.482191
350000 0.782211
360000 1.11555
370000 1.04643
380000 0.934012
390000 0.756716
400000 1.02479
410000 0.456961
420000 0.81408
430000 0.820859
440000 0.777733
450000 0.952325
460000 0.787005
470000 0.47518
480000 0.977471
490000 0.652298
500000 1.1519
510000 0.998526
520000 0.964438
530000 0.854012
540000 1.30322
550000 1.01372
560000 0.946037
570000 1.10533
580000 1.08436
590000 0.86496
600000 0.281574
610000 0.668812
620000 0.633784
630000 0.256457
640000 1.10957
650000 0.83799
660000 0.975272
670000 0.235816
680000 1.19068
690000 0.98765
700000 1.20117
710000 0.656163
720000 0.805921
730000 0.616863
740000 0.881642
750000 0.680411
760000 0.943285
770000 0.625434
780000 0.648567
790000 1.09145
800000 1.05648
810000 0.940107
820000 1.08227
830000 0.786927
840000 1.10465
850000 0.908844
860000 0.871744
870000 0.652458
880000 1.23576
890000 1.18884
900000 0.782854
910000 0.88932
920000 0.938601
930000 0.656652
940000 0.678444
950000 0.645014
960000 0.535184
970000 0.889963
980000 0.654723
990000 0.531721
1000000 0.849323
