10000 1.13538
20000 1.0198
30000 0.638843
40000 0.933921
50000 0.583096
60000 0.922259
70000 0.417824
80000 0.657148
90000 0.92085
100000 0.651733
110000 0.987673
120000 1.16874
130000 0.44558
140000 0.44558
150000 0.583744
160000 0.992099
170000 0.612078
180000 1.11821
190000 0.908959
200000 1.10212
210000 0.885934
220000 0.545346
230000 0.66853
240000 0.995841
250000 1.17015
260000 0.773698
270000 0.594768
280000 1.1006
290000 0.736387
300000 1.0278
310000 0.237188
320000 0.879021
330000 0.475569
340000 0.931609
350000 0.994769
360000 0.94298
370000 0.545346
380000 0.828755
390000 1.04957
400000 0.654281
410000 0.907817
420000 1.01879
430000 0.754014
440000 0.511558
450000 1.11409
460000 0.9139
470000 0.638157
480000 1.03108
490000 0.799414
500000 0.859338
510000 0.953032
520000 0.608387
530000 0.932105
540000 0.65231
550000 0.748216
560000 0.834376
570000 1.05551
580000 0.97785
590000 0.528279
600000 0.979407
610000 0.652298
620000 0.848897
630000 0.823973
640000 1.09498
650000 1.04751
660000 1.01839
670000 0.78698
680000 1.05272
690000 0.566291
700000 1.22572
710000 0.655832
720000 0.555692
730000 0.730365
740000 0.979842
750000 1.10759
760000 0.954983
770000 0.988637
780000 1.10926
790000 0.482191
800000 0.720299
810000 0.985777
820000 1.22052
830000 0.953803
840000 0.587244
850000 1.16419
860000 0.645343
870000 0.866853
880000 0.882098
890000 0.572869
900000 1.00567
910000 0.498772
920000 0.981712
930000 1.02147
940000 0.905279
950000 0.673009
960000 0.748598
970000 1.20997
980000 0.65231
990000 0.877728
1000000 0.802185
