100000 -0.559727
200000 -0.551532
300000 -0.534575
400000 -0.508472
500000 -0.357306
600000 -0.324314
700000 -0.310798
800000 -0.31981
900000 -0.286206
1000000 -0.323102
1100000 -0.290123
1200000 -0.302877
1300000 -0.303894
1400000 -0.295275
1500000 -0.289752
1600000 -0.291449
1700000 -0.258068
1800000 -0.297655
1900000 -0.261529
2000000 -0.260884
2100000 -0.266709
2200000 -0.2572
2300000 -0.256342
2400000 -0.287323
2500000 -0.250467
2600000 -0.250475
2700000 -0.270436
2800000 -0.250168
2900000 -0.260408
3000000 -0.250195
3100000 -0.294586
3200000 -0.257308
3300000 -0.250646
3400000 -0.252277
3500000 -0.256227
3600000 -0.259324
3700000 -0.251887
3800000 -0.252583
3900000 -0.25317
4000000 -0.249506
4100000 -0.258129
4200000 -0.250449
4300000 -0.253166
4400000 -0.256352
4500000 -0.254939
4600000 -0.250866
4700000 -0.253359
4800000 -0.251806
4900000 -0.251014
5000000 -0.251679
5100000 -0.258248
5200000 -0.257769
5300000 -0.248196
5400000 -0.253093
5500000 -0.248288
5600000 -0.248269
5700000 -0.248048
5800000 -0.25137
5900000 -0.25699
6000000 -0.25226
6100000 -0.251904
6200000 -0.249366
6300000 -0.253413
6400000 -0.249544
6500000 -0.255298
6600000 -0.254401
6700000 -0.255078
6800000 -0.249182
6900000 -0.24786
7000000 -0.252216
7100000 -0.25652
7200000 -0.24938
7300000 -0.249784
7400000 -0.256684
7500000 -0.250967
7600000 -0.250312
7700000 -0.249823
7800000 -0.253224
7900000 -0.254736
8000000 -0.252459
8100000 -0.248631
8200000 -0.252237
8300000 -0.252014
8400000 -0.249568
8500000 -0.24964
8600000 -0.249793
8700000 -0.247444
8800000 -0.247886
8900000 -0.250771
9000000 -0.248146
9100000 -0.273787
9200000 -0.254871
9300000 -0.274588
9400000 -0.247838
9500000 -0.247929
9600000 -0.250828
9700000 -0.251271
9800000 -0.250062
9900000 -0.252044
10000000 -0.247268
