100000 -0.537104
200000 -0.527302
300000 -0.611774
400000 -0.495809
500000 -0.314532
600000 -0.259301
700000 -0.306029
800000 -0.296812
900000 -0.248513
1000000 -0.275585
1100000 -0.265025
1200000 -0.230153
1300000 -0.248666
1400000 -0.241247
1500000 -0.219481
1600000 -0.204732
1700000 -0.196292
1800000 -0.248233
1900000 -0.202288
2000000 -0.190258
2100000 -0.20144
2200000 -0.199789
2300000 -0.205705
2400000 -0.195577
2500000 -0.216368
2600000 -0.193993
2700000 -0.199554
2800000 -0.189412
2900000 -0.197067
3000000 -0.188035
3100000 -0.184424
3200000 -0.185936
3300000 -0.215205
3400000 -0.192868
3500000 -0.192148
3600000 -0.182286
3700000 -0.181976
3800000 -0.194124
3900000 -0.185706
4000000 -0.194192
4100000 -0.189874
4200000 -0.189107
4300000 -0.182652
4400000 -0.181242
4500000 -0.227877
4600000 -0.186604
4700000 -0.20392
4800000 -0.192948
4900000 -0.182025
5000000 -0.19831
5100000 -0.215344
5200000 -0.185917
5300000 -0.182455
5400000 -0.18173
5500000 -0.186527
5600000 -0.185855
5700000 -0.190217
5800000 -0.195267
5900000 -0.190053
6000000 -0.181632
6100000 -0.185665
6200000 -0.179749
6300000 -0.195685
6400000 -0.208581
6500000 -0.184125
6600000 -0.182356
6700000 -0.184808
6800000 -0.183579
6900000 -0.181334
7000000 -0.180566
7100000 -0.181697
7200000 -0.191418
7300000 -0.183485
7400000 -0.185429
7500000 -0.18249
7600000 -0.181217
7700000 -0.181368
7800000 -0.191263
7900000 -0.182832
8000000 -0.178532
8100000 -0.179948
8200000 -0.181001
8300000 -0.182524
8400000 -0.179457
8500000 -0.188111
8600000 -0.180361
8700000 -0.182108
8800000 -0.181051
8900000 -0.193289
9000000 -0.17892
9100000 -0.181291
9200000 -0.179833
9300000 -0.204369
9400000 -0.181765
9500000 -0.180625
9600000 -0.182368
9700000 -0.181496
9800000 -0.182025
9900000 -0.181417
10000000 -0.180093
