100000 -0.632971
200000 -0.459089
300000 -0.474032
400000 -0.511183
500000 -0.409925
600000 -0.353846
700000 -0.419075
800000 -0.372651
900000 -0.303869
1000000 -0.348272
1100000 -0.306767
1200000 -0.305737
1300000 -0.307188
1400000 -0.292826
1500000 -0.272262
1600000 -0.304849
1700000 -0.287226
1800000 -0.315162
1900000 -0.25675
2000000 -0.271939
2100000 -0.263669
2200000 -0.254731
2300000 -0.283597
2400000 -0.252225
2500000 -0.263836
2600000 -0.272349
2700000 -0.253208
2800000 -0.266943
2900000 -0.254886
3000000 -0.256015
3100000 -0.258966
3200000 -0.252298
3300000 -0.260758
3400000 -0.254964
3500000 -0.252643
3600000 -0.25146
3700000 -0.253621
3800000 -0.263206
3900000 -0.251202
4000000 -0.253508
4100000 -0.250805
4200000 -0.264831
4300000 -0.24968
4400000 -0.257571
4500000 -0.251736
4600000 -0.275799
4700000 -0.274236
4800000 -0.251824
4900000 -0.251865
5000000 -0.25293
5100000 -0.253116
5200000 -0.254973
5300000 -0.251773
5400000 -0.254413
5500000 -0.251189
5600000 -0.251518
5700000 -0.251154
5800000 -0.253056
5900000 -0.249206
6000000 -0.251788
6100000 -0.250437
6200000 -0.281511
6300000 -0.257455
6400000 -0.25078
6500000 -0.256204
6600000 -0.248229
6700000 -0.248349
6800000 -0.251164
6900000 -0.251157
7000000 -0.25811
7100000 -0.249637
7200000 -0.248971
7300000 -0.250425
7400000 -0.246656
7500000 -0.245835
7600000 -0.252152
7700000 -0.254123
7800000 -0.248999
7900000 -0.248459
8000000 -0.252675
8100000 -0.250392
8200000 -0.248015
8300000 -0.251831
8400000 -0.252263
8500000 -0.249813
8600000 -0.248264
8700000 -0.248961
8800000 -0.250968
8900000 -0.249624
9000000 -0.279705
9100000 -0.249609
9200000 -0.250342
9300000 -0.24832
9400000 -0.24934
9500000 -0.248457
9600000 -0.247586
9700000 -0.249956
9800000 -0.24803
9900000 -0.249135
10000000 -0.247479
