100000 -0.512948
200000 -0.578155
300000 -0.539109
400000 -0.506515
500000 -0.378601
600000 -0.388612
700000 -0.332114
800000 -0.27047
900000 -0.228623
1000000 -0.314531
1100000 -0.243489
1200000 -0.235374
1300000 -0.234316
1400000 -0.257227
1500000 -0.223152
1600000 -0.258075
1700000 -0.238652
1800000 -0.247573
1900000 -0.213929
2000000 -0.200152
2100000 -0.198157
2200000 -0.198104
2300000 -0.199301
2400000 -0.207434
2500000 -0.214588
2600000 -0.227874
2700000 -0.188058
2800000 -0.186029
2900000 -0.186477
3000000 -0.189126
3100000 -0.192021
3200000 -0.209427
3300000 -0.185295
3400000 -0.193607
3500000 -0.190105
3600000 -0.180827
3700000 -0.182557
3800000 -0.183584
3900000 -0.182643
4000000 -0.188273
4100000 -0.210608
4200000 -0.182197
4300000 -0.180924
4400000 -0.183272
4500000 -0.184814
4600000 -0.190892
4700000 -0.186567
4800000 -0.186658
4900000 -0.1859
5000000 -0.183235
5100000 -0.186527
5200000 -0.182502
5300000 -0.186029
5400000 -0.19254
5500000 -0.181503
5600000 -0.180144
5700000 -0.181364
5800000 -0.189467
5900000 -0.184441
6000000 -0.188037
6100000 -0.192738
6200000 -0.18824
6300000 -0.197206
6400000 -0.181437
6500000 -0.17977
6600000 -0.19384
6700000 -0.192672
6800000 -0.180438
6900000 -0.182275
7000000 -0.184377
7100000 -0.18584
7200000 -0.179115
7300000 -0.17983
7400000 -0.182756
7500000 -0.179934
7600000 -0.177513
7700000 -0.191052
7800000 -0.184578
7900000 -0.181693
8000000 -0.182313
8100000 -0.187242
8200000 -0.183106
8300000 -0.185887
8400000 -0.187351
8500000 -0.179862
8600000 -0.181639
8700000 -0.185678
8800000 -0.1797
8900000 -0.183193
9000000 -0.186531
9100000 -0.180309
9200000 -0.178952
9300000 -0.184797
9400000 -0.185731
9500000 -0.177793
9600000 -0.182996
9700000 -0.180487
9800000 -0.204997
9900000 -0.17842
10000000 -0.177601
