100000 -0.547849
200000 -0.462217
300000 -0.51715
400000 -0.473956
500000 -0.350938
600000 -0.311782
700000 -0.256402
800000 -0.27668
900000 -0.279212
1000000 -0.231975
1100000 -0.260366
1200000 -0.237663
1300000 -0.227101
1400000 -0.19858
1500000 -0.208196
1600000 -0.222385
1700000 -0.27746
1800000 -0.19868
1900000 -0.194519
2000000 -0.195364
2100000 -0.204192
2200000 -0.193637
2300000 -0.194897
2400000 -0.190594
2500000 -0.192911
2600000 -0.186682
2700000 -0.194524
2800000 -0.192766
2900000 -0.186447
3000000 -0.185845
3100000 -0.189627
3200000 -0.186224
3300000 -0.187191
3400000 -0.185117
3500000 -0.181645
3600000 -0.193316
3700000 -0.18152
3800000 -0.18704
3900000 -0.186413
4000000 -0.186315
4100000 -0.188307
4200000 -0.193453
4300000 -0.181811
4400000 -0.184598
4500000 -0.1993
4600000 -0.18749
4700000 -0.181758
4800000 -0.180113
4900000 -0.187359
5000000 -0.192803
5100000 -0.178961
5200000 -0.180186
5300000 -0.177146
5400000 -0.178577
5500000 -0.180706
5600000 -0.181904
5700000 -0.192999
5800000 -0.182113
5900000 -0.182203
6000000 -0.181953
6100000 -0.179617
6200000 -0.182581
6300000 -0.185426
6400000 -0.19796
6500000 -0.189982
6600000 -0.180872
6700000 -0.189655
6800000 -0.195585
6900000 -0.184873
7000000 -0.178573
7100000 -0.185278
7200000 -0.180237
7300000 -0.179787
7400000 -0.18207
7500000 -0.18119
7600000 -0.177482
7700000 -0.190689
7800000 -0.194988
7900000 -0.19111
8000000 -0.18548
8100000 -0.182068
8200000 -0.178593
8300000 -0.178697
8400000 -0.178549
8500000 -0.188539
8600000 -0.186251
8700000 -0.18326
8800000 -0.185554
8900000 -0.180871
9000000 -0.180748
9100000 -0.186385
9200000 -0.17969
9300000 -0.177481
9400000 -0.178047
9500000 -0.178644
9600000 -0.179135
9700000 -0.180445
9800000 -0.183795
9900000 -0.190512
10000000 -0.181251
