100000 -0.4211
200000 -0.525258
300000 -0.590958
400000 -0.447543
500000 -0.346451
600000 -0.334462
700000 -0.342373
800000 -0.252625
900000 -0.304254
1000000 -0.237081
1100000 -0.243108
1200000 -0.28208
1300000 -0.231133
1400000 -0.260565
1500000 -0.229277
1600000 -0.234327
1700000 -0.196932
1800000 -0.202246
1900000 -0.196092
2000000 -0.220325
2100000 -0.192643
2200000 -0.211444
2300000 -0.18873
2400000 -0.190862
2500000 -0.181801
2600000 -0.200066
2700000 -0.182901
2800000 -0.188568
2900000 -0.192313
3000000 -0.202982
3100000 -0.184691
3200000 -0.1851
3300000 -0.192651
3400000 -0.190303
3500000 -0.197499
3600000 -0.191348
3700000 -0.191357
3800000 -0.18864
3900000 -0.192352
4000000 -0.184836
4100000 -0.179377
4200000 -0.188091
4300000 -0.205464
4400000 -0.187397
4500000 -0.185206
4600000 -0.18022
4700000 -0.19064
4800000 -0.184695
4900000 -0.18467
5000000 -0.184243
5100000 -0.189173
5200000 -0.185249
5300000 -0.195077
5400000 -0.182094
5500000 -0.206777
5600000 -0.187592
5700000 -0.187608
5800000 -0.182397
5900000 -0.181449
6000000 -0.191091
6100000 -0.183101
6200000 -0.183304
6300000 -0.189775
6400000 -0.180798
6500000 -0.184739
6600000 -0.192128
6700000 -0.191161
6800000 -0.186973
6900000 -0.188385
7000000 -0.180852
7100000 -0.180317
7200000 -0.182449
7300000 -0.185247
7400000 -0.181839
7500000 -0.199849
7600000 -0.184275
7700000 -0.179948
7800000 -0.182403
7900000 -0.184663
8000000 -0.180751
8100000 -0.179011
8200000 -0.183196
8300000 -0.18259
8400000 -0.180652
8500000 -0.180978
8600000 -0.180201
8700000 -0.192127
8800000 -0.190705
8900000 -0.187502
9000000 -0.180847
9100000 -0.180883
9200000 -0.186979
9300000 -0.20537
9400000 -0.201341
9500000 -0.182222
9600000 -0.1919
9700000 -0.181168
9800000 -0.180653
9900000 -0.179683
10000000 -0.183142
