10000 -0.336818
20000 -0.368623
30000 -0.383175
40000 -0.391066
50000 -0.392291
60000 -0.393626
70000 -0.392095
80000 -0.390847
90000 -0.391354
100000 -0.394973
110000 -0.397234
120000 -0.397339
130000 -0.395645
140000 -0.394154
150000 -0.38947
160000 -0.382968
170000 -0.376165
180000 -0.370201
190000 -0.367073
200000 -0.362295
210000 -0.356304
220000 -0.349586
230000 -0.342848
240000 -0.335932
250000 -0.329647
260000 -0.323385
270000 -0.318563
280000 -0.31271
290000 -0.307374
300000 -0.302056
310000 -0.298304
320000 -0.294822
330000 -0.291225
340000 -0.288037
350000 -0.285127
360000 -0.281929
370000 -0.27869
380000 -0.276362
390000 -0.273722
400000 -0.270774
410000 -0.268279
420000 -0.265868
430000 -0.2632
440000 -0.260302
450000 -0.257373
460000 -0.254372
470000 -0.251424
480000 -0.24865
490000 -0.246664
500000 -0.245042
510000 -0.243259
520000 -0.241279
530000 -0.239065
540000 -0.236616
550000 -0.234086
560000 -0.231671
570000 -0.229245
580000 -0.226986
590000 -0.224756
600000 -0.222635
610000 -0.220534
620000 -0.218538
630000 -0.216577
640000 -0.214658
650000 -0.2128
660000 -0.21099
670000 -0.209222
680000 -0.207497
690000 -0.205829
700000 -0.204207
710000 -0.202604
720000 -0.201052
730000 -0.19956
740000 -0.198112
750000 -0.19671
760000 -0.195318
770000 -0.193977
780000 -0.19263
790000 -0.191345
800000 -0.190146
810000 -0.189007
820000 -0.187873
830000 -0.186735
840000 -0.18561
850000 -0.184494
860000 -0.183389
870000 -0.18233
880000 -0.181269
890000 -0.180218
900000 -0.179167
910000 -0.178492
920000 -0.17793
930000 -0.177341
940000 -0.176707
950000 -0.176001
960000 -0.175258
970000 -0.174457
980000 -0.173589
990000 -0.172746
