10000 -0.462155
20000 -0.452642
30000 -0.442767
40000 -0.448165
50000 -0.432317
60000 -0.432546
70000 -0.422353
80000 -0.424536
90000 -0.419764
100000 -0.425883
110000 -0.41117
120000 -0.407343
130000 -0.396077
140000 -0.389447
150000 -0.367558
160000 -0.361126
170000 -0.380408
180000 -0.377488
190000 -0.365573
200000 -0.361282
210000 -0.330377
220000 -0.303346
230000 -0.296169
240000 -0.292631
250000 -0.279632
260000 -0.274896
270000 -0.270994
280000 -0.265898
290000 -0.271029
300000 -0.26031
310000 -0.269986
320000 -0.256649
330000 -0.25435
340000 -0.262984
350000 -0.256602
360000 -0.255988
370000 -0.254965
380000 -0.255626
390000 -0.245465
400000 -0.246785
410000 -0.244466
420000 -0.247657
430000 -0.243792
440000 -0.243104
450000 -0.245054
460000 -0.241686
470000 -0.238338
480000 -0.238632
490000 -0.236413
500000 -0.233794
510000 -0.227533
520000 -0.232176
530000 -0.229873
540000 -0.227602
550000 -0.230278
560000 -0.226611
570000 -0.228383
580000 -0.220484
590000 -0.218622
600000 -0.219766
610000 -0.21819
620000 -0.218687
630000 -0.219682
640000 -0.213602
650000 -0.213431
660000 -0.209263
670000 -0.209695
680000 -0.211157
690000 -0.209826
700000 -0.204482
710000 -0.203553
720000 -0.212317
730000 -0.202338
740000 -0.200259
750000 -0.203411
760000 -0.197701
770000 -0.201405
780000 -0.194509
790000 -0.193511
800000 -0.19783
810000 -0.192541
820000 -0.190857
830000 -0.189883
840000 -0.193866
850000 -0.195966
860000 -0.194484
870000 -0.193204
880000 -0.188908
890000 -0.194747
900000 -0.196811
910000 -0.191217
920000 -0.188887
930000 -0.191543
940000 -0.186446
950000 -0.18651
960000 -0.187298
970000 -0.188571
980000 -0.191486
990000 -0.187856
