10000 -0.477836
20000 -0.455014
30000 -0.453618
40000 -0.436631
50000 -0.425953
60000 -0.427781
70000 -0.451048
80000 -0.429106
90000 -0.413231
100000 -0.390408
110000 -0.362117
120000 -0.341187
130000 -0.306228
140000 -0.294899
150000 -0.291708
160000 -0.275849
170000 -0.23134
180000 -0.205366
190000 -0.163982
200000 -0.152805
210000 -0.144983
220000 -0.146645
230000 -0.141719
240000 -0.149059
250000 -0.142499
260000 -0.144471
270000 -0.13955
280000 -0.134552
290000 -0.150694
300000 -0.133418
310000 -0.132686
320000 -0.185234
330000 -0.185282
340000 -0.162735
350000 -0.177998
360000 -0.149161
370000 -0.129487
380000 -0.148349
390000 -0.129643
400000 -0.148138
410000 -0.127024
420000 -0.132057
430000 -0.131447
440000 -0.12945
450000 -0.129535
460000 -0.125764
470000 -0.127668
480000 -0.125404
490000 -0.125792
500000 -0.165251
510000 -0.133325
520000 -0.125296
530000 -0.125204
540000 -0.124693
550000 -0.132109
560000 -0.121107
570000 -0.127133
580000 -0.12051
590000 -0.127388
600000 -0.120874
610000 -0.120336
620000 -0.122883
630000 -0.14943
640000 -0.145776
650000 -0.144232
660000 -0.142396
670000 -0.142486
680000 -0.140604
690000 -0.140616
700000 -0.141359
710000 -0.140714
720000 -0.137545
730000 -0.13809
740000 -0.140032
750000 -0.139738
760000 -0.138642
770000 -0.139876
780000 -0.135242
790000 -0.135635
800000 -0.133786
810000 -0.137195
820000 -0.134957
830000 -0.132942
840000 -0.133287
850000 -0.132245
860000 -0.134375
870000 -0.132912
880000 -0.131961
890000 -0.132092
900000 -0.129306
910000 -0.129947
920000 -0.129576
930000 -0.127061
940000 -0.128892
950000 -0.126098
960000 -0.128751
970000 -0.128225
980000 -0.12687
990000 -0.127433
