10000 0.111192
20000 0.0578933
30000 0.0473426
40000 0.139887
50000 0.205661
60000 0.231785
70000 0.243909
80000 0.246505
90000 0.243438
100000 0.237832
110000 0.231196
120000 0.224116
130000 0.21709
140000 0.210085
150000 0.203192
160000 0.196559
170000 0.190196
180000 0.184034
190000 0.178182
200000 0.172674
210000 0.167468
220000 0.162405
230000 0.157234
240000 0.152367
250000 0.147869
260000 0.143613
270000 0.139548
280000 0.13569
290000 0.132029
300000 0.128744
310000 0.12521
320000 0.125141
330000 0.131046
340000 0.140124
350000 0.147958
360000 0.154198
370000 0.158798
380000 0.161697
390000 0.162777
400000 0.162367
410000 0.16145
420000 0.16855
430000 0.176839
440000 0.184048
450000 0.1902
460000 0.195536
470000 0.200155
480000 0.204099
490000 0.2074
500000 0.210102
510000 0.212296
520000 0.214107
530000 0.215539
540000 0.216638
550000 0.217466
560000 0.218075
570000 0.218428
580000 0.218553
590000 0.218477
600000 0.218226
610000 0.21782
620000 0.21728
630000 0.216621
640000 0.215859
650000 0.215006
660000 0.214076
670000 0.213075
680000 0.212016
690000 0.210904
700000 0.209749
710000 0.208555
720000 0.207329
730000 0.206076
740000 0.2048
750000 0.203506
760000 0.202196
770000 0.200874
780000 0.199543
790000 0.198206
800000 0.196864
810000 0.19552
820000 0.194175
830000 0.192832
840000 0.191491
850000 0.190154
860000 0.188821
870000 0.187495
880000 0.186176
890000 0.184864
900000 0.183561
910000 0.182266
920000 0.180981
930000 0.179706
940000 0.178441
950000 0.177187
960000 0.175944
970000 0.174712
980000 0.173492
990000 0.172283
