10000 0.282753
20000 0.21252
30000 0.168175
40000 0.137157
50000 0.115495
60000 0.100543
70000 0.0886314
80000 0.0793077
90000 0.0718334
100000 0.0954608
110000 0.113718
120000 0.128309
130000 0.140009
140000 0.147778
150000 0.152716
160000 0.155584
170000 0.171671
180000 0.189095
190000 0.203552
200000 0.215339
210000 0.224963
220000 0.232804
230000 0.23925
240000 0.244391
250000 0.248491
260000 0.251752
270000 0.254267
280000 0.256237
290000 0.257773
300000 0.25891
310000 0.259713
320000 0.25934
330000 0.259283
340000 0.258985
350000 0.258557
360000 0.257982
370000 0.257253
380000 0.256453
390000 0.261029
400000 0.266165
410000 0.270675
420000 0.274599
430000 0.278059
440000 0.281076
450000 0.283702
460000 0.285902
470000 0.28776
480000 0.28933
490000 0.290612
500000 0.291631
510000 0.292435
520000 0.293013
530000 0.293405
540000 0.293602
550000 0.293631
560000 0.293515
570000 0.293273
580000 0.292916
590000 0.292444
600000 0.291873
610000 0.2912
620000 0.29044
630000 0.289605
640000 0.288679
650000 0.287692
660000 0.286639
670000 0.285534
680000 0.284373
690000 0.283167
700000 0.282255
710000 0.281334
720000 0.280365
730000 0.279351
740000 0.278293
750000 0.27717
760000 0.276029
770000 0.274867
780000 0.273674
790000 0.272429
800000 0.271178
810000 0.269916
820000 0.268636
830000 0.267326
840000 0.26598
850000 0.26461
860000 0.263215
870000 0.262765
880000 0.262304
890000 0.261798
900000 0.261261
910000 0.260677
920000 0.26005
930000 0.259392
940000 0.258702
950000 0.257964
960000 0.257189
970000 0.256385
980000 0.255545
990000 0.254663
