10000 0.472087
20000 0.366335
30000 0.422437
40000 0.42409
50000 0.416794
60000 0.407219
70000 0.397992
80000 0.389458
90000 0.380823
100000 0.374426
110000 0.377458
120000 0.377382
130000 0.374724
140000 0.371532
150000 0.367528
160000 0.363133
170000 0.358612
180000 0.356452
190000 0.352285
200000 0.348441
210000 0.344377
220000 0.339911
230000 0.335821
240000 0.331817
250000 0.332517
260000 0.333037
270000 0.332874
280000 0.332047
290000 0.330627
300000 0.3318
310000 0.329541
320000 0.32702
330000 0.32448
340000 0.321943
350000 0.319427
360000 0.316869
370000 0.314261
380000 0.311665
390000 0.309164
400000 0.307066
410000 0.307554
420000 0.307927
430000 0.308217
440000 0.308388
450000 0.308496
460000 0.308512
470000 0.308507
480000 0.308402
490000 0.308253
500000 0.308686
510000 0.308577
520000 0.308622
530000 0.308613
540000 0.308441
550000 0.308165
560000 0.307743
570000 0.307196
580000 0.306458
590000 0.307149
600000 0.308367
610000 0.309439
620000 0.310395
630000 0.311213
640000 0.311907
650000 0.312501
660000 0.312917
670000 0.313182
680000 0.313325
690000 0.313317
700000 0.313197
710000 0.312977
720000 0.312694
730000 0.312279
740000 0.311773
750000 0.311184
760000 0.310571
770000 0.30986
780000 0.309087
790000 0.308246
800000 0.307371
810000 0.306429
820000 0.305423
830000 0.304385
840000 0.303328
850000 0.302229
860000 0.301361
870000 0.300491
880000 0.299595
890000 0.298676
900000 0.29774
910000 0.296788
920000 0.295816
930000 0.294824
940000 0.293802
950000 0.29275
960000 0.29169
970000 0.29062
980000 0.289525
990000 0.288422
