10000 0.345659
20000 0.353952
30000 0.32923
40000 0.302602
50000 0.280513
60000 0.277716
70000 0.286921
80000 0.289094
90000 0.284478
100000 0.275266
110000 0.262891
120000 0.249186
130000 0.236229
140000 0.224203
150000 0.213091
160000 0.202875
170000 0.193504
180000 0.185886
190000 0.178487
200000 0.17117
210000 0.168846
220000 0.173971
230000 0.178048
240000 0.181167
250000 0.183404
260000 0.184955
270000 0.185886
280000 0.186266
290000 0.186143
300000 0.185686
310000 0.18496
320000 0.18403
330000 0.182925
340000 0.181621
350000 0.180215
360000 0.178702
370000 0.177104
380000 0.175471
390000 0.173771
400000 0.172042
410000 0.170269
420000 0.168481
430000 0.166696
440000 0.164903
450000 0.163102
460000 0.161302
470000 0.159506
480000 0.157713
490000 0.155935
500000 0.156118
510000 0.156475
520000 0.156238
530000 0.155453
540000 0.154047
550000 0.152247
560000 0.150477
570000 0.148743
580000 0.147043
590000 0.145378
600000 0.143749
610000 0.142148
620000 0.140577
630000 0.139037
640000 0.13753
650000 0.136051
660000 0.134601
670000 0.13318
680000 0.131786
690000 0.130418
700000 0.129075
710000 0.127757
720000 0.126462
730000 0.125193
740000 0.124378
750000 0.123293
760000 0.122291
770000 0.121307
780000 0.120344
790000 0.119398
800000 0.118466
810000 0.117544
820000 0.116638
830000 0.115744
840000 0.114864
850000 0.113996
860000 0.113139
870000 0.112297
880000 0.111467
890000 0.11065
900000 0.109847
910000 0.109054
920000 0.108268
930000 0.107495
940000 0.106731
950000 0.105978
960000 0.105714
970000 0.105617
980000 0.105108
990000 0.104451
