10000 0.366063
20000 0.213941
30000 0.151963
40000 0.121653
50000 0.128503
60000 0.167024
70000 0.188206
80000 0.199019
90000 0.202843
100000 0.201266
110000 0.195261
120000 0.184463
130000 0.170849
140000 0.159076
150000 0.14887
160000 0.139937
170000 0.132054
180000 0.125046
190000 0.118776
200000 0.113131
210000 0.108024
220000 0.103381
230000 0.0991407
240000 0.0952539
250000 0.0916778
260000 0.0883768
270000 0.0892236
280000 0.103346
290000 0.117184
300000 0.129927
310000 0.136614
320000 0.143637
330000 0.14977
340000 0.155064
350000 0.159598
360000 0.163759
370000 0.167822
380000 0.171692
390000 0.175368
400000 0.178827
410000 0.182079
420000 0.185219
430000 0.18833
440000 0.191229
450000 0.193927
460000 0.196447
470000 0.198791
480000 0.200954
490000 0.202944
500000 0.204767
510000 0.206437
520000 0.207957
530000 0.209329
540000 0.210559
550000 0.211653
560000 0.21262
570000 0.213465
580000 0.214189
590000 0.214796
600000 0.215285
610000 0.215669
620000 0.215959
630000 0.216307
640000 0.216543
650000 0.216673
660000 0.216697
670000 0.216622
680000 0.216452
690000 0.216192
700000 0.215831
710000 0.215379
720000 0.214834
730000 0.214193
740000 0.213455
750000 0.212618
760000 0.211683
770000 0.210652
780000 0.209526
790000 0.208311
800000 0.206991
810000 0.205611
820000 0.204193
830000 0.202736
840000 0.201253
850000 0.199758
860000 0.198265
870000 0.19678
880000 0.195303
890000 0.193836
900000 0.192379
910000 0.205515
920000 0.205128
930000 0.204632
940000 0.204036
950000 0.203352
960000 0.202593
970000 0.20176
980000 0.200863
990000 0.1999
