10000 0.32192
20000 0.175861
30000 0.444893
40000 0.218806
50000 0.183934
60000 0.160658
70000 0.261496
80000 0.210445
90000 0.1846
100000 0.202185
110000 0.166713
120000 0.139983
130000 0.119775
140000 0.113638
150000 0.108583
160000 0.166201
170000 0.129559
180000 0.100586
190000 0.0992734
200000 0.0798219
210000 0.0659807
220000 0.0562527
230000 0.0671516
240000 0.0388249
250000 0.0199249
260000 0.00940335
270000 0.0100025
280000 0.00494422
290000 0.100911
300000 0.0868903
310000 0.0712936
320000 0.052933
330000 0.0351702
340000 0.0136674
350000 0.00493589
360000 0.00493393
370000 0.0444473
380000 0.0422059
390000 0.178521
400000 0.153973
410000 0.143711
420000 0.134757
430000 0.125978
440000 0.163373
450000 0.117327
460000 0.10451
470000 0.0987556
480000 0.0932898
490000 0.0873264
500000 0.0823834
510000 0.0780438
520000 0.0739545
530000 0.0705658
540000 0.0668739
550000 0.0634746
560000 0.0599175
570000 0.0565818
580000 0.0535974
590000 0.0507858
600000 0.0477898
610000 0.0457179
620000 0.0429745
630000 0.0407704
640000 0.0379276
650000 0.0350659
660000 0.0324807
670000 0.0303574
680000 0.0278634
690000 0.0256962
700000 0.0288146
710000 0.0232754
720000 0.0194326
730000 0.0153323
740000 0.0121624
750000 0.00843214
760000 0.00805816
770000 0.00771055
780000 0.00725155
790000 0.00659452
800000 0.00614917
810000 0.00558976
820000 0.00524526
830000 0.0048912
840000 0.00479797
850000 0.0046643
860000 0.00458932
870000 0.0042524
880000 0.00424275
890000 0.0793298
900000 0.0645036
910000 0.0361186
920000 0.0103303
930000 0.00427972
940000 0.00428515
950000 0.0042851
960000 0.00427901
970000 0.004275
980000 0.00426376
990000 0.00425643
