10000 0.433016
20000 0.209755
30000 0.200986
40000 0.0417851
50000 0.0695883
60000 0.00464849
70000 0.0046453
80000 0.00464949
90000 0.00465056
100000 0.231052
110000 0.0979245
120000 0.135736
130000 0.0475611
140000 0.0218436
150000 0.0188663
160000 0.0132284
170000 0.0105499
180000 0.00932577
190000 0.112525
200000 0.0662949
210000 0.0233148
220000 0.00427978
230000 0.337871
240000 0.252796
250000 0.213485
260000 0.234212
270000 0.193531
280000 0.164871
290000 0.387449
300000 0.337294
310000 0.308947
320000 0.287207
330000 0.267756
340000 0.248704
350000 0.229429
360000 0.208047
370000 0.18636
380000 0.16639
390000 0.142934
400000 0.112615
410000 0.0827256
420000 0.0925606
430000 0.0807057
440000 0.0708521
450000 0.066838
460000 0.0664678
470000 0.0646817
480000 0.0713535
490000 0.0617648
500000 0.0559606
510000 0.0531815
520000 0.0618558
530000 0.047539
540000 0.0450478
550000 0.0835415
560000 0.0770426
570000 0.0706978
580000 0.0630806
590000 0.0578481
600000 0.121778
610000 0.094902
620000 0.0660496
630000 0.0397344
640000 0.0351578
650000 0.0346504
660000 0.0342975
670000 0.0338978
680000 0.0334955
690000 0.0386634
700000 0.0326919
710000 0.0322928
720000 0.0319567
730000 0.618451
740000 0.614726
750000 0.611299
760000 0.608056
770000 0.604423
780000 0.601375
790000 0.598006
800000 0.594692
810000 0.591315
820000 0.588125
830000 0.584158
840000 0.580505
850000 0.576796
860000 0.572617
870000 0.568849
880000 0.564566
890000 0.560557
900000 0.567004
910000 0.563019
920000 0.559421
930000 0.555476
940000 0.552025
950000 0.54826
960000 0.54482
970000 0.541416
980000 0.537462
990000 0.533802
