10000 -0.376951
20000 -0.39344
30000 -0.393261
40000 -0.387472
50000 -0.377289
60000 -0.364065
70000 -0.350405
80000 -0.338969
90000 -0.328904
100000 -0.320498
110000 -0.312797
120000 -0.306291
130000 -0.300323
140000 -0.295227
150000 -0.290492
160000 -0.286382
170000 -0.282771
180000 -0.279515
190000 -0.27637
200000 -0.273559
210000 -0.270932
220000 -0.26843
230000 -0.266117
240000 -0.264038
250000 -0.262087
260000 -0.260256
270000 -0.258422
280000 -0.256744
290000 -0.255108
300000 -0.253576
310000 -0.252161
320000 -0.250792
330000 -0.249549
340000 -0.248352
350000 -0.24718
360000 -0.246067
370000 -0.244988
380000 -0.243967
390000 -0.243011
400000 -0.242083
410000 -0.241185
420000 -0.240324
430000 -0.239463
440000 -0.238657
450000 -0.237892
460000 -0.237141
470000 -0.236422
480000 -0.235704
490000 -0.235021
500000 -0.234342
510000 -0.233703
520000 -0.23307
530000 -0.232451
540000 -0.231849
550000 -0.231273
560000 -0.230699
570000 -0.230156
580000 -0.229623
590000 -0.229085
600000 -0.228574
610000 -0.228067
620000 -0.227576
630000 -0.227097
640000 -0.226623
650000 -0.226163
660000 -0.225725
670000 -0.225297
680000 -0.224878
690000 -0.22447
700000 -0.224066
710000 -0.223677
720000 -0.223306
730000 -0.222936
740000 -0.222573
750000 -0.222221
760000 -0.221828
770000 -0.221425
780000 -0.221037
790000 -0.220638
800000 -0.220245
810000 -0.21986
820000 -0.219482
830000 -0.219107
840000 -0.21874
850000 -0.218384
860000 -0.218033
870000 -0.21769
880000 -0.217353
890000 -0.217018
900000 -0.216695
910000 -0.216375
920000 -0.216062
930000 -0.215754
940000 -0.215458
950000 -0.215162
960000 -0.214871
970000 -0.214587
980000 -0.214308
990000 -0.214035
