10000 -0.381168
20000 -0.400781
30000 -0.410898
40000 -0.412175
50000 -0.409574
60000 -0.405
70000 -0.399552
80000 -0.393431
90000 -0.385617
100000 -0.37798
110000 -0.370601
120000 -0.363558
130000 -0.356339
140000 -0.349481
150000 -0.343075
160000 -0.337053
170000 -0.331505
180000 -0.326288
190000 -0.321507
200000 -0.316884
210000 -0.312398
220000 -0.308146
230000 -0.303991
240000 -0.300023
250000 -0.296204
260000 -0.292596
270000 -0.289209
280000 -0.285985
290000 -0.282879
300000 -0.279891
310000 -0.277061
320000 -0.274339
330000 -0.271778
340000 -0.269344
350000 -0.267042
360000 -0.264854
370000 -0.262771
380000 -0.260795
390000 -0.258905
400000 -0.257097
410000 -0.25539
420000 -0.253769
430000 -0.252193
440000 -0.250705
450000 -0.249276
460000 -0.247896
470000 -0.246583
480000 -0.245304
490000 -0.244076
500000 -0.242893
510000 -0.241752
520000 -0.240657
530000 -0.239588
540000 -0.238565
550000 -0.237564
560000 -0.236611
570000 -0.235681
580000 -0.234788
590000 -0.233922
600000 -0.233075
610000 -0.232258
620000 -0.231479
630000 -0.230715
640000 -0.229969
650000 -0.229252
660000 -0.22856
670000 -0.22788
680000 -0.227222
690000 -0.226576
700000 -0.225952
710000 -0.225347
720000 -0.224747
730000 -0.224171
740000 -0.223607
750000 -0.223053
760000 -0.222519
770000 -0.221997
780000 -0.221483
790000 -0.220977
800000 -0.220485
810000 -0.220008
820000 -0.219541
830000 -0.219086
840000 -0.218636
850000 -0.218193
860000 -0.217763
870000 -0.217348
880000 -0.216944
890000 -0.216547
900000 -0.216163
910000 -0.215783
920000 -0.215413
930000 -0.215054
940000 -0.214701
950000 -0.214356
960000 -0.214013
970000 -0.213678
980000 -0.213345
990000 -0.21302
