10000 -0.37018
20000 -0.399592
30000 -0.409534
40000 -0.412123
50000 -0.407776
60000 -0.402143
70000 -0.396649
80000 -0.391185
90000 -0.386665
100000 -0.381571
110000 -0.377096
120000 -0.37299
130000 -0.368934
140000 -0.365306
150000 -0.361931
160000 -0.358526
170000 -0.355443
180000 -0.35236
190000 -0.349352
200000 -0.346535
210000 -0.343868
220000 -0.341343
230000 -0.338902
240000 -0.336657
250000 -0.334469
260000 -0.332424
270000 -0.330525
280000 -0.328702
290000 -0.326965
300000 -0.32536
310000 -0.323874
320000 -0.322462
330000 -0.321097
340000 -0.319811
350000 -0.318654
360000 -0.317507
370000 -0.316447
380000 -0.315373
390000 -0.314403
400000 -0.313479
410000 -0.312634
420000 -0.311762
430000 -0.310905
440000 -0.310063
450000 -0.309246
460000 -0.308489
470000 -0.307742
480000 -0.307026
490000 -0.30634
500000 -0.305668
510000 -0.305005
520000 -0.304375
530000 -0.303771
540000 -0.303221
550000 -0.302663
560000 -0.302105
570000 -0.301586
580000 -0.301107
590000 -0.300616
600000 -0.300136
610000 -0.29966
620000 -0.299192
630000 -0.298735
640000 -0.298289
650000 -0.297866
660000 -0.297446
670000 -0.297037
680000 -0.296636
690000 -0.29626
700000 -0.295881
710000 -0.295506
720000 -0.295147
730000 -0.2948
740000 -0.294459
750000 -0.294117
760000 -0.293789
770000 -0.293463
780000 -0.293152
790000 -0.29285
800000 -0.292557
810000 -0.292273
820000 -0.291983
830000 -0.291696
840000 -0.291419
850000 -0.291146
860000 -0.290887
870000 -0.290634
880000 -0.290388
890000 -0.290144
900000 -0.289904
910000 -0.289671
920000 -0.289438
930000 -0.289212
940000 -0.28899
950000 -0.288771
960000 -0.288562
970000 -0.28835
980000 -0.288144
990000 -0.287945
