10000 -0.378156
20000 -0.397264
30000 -0.403743
40000 -0.400612
50000 -0.395221
60000 -0.391055
70000 -0.38684
80000 -0.382351
90000 -0.377898
100000 -0.373135
110000 -0.36879
120000 -0.365043
130000 -0.361144
140000 -0.357331
150000 -0.353902
160000 -0.35052
170000 -0.347386
180000 -0.344287
190000 -0.341448
200000 -0.338614
210000 -0.335859
220000 -0.333338
230000 -0.330938
240000 -0.328738
250000 -0.326617
260000 -0.324579
270000 -0.322643
280000 -0.320884
290000 -0.319177
300000 -0.31755
310000 -0.316004
320000 -0.314486
330000 -0.313048
340000 -0.311661
350000 -0.310311
360000 -0.309036
370000 -0.307806
380000 -0.306615
390000 -0.305478
400000 -0.304412
410000 -0.303391
420000 -0.302388
430000 -0.301451
440000 -0.300526
450000 -0.299659
460000 -0.298819
470000 -0.298008
480000 -0.297246
490000 -0.296503
500000 -0.295785
510000 -0.29509
520000 -0.2944
530000 -0.293738
540000 -0.29312
550000 -0.292507
560000 -0.291911
570000 -0.291334
580000 -0.290768
590000 -0.290227
600000 -0.289705
610000 -0.289196
620000 -0.288699
630000 -0.288221
640000 -0.287766
650000 -0.287321
660000 -0.286888
670000 -0.286457
680000 -0.286035
690000 -0.285625
700000 -0.285232
710000 -0.284844
720000 -0.284466
730000 -0.284098
740000 -0.283743
750000 -0.283396
760000 -0.283059
770000 -0.282724
780000 -0.282406
790000 -0.282095
800000 -0.281782
810000 -0.281478
820000 -0.281181
830000 -0.280894
840000 -0.280614
850000 -0.280337
860000 -0.280068
870000 -0.279804
880000 -0.279546
890000 -0.279286
900000 -0.279037
910000 -0.278792
920000 -0.278552
930000 -0.278324
940000 -0.278094
950000 -0.277865
960000 -0.277646
970000 -0.277425
980000 -0.277208
990000 -0.276995
