10000 -0.390541
20000 -0.406096
30000 -0.411719
40000 -0.411011
50000 -0.402979
60000 -0.392538
70000 -0.380718
80000 -0.368908
90000 -0.357235
100000 -0.346954
110000 -0.338012
120000 -0.329815
130000 -0.32237
140000 -0.315588
150000 -0.309411
160000 -0.303431
170000 -0.29805
180000 -0.293042
190000 -0.288522
200000 -0.284356
210000 -0.280399
220000 -0.276805
230000 -0.273415
240000 -0.270167
250000 -0.267187
260000 -0.264362
270000 -0.261752
280000 -0.25928
290000 -0.256994
300000 -0.254824
310000 -0.252747
320000 -0.250823
330000 -0.249043
340000 -0.247308
350000 -0.245653
360000 -0.244154
370000 -0.242683
380000 -0.241269
390000 -0.239946
400000 -0.238679
410000 -0.237463
420000 -0.236289
430000 -0.235174
440000 -0.234089
450000 -0.233059
460000 -0.232079
470000 -0.231138
480000 -0.230223
490000 -0.229353
500000 -0.228505
510000 -0.227683
520000 -0.226899
530000 -0.226143
540000 -0.225408
550000 -0.224706
560000 -0.224008
570000 -0.223341
580000 -0.222697
590000 -0.222073
600000 -0.221463
610000 -0.220868
620000 -0.220304
630000 -0.219745
640000 -0.219205
650000 -0.218673
660000 -0.218159
670000 -0.217658
680000 -0.217168
690000 -0.216693
700000 -0.216226
710000 -0.215777
720000 -0.215341
730000 -0.214909
740000 -0.214492
750000 -0.214085
760000 -0.213691
770000 -0.213298
780000 -0.212921
790000 -0.212559
800000 -0.212197
810000 -0.211848
820000 -0.211504
830000 -0.211169
840000 -0.210844
850000 -0.21052
860000 -0.210203
870000 -0.209896
880000 -0.20959
890000 -0.209299
900000 -0.209001
910000 -0.208724
920000 -0.208448
930000 -0.208179
940000 -0.207912
950000 -0.207653
960000 -0.207396
970000 -0.207142
980000 -0.206898
990000 -0.206658
