10000 -0.536915
20000 -0.489951
30000 -0.466627
40000 -0.390054
50000 -0.352543
60000 -0.333576
70000 -0.287631
80000 -0.264315
90000 -0.255599
100000 -0.246547
110000 -0.244257
120000 -0.231148
130000 -0.226406
140000 -0.22141
150000 -0.218047
160000 -0.210436
170000 -0.206407
180000 -0.205502
190000 -0.205481
200000 -0.199998
210000 -0.200532
220000 -0.196367
230000 -0.194783
240000 -0.19433
250000 -0.193609
260000 -0.192979
270000 -0.193058
280000 -0.19148
290000 -0.191676
300000 -0.189162
310000 -0.190817
320000 -0.190475
330000 -0.189294
340000 -0.188862
350000 -0.189085
360000 -0.190329
370000 -0.188747
380000 -0.188929
390000 -0.188753
400000 -0.188568
410000 -0.187966
420000 -0.187733
430000 -0.187464
440000 -0.187275
450000 -0.18717
460000 -0.187052
470000 -0.186932
480000 -0.186961
490000 -0.186599
500000 -0.186571
510000 -0.186324
520000 -0.186101
530000 -0.185799
540000 -0.186164
550000 -0.185892
560000 -0.185636
570000 -0.185603
580000 -0.185519
590000 -0.184968
600000 -0.184688
610000 -0.184798
620000 -0.184807
630000 -0.184552
640000 -0.184415
650000 -0.184248
660000 -0.184335
670000 -0.184222
680000 -0.18399
690000 -0.184116
700000 -0.183959
710000 -0.183866
720000 -0.18405
730000 -0.183859
740000 -0.183538
750000 -0.183624
760000 -0.18386
770000 -0.18368
780000 -0.183626
790000 -0.183589
800000 -0.183555
810000 -0.183379
820000 -0.183339
830000 -0.183387
840000 -0.183148
850000 -0.183043
860000 -0.183001
870000 -0.182944
880000 -0.182916
890000 -0.183049
900000 -0.182987
910000 -0.182921
920000 -0.183092
930000 -0.183084
940000 -0.183042
950000 -0.182871
960000 -0.18278
970000 -0.18282
980000 -0.182703
990000 -0.182628
