10000 -0.532187
20000 -0.491566
30000 -0.437303
40000 -0.396192
50000 -0.38025
60000 -0.374673
70000 -0.359841
80000 -0.353467
90000 -0.33689
100000 -0.324506
110000 -0.325602
120000 -0.31512
130000 -0.309102
140000 -0.306004
150000 -0.302986
160000 -0.297375
170000 -0.29287
180000 -0.28953
190000 -0.287298
200000 -0.279973
210000 -0.279907
220000 -0.278449
230000 -0.276209
240000 -0.275367
250000 -0.27336
260000 -0.270945
270000 -0.27167
280000 -0.271033
290000 -0.270032
300000 -0.268347
310000 -0.267853
320000 -0.26656
330000 -0.265712
340000 -0.264751
350000 -0.264031
360000 -0.263765
370000 -0.262233
380000 -0.262283
390000 -0.262547
400000 -0.262445
410000 -0.261559
420000 -0.261093
430000 -0.260995
440000 -0.261023
450000 -0.260902
460000 -0.261547
470000 -0.261041
480000 -0.260973
490000 -0.260529
500000 -0.260554
510000 -0.259077
520000 -0.259002
530000 -0.25908
540000 -0.259838
550000 -0.259159
560000 -0.258873
570000 -0.258824
580000 -0.258744
590000 -0.258821
600000 -0.258587
610000 -0.259153
620000 -0.258778
630000 -0.258782
640000 -0.258881
650000 -0.258584
660000 -0.258013
670000 -0.258028
680000 -0.257716
690000 -0.257826
700000 -0.257764
710000 -0.25793
720000 -0.2578
730000 -0.257704
740000 -0.25769
750000 -0.257599
760000 -0.257727
770000 -0.257652
780000 -0.257852
790000 -0.257383
800000 -0.257049
810000 -0.257217
820000 -0.257178
830000 -0.257591
840000 -0.25728
850000 -0.257423
860000 -0.257403
870000 -0.256959
880000 -0.256643
890000 -0.256875
900000 -0.257181
910000 -0.256985
920000 -0.256904
930000 -0.256875
940000 -0.256617
950000 -0.256534
960000 -0.256354
970000 -0.25642
980000 -0.256127
990000 -0.256178
