10000 -0.520946
20000 -0.491928
30000 -0.474648
40000 -0.450898
50000 -0.429818
60000 -0.385675
70000 -0.343436
80000 -0.327734
90000 -0.31917
100000 -0.309172
110000 -0.299009
120000 -0.290189
130000 -0.280384
140000 -0.272457
150000 -0.265784
160000 -0.259499
170000 -0.254137
180000 -0.251017
190000 -0.242797
200000 -0.239631
210000 -0.237461
220000 -0.233782
230000 -0.230991
240000 -0.225993
250000 -0.224006
260000 -0.221148
270000 -0.219026
280000 -0.214875
290000 -0.214313
300000 -0.213268
310000 -0.211271
320000 -0.21285
330000 -0.210555
340000 -0.209606
350000 -0.206691
360000 -0.206167
370000 -0.206637
380000 -0.205972
390000 -0.204373
400000 -0.204101
410000 -0.202955
420000 -0.203189
430000 -0.201476
440000 -0.201429
450000 -0.200566
460000 -0.200467
470000 -0.199806
480000 -0.200388
490000 -0.19731
500000 -0.196413
510000 -0.194775
520000 -0.194015
530000 -0.192247
540000 -0.190667
550000 -0.189735
560000 -0.186913
570000 -0.186205
580000 -0.183907
590000 -0.183545
600000 -0.183551
610000 -0.183045
620000 -0.182237
630000 -0.184121
640000 -0.18424
650000 -0.181864
660000 -0.181252
670000 -0.181457
680000 -0.181245
690000 -0.181196
700000 -0.18109
710000 -0.180964
720000 -0.180831
730000 -0.180769
740000 -0.180973
750000 -0.18117
760000 -0.181278
770000 -0.18113
780000 -0.181087
790000 -0.181036
800000 -0.18087
810000 -0.180528
820000 -0.180646
830000 -0.180458
840000 -0.180326
850000 -0.180071
860000 -0.180163
870000 -0.180002
880000 -0.179847
890000 -0.179881
900000 -0.179956
910000 -0.179971
920000 -0.179906
930000 -0.180051
940000 -0.179866
950000 -0.179767
960000 -0.179898
970000 -0.180144
980000 -0.17992
990000 -0.179722
