10000 -0.526454
20000 -0.49119
30000 -0.460058
40000 -0.418821
50000 -0.400436
60000 -0.383342
70000 -0.367396
80000 -0.338574
90000 -0.320601
100000 -0.300954
110000 -0.29212
120000 -0.276389
130000 -0.25749
140000 -0.252706
150000 -0.246079
160000 -0.238266
170000 -0.236289
180000 -0.232591
190000 -0.228169
200000 -0.223938
210000 -0.215744
220000 -0.21349
230000 -0.207007
240000 -0.203385
250000 -0.201245
260000 -0.199429
270000 -0.198224
280000 -0.19524
290000 -0.191881
300000 -0.191537
310000 -0.18987
320000 -0.188203
330000 -0.187803
340000 -0.187598
350000 -0.187427
360000 -0.186649
370000 -0.186668
380000 -0.187004
390000 -0.18653
400000 -0.186579
410000 -0.186069
420000 -0.186173
430000 -0.185993
440000 -0.185561
450000 -0.185321
460000 -0.185381
470000 -0.185154
480000 -0.184732
490000 -0.184501
500000 -0.184446
510000 -0.184094
520000 -0.183981
530000 -0.183643
540000 -0.183477
550000 -0.183425
560000 -0.183331
570000 -0.183524
580000 -0.183399
590000 -0.183358
600000 -0.18302
610000 -0.18314
620000 -0.183272
630000 -0.183309
640000 -0.18311
650000 -0.183112
660000 -0.183015
670000 -0.183066
680000 -0.182506
690000 -0.182294
700000 -0.182309
710000 -0.182294
720000 -0.182104
730000 -0.182092
740000 -0.18209
750000 -0.182212
760000 -0.181932
770000 -0.181939
780000 -0.181459
790000 -0.181516
800000 -0.181681
810000 -0.181501
820000 -0.181481
830000 -0.181019
840000 -0.181108
850000 -0.181049
860000 -0.181261
870000 -0.181656
880000 -0.18175
890000 -0.181692
900000 -0.181735
910000 -0.181716
920000 -0.181677
930000 -0.181632
940000 -0.181595
950000 -0.181686
960000 -0.18143
970000 -0.181293
980000 -0.181041
990000 -0.181078
