10000 -0.462453
20000 -0.40495
30000 -0.365527
40000 -0.337191
50000 -0.301675
60000 -0.262512
70000 -0.26154
80000 -0.260331
90000 -0.26071
100000 -0.261373
110000 -0.257965
120000 -0.260992
130000 -0.256156
140000 -0.255946
150000 -0.256354
160000 -0.255675
170000 -0.25567
180000 -0.254944
190000 -0.254191
200000 -0.253061
210000 -0.252005
220000 -0.251481
230000 -0.253913
240000 -0.253181
250000 -0.248829
260000 -0.248845
270000 -0.247997
280000 -0.248337
290000 -0.24749
300000 -0.246735
310000 -0.245149
320000 -0.244112
330000 -0.243403
340000 -0.24224
350000 -0.242322
360000 -0.240569
370000 -0.241552
380000 -0.240904
390000 -0.240649
400000 -0.241346
410000 -0.239694
420000 -0.240944
430000 -0.239213
440000 -0.239018
450000 -0.239052
460000 -0.238855
470000 -0.238766
480000 -0.239309
490000 -0.239468
500000 -0.239515
510000 -0.24043
520000 -0.240443
530000 -0.238661
540000 -0.242021
550000 -0.238763
560000 -0.238962
570000 -0.238936
580000 -0.236717
590000 -0.238546
600000 -0.238679
610000 -0.237346
620000 -0.238338
630000 -0.236185
640000 -0.236143
650000 -0.236393
660000 -0.236521
670000 -0.236462
680000 -0.236596
690000 -0.236553
700000 -0.23647
710000 -0.237123
720000 -0.237784
730000 -0.237001
740000 -0.236395
750000 -0.236996
760000 -0.236842
770000 -0.235295
780000 -0.237247
790000 -0.236818
800000 -0.237647
810000 -0.236769
820000 -0.235307
830000 -0.236506
840000 -0.235861
850000 -0.236783
860000 -0.237192
870000 -0.236551
880000 -0.236456
890000 -0.236744
900000 -0.235316
910000 -0.234818
920000 -0.234905
930000 -0.234774
940000 -0.23561
950000 -0.235909
960000 -0.235886
970000 -0.235857
980000 -0.236005
990000 -0.235707
