10000 0.287145
20000 0.157522
30000 0.112819
40000 0.0901954
50000 0.0765508
60000 0.0673866
70000 0.06076
80000 0.0557633
90000 0.0518415
100000 0.0486958
110000 0.046106
120000 0.043916
130000 0.0420597
140000 0.0404702
150000 0.0390823
160000 0.0378452
170000 0.036727
180000 0.0357345
190000 0.034846
200000 0.0340007
210000 0.0331985
220000 0.0324299
230000 0.03174
240000 0.031071
250000 0.030457
260000 0.029918
270000 0.0294186
280000 0.0289436
290000 0.028486
300000 0.0280782
310000 0.027687
320000 0.0272829
330000 0.0269191
340000 0.0266092
350000 0.0262801
360000 0.0259622
370000 0.0256763
380000 0.0254118
390000 0.0251674
400000 0.0249241
410000 0.0247076
420000 0.0244873
430000 0.0242595
440000 0.0240421
450000 0.0238343
460000 0.0236356
470000 0.0234453
480000 0.023263
490000 0.0230881
500000 0.0229201
510000 0.0227588
520000 0.0226037
530000 0.0224544
540000 0.0223106
550000 0.0221721
560000 0.0220386
570000 0.0219097
580000 0.0217852
590000 0.021665
600000 0.0215488
610000 0.0214364
620000 0.0213276
630000 0.0212223
640000 0.0211203
650000 0.0210214
660000 0.0209255
670000 0.0208324
680000 0.0207421
690000 0.0206544
700000 0.0205693
710000 0.0204865
720000 0.020406
730000 0.0203277
740000 0.0202516
750000 0.0201774
760000 0.0201053
770000 0.020035
780000 0.0199665
790000 0.0198997
800000 0.0198346
810000 0.0197711
820000 0.0197092
830000 0.0196487
840000 0.0195897
850000 0.0195321
860000 0.0194758
870000 0.0194208
880000 0.0193671
890000 0.0193145
900000 0.0192632
910000 0.0192129
920000 0.0191638
930000 0.0191157
940000 0.0190687
950000 0.0190226
960000 0.0189775
970000 0.0189333
980000 0.01889
990000 0.0188476
