10000 0.418004
20000 0.227121
30000 0.158345
40000 0.123822
50000 0.103071
60000 0.0892255
70000 0.07933
80000 0.0719056
90000 0.0661298
100000 0.0615068
110000 0.0577246
120000 0.0545719
130000 0.0519041
140000 0.0496172
150000 0.0476349
160000 0.0459006
170000 0.0443699
180000 0.0430092
190000 0.0417919
200000 0.0406961
210000 0.0397047
220000 0.0388034
230000 0.0379804
240000 0.0372259
250000 0.0365319
260000 0.0358912
270000 0.0352979
280000 0.034747
290000 0.0342341
300000 0.0337554
310000 0.0333075
320000 0.0328877
330000 0.0324932
340000 0.032122
350000 0.031772
360000 0.0314414
370000 0.0311287
380000 0.0308324
390000 0.0305513
400000 0.0302843
410000 0.0300304
420000 0.0297884
430000 0.0295578
440000 0.0293376
450000 0.0291272
460000 0.028926
470000 0.0287333
480000 0.0285486
490000 0.0283715
500000 0.0282015
510000 0.0280381
520000 0.027881
530000 0.0277299
540000 0.0275843
550000 0.0274441
560000 0.0273088
570000 0.0271783
580000 0.0270523
590000 0.0269305
600000 0.0268129
610000 0.026699
620000 0.0265889
630000 0.0264822
640000 0.0263789
650000 0.0262787
660000 0.0261816
670000 0.0260874
680000 0.025996
690000 0.0259072
700000 0.0258209
710000 0.0257371
720000 0.0256556
730000 0.0255763
740000 0.0254992
750000 0.0254241
760000 0.0253511
770000 0.0252799
780000 0.0252105
790000 0.0251429
800000 0.025077
810000 0.0250127
820000 0.0249499
830000 0.0248887
840000 0.024829
850000 0.0247706
860000 0.0247136
870000 0.0246579
880000 0.0246035
890000 0.0245503
900000 0.0244983
910000 0.0244474
920000 0.0243977
930000 0.024349
940000 0.0243013
950000 0.0242546
960000 0.024209
970000 0.0241642
980000 0.0241204
990000 0.0240774
