10000 0.27273
20000 0.166897
30000 0.131457
40000 0.113717
50000 0.103067
60000 0.0959644
70000 0.0908901
80000 0.0870837
90000 0.0841229
100000 0.0817541
110000 0.0798157
120000 0.0782004
130000 0.0768334
140000 0.0756618
150000 0.0746463
160000 0.0737577
170000 0.0729736
180000 0.0722767
190000 0.071653
200000 0.0710918
210000 0.070584
220000 0.0701223
230000 0.0697008
240000 0.0693144
250000 0.0689589
260000 0.0686308
270000 0.0683269
280000 0.0680448
290000 0.0677821
300000 0.0675369
310000 0.0673076
320000 0.0670925
330000 0.0668905
340000 0.0667004
350000 0.0665212
360000 0.0663519
370000 0.0661917
380000 0.06604
390000 0.0658961
400000 0.0657593
410000 0.0656292
420000 0.0655054
430000 0.0653873
440000 0.0652745
450000 0.0651668
460000 0.0650637
470000 0.064965
480000 0.0648705
490000 0.0647798
500000 0.0646927
510000 0.0646091
520000 0.0645286
530000 0.0644512
540000 0.0643767
550000 0.0643049
560000 0.0642356
570000 0.0641688
580000 0.0641042
590000 0.0640419
600000 0.0639816
610000 0.0639233
620000 0.0638669
630000 0.0638123
640000 0.0637594
650000 0.0637081
660000 0.0636584
670000 0.0636102
680000 0.0635633
690000 0.0635179
700000 0.0634737
710000 0.0634308
720000 0.0633891
730000 0.0633485
740000 0.063309
750000 0.0632705
760000 0.0632331
770000 0.0631967
780000 0.0631611
790000 0.0631265
800000 0.0630928
810000 0.0630598
820000 0.0630277
830000 0.0629964
840000 0.0629658
850000 0.0629359
860000 0.0629067
870000 0.0628782
880000 0.0628503
890000 0.0628231
900000 0.0627965
910000 0.0627704
920000 0.0627449
930000 0.06272
940000 0.0626956
950000 0.0626717
960000 0.0626483
970000 0.0626254
980000 0.062603
990000 0.062581
