10000 0.187606
20000 0.122402
30000 0.10053
40000 0.08957
50000 0.0829879
60000 0.0785966
70000 0.0754589
80000 0.0731048
90000 0.0712734
100000 0.0698082
110000 0.0686089
120000 0.0676095
130000 0.0667638
140000 0.0660389
150000 0.0654105
160000 0.0648607
170000 0.0643755
180000 0.0639442
190000 0.0635583
200000 0.0632109
210000 0.0628967
220000 0.062611
230000 0.0623501
240000 0.062111
250000 0.061891
260000 0.0616879
270000 0.0614998
280000 0.0613252
290000 0.0611626
300000 0.0610109
310000 0.0608689
320000 0.0607358
330000 0.0606108
340000 0.0604931
350000 0.0603822
360000 0.0602774
370000 0.0601783
380000 0.0600844
390000 0.0599953
400000 0.0599106
410000 0.0598301
420000 0.0597535
430000 0.0596803
440000 0.0596106
450000 0.0595439
460000 0.0594801
470000 0.059419
480000 0.0593605
490000 0.0593043
500000 0.0592504
510000 0.0591987
520000 0.0591489
530000 0.059101
540000 0.0590548
550000 0.0590104
560000 0.0589675
570000 0.0589261
580000 0.0588862
590000 0.0588476
600000 0.0588103
610000 0.0587742
620000 0.0587393
630000 0.0587055
640000 0.0586727
650000 0.058641
660000 0.0586102
670000 0.0585803
680000 0.0585514
690000 0.0585232
700000 0.0584959
710000 0.0584693
720000 0.0584435
730000 0.0584183
740000 0.0583939
750000 0.0583701
760000 0.0583469
770000 0.0583244
780000 0.0583024
790000 0.058281
800000 0.0582601
810000 0.0582397
820000 0.0582198
830000 0.0582004
840000 0.0581814
850000 0.058163
860000 0.0581449
870000 0.0581272
880000 0.05811
890000 0.0580931
900000 0.0580766
910000 0.0580605
920000 0.0580447
930000 0.0580293
940000 0.0580142
950000 0.0579994
960000 0.0579849
970000 0.0579707
980000 0.0579569
990000 0.0579432
