10000 0.225015
20000 0.141831
30000 0.114003
40000 0.100072
50000 0.0917107
60000 0.0861329
70000 0.0821488
80000 0.07916
90000 0.0768348
100000 0.074975
110000 0.0734531
120000 0.0721846
130000 0.0711114
140000 0.0701914
150000 0.069394
160000 0.0686963
170000 0.0680806
180000 0.0675334
190000 0.0670438
200000 0.0666031
210000 0.0662043
220000 0.0658418
230000 0.0655109
240000 0.0652075
250000 0.0649284
260000 0.0646707
270000 0.0644321
280000 0.0642106
290000 0.0640043
300000 0.0638118
310000 0.0636317
320000 0.0634629
330000 0.0633043
340000 0.063155
350000 0.0630142
360000 0.0628813
370000 0.0627556
380000 0.0626365
390000 0.0625234
400000 0.0624161
410000 0.0623139
420000 0.0622167
430000 0.0621239
440000 0.0620354
450000 0.0619508
460000 0.0618699
470000 0.0617924
480000 0.0617182
490000 0.0616469
500000 0.0615786
510000 0.0615129
520000 0.0614497
530000 0.061389
540000 0.0613304
550000 0.061274
560000 0.0612196
570000 0.0611672
580000 0.0611165
590000 0.0610676
600000 0.0610202
610000 0.0609745
620000 0.0609302
630000 0.0608873
640000 0.0608458
650000 0.0608055
660000 0.0607664
670000 0.0607286
680000 0.0606918
690000 0.0606561
700000 0.0606214
710000 0.0605877
720000 0.0605549
730000 0.0605231
740000 0.0604921
750000 0.0604619
760000 0.0604325
770000 0.0604039
780000 0.060376
790000 0.0603488
800000 0.0603223
810000 0.0602964
820000 0.0602712
830000 0.0602466
840000 0.0602226
850000 0.0601991
860000 0.0601762
870000 0.0601538
880000 0.0601319
890000 0.0601106
900000 0.0600896
910000 0.0600692
920000 0.0600492
930000 0.0600296
940000 0.0600104
950000 0.0599917
960000 0.0599733
970000 0.0599553
980000 0.0599377
990000 0.0599204
