10000 0.299296
20000 0.221413
30000 0.19096
40000 0.175255
50000 0.165847
60000 0.158854
70000 0.153685
80000 0.149772
90000 0.146607
100000 0.144045
110000 0.141943
120000 0.140172
130000 0.138695
140000 0.137423
150000 0.136249
160000 0.133494
170000 0.12914
180000 0.124569
190000 0.120456
200000 0.116752
210000 0.113401
220000 0.110354
230000 0.107573
240000 0.105021
250000 0.102674
260000 0.100508
270000 0.0985025
280000 0.0966294
290000 0.0948949
300000 0.0932766
310000 0.091762
320000 0.0903422
330000 0.089009
340000 0.0877531
350000 0.0865694
360000 0.0854515
370000 0.0843942
380000 0.0833921
390000 0.0824417
400000 0.0815388
410000 0.0806794
420000 0.0798616
430000 0.0790812
440000 0.0783367
450000 0.077625
460000 0.0769444
470000 0.0762927
480000 0.0756681
490000 0.075069
500000 0.074494
510000 0.0739412
520000 0.07341
530000 0.0728986
540000 0.0724064
550000 0.0719319
560000 0.0714745
570000 0.0710328
580000 0.0706066
590000 0.0701948
600000 0.0697969
610000 0.0694116
620000 0.069039
630000 0.0686782
640000 0.0683288
650000 0.0679898
660000 0.0676613
670000 0.0673427
680000 0.0670333
690000 0.0667329
700000 0.0664411
710000 0.0661576
720000 0.0658819
730000 0.0656137
740000 0.0653528
750000 0.0650988
760000 0.0648515
770000 0.0646107
780000 0.0643762
790000 0.0641473
800000 0.0639242
810000 0.0637068
820000 0.0634945
830000 0.0632874
840000 0.0630853
850000 0.0628878
860000 0.062695
870000 0.0625066
880000 0.0623225
890000 0.0621426
900000 0.0619666
910000 0.0617945
920000 0.0616261
930000 0.0614614
940000 0.0613001
950000 0.0611423
960000 0.0609877
970000 0.0608363
980000 0.060688
990000 0.0605427
