10000 0.128082
20000 0.0712873
30000 0.0520693
40000 0.0424429
50000 0.0366634
60000 0.0328087
70000 0.0300546
80000 0.0279885
90000 0.0263812
100000 0.0250953
110000 0.0240431
120000 0.0231661
130000 0.022424
140000 0.0217879
150000 0.0212365
160000 0.0207541
170000 0.0203284
180000 0.01995
190000 0.0196114
200000 0.0193067
210000 0.0190309
220000 0.0187803
230000 0.0185514
240000 0.0183416
250000 0.0181486
260000 0.0179704
270000 0.0178054
280000 0.0176522
290000 0.0175096
300000 0.0173765
310000 0.0172519
320000 0.0171352
330000 0.0170255
340000 0.0169223
350000 0.0168249
360000 0.016733
370000 0.016646
380000 0.0165636
390000 0.0164855
400000 0.0164112
410000 0.0163406
420000 0.0162733
430000 0.0162092
440000 0.016148
450000 0.0160895
460000 0.0160335
470000 0.0159799
480000 0.0159286
490000 0.0158793
500000 0.0158321
510000 0.0157866
520000 0.015743
530000 0.0157009
540000 0.0156605
550000 0.0156214
560000 0.0155838
570000 0.0155475
580000 0.0155125
590000 0.0154787
600000 0.0154459
610000 0.0154143
620000 0.0153837
630000 0.015354
640000 0.0153253
650000 0.0152974
660000 0.0152704
670000 0.0152442
680000 0.0152188
690000 0.0151941
700000 0.0151701
710000 0.0151468
720000 0.0151241
730000 0.0151021
740000 0.0150807
750000 0.0150598
760000 0.0150395
770000 0.0150197
780000 0.0150004
790000 0.0149816
800000 0.0149633
810000 0.0149454
820000 0.0149279
830000 0.0149109
840000 0.0148943
850000 0.0148781
860000 0.0148622
870000 0.0148467
880000 0.0148316
890000 0.0148168
900000 0.0148024
910000 0.0147882
920000 0.0147744
930000 0.0147608
940000 0.0147476
950000 0.0147346
960000 0.0147219
970000 0.0147095
980000 0.0146973
990000 0.0146853
