10000 0.0566092
20000 0.0566092
30000 0.0566092
40000 0.0566092
50000 0.0566092
60000 0.0566092
70000 0.0566092
80000 0.0566092
90000 0.0566092
100000 0.0566092
110000 0.0566092
120000 0.0566092
130000 0.0566092
140000 0.0566092
150000 0.0566092
160000 0.0566092
170000 0.0566092
180000 0.0566092
190000 0.0566092
200000 0.0566092
210000 0.0566092
220000 0.0566092
230000 0.0566092
240000 0.0566092
250000 0.0566092
260000 0.0566092
270000 0.0566092
280000 0.0566092
290000 0.0566092
300000 0.0566092
310000 0.0566092
320000 0.0566092
330000 0.0566092
340000 0.0566092
350000 0.0566092
360000 0.0566092
370000 0.0566092
380000 0.0566092
390000 0.0566092
400000 0.0566092
410000 0.0566092
420000 0.0566092
430000 0.0566092
440000 0.0566092
450000 0.0566092
460000 0.0566092
470000 0.0566092
480000 0.0566092
490000 0.0566092
500000 0.0566092
510000 0.0566092
520000 0.0566092
530000 0.0566092
540000 0.0566092
550000 0.0566092
560000 0.0566092
570000 0.0566092
580000 0.0566092
590000 0.0566092
600000 0.0566092
610000 0.0566092
620000 0.0566092
630000 0.0566092
640000 0.0566092
650000 0.0566092
660000 0.0566092
670000 0.0566092
680000 0.0566092
690000 0.0566092
700000 0.0566092
710000 0.0566092
720000 0.0566092
730000 0.0566092
740000 0.0566092
750000 0.0566092
760000 0.0566092
770000 0.0566092
780000 0.0566092
790000 0.0566092
800000 0.0566092
810000 0.0566092
820000 0.0566092
830000 0.0566092
840000 0.0566092
850000 0.0566092
860000 0.0566092
870000 0.0566092
880000 0.0566092
890000 0.0566092
900000 0.0566092
910000 0.0566092
920000 0.0566092
930000 0.0566092
940000 0.0566092
950000 0.0566092
960000 0.0566092
970000 0.0566092
980000 0.0566092
990000 0.0566092
