10000 0.0813693
20000 0.0813693
30000 0.0813693
40000 0.0813693
50000 0.0813693
60000 0.0813693
70000 0.0813693
80000 0.0813693
90000 0.0813693
100000 0.0813693
110000 0.0813693
120000 0.0813693
130000 0.0813693
140000 0.0813693
150000 0.0813693
160000 0.0813693
170000 0.0813693
180000 0.0813693
190000 0.0813693
200000 0.0813693
210000 0.0813693
220000 0.0813693
230000 0.0813693
240000 0.0813693
250000 0.0813693
260000 0.0813693
270000 0.0813693
280000 0.0813693
290000 0.0813693
300000 0.0813693
310000 0.0813693
320000 0.0813693
330000 0.0813693
340000 0.0813693
350000 0.0813693
360000 0.0813693
370000 0.0813693
380000 0.0813693
390000 0.0813693
400000 0.0813693
410000 0.0813693
420000 0.0813693
430000 0.0813693
440000 0.0813693
450000 0.0813693
460000 0.0813693
470000 0.0813693
480000 0.0813693
490000 0.0813693
500000 0.0813693
510000 0.0813693
520000 0.0813693
530000 0.0813693
540000 0.0813693
550000 0.0813693
560000 0.0813693
570000 0.0813693
580000 0.0813693
590000 0.0813693
600000 0.0813693
610000 0.0813693
620000 0.0813693
630000 0.0813693
640000 0.0813693
650000 0.0813693
660000 0.0813693
670000 0.0813693
680000 0.0813693
690000 0.0813693
700000 0.0813693
710000 0.0813693
720000 0.0813693
730000 0.0813693
740000 0.0813693
750000 0.0813693
760000 0.0813693
770000 0.0813693
780000 0.0813693
790000 0.0813693
800000 0.0813693
810000 0.0813693
820000 0.0813693
830000 0.0813693
840000 0.0813693
850000 0.0813693
860000 0.0813693
870000 0.0813693
880000 0.0813693
890000 0.0813693
900000 0.0813693
910000 0.0813693
920000 0.0813693
930000 0.0769414
940000 0.0604204
950000 0.0496768
960000 0.0363814
970000 0.0267066
980000 0.0135151
990000 0.0135151
