10000 -0.587169
20000 -0.575728
30000 -0.594109
40000 -0.572533
50000 -0.48585
60000 -0.51752
70000 -0.593457
80000 -0.484009
90000 -0.605282
100000 -0.561266
110000 -0.551967
120000 -0.546726
130000 -0.58936
140000 -0.512384
150000 -0.560852
160000 -0.542719
170000 -0.554227
180000 -0.636648
190000 -0.440866
200000 -0.644116
210000 -0.565904
220000 -0.509863
230000 -0.592037
240000 -0.568033
250000 -0.528463
260000 -0.594857
270000 -0.492497
280000 -0.502848
290000 -0.579572
300000 -0.538368
310000 -0.580321
320000 -0.555448
330000 -0.611515
340000 -0.611282
350000 -0.624256
360000 -0.603992
370000 -0.607332
380000 -0.438374
390000 -0.556228
400000 -0.542165
410000 -0.437726
420000 -0.528941
430000 -0.509942
440000 -0.580451
450000 -0.391822
460000 -0.524403
470000 -0.596116
480000 -0.544474
490000 -0.547378
500000 -0.506449
510000 -0.592652
520000 -0.518414
530000 -0.583585
540000 -0.523684
550000 -0.513308
560000 -0.575671
570000 -0.58443
580000 -0.4899
590000 -0.531524
600000 -0.491434
610000 -0.489687
620000 -0.57219
630000 -0.544661
640000 -0.602156
650000 -0.512851
660000 -0.530319
670000 -0.512589
680000 -0.505185
690000 -0.59438
700000 -0.587512
710000 -0.591242
720000 -0.490034
730000 -0.448101
740000 -0.498325
750000 -0.526054
760000 -0.559299
770000 -0.558597
780000 -0.515448
790000 -0.54641
800000 -0.572472
810000 -0.573641
820000 -0.487191
830000 -0.533966
840000 -0.514563
850000 -0.486535
860000 -0.57988
870000 -0.472603
880000 -0.629782
890000 -0.459316
900000 -0.476054
910000 -0.43746
920000 -0.636129
930000 -0.487319
940000 -0.491216
950000 -0.530305
960000 -0.483628
970000 -0.514681
980000 -0.508118
990000 -0.524983
1000000 -0.494112
