10000 -0.533648
20000 -0.507662
30000 -0.569892
40000 -0.473301
50000 -0.602526
60000 -0.551491
70000 -0.630412
80000 -0.544138
90000 -0.549538
100000 -0.597585
110000 -0.584029
120000 -0.5076
130000 -0.524989
140000 -0.57001
150000 -0.586432
160000 -0.590097
170000 -0.553189
180000 -0.552676
190000 -0.495693
200000 -0.563269
210000 -0.562107
220000 -0.58725
230000 -0.548153
240000 -0.562465
250000 -0.605472
260000 -0.614703
270000 -0.549633
280000 -0.549315
290000 -0.571915
300000 -0.569011
310000 -0.620407
320000 -0.610988
330000 -0.629878
340000 -0.518475
350000 -0.540856
360000 -0.615947
370000 -0.574892
380000 -0.526871
390000 -0.529494
400000 -0.533662
410000 -0.562632
420000 -0.586281
430000 -0.626276
440000 -0.511878
450000 -0.608779
460000 -0.54727
470000 -0.498173
480000 -0.529894
490000 -0.520183
500000 -0.547328
510000 -0.571341
520000 -0.610677
530000 -0.617547
540000 -0.588247
550000 -0.598113
560000 -0.487829
570000 -0.590051
580000 -0.472576
590000 -0.567241
600000 -0.613008
610000 -0.528055
620000 -0.589338
630000 -0.551987
640000 -0.437777
650000 -0.567911
660000 -0.536221
670000 -0.55477
680000 -0.614811
690000 -0.472001
700000 -0.568429
710000 -0.530743
720000 -0.548073
730000 -0.514238
740000 -0.564162
750000 -0.543459
760000 -0.500359
770000 -0.57795
780000 -0.53246
790000 -0.543464
800000 -0.521846
810000 -0.528757
820000 -0.518487
830000 -0.599505
840000 -0.545611
850000 -0.550546
860000 -0.432934
870000 -0.466758
880000 -0.504901
890000 -0.541265
900000 -0.547448
910000 -0.478742
920000 -0.538352
930000 -0.595585
940000 -0.512525
950000 -0.468811
960000 -0.490797
970000 -0.515069
980000 -0.537457
990000 -0.486407
1000000 -0.505884
