10000 -0.414704
20000 -0.409185
30000 -0.289449
40000 -0.269649
50000 -0.312382
60000 -0.26911
70000 -0.250327
80000 -0.259236
90000 -0.251368
100000 -0.270871
110000 -0.253112
120000 -0.252308
130000 -0.25673
140000 -0.25131
150000 -0.250781
160000 -0.249759
170000 -0.24629
180000 -0.249484
190000 -0.247252
200000 -0.245133
210000 -0.249289
220000 -0.249133
230000 -0.246331
240000 -0.249799
250000 -0.249169
260000 -0.246268
270000 -0.250601
280000 -0.251268
290000 -0.250433
300000 -0.245556
310000 -0.25479
320000 -0.247065
330000 -0.249749
340000 -0.248482
350000 -0.247162
360000 -0.248128
370000 -0.246189
380000 -0.246381
390000 -0.244291
400000 -0.244985
410000 -0.248561
420000 -0.245702
430000 -0.244378
440000 -0.247238
450000 -0.247164
460000 -0.246912
470000 -0.244491
480000 -0.245297
490000 -0.249689
500000 -0.244764
510000 -0.246673
520000 -0.247572
530000 -0.246735
540000 -0.246794
550000 -0.246046
560000 -0.247175
570000 -0.247112
580000 -0.247872
590000 -0.256507
600000 -0.245601
610000 -0.246036
620000 -0.244389
630000 -0.246874
640000 -0.247797
650000 -0.24767
660000 -0.249576
670000 -0.247181
680000 -0.245122
690000 -0.244726
700000 -0.245562
710000 -0.245198
720000 -0.248097
730000 -0.244526
740000 -0.245009
750000 -0.2432
760000 -0.248654
770000 -0.243741
780000 -0.245884
790000 -0.246805
800000 -0.243957
810000 -0.248269
820000 -0.247909
830000 -0.246754
840000 -0.245737
850000 -0.25473
860000 -0.246772
870000 -0.244862
880000 -0.245
890000 -0.244211
900000 -0.244663
910000 -0.246692
920000 -0.243585
930000 -0.247845
940000 -0.245581
950000 -0.243777
960000 -0.242934
970000 -0.24504
980000 -0.246965
990000 -0.245893
1000000 -0.243039
