10000 -0.511368
20000 -0.35889
30000 -0.321374
40000 -0.318343
50000 -0.301763
60000 -0.281833
70000 -0.298511
80000 -0.286331
90000 -0.292425
100000 -0.271913
110000 -0.261255
120000 -0.262026
130000 -0.261078
140000 -0.259468
150000 -0.261565
160000 -0.258229
170000 -0.259896
180000 -0.255565
190000 -0.258157
200000 -0.256144
210000 -0.256187
220000 -0.257951
230000 -0.25603
240000 -0.260139
250000 -0.258349
260000 -0.253495
270000 -0.257056
280000 -0.255118
290000 -0.25503
300000 -0.256303
310000 -0.25449
320000 -0.259364
330000 -0.257475
340000 -0.254167
350000 -0.256212
360000 -0.255304
370000 -0.258161
380000 -0.255143
390000 -0.254594
400000 -0.261491
410000 -0.254542
420000 -0.254784
430000 -0.257799
440000 -0.253172
450000 -0.311188
460000 -0.257322
470000 -0.255001
480000 -0.256954
490000 -0.260032
500000 -0.256576
510000 -0.258107
520000 -0.256105
530000 -0.255038
540000 -0.255489
550000 -0.253883
560000 -0.255356
570000 -0.25477
580000 -0.254129
590000 -0.256064
600000 -0.25357
610000 -0.26158
620000 -0.255454
630000 -0.256765
640000 -0.25596
650000 -0.254708
660000 -0.253125
670000 -0.253324
680000 -0.256925
690000 -0.255341
700000 -0.254495
710000 -0.254953
720000 -0.255577
730000 -0.255753
740000 -0.25472
750000 -0.253277
760000 -0.254555
770000 -0.255259
780000 -0.254475
790000 -0.253846
800000 -0.256074
810000 -0.253255
820000 -0.253669
830000 -0.256135
840000 -0.25325
850000 -0.253444
860000 -0.253823
870000 -0.253955
880000 -0.256016
890000 -0.253996
900000 -0.254011
910000 -0.253124
920000 -0.255086
930000 -0.2541
940000 -0.257276
950000 -0.252959
960000 -0.254698
970000 -0.254091
980000 -0.254982
990000 -0.25342
1000000 -0.254161
