10000 0.0484188
20000 0.046557
30000 0.046557
40000 0.0484188
50000 0.0465569
60000 0.046557
70000 0.0465569
80000 0.046557
90000 0.046557
100000 0.0465569
110000 0.046557
120000 0.0465569
130000 0.0465569
140000 0.0465569
150000 0.0465569
160000 0.0465569
170000 0.0465569
180000 0.0465569
190000 0.0465569
200000 0.0465569
210000 0.046557
220000 0.046557
230000 0.046557
240000 0.0465569
250000 0.0603073
260000 0.0465569
270000 0.0465569
280000 0.0484188
290000 0.0465569
300000 0.0484188
310000 0.0465569
320000 0.0465569
330000 0.0465569
340000 0.046557
350000 0.0465569
360000 0.046557
370000 0.046557
380000 0.0465569
390000 0.0484188
400000 0.0484188
410000 0.0484188
420000 0.046557
430000 0.046557
440000 0.046557
450000 0.046557
460000 0.046557
470000 0.046557
480000 0.046557
490000 0.046557
500000 0.046557
510000 0.046557
520000 0.0465569
530000 0.0465569
540000 0.0465569
550000 0.0465569
560000 0.0465569
570000 0.0465569
580000 0.046557
590000 0.046557
600000 0.046557
610000 0.0465569
620000 0.0465569
630000 0.0465569
640000 0.0484188
650000 0.0465569
660000 0.0465569
670000 0.0465569
680000 0.0465569
690000 0.0465569
700000 0.0465569
710000 0.0465569
720000 0.0465569
730000 0.0465569
740000 0.0484188
750000 0.0465569
760000 0.0465569
770000 0.0465569
780000 0.0465569
790000 0.0465569
800000 0.046557
810000 0.046557
820000 0.046557
830000 0.046557
840000 0.0465569
850000 0.0465569
860000 0.046557
870000 0.046557
880000 0.046557
890000 0.046557
900000 0.046557
910000 0.046557
920000 0.046557
930000 0.0465569
940000 0.046557
950000 0.046557
960000 0.0465569
970000 0.0465569
980000 0.0465569
990000 0.0465569
1000000 0.0465569
