10000 -0.363762
20000 -0.391471
30000 -0.403148
40000 -0.408216
50000 -0.407949
60000 -0.401832
70000 -0.395468
80000 -0.390351
90000 -0.387239
100000 -0.388781
110000 -0.389594
120000 -0.389574
130000 -0.38888
140000 -0.388169
150000 -0.387274
160000 -0.386036
170000 -0.384492
180000 -0.382477
190000 -0.380338
200000 -0.378076
210000 -0.375789
220000 -0.373568
230000 -0.37228
240000 -0.371143
250000 -0.36994
260000 -0.369156
270000 -0.368558
280000 -0.367761
290000 -0.366953
300000 -0.365918
310000 -0.364907
320000 -0.363875
330000 -0.36295
340000 -0.362006
350000 -0.361135
360000 -0.360212
370000 -0.359308
380000 -0.358319
390000 -0.357397
400000 -0.356369
410000 -0.355536
420000 -0.354872
430000 -0.35415
440000 -0.35331
450000 -0.352911
460000 -0.353021
470000 -0.353143
480000 -0.353174
490000 -0.353088
500000 -0.352844
510000 -0.352582
520000 -0.352249
530000 -0.351768
540000 -0.351209
550000 -0.350462
560000 -0.349676
570000 -0.34885
580000 -0.34795
590000 -0.346946
600000 -0.345897
610000 -0.34477
620000 -0.343587
630000 -0.342391
640000 -0.34116
650000 -0.339841
660000 -0.338497
670000 -0.337119
680000 -0.335745
690000 -0.334402
700000 -0.333029
710000 -0.331644
720000 -0.330213
730000 -0.328787
740000 -0.327355
750000 -0.325907
760000 -0.324431
770000 -0.322948
780000 -0.321431
790000 -0.319927
800000 -0.318438
810000 -0.316911
820000 -0.315353
830000 -0.313827
840000 -0.312293
850000 -0.310733
860000 -0.309201
870000 -0.307655
880000 -0.306008
890000 -0.304325
900000 -0.302619
910000 -0.300849
920000 -0.299082
930000 -0.297387
940000 -0.295722
950000 -0.294077
960000 -0.29246
970000 -0.290844
980000 -0.289274
990000 -0.287749
