10000 -0.369037
20000 -0.401473
30000 -0.410946
40000 -0.41646
50000 -0.419647
60000 -0.418339
70000 -0.414971
80000 -0.412044
90000 -0.408671
100000 -0.404614
110000 -0.401953
120000 -0.399717
130000 -0.397002
140000 -0.393137
150000 -0.388845
160000 -0.385075
170000 -0.381283
180000 -0.377292
190000 -0.373424
200000 -0.369798
210000 -0.367127
220000 -0.364838
230000 -0.362003
240000 -0.358609
250000 -0.355136
260000 -0.352295
270000 -0.349332
280000 -0.346407
290000 -0.343595
300000 -0.340693
310000 -0.337774
320000 -0.335236
330000 -0.332752
340000 -0.330598
350000 -0.328715
360000 -0.326768
370000 -0.324857
380000 -0.323064
390000 -0.321385
400000 -0.319745
410000 -0.318293
420000 -0.316809
430000 -0.315339
440000 -0.31394
450000 -0.312568
460000 -0.311115
470000 -0.309956
480000 -0.309097
490000 -0.308186
500000 -0.307193
510000 -0.306151
520000 -0.305077
530000 -0.304053
540000 -0.302949
550000 -0.301801
560000 -0.300625
570000 -0.299522
580000 -0.298351
590000 -0.297129
600000 -0.295925
610000 -0.294729
620000 -0.293577
630000 -0.292429
640000 -0.291291
650000 -0.29013
660000 -0.289025
670000 -0.287951
680000 -0.286898
690000 -0.285852
700000 -0.28481
710000 -0.283753
720000 -0.282744
730000 -0.281841
740000 -0.280931
750000 -0.280002
760000 -0.27902
770000 -0.278036
780000 -0.277039
790000 -0.276105
800000 -0.275184
810000 -0.274273
820000 -0.273343
830000 -0.272465
840000 -0.271575
850000 -0.270697
860000 -0.269837
870000 -0.268987
880000 -0.268158
890000 -0.267322
900000 -0.266509
910000 -0.26574
920000 -0.264957
930000 -0.264167
940000 -0.263407
950000 -0.262655
960000 -0.261936
970000 -0.261242
980000 -0.260581
990000 -0.259925
