10000 -0.523811
20000 -0.496765
30000 -0.48307
40000 -0.46962
50000 -0.445731
60000 -0.428374
70000 -0.404541
80000 -0.420606
90000 -0.40616
100000 -0.390162
110000 -0.36934
120000 -0.353158
130000 -0.340086
140000 -0.333755
150000 -0.316815
160000 -0.304808
170000 -0.299336
180000 -0.271557
190000 -0.252463
200000 -0.277611
210000 -0.261321
220000 -0.266914
230000 -0.260333
240000 -0.254735
250000 -0.249824
260000 -0.254985
270000 -0.245061
280000 -0.243405
290000 -0.257261
300000 -0.250227
310000 -0.265074
320000 -0.257412
330000 -0.266523
340000 -0.262417
350000 -0.258703
360000 -0.255608
370000 -0.250843
380000 -0.249982
390000 -0.245654
400000 -0.243166
410000 -0.240683
420000 -0.236209
430000 -0.233489
440000 -0.232277
450000 -0.231152
460000 -0.229461
470000 -0.229492
480000 -0.227468
490000 -0.22544
500000 -0.224497
510000 -0.222709
520000 -0.223431
530000 -0.22121
540000 -0.219351
550000 -0.218031
560000 -0.22149
570000 -0.218629
580000 -0.216355
590000 -0.213432
600000 -0.213588
610000 -0.211853
620000 -0.211355
630000 -0.209695
640000 -0.208781
650000 -0.210621
660000 -0.208656
670000 -0.207715
680000 -0.204906
690000 -0.203869
700000 -0.202554
710000 -0.202142
720000 -0.199413
730000 -0.200752
740000 -0.206181
750000 -0.205578
760000 -0.206278
770000 -0.205292
780000 -0.206138
790000 -0.208348
800000 -0.205985
810000 -0.204896
820000 -0.206823
830000 -0.203818
840000 -0.202736
850000 -0.20306
860000 -0.202987
870000 -0.202467
880000 -0.202507
890000 -0.202728
900000 -0.202312
910000 -0.202586
920000 -0.203085
930000 -0.202306
940000 -0.201824
950000 -0.201141
960000 -0.201243
970000 -0.201544
980000 -0.201184
990000 -0.201496
