10000 -0.505948
20000 -0.474259
30000 -0.454406
40000 -0.431021
50000 -0.393287
60000 -0.370857
70000 -0.343472
80000 -0.311542
90000 -0.353808
100000 -0.331989
110000 -0.32972
120000 -0.299016
130000 -0.290916
140000 -0.27311
150000 -0.259051
160000 -0.338021
170000 -0.320901
180000 -0.305685
190000 -0.283369
200000 -0.268778
210000 -0.244523
220000 -0.226222
230000 -0.230078
240000 -0.261397
250000 -0.244329
260000 -0.235725
270000 -0.211078
280000 -0.291231
290000 -0.275544
300000 -0.266437
310000 -0.25513
320000 -0.24377
330000 -0.240042
340000 -0.23341
350000 -0.227779
360000 -0.225541
370000 -0.219427
380000 -0.215668
390000 -0.208149
400000 -0.205502
410000 -0.202269
420000 -0.194059
430000 -0.186998
440000 -0.183718
450000 -0.179109
460000 -0.177856
470000 -0.17779
480000 -0.172293
490000 -0.170538
500000 -0.159325
510000 -0.158586
520000 -0.156877
530000 -0.151554
540000 -0.150103
550000 -0.148709
560000 -0.149194
570000 -0.144469
580000 -0.144713
590000 -0.140627
600000 -0.141458
610000 -0.13918
620000 -0.141342
630000 -0.143784
640000 -0.142989
650000 -0.142045
660000 -0.146128
670000 -0.142404
680000 -0.142535
690000 -0.145311
700000 -0.140368
710000 -0.150211
720000 -0.142713
730000 -0.138527
740000 -0.203536
750000 -0.199442
760000 -0.194456
770000 -0.193777
780000 -0.189906
790000 -0.185693
800000 -0.185778
810000 -0.18038
820000 -0.178814
830000 -0.176245
840000 -0.172105
850000 -0.171955
860000 -0.16497
870000 -0.161281
880000 -0.16028
890000 -0.157589
900000 -0.158777
910000 -0.152893
920000 -0.144345
930000 -0.142238
940000 -0.135483
950000 -0.133545
960000 -0.132748
970000 -0.134744
980000 -0.138757
990000 -0.13683
