10000 0.599111
20000 0.382088
30000 0.421375
40000 0.443699
50000 0.451421
60000 0.451542
70000 0.442803
80000 0.415956
90000 0.3856
100000 0.381089
110000 0.378883
120000 0.372801
130000 0.361625
140000 0.344042
150000 0.329363
160000 0.315562
170000 0.303837
180000 0.293739
190000 0.282907
200000 0.272662
210000 0.262981
220000 0.253929
230000 0.245563
240000 0.238645
250000 0.231717
260000 0.224804
270000 0.218394
280000 0.212443
290000 0.206901
300000 0.201728
310000 0.196889
320000 0.192352
330000 0.18809
340000 0.184079
350000 0.180297
360000 0.176725
370000 0.173345
380000 0.170144
390000 0.167107
400000 0.164222
410000 0.161477
420000 0.158863
430000 0.15637
440000 0.153991
450000 0.151718
460000 0.149543
470000 0.147461
480000 0.145466
490000 0.143552
500000 0.141714
510000 0.139949
520000 0.138251
530000 0.136618
540000 0.135045
550000 0.133529
560000 0.132068
570000 0.130657
580000 0.129296
590000 0.12798
600000 0.126708
610000 0.125478
620000 0.124288
630000 0.123135
640000 0.122019
650000 0.120937
660000 0.119887
670000 0.118869
680000 0.117881
690000 0.116922
700000 0.115989
710000 0.115084
720000 0.114203
730000 0.113346
740000 0.112513
750000 0.111702
760000 0.110912
770000 0.110143
780000 0.109393
790000 0.108662
800000 0.10795
810000 0.107255
820000 0.106577
830000 0.105916
840000 0.10527
850000 0.10464
860000 0.104024
870000 0.103422
880000 0.102834
890000 0.102259
900000 0.101697
910000 0.101147
920000 0.100609
930000 0.100083
940000 0.0995682
950000 0.099064
960000 0.0985703
970000 0.0980869
980000 0.0976132
990000 0.0971492
