10000 0.431825
20000 0.279948
30000 0.222657
40000 0.256467
50000 0.269553
60000 0.269185
70000 0.268781
80000 0.275799
90000 0.26189
100000 0.247691
110000 0.244891
120000 0.234798
130000 0.220136
140000 0.206424
150000 0.194478
160000 0.184026
170000 0.174801
180000 0.1666
190000 0.159261
200000 0.153245
210000 0.147241
220000 0.148452
230000 0.152221
240000 0.154704
250000 0.156315
260000 0.157204
270000 0.157616
280000 0.157688
290000 0.157367
300000 0.156705
310000 0.155757
320000 0.154549
330000 0.153053
340000 0.151268
350000 0.149207
360000 0.14688
370000 0.144208
380000 0.141236
390000 0.137851
400000 0.140368
410000 0.142744
420000 0.144943
430000 0.146949
440000 0.148766
450000 0.150431
460000 0.151948
470000 0.153335
480000 0.154607
490000 0.155761
500000 0.156817
510000 0.157781
520000 0.15866
530000 0.159462
540000 0.162061
550000 0.16502
560000 0.167749
570000 0.170256
580000 0.172571
590000 0.174718
600000 0.176696
610000 0.178527
620000 0.180219
630000 0.181789
640000 0.183483
650000 0.185084
660000 0.18655
670000 0.187903
680000 0.189163
690000 0.190303
700000 0.191331
710000 0.192252
720000 0.19307
730000 0.193815
740000 0.194521
750000 0.195215
760000 0.195863
770000 0.196484
780000 0.197082
790000 0.197657
800000 0.198182
810000 0.198705
820000 0.199178
830000 0.199624
840000 0.200054
850000 0.20047
860000 0.200877
870000 0.201284
880000 0.201673
890000 0.202029
900000 0.202382
910000 0.202724
920000 0.203083
930000 0.203433
940000 0.203767
950000 0.204072
960000 0.204376
970000 0.204673
980000 0.204959
990000 0.205254
