10000 0.569625
20000 0.509385
30000 0.373412
40000 0.402594
50000 0.416641
60000 0.422186
70000 0.419693
80000 0.414499
90000 0.408792
100000 0.403551
110000 0.400467
120000 0.397845
130000 0.393669
140000 0.392839
150000 0.392111
160000 0.38945
170000 0.385804
180000 0.381589
190000 0.377784
200000 0.373771
210000 0.368181
220000 0.361095
230000 0.351568
240000 0.343208
250000 0.338397
260000 0.334548
270000 0.331508
280000 0.328096
290000 0.324279
300000 0.320086
310000 0.315808
320000 0.31101
330000 0.306077
340000 0.302086
350000 0.299149
360000 0.294993
370000 0.291239
380000 0.286335
390000 0.282897
400000 0.279622
410000 0.276971
420000 0.273377
430000 0.26947
440000 0.265182
450000 0.260676
460000 0.256267
470000 0.251599
480000 0.248515
490000 0.245996
500000 0.243365
510000 0.240416
520000 0.237339
530000 0.233901
540000 0.230269
550000 0.226617
560000 0.223055
570000 0.220524
580000 0.219599
590000 0.218764
600000 0.219567
610000 0.219849
620000 0.219621
630000 0.218931
640000 0.218537
650000 0.217571
660000 0.216356
670000 0.214993
680000 0.213395
690000 0.211476
700000 0.209409
710000 0.207262
720000 0.205016
730000 0.202711
740000 0.200451
750000 0.198233
760000 0.196066
770000 0.193947
780000 0.191878
790000 0.189858
800000 0.18788
810000 0.185944
820000 0.18405
830000 0.182194
840000 0.180377
850000 0.178597
860000 0.176852
870000 0.175142
880000 0.173464
890000 0.17182
900000 0.170206
910000 0.168621
920000 0.167066
930000 0.165541
940000 0.164043
950000 0.16257
960000 0.161122
970000 0.1597
980000 0.158295
990000 0.15692
