10000 0.415251
20000 0.368554
30000 0.206488
40000 0.113639
50000 0.0201971
60000 0.0201971
70000 0.0201971
80000 0.0201971
90000 0.207891
100000 0.0637732
110000 0.0201971
120000 0.0201971
130000 0.0201971
140000 0.0201971
150000 0.0201971
160000 0.0201971
170000 0.0201971
180000 0.0201971
190000 0.0201971
200000 0.0201971
210000 0.0201971
220000 0.0201971
230000 0.0201971
240000 0.0201971
250000 0.0201971
260000 0.0201971
270000 0.0201971
280000 0.0201971
290000 0.0201971
300000 0.0201971
310000 0.0201971
320000 0.0201971
330000 0.333478
340000 0.329366
350000 0.324932
360000 0.320899
370000 0.317266
380000 0.313985
390000 0.310342
400000 0.30641
410000 0.302817
420000 0.291887
430000 0.281579
440000 0.274395
450000 0.26677
460000 0.259091
470000 0.251824
480000 0.244686
490000 0.237844
500000 0.231807
510000 0.225695
520000 0.220254
530000 0.215808
540000 0.211199
550000 0.212276
560000 0.205814
570000 0.200452
580000 0.195377
590000 0.190316
600000 0.18497
610000 0.179967
620000 0.174446
630000 0.169869
640000 0.227329
650000 0.222491
660000 0.219442
670000 0.213368
680000 0.208301
690000 0.20326
700000 0.198113
710000 0.193341
720000 0.188246
730000 0.186312
740000 0.184106
750000 0.181921
760000 0.179721
770000 0.177327
780000 0.175055
790000 0.173396
800000 0.170879
810000 0.191354
820000 0.190138
830000 0.189109
840000 0.187971
850000 0.186668
860000 0.185364
870000 0.184067
880000 0.182966
890000 0.181894
900000 0.181054
910000 0.180314
920000 0.254697
930000 0.178457
940000 0.177654
950000 0.176818
960000 0.176018
970000 0.175224
980000 0.174344
990000 0.173523
