10000 -0.344074
20000 -0.354231
30000 -0.35013
40000 -0.341535
50000 -0.336141
60000 -0.330048
70000 -0.323787
80000 -0.317519
90000 -0.312035
100000 -0.307874
110000 -0.304014
120000 -0.300233
130000 -0.296852
140000 -0.2939
150000 -0.291259
160000 -0.288835
170000 -0.286668
180000 -0.284703
190000 -0.282935
200000 -0.281333
210000 -0.279916
220000 -0.2786
230000 -0.277353
240000 -0.276149
250000 -0.275046
260000 -0.274008
270000 -0.273017
280000 -0.27208
290000 -0.271175
300000 -0.270356
310000 -0.269585
320000 -0.268844
330000 -0.268124
340000 -0.267443
350000 -0.266795
360000 -0.266176
370000 -0.265567
380000 -0.264985
390000 -0.264454
400000 -0.263956
410000 -0.263485
420000 -0.263031
430000 -0.262576
440000 -0.262147
450000 -0.261728
460000 -0.261331
470000 -0.260959
480000 -0.260591
490000 -0.260233
500000 -0.259893
510000 -0.259565
520000 -0.259249
530000 -0.258948
540000 -0.25865
550000 -0.25836
560000 -0.258087
570000 -0.257824
580000 -0.257569
590000 -0.257319
600000 -0.257071
610000 -0.256834
620000 -0.256604
630000 -0.256381
640000 -0.256164
650000 -0.255956
660000 -0.255759
670000 -0.25555
680000 -0.255371
690000 -0.255186
700000 -0.25501
710000 -0.254833
720000 -0.254669
730000 -0.2545
740000 -0.25434
750000 -0.254186
760000 -0.254037
770000 -0.253895
780000 -0.253753
790000 -0.253612
800000 -0.253472
810000 -0.253338
820000 -0.253206
830000 -0.253074
840000 -0.252949
850000 -0.252825
860000 -0.252703
870000 -0.252584
880000 -0.252471
890000 -0.252359
900000 -0.252251
910000 -0.252142
920000 -0.252041
930000 -0.251935
940000 -0.251833
950000 -0.251735
960000 -0.251638
970000 -0.251545
980000 -0.251272
990000 -0.250765
