10000 -0.323438
20000 -0.354665
30000 -0.359366
40000 -0.354411
50000 -0.345747
60000 -0.336468
70000 -0.32718
80000 -0.319682
90000 -0.312968
100000 -0.307486
110000 -0.302601
120000 -0.298423
130000 -0.294798
140000 -0.291468
150000 -0.288569
160000 -0.285964
170000 -0.283624
180000 -0.281525
190000 -0.279634
200000 -0.277943
210000 -0.276362
220000 -0.27487
230000 -0.273453
240000 -0.272124
250000 -0.270865
260000 -0.26964
270000 -0.268524
280000 -0.267438
290000 -0.266415
300000 -0.265442
310000 -0.264525
320000 -0.263653
330000 -0.262814
340000 -0.262046
350000 -0.261301
360000 -0.260606
370000 -0.259942
380000 -0.259317
390000 -0.258717
400000 -0.258151
410000 -0.25762
420000 -0.257109
430000 -0.256628
440000 -0.256156
450000 -0.255718
460000 -0.255286
470000 -0.254885
480000 -0.254462
490000 -0.254076
500000 -0.2537
510000 -0.253338
520000 -0.252981
530000 -0.252637
540000 -0.252308
550000 -0.251993
560000 -0.251665
570000 -0.251353
580000 -0.251049
590000 -0.250775
600000 -0.250516
610000 -0.250266
620000 -0.250017
630000 -0.249765
640000 -0.249526
650000 -0.249279
660000 -0.249048
670000 -0.248826
680000 -0.2486
690000 -0.24838
700000 -0.248167
710000 -0.247948
720000 -0.247741
730000 -0.247538
740000 -0.247326
750000 -0.247131
760000 -0.24693
770000 -0.246729
780000 -0.246534
790000 -0.246338
800000 -0.246149
810000 -0.245954
820000 -0.245768
830000 -0.245585
840000 -0.245402
850000 -0.245222
860000 -0.24505
870000 -0.244878
880000 -0.244708
890000 -0.244536
900000 -0.244365
910000 -0.244196
920000 -0.244029
930000 -0.243856
940000 -0.243681
950000 -0.243499
960000 -0.243317
970000 -0.243138
980000 -0.242967
990000 -0.242798
