10000 -0.339731
20000 -0.352895
30000 -0.354344
40000 -0.35417
50000 -0.350555
60000 -0.34395
70000 -0.336847
80000 -0.329256
90000 -0.321851
100000 -0.315571
110000 -0.309537
120000 -0.304174
130000 -0.299358
140000 -0.295209
150000 -0.291571
160000 -0.288352
170000 -0.285334
180000 -0.28252
190000 -0.279959
200000 -0.277584
210000 -0.275388
220000 -0.273383
230000 -0.271542
240000 -0.269837
250000 -0.268206
260000 -0.266681
270000 -0.265228
280000 -0.263844
290000 -0.262553
300000 -0.261375
310000 -0.260228
320000 -0.259151
330000 -0.25813
340000 -0.257159
350000 -0.256227
360000 -0.255335
370000 -0.254506
380000 -0.253717
390000 -0.252956
400000 -0.252226
410000 -0.251552
420000 -0.250899
430000 -0.250274
440000 -0.249666
450000 -0.249079
460000 -0.248517
470000 -0.247981
480000 -0.247449
490000 -0.246945
500000 -0.246454
510000 -0.245994
520000 -0.245554
530000 -0.245128
540000 -0.244711
550000 -0.244306
560000 -0.243918
570000 -0.243542
580000 -0.243186
590000 -0.242834
600000 -0.242502
610000 -0.242179
620000 -0.241873
630000 -0.241565
640000 -0.24127
650000 -0.240971
660000 -0.240684
670000 -0.240401
680000 -0.240118
690000 -0.23985
700000 -0.239582
710000 -0.239324
720000 -0.239072
730000 -0.238825
740000 -0.238585
750000 -0.238352
760000 -0.238116
770000 -0.237889
780000 -0.237668
790000 -0.23744
800000 -0.237221
810000 -0.237005
820000 -0.236797
830000 -0.236592
840000 -0.236395
850000 -0.236203
860000 -0.236009
870000 -0.235826
880000 -0.23564
890000 -0.235466
900000 -0.235291
910000 -0.235121
920000 -0.234946
930000 -0.23478
940000 -0.234609
950000 -0.234448
960000 -0.234293
970000 -0.23414
980000 -0.233985
990000 -0.23383
