10000 -0.34726
20000 -0.362933
30000 -0.362696
40000 -0.359551
50000 -0.353507
60000 -0.346261
70000 -0.338943
80000 -0.332797
90000 -0.327479
100000 -0.32271
110000 -0.318594
120000 -0.314672
130000 -0.310958
140000 -0.307513
150000 -0.304382
160000 -0.301653
170000 -0.299196
180000 -0.296996
190000 -0.295052
200000 -0.293283
210000 -0.291657
220000 -0.290195
230000 -0.288852
240000 -0.287561
250000 -0.286454
260000 -0.285428
270000 -0.284464
280000 -0.283516
290000 -0.282564
300000 -0.281668
310000 -0.280825
320000 -0.280051
330000 -0.279333
340000 -0.278668
350000 -0.278021
360000 -0.277398
370000 -0.276789
380000 -0.276185
390000 -0.275623
400000 -0.275092
410000 -0.274562
420000 -0.274064
430000 -0.273567
440000 -0.273106
450000 -0.272629
460000 -0.272194
470000 -0.271772
480000 -0.271364
490000 -0.270969
500000 -0.270598
510000 -0.270238
520000 -0.269887
530000 -0.269555
540000 -0.269212
550000 -0.268907
560000 -0.268597
570000 -0.268287
580000 -0.267986
590000 -0.267706
600000 -0.267428
610000 -0.267149
620000 -0.266893
630000 -0.266637
640000 -0.266382
650000 -0.266157
660000 -0.265916
670000 -0.265687
680000 -0.265457
690000 -0.265227
700000 -0.264996
710000 -0.264786
720000 -0.264561
730000 -0.264346
740000 -0.264143
750000 -0.263944
760000 -0.263756
770000 -0.263572
780000 -0.263391
790000 -0.263207
800000 -0.263033
810000 -0.262862
820000 -0.262698
830000 -0.262535
840000 -0.262386
850000 -0.26224
860000 -0.262089
870000 -0.261942
880000 -0.261796
890000 -0.261653
900000 -0.261518
910000 -0.261386
920000 -0.261254
930000 -0.261126
940000 -0.260985
950000 -0.260858
960000 -0.260737
970000 -0.260614
980000 -0.260494
990000 -0.26037
