10000 -0.434201
20000 -0.396154
30000 -0.354018
40000 -0.322261
50000 -0.298369
60000 -0.277771
70000 -0.267161
80000 -0.263115
90000 -0.260281
100000 -0.254466
110000 -0.252685
120000 -0.252779
130000 -0.248718
140000 -0.248631
150000 -0.24769
160000 -0.247004
170000 -0.246277
180000 -0.245594
190000 -0.246205
200000 -0.244561
210000 -0.243
220000 -0.243085
230000 -0.242675
240000 -0.240474
250000 -0.239505
260000 -0.239128
270000 -0.238434
280000 -0.238437
290000 -0.236756
300000 -0.236528
310000 -0.236502
320000 -0.236172
330000 -0.236172
340000 -0.235993
350000 -0.236047
360000 -0.236181
370000 -0.236011
380000 -0.235655
390000 -0.235839
400000 -0.23585
410000 -0.236057
420000 -0.235791
430000 -0.235669
440000 -0.235615
450000 -0.235602
460000 -0.235414
470000 -0.235171
480000 -0.235104
490000 -0.235223
500000 -0.234893
510000 -0.235174
520000 -0.234715
530000 -0.234664
540000 -0.234541
550000 -0.234397
560000 -0.234126
570000 -0.234205
580000 -0.234519
590000 -0.234586
600000 -0.234656
610000 -0.234352
620000 -0.234259
630000 -0.233662
640000 -0.23406
650000 -0.233605
660000 -0.233874
670000 -0.233548
680000 -0.233072
690000 -0.232577
700000 -0.232623
710000 -0.232401
720000 -0.232273
730000 -0.231674
740000 -0.231865
750000 -0.231779
760000 -0.231528
770000 -0.231038
780000 -0.230658
790000 -0.230604
800000 -0.230536
810000 -0.230192
820000 -0.230229
830000 -0.229967
840000 -0.229658
850000 -0.229726
860000 -0.229564
870000 -0.229689
880000 -0.229325
890000 -0.228809
900000 -0.228584
910000 -0.228355
920000 -0.228108
930000 -0.227464
940000 -0.226505
950000 -0.225868
960000 -0.22578
970000 -0.225752
980000 -0.225679
990000 -0.225735
