10000 -0.444794
20000 -0.414841
30000 -0.393355
40000 -0.352221
50000 -0.337555
60000 -0.32364
70000 -0.303876
80000 -0.284603
90000 -0.275056
100000 -0.263009
110000 -0.252158
120000 -0.243185
130000 -0.239611
140000 -0.236064
150000 -0.233497
160000 -0.232969
170000 -0.231435
180000 -0.233185
190000 -0.232155
200000 -0.231757
210000 -0.228553
220000 -0.229293
230000 -0.226512
240000 -0.225867
250000 -0.226131
260000 -0.22628
270000 -0.225819
280000 -0.226524
290000 -0.224759
300000 -0.223314
310000 -0.222677
320000 -0.222016
330000 -0.220656
340000 -0.220204
350000 -0.219298
360000 -0.219542
370000 -0.218488
380000 -0.218391
390000 -0.217933
400000 -0.216057
410000 -0.215351
420000 -0.213515
430000 -0.211184
440000 -0.207822
450000 -0.205905
460000 -0.20481
470000 -0.203319
480000 -0.20263
490000 -0.201143
500000 -0.199593
510000 -0.199055
520000 -0.19658
530000 -0.195639
540000 -0.194289
550000 -0.193393
560000 -0.191593
570000 -0.189713
580000 -0.188863
590000 -0.187902
600000 -0.186689
610000 -0.183998
620000 -0.182769
630000 -0.181619
640000 -0.178899
650000 -0.177546
660000 -0.176636
670000 -0.175249
680000 -0.174524
690000 -0.173857
700000 -0.173774
710000 -0.172957
720000 -0.172127
730000 -0.171362
740000 -0.171334
750000 -0.171155
760000 -0.170667
770000 -0.170561
780000 -0.170223
790000 -0.169965
800000 -0.169714
810000 -0.169536
820000 -0.169424
830000 -0.169152
840000 -0.169102
850000 -0.168737
860000 -0.168513
870000 -0.16822
880000 -0.168269
890000 -0.168119
900000 -0.168088
910000 -0.168188
920000 -0.168163
930000 -0.16808
940000 -0.168126
950000 -0.168112
960000 -0.16806
970000 -0.167959
980000 -0.167905
990000 -0.167895
