10000 -0.410249
20000 -0.377731
30000 -0.36209
40000 -0.347847
50000 -0.315336
60000 -0.305368
70000 -0.292195
80000 -0.284767
90000 -0.282391
100000 -0.282576
110000 -0.274175
120000 -0.268825
130000 -0.263613
140000 -0.260566
150000 -0.259562
160000 -0.259477
170000 -0.259277
180000 -0.258614
190000 -0.259519
200000 -0.259037
210000 -0.258941
220000 -0.258985
230000 -0.25879
240000 -0.258752
250000 -0.259128
260000 -0.258543
270000 -0.257838
280000 -0.25609
290000 -0.255245
300000 -0.255019
310000 -0.256021
320000 -0.255578
330000 -0.255911
340000 -0.254636
350000 -0.255078
360000 -0.254889
370000 -0.254418
380000 -0.253626
390000 -0.253766
400000 -0.253382
410000 -0.25311
420000 -0.252988
430000 -0.252889
440000 -0.25237
450000 -0.252091
460000 -0.25225
470000 -0.25207
480000 -0.251718
490000 -0.251971
500000 -0.25182
510000 -0.251768
520000 -0.251638
530000 -0.251343
540000 -0.251245
550000 -0.251183
560000 -0.250933
570000 -0.25074
580000 -0.250669
590000 -0.250614
600000 -0.250503
610000 -0.250602
620000 -0.250717
630000 -0.250441
640000 -0.25039
650000 -0.250434
660000 -0.249907
670000 -0.249724
680000 -0.249529
690000 -0.249105
700000 -0.248934
710000 -0.248796
720000 -0.248813
730000 -0.248686
740000 -0.249284
750000 -0.249124
760000 -0.249621
770000 -0.249582
780000 -0.248959
790000 -0.248859
800000 -0.249039
810000 -0.249165
820000 -0.248826
830000 -0.249054
840000 -0.249156
850000 -0.249096
860000 -0.248913
870000 -0.249128
880000 -0.249155
890000 -0.248871
900000 -0.248968
910000 -0.249235
920000 -0.248992
930000 -0.248321
940000 -0.248299
950000 -0.248737
960000 -0.248691
970000 -0.248502
980000 -0.248111
990000 -0.247872
