10000 -0.445168
20000 -0.42759
30000 -0.414107
40000 -0.405882
50000 -0.371622
60000 -0.300826
70000 -0.29458
80000 -0.272132
90000 -0.260864
100000 -0.252964
110000 -0.246729
120000 -0.243538
130000 -0.242651
140000 -0.242782
150000 -0.240634
160000 -0.239786
170000 -0.237723
180000 -0.236415
190000 -0.235938
200000 -0.236597
210000 -0.235082
220000 -0.230937
230000 -0.229327
240000 -0.230738
250000 -0.229324
260000 -0.231062
270000 -0.228467
280000 -0.229612
290000 -0.227316
300000 -0.227999
310000 -0.226942
320000 -0.226712
330000 -0.226588
340000 -0.226088
350000 -0.226045
360000 -0.225728
370000 -0.225603
380000 -0.225354
390000 -0.224989
400000 -0.224946
410000 -0.224789
420000 -0.224666
430000 -0.224522
440000 -0.224523
450000 -0.224302
460000 -0.224236
470000 -0.224145
480000 -0.224093
490000 -0.224052
500000 -0.223924
510000 -0.223812
520000 -0.223846
530000 -0.223809
540000 -0.223739
550000 -0.223754
560000 -0.223706
570000 -0.223531
580000 -0.223356
590000 -0.223291
600000 -0.223129
610000 -0.223046
620000 -0.223054
630000 -0.223082
640000 -0.223195
650000 -0.223144
660000 -0.223074
670000 -0.223059
680000 -0.223201
690000 -0.223059
700000 -0.222968
710000 -0.222962
720000 -0.222922
730000 -0.222929
740000 -0.222918
750000 -0.222948
760000 -0.222915
770000 -0.222993
780000 -0.222862
790000 -0.222862
800000 -0.222797
810000 -0.222832
820000 -0.222752
830000 -0.222713
840000 -0.222648
850000 -0.2226
860000 -0.222684
870000 -0.222578
880000 -0.222563
890000 -0.222536
900000 -0.222508
910000 -0.22248
920000 -0.222413
930000 -0.2224
940000 -0.22248
950000 -0.222456
960000 -0.222248
970000 -0.222278
980000 -0.222316
990000 -0.222276
