10000 0.250265
20000 0.128515
30000 0.0875521
40000 0.0670166
50000 0.054677
60000 0.0464449
70000 0.0405619
80000 0.0361469
90000 0.0327129
100000 0.0299641
110000 0.0277154
120000 0.025841
130000 0.0242547
140000 0.0228949
150000 0.0217163
160000 0.020685
170000 0.0197749
180000 0.018966
190000 0.0182421
200000 0.0175906
210000 0.0170011
220000 0.0164652
230000 0.0159759
240000 0.0155273
250000 0.0151146
260000 0.0147336
270000 0.0143809
280000 0.0140534
290000 0.0137483
300000 0.0134637
310000 0.0131974
320000 0.0129477
330000 0.0127132
340000 0.0124925
350000 0.0122843
360000 0.0120878
370000 0.0119018
380000 0.0117257
390000 0.0115585
400000 0.0113998
410000 0.0112487
420000 0.0111049
430000 0.0109677
440000 0.0108368
450000 0.0107117
460000 0.0105921
470000 0.0104775
480000 0.0103677
490000 0.0102624
500000 0.0101613
510000 0.0100641
520000 0.00997075
530000 0.00988086
540000 0.0097943
550000 0.0097109
560000 0.00963047
570000 0.00955287
580000 0.00947793
590000 0.00940556
600000 0.00933556
610000 0.00926789
620000 0.00920239
630000 0.00913896
640000 0.00907753
650000 0.00901797
660000 0.00896023
670000 0.0089042
680000 0.00884983
690000 0.00879703
700000 0.00874574
710000 0.00869591
720000 0.00864743
730000 0.0086003
740000 0.00855445
750000 0.00850981
760000 0.00846634
770000 0.00842401
780000 0.00838276
790000 0.00834256
800000 0.00830336
810000 0.00826513
820000 0.00822783
830000 0.00819143
840000 0.0081559
850000 0.0081212
860000 0.00808731
870000 0.0080542
880000 0.00802183
890000 0.0079902
900000 0.00795927
910000 0.00792902
920000 0.00789944
930000 0.00787049
940000 0.00784214
950000 0.00781439
960000 0.00778723
970000 0.00776062
980000 0.00773456
990000 0.00770903
