10000 0.117453
20000 0.061693
30000 0.0429667
40000 0.0335919
50000 0.0279637
60000 0.0242068
70000 0.021523
80000 0.019509
90000 0.0179425
100000 0.0166891
110000 0.0156634
120000 0.0148088
130000 0.0140853
140000 0.0134653
150000 0.0129278
160000 0.0124575
170000 0.0120424
180000 0.0116736
190000 0.0113435
200000 0.0110463
210000 0.0107775
220000 0.0105331
230000 0.01031
240000 0.0101054
250000 0.00991723
260000 0.00974354
270000 0.0095827
280000 0.00943331
290000 0.00929428
300000 0.00916449
310000 0.00904302
320000 0.00892921
330000 0.00882226
340000 0.00872158
350000 0.00862669
360000 0.00853704
370000 0.00845225
380000 0.00837194
390000 0.00829572
400000 0.00822335
410000 0.00815449
420000 0.00808887
430000 0.00802636
440000 0.00796665
450000 0.00790959
460000 0.00785503
470000 0.0078028
480000 0.00775272
490000 0.0077047
500000 0.00765861
510000 0.0076143
520000 0.00757171
530000 0.00753073
540000 0.00749128
550000 0.00745323
560000 0.00741655
570000 0.00738118
580000 0.00734701
590000 0.007314
600000 0.00728209
610000 0.00725123
620000 0.00722137
630000 0.00719244
640000 0.00716443
650000 0.00713727
660000 0.00711095
670000 0.0070854
680000 0.00706061
690000 0.00703654
700000 0.00701315
710000 0.00699042
720000 0.00696832
730000 0.00694684
740000 0.00692592
750000 0.00690557
760000 0.00688575
770000 0.00686645
780000 0.00684764
790000 0.00682931
800000 0.00681144
810000 0.006794
820000 0.006777
830000 0.0067604
840000 0.00674419
850000 0.00672838
860000 0.00671292
870000 0.00669782
880000 0.00668307
890000 0.00666864
900000 0.00665454
910000 0.00664075
920000 0.00662726
930000 0.00661406
940000 0.00660113
950000 0.00658848
960000 0.00657609
970000 0.00656396
980000 0.00655208
990000 0.00654044
