10000 0.434433
20000 0.292229
30000 0.231857
40000 0.19742
50000 0.175221
60000 0.160417
70000 0.149841
80000 0.141907
90000 0.135737
100000 0.130801
110000 0.126762
120000 0.123397
130000 0.120549
140000 0.118108
150000 0.115993
160000 0.114142
170000 0.112509
180000 0.111041
190000 0.109707
200000 0.108167
210000 0.1064
220000 0.104331
230000 0.101918
240000 0.0992001
250000 0.0965062
260000 0.0938649
270000 0.0912216
280000 0.0886331
290000 0.0859492
300000 0.0832986
310000 0.0807913
320000 0.0784325
330000 0.0762049
340000 0.0740898
350000 0.072083
360000 0.0701747
370000 0.0683563
380000 0.0666175
390000 0.0649638
400000 0.0633813
410000 0.0618795
420000 0.0604376
430000 0.0590614
440000 0.0577442
450000 0.0564872
460000 0.0552809
470000 0.0541296
480000 0.0530218
490000 0.0519614
500000 0.050942
510000 0.0499616
520000 0.0490225
530000 0.0481178
540000 0.0472458
550000 0.0464032
560000 0.0455936
570000 0.0448104
580000 0.0440554
590000 0.0433258
600000 0.0426199
610000 0.0419374
620000 0.0412771
630000 0.0406368
640000 0.0400189
650000 0.0394165
660000 0.038835
670000 0.0382692
680000 0.0377209
690000 0.037189
700000 0.0366706
710000 0.0361677
720000 0.0356791
730000 0.0352032
740000 0.0347411
750000 0.0342903
760000 0.033852
770000 0.0334247
780000 0.0330089
790000 0.0326031
800000 0.0322075
810000 0.0318215
820000 0.031445
830000 0.0310778
840000 0.0307193
850000 0.0303736
860000 0.0300323
870000 0.0296976
880000 0.0293711
890000 0.029052
900000 0.0287398
910000 0.0284344
920000 0.0281358
930000 0.0278434
940000 0.0275571
950000 0.0272771
960000 0.0270036
970000 0.0267345
980000 0.0264713
990000 0.0262135
