10000 -0.377367
20000 -0.404296
30000 -0.417272
40000 -0.424872
50000 -0.431912
60000 -0.435546
70000 -0.437944
80000 -0.440275
90000 -0.441629
100000 -0.442518
110000 -0.442932
120000 -0.442398
130000 -0.440438
140000 -0.437192
150000 -0.433861
160000 -0.430657
170000 -0.427298
180000 -0.4241
190000 -0.420848
200000 -0.420324
210000 -0.421056
220000 -0.421549
230000 -0.421548
240000 -0.42127
250000 -0.420765
260000 -0.419995
270000 -0.419153
280000 -0.418244
290000 -0.417191
300000 -0.416046
310000 -0.414809
320000 -0.413412
330000 -0.412117
340000 -0.410807
350000 -0.409497
360000 -0.408139
370000 -0.406753
380000 -0.405328
390000 -0.403888
400000 -0.402554
410000 -0.40123
420000 -0.399927
430000 -0.398662
440000 -0.397381
450000 -0.396221
460000 -0.395056
470000 -0.393939
480000 -0.39309
490000 -0.392268
500000 -0.391479
510000 -0.390663
520000 -0.389857
530000 -0.389103
540000 -0.388352
550000 -0.387584
560000 -0.386763
570000 -0.386071
580000 -0.38527
590000 -0.384542
600000 -0.383784
610000 -0.383065
620000 -0.382303
630000 -0.381597
640000 -0.380787
650000 -0.380037
660000 -0.379275
670000 -0.378564
680000 -0.37786
690000 -0.377185
700000 -0.376553
710000 -0.375823
720000 -0.375163
730000 -0.374432
740000 -0.373692
750000 -0.372929
760000 -0.372226
770000 -0.371561
780000 -0.370895
790000 -0.370161
800000 -0.369435
810000 -0.368714
820000 -0.368004
830000 -0.367299
840000 -0.366623
850000 -0.365894
860000 -0.365195
870000 -0.364486
880000 -0.363786
890000 -0.363115
900000 -0.362443
910000 -0.361824
920000 -0.361203
930000 -0.360555
940000 -0.359938
950000 -0.359353
960000 -0.358807
970000 -0.358245
980000 -0.357707
990000 -0.357104
