10000 -0.536144
20000 -0.52084
30000 -0.502189
40000 -0.478162
50000 -0.476851
60000 -0.463639
70000 -0.438387
80000 -0.418539
90000 -0.405183
100000 -0.380849
110000 -0.367583
120000 -0.341899
130000 -0.311248
140000 -0.302606
150000 -0.302597
160000 -0.27875
170000 -0.284908
180000 -0.30642
190000 -0.293397
200000 -0.432774
210000 -0.429754
220000 -0.418824
230000 -0.420183
240000 -0.4036
250000 -0.425369
260000 -0.411619
270000 -0.390874
280000 -0.385858
290000 -0.399346
300000 -0.378641
310000 -0.360513
320000 -0.376016
330000 -0.366053
340000 -0.371019
350000 -0.352351
360000 -0.338572
370000 -0.344056
380000 -0.34491
390000 -0.325318
400000 -0.32787
410000 -0.323379
420000 -0.311278
430000 -0.311271
440000 -0.314652
450000 -0.3053
460000 -0.297903
470000 -0.297565
480000 -0.294204
490000 -0.300851
500000 -0.300437
510000 -0.299447
520000 -0.292102
530000 -0.292199
540000 -0.284015
550000 -0.282341
560000 -0.285866
570000 -0.284631
580000 -0.277933
590000 -0.288198
600000 -0.276749
610000 -0.277782
620000 -0.276651
630000 -0.272259
640000 -0.284635
650000 -0.273903
660000 -0.271786
670000 -0.276824
680000 -0.275379
690000 -0.280599
700000 -0.274542
710000 -0.274904
720000 -0.276526
730000 -0.269105
740000 -0.267008
750000 -0.273585
760000 -0.274727
770000 -0.270813
780000 -0.259228
790000 -0.267745
800000 -0.265683
810000 -0.265291
820000 -0.269019
830000 -0.263032
840000 -0.259371
850000 -0.264569
860000 -0.265082
870000 -0.259894
880000 -0.263831
890000 -0.286044
900000 -0.279924
910000 -0.270086
920000 -0.264341
930000 -0.261268
940000 -0.268609
950000 -0.256266
960000 -0.265337
970000 -0.26018
980000 -0.323656
990000 -0.314481
