10000 0.385049
20000 0.410772
30000 0.374374
40000 0.367932
50000 0.352125
60000 0.328953
70000 0.306221
80000 0.2857
90000 0.26763
100000 0.252355
110000 0.238736
120000 0.233657
130000 0.228682
140000 0.257919
150000 0.285214
160000 0.304733
170000 0.318605
180000 0.327826
190000 0.333348
200000 0.337556
210000 0.340771
220000 0.342633
230000 0.344187
240000 0.345413
250000 0.345873
260000 0.34573
270000 0.345027
280000 0.343911
290000 0.342563
300000 0.340919
310000 0.339044
320000 0.336962
330000 0.334744
340000 0.33246
350000 0.330076
360000 0.327667
370000 0.325225
380000 0.32309
390000 0.320845
400000 0.318468
410000 0.315994
420000 0.320021
430000 0.324056
440000 0.327718
450000 0.330946
460000 0.333872
470000 0.336506
480000 0.338831
490000 0.340359
500000 0.341591
510000 0.342587
520000 0.343413
530000 0.34403
540000 0.344488
550000 0.344802
560000 0.344991
570000 0.345059
580000 0.345019
590000 0.345147
600000 0.345175
610000 0.345025
620000 0.344806
630000 0.344731
640000 0.344856
650000 0.344855
660000 0.344756
670000 0.344564
680000 0.344289
690000 0.343926
700000 0.343486
710000 0.342972
720000 0.342384
730000 0.341741
740000 0.34105
750000 0.340307
760000 0.339516
770000 0.33868
780000 0.337777
790000 0.336869
800000 0.335928
810000 0.334956
820000 0.333958
830000 0.332933
840000 0.331888
850000 0.330815
860000 0.329716
870000 0.329676
880000 0.330007
890000 0.330244
900000 0.330394
910000 0.330472
920000 0.330479
930000 0.3304
940000 0.330272
950000 0.330086
960000 0.329851
970000 0.32957
980000 0.329232
990000 0.328855
