10000 0.430257
20000 0.319665
30000 0.313492
40000 0.373415
50000 0.424372
60000 0.44158
70000 0.438612
80000 0.434742
90000 0.426539
100000 0.418468
110000 0.407568
120000 0.394864
130000 0.381346
140000 0.367411
150000 0.353507
160000 0.339543
170000 0.326445
180000 0.314375
190000 0.303199
200000 0.292873
210000 0.283276
220000 0.27437
230000 0.266086
240000 0.258355
250000 0.251121
260000 0.244378
270000 0.238003
280000 0.231998
290000 0.226326
300000 0.220968
310000 0.215895
320000 0.211065
330000 0.206534
340000 0.202194
350000 0.198039
360000 0.194075
370000 0.190243
380000 0.186578
390000 0.183065
400000 0.186317
410000 0.189497
420000 0.19225
430000 0.194587
440000 0.194612
450000 0.196634
460000 0.198338
470000 0.199745
480000 0.200906
490000 0.201367
500000 0.202412
510000 0.203245
520000 0.203869
530000 0.204298
540000 0.204553
550000 0.209403
560000 0.215507
570000 0.221443
580000 0.227031
590000 0.2323
600000 0.237259
610000 0.241923
620000 0.246307
630000 0.250414
640000 0.25426
650000 0.257849
660000 0.2612
670000 0.264321
680000 0.267227
690000 0.26993
700000 0.27244
710000 0.274769
720000 0.276925
730000 0.278921
740000 0.280763
750000 0.28246
760000 0.284021
770000 0.285453
780000 0.286762
790000 0.288292
800000 0.290481
810000 0.292529
820000 0.294457
830000 0.296284
840000 0.298019
850000 0.299659
860000 0.301198
870000 0.302665
880000 0.304065
890000 0.305387
900000 0.306632
910000 0.3078
920000 0.308893
930000 0.309918
940000 0.310904
950000 0.311812
960000 0.312637
970000 0.313416
980000 0.314137
990000 0.314806
