10000 0.167078
20000 0.243096
30000 0.23989
40000 0.218194
50000 0.222839
60000 0.214219
70000 0.200961
80000 0.188188
90000 0.226499
100000 0.254118
110000 0.270521
120000 0.279441
130000 0.283927
140000 0.285317
150000 0.284622
160000 0.282575
170000 0.279645
180000 0.276109
190000 0.271951
200000 0.267511
210000 0.262993
220000 0.260292
230000 0.259033
240000 0.256458
250000 0.253433
260000 0.250166
270000 0.250065
280000 0.25727
290000 0.263016
300000 0.267525
310000 0.270987
320000 0.273562
330000 0.275396
340000 0.276589
350000 0.277245
360000 0.277446
370000 0.277262
380000 0.276747
390000 0.275954
400000 0.275004
410000 0.275177
420000 0.275145
430000 0.274929
440000 0.274551
450000 0.274033
460000 0.273395
470000 0.272644
480000 0.271796
490000 0.270865
500000 0.269862
510000 0.268797
520000 0.267672
530000 0.266498
540000 0.265278
550000 0.264023
560000 0.262736
570000 0.261422
580000 0.260086
590000 0.258729
600000 0.257353
610000 0.255965
620000 0.254564
630000 0.253156
640000 0.25174
650000 0.25032
660000 0.248896
670000 0.24747
680000 0.246044
690000 0.244616
700000 0.243191
710000 0.24177
720000 0.240351
730000 0.238938
740000 0.237529
750000 0.236127
760000 0.234728
770000 0.233336
780000 0.23195
790000 0.230571
800000 0.229198
810000 0.227831
820000 0.226472
830000 0.225121
840000 0.223776
850000 0.222439
860000 0.221111
870000 0.219791
880000 0.218475
890000 0.217167
900000 0.215868
910000 0.214576
920000 0.213293
930000 0.212016
940000 0.210748
950000 0.213259
960000 0.219331
970000 0.225186
980000 0.230826
990000 0.236239
