10000 0.0135151
20000 0.0135151
30000 0.14295
40000 0.162137
50000 0.119324
60000 0.0931334
70000 0.0408591
80000 0.0198765
90000 0.0198742
100000 0.0199085
110000 0.0199097
120000 0.0199309
130000 0.0199731
140000 0.0199421
150000 0.0198778
160000 0.0198321
170000 0.019832
180000 0.0198097
190000 0.0197886
200000 0.0197866
210000 0.0197536
220000 0.0197114
230000 0.019682
240000 0.0197009
250000 0.0197102
260000 0.471916
270000 0.468072
280000 0.464123
290000 0.460823
300000 0.457289
310000 0.45348
320000 0.449919
330000 0.446356
340000 0.442919
350000 0.439567
360000 0.436393
370000 0.433219
380000 0.430256
390000 0.427482
400000 0.424657
410000 0.421614
420000 0.418876
430000 0.416034
440000 0.412975
450000 0.41053
460000 0.408087
470000 0.405535
480000 0.40323
490000 0.400606
500000 0.398275
510000 0.396102
520000 0.393585
530000 0.391238
540000 0.388825
550000 0.386419
560000 0.384362
570000 0.382036
580000 0.379764
590000 0.494955
600000 0.439059
610000 0.43762
620000 0.434606
630000 0.434491
640000 0.437116
650000 0.43425
660000 0.432297
670000 0.433246
680000 0.432372
690000 0.430991
700000 0.430111
710000 0.431417
720000 0.429512
730000 0.428826
740000 0.428856
750000 0.427405
760000 0.426563
770000 0.426302
780000 0.425191
790000 0.425255
800000 0.423898
810000 0.423255
820000 0.422764
830000 0.422508
840000 0.421701
850000 0.42084
860000 0.420923
870000 0.419487
880000 0.418795
890000 0.418148
900000 0.418283
910000 0.417088
920000 0.41613
930000 0.416958
940000 0.416025
950000 0.414157
960000 0.413617
970000 0.4134
980000 0.41304
990000 0.411712
