10000 0.0754181
20000 0.546947
30000 0.319856
40000 0.257728
50000 0.17266
60000 0.231387
70000 0.223027
80000 0.248919
90000 0.210555
100000 0.204929
110000 0.194429
120000 0.189805
130000 0.184757
140000 0.17959
150000 0.180845
160000 0.178099
170000 0.172454
180000 0.16857
190000 0.167217
200000 0.163478
210000 0.154969
220000 0.155984
230000 0.145635
240000 0.156541
250000 0.15661
260000 0.150839
270000 0.151356
280000 0.149424
290000 0.153668
300000 0.0851887
310000 0.0939682
320000 0.08549
330000 0.0861197
340000 0.0856094
350000 0.0860545
360000 0.083632
370000 0.0869732
380000 0.0823012
390000 0.0821922
400000 0.0810639
410000 0.118696
420000 0.1011
430000 0.0909444
440000 0.241922
450000 0.234529
460000 0.219676
470000 0.21378
480000 0.207214
490000 0.214889
500000 0.20607
510000 0.199344
520000 0.212741
530000 0.189408
540000 0.170719
550000 0.165953
560000 0.156348
570000 0.153344
580000 0.148249
590000 0.148151
600000 0.145096
610000 0.141548
620000 0.139507
630000 0.138199
640000 0.136755
650000 0.162031
660000 0.143899
670000 0.134042
680000 0.131292
690000 0.130843
700000 0.128931
710000 0.125577
720000 0.54882
730000 0.471981
740000 0.450828
750000 0.435556
760000 0.431746
770000 0.431421
780000 0.431093
790000 0.423205
800000 0.422715
810000 0.417571
820000 0.417253
830000 0.422234
840000 0.417942
850000 0.412874
860000 0.409957
870000 0.408537
880000 0.408071
890000 0.409116
900000 0.402332
910000 0.404677
920000 0.405293
930000 0.399794
940000 0.400617
950000 0.403722
960000 0.400033
970000 0.400458
980000 0.40304
990000 0.396525
