10000 -0.558287
20000 -0.555807
30000 -0.474103
40000 -0.586458
50000 -0.581166
60000 -0.563399
70000 -0.6225
80000 -0.582574
90000 -0.573606
100000 -0.637049
110000 -0.49299
120000 -0.583839
130000 -0.572689
140000 -0.595529
150000 -0.647165
160000 -0.631861
170000 -0.568345
180000 -0.558695
190000 -0.632153
200000 -0.567275
210000 -0.52984
220000 -0.572452
230000 -0.572599
240000 -0.55581
250000 -0.65134
260000 -0.533985
270000 -0.555592
280000 -0.581306
290000 -0.618594
300000 -0.536477
310000 -0.586825
320000 -0.606909
330000 -0.575329
340000 -0.560004
350000 -0.656148
360000 -0.559779
370000 -0.55064
380000 -0.53235
390000 -0.602026
400000 -0.632159
410000 -0.585754
420000 -0.529316
430000 -0.577697
440000 -0.538002
450000 -0.50618
460000 -0.630923
470000 -0.653236
480000 -0.531979
490000 -0.614232
500000 -0.662755
510000 -0.593223
520000 -0.619203
530000 -0.610147
540000 -0.521224
550000 -0.593153
560000 -0.506167
570000 -0.579808
580000 -0.588028
590000 -0.577605
600000 -0.60288
610000 -0.520299
620000 -0.549036
630000 -0.578793
640000 -0.648633
650000 -0.507762
660000 -0.489733
670000 -0.569248
680000 -0.547185
690000 -0.57988
700000 -0.569551
710000 -0.584842
720000 -0.518106
730000 -0.572143
740000 -0.492763
750000 -0.604734
760000 -0.574871
770000 -0.606534
780000 -0.666889
790000 -0.514647
800000 -0.516148
810000 -0.57634
820000 -0.63565
830000 -0.587737
840000 -0.582748
850000 -0.54562
860000 -0.553547
870000 -0.562957
880000 -0.554357
890000 -0.643572
900000 -0.567444
910000 -0.606646
920000 -0.516237
930000 -0.527314
940000 -0.479965
950000 -0.625939
960000 -0.521209
970000 -0.530831
980000 -0.422928
990000 -0.597059
1000000 -0.554237
