10000 -0.513508
20000 -0.490956
30000 -0.535734
40000 -0.418318
50000 -0.586071
60000 -0.539994
70000 -0.636892
80000 -0.563548
90000 -0.524307
100000 -0.635628
110000 -0.587982
120000 -0.582231
130000 -0.549755
140000 -0.560568
150000 -0.525966
160000 -0.563186
170000 -0.571142
180000 -0.555279
190000 -0.608683
200000 -0.579874
210000 -0.568672
220000 -0.537045
230000 -0.520212
240000 -0.617455
250000 -0.557585
260000 -0.468716
270000 -0.637853
280000 -0.612737
290000 -0.539643
300000 -0.589927
310000 -0.592487
320000 -0.644034
330000 -0.552507
340000 -0.540779
350000 -0.556376
360000 -0.539243
370000 -0.583415
380000 -0.593335
390000 -0.522291
400000 -0.408273
410000 -0.573107
420000 -0.542388
430000 -0.500864
440000 -0.516486
450000 -0.55925
460000 -0.602192
470000 -0.597792
480000 -0.499058
490000 -0.604639
500000 -0.6468
510000 -0.571057
520000 -0.505413
530000 -0.625798
540000 -0.479895
550000 -0.644455
560000 -0.572889
570000 -0.633197
580000 -0.484243
590000 -0.605962
600000 -0.496545
610000 -0.561949
620000 -0.593495
630000 -0.659075
640000 -0.637164
650000 -0.571774
660000 -0.563543
670000 -0.584127
680000 -0.62665
690000 -0.567285
700000 -0.547688
710000 -0.546073
720000 -0.570526
730000 -0.577795
740000 -0.579849
750000 -0.492477
760000 -0.65584
770000 -0.557603
780000 -0.580689
790000 -0.603444
800000 -0.579651
810000 -0.581603
820000 -0.578329
830000 -0.570724
840000 -0.60798
850000 -0.632803
860000 -0.561866
870000 -0.585597
880000 -0.613452
890000 -0.610701
900000 -0.518209
910000 -0.561815
920000 -0.554407
930000 -0.557332
940000 -0.612594
950000 -0.617054
960000 -0.492023
970000 -0.569845
980000 -0.511007
990000 -0.640611
1000000 -0.53301
