10000 1.13195
20000 0.808598
30000 1.03783
40000 0.772524
50000 0.704589
60000 0.809485
70000 0.894053
80000 1.06632
90000 0.916517
100000 1.13639
110000 0.737143
120000 0.876489
130000 1.13855
140000 0.628284
150000 0.965055
160000 0.913525
170000 0.904578
180000 1.20799
190000 0.819955
200000 1.01273
210000 1.02591
220000 1.38083
230000 0.461623
240000 0.872242
250000 1.15153
260000 1.09395
270000 0.900244
280000 0.743859
290000 0.451438
300000 0.737312
310000 1.12586
320000 0.852477
330000 0.893379
340000 0.944408
350000 0.634033
360000 0.684416
370000 1.19355
380000 1.02088
390000 1.03582
400000 0.714469
410000 1.29585
420000 0.721124
430000 0.864881
440000 1.06242
450000 0.898182
460000 1.17368
470000 0.714471
480000 0.477395
490000 1.16686
500000 0.686213
510000 1.17732
520000 1.04399
530000 0.934087
540000 0.97984
550000 1.20505
560000 0.795313
570000 1.06396
580000 0.738022
590000 1.04113
600000 1.26142
610000 1.01743
620000 0.899287
630000 0.716724
640000 0.734371
650000 0.958679
660000 0.971927
670000 0.961763
680000 0.753811
690000 0.643466
700000 0.704589
710000 0.95773
720000 1.02299
730000 1.24147
740000 1.17379
750000 0.721193
760000 0.509898
770000 1.11615
780000 0.588828
790000 0.80374
800000 0.873949
810000 1.14943
820000 0.922603
830000 1.29782
840000 1.33781
850000 0.767206
860000 0.609403
870000 1.2675
880000 1.04389
890000 1.17388
900000 1.24196
910000 1.38963
920000 1.002
930000 1.03491
940000 1.21869
950000 1.24196
960000 0.75412
970000 0.691489
980000 1.03144
990000 1.00289
1000000 0.754132
