10000 1.09643
20000 0.488812
30000 1.12286
40000 0.786284
50000 0.800518
60000 0.940032
70000 1.31644
80000 0.734884
90000 1.13337
100000 1.05088
110000 0.883328
120000 1.11972
130000 0.925864
140000 0.82904
150000 1.09653
160000 0.878315
170000 1.31697
180000 0.714469
190000 0.704589
200000 0.794691
210000 1.37146
220000 0.704748
230000 1.08939
240000 1.19466
250000 1.011
260000 0.856172
270000 0.63882
280000 0.993852
290000 0.9753
300000 1.33693
310000 0.698465
320000 1.23983
330000 1.25065
340000 0.933352
350000 0.752239
360000 0.683095
370000 1.13856
380000 0.660457
390000 1.07933
400000 1.10414
410000 1.36658
420000 1.02489
430000 0.975181
440000 1.08193
450000 0.71771
460000 1.11509
470000 0.81054
480000 1.02191
490000 1.0955
500000 0.760057
510000 1.04382
520000 0.690153
530000 1.16907
540000 0.734884
550000 1.08675
560000 1.36957
570000 0.627897
580000 0.710821
590000 0.677979
600000 0.46347
610000 0.815006
620000 1.12935
630000 1.17692
640000 1.07272
650000 1.05179
660000 1.01909
670000 0.590922
680000 1.24195
690000 1.17388
700000 1.08866
710000 0.895985
720000 0.957596
730000 0.726728
740000 1.26186
750000 0.947543
760000 1.02072
770000 0.840712
780000 0.8563
790000 0.580826
800000 0.640991
810000 0.0135151
820000 1.00374
830000 0.800012
840000 1.17475
850000 0.619971
860000 0.63054
870000 0.734889
880000 0.857346
890000 1.03697
900000 0.734371
910000 0.58069
920000 1.0742
930000 0.851046
940000 0.606528
950000 0.674674
960000 0.604042
970000 0.565466
980000 1.24874
990000 0.747446
1000000 1.09399
