10000 0.938676
20000 0.710212
30000 1.06537
40000 0.720393
50000 0.791395
60000 0.883891
70000 0.712347
80000 0.945314
90000 1.31637
100000 0.949691
110000 1.31501
120000 0.714469
130000 0.895148
140000 1.02287
150000 1.00417
160000 1.03593
170000 0.665237
180000 0.96978
190000 0.998169
200000 0.888923
210000 0.922225
220000 0.752316
230000 0.854864
240000 0.859965
250000 1.00612
260000 1.20769
270000 0.969988
280000 0.704149
290000 0.850021
300000 1.02488
310000 0.443636
320000 1.08503
330000 0.707897
340000 1.10374
350000 0.734386
360000 0.739178
370000 0.962094
380000 1.08308
390000 0.770958
400000 0.826461
410000 0.630636
420000 0.867092
430000 1.2419
440000 1.1594
450000 1.12669
460000 0.78966
470000 1.35637
480000 0.707651
490000 0.667848
500000 0.920094
510000 1.26807
520000 1.03658
530000 1.24196
540000 0.704592
550000 0.648976
560000 0.684188
570000 1.25156
580000 0.758907
590000 1.11694
600000 0.962699
610000 0.944768
620000 0.640984
630000 0.773308
640000 1.06877
650000 1.06202
660000 1.24167
670000 0.993409
680000 0.718419
690000 0.737299
700000 1.38438
710000 0.66576
720000 0.661656
730000 1.17895
740000 1.04315
750000 0.768057
760000 0.952458
770000 1.09089
780000 0.743833
790000 0.938886
800000 1.11621
810000 0.484852
820000 0.704589
830000 0.818955
840000 0.885541
850000 1.03742
860000 0.888694
870000 1.16282
880000 1.29641
890000 1.13411
900000 1.32685
910000 0.597453
920000 0.969377
930000 1.34925
940000 1.18722
950000 0.878158
960000 1.24146
970000 1.06062
980000 1.0528
990000 0.829656
1000000 0.94893
