10000 0.584697
20000 1.0202
30000 1.15013
40000 0.619919
50000 1.25525
60000 0.670301
70000 1.12249
80000 1.29782
90000 0.989312
100000 1.16604
110000 0.416334
120000 0.714469
130000 1.10374
140000 0.988937
150000 1.17761
160000 0.811254
170000 0.985786
180000 1.25037
190000 0.778558
200000 0.858818
210000 1.07083
220000 0.82918
230000 1.07313
240000 0.855671
250000 0.960268
260000 0.661154
270000 0.986785
280000 1.03096
290000 1.2553
300000 1.36232
310000 0.497768
320000 1.37194
330000 1.17369
340000 1.11435
350000 1.20516
360000 0.861173
370000 1.09451
380000 0.829741
390000 0.521986
400000 1.10217
410000 1.02563
420000 1.09412
430000 0.945358
440000 0.82817
450000 0.962008
460000 1.38964
470000 0.717224
480000 1.21985
490000 0.904123
500000 0.862844
510000 0.925683
520000 0.640978
530000 0.443636
540000 0.815778
550000 1.39123
560000 0.943994
570000 0.705056
580000 0.890851
590000 0.891857
600000 0.849574
610000 1.03178
620000 1.17367
630000 1.21715
640000 0.935781
650000 1.00126
660000 0.996878
670000 1.08903
680000 1.02619
690000 0.879785
700000 0.891938
710000 1.26656
720000 1.15605
730000 0.935512
740000 0.594113
750000 1.03631
760000 1.14972
770000 1.13716
780000 1.07023
790000 0.710434
800000 0.834335
810000 1.01026
820000 1.16282
830000 0.693733
840000 0.89288
850000 1.1264
860000 1.38491
870000 0.951256
880000 1.16401
890000 1.06693
900000 0.91026
910000 0.655356
920000 0.686847
930000 1.09213
940000 0.797014
950000 1.0827
960000 0.731522
970000 0.909382
980000 0.640991
990000 1.15942
1000000 1.28316
