10000 -0.328541
20000 -0.358741
30000 -0.358032
40000 -0.359496
50000 -0.357758
60000 -0.357331
70000 -0.352847
80000 -0.346984
90000 -0.342836
100000 -0.339241
110000 -0.336185
120000 -0.333505
130000 -0.331298
140000 -0.329545
150000 -0.32722
160000 -0.325508
170000 -0.323778
180000 -0.322019
190000 -0.321143
200000 -0.319384
210000 -0.318014
220000 -0.316627
230000 -0.315393
240000 -0.313938
250000 -0.312671
260000 -0.311341
270000 -0.310667
280000 -0.309767
290000 -0.308478
300000 -0.307905
310000 -0.306978
320000 -0.306096
330000 -0.305467
340000 -0.304627
350000 -0.303864
360000 -0.303126
370000 -0.302243
380000 -0.301291
390000 -0.300425
400000 -0.299543
410000 -0.298719
420000 -0.297931
430000 -0.297033
440000 -0.296016
450000 -0.294859
460000 -0.293605
470000 -0.292543
480000 -0.291192
490000 -0.290015
500000 -0.288913
510000 -0.287788
520000 -0.286803
530000 -0.285727
540000 -0.284516
550000 -0.283416
560000 -0.282858
570000 -0.281908
580000 -0.280857
590000 -0.279958
600000 -0.279002
610000 -0.278084
620000 -0.277174
630000 -0.276308
640000 -0.275342
650000 -0.274578
660000 -0.273797
670000 -0.272915
680000 -0.272185
690000 -0.271367
700000 -0.270755
710000 -0.270011
720000 -0.26945
730000 -0.268721
740000 -0.268101
750000 -0.2674
760000 -0.266756
770000 -0.266108
780000 -0.265453
790000 -0.264798
800000 -0.26414
810000 -0.263576
820000 -0.26293
830000 -0.262332
840000 -0.26172
850000 -0.261144
860000 -0.260686
870000 -0.26014
880000 -0.259644
890000 -0.259143
900000 -0.258592
910000 -0.258068
920000 -0.25759
930000 -0.257065
940000 -0.256642
950000 -0.256257
960000 -0.255734
970000 -0.255301
980000 -0.254874
990000 -0.254478
