10000 -0.342157
20000 -0.364593
30000 -0.378539
40000 -0.387517
50000 -0.391644
60000 -0.390555
70000 -0.38937
80000 -0.386446
90000 -0.384462
100000 -0.383617
110000 -0.381688
120000 -0.381481
130000 -0.379683
140000 -0.377831
150000 -0.376299
160000 -0.374619
170000 -0.373075
180000 -0.371477
190000 -0.370206
200000 -0.369198
210000 -0.368164
220000 -0.366939
230000 -0.365369
240000 -0.364151
250000 -0.363262
260000 -0.362494
270000 -0.361478
280000 -0.360272
290000 -0.359092
300000 -0.357918
310000 -0.35702
320000 -0.356447
330000 -0.355761
340000 -0.354936
350000 -0.354182
360000 -0.353424
370000 -0.352762
380000 -0.35203
390000 -0.351376
400000 -0.350398
410000 -0.349473
420000 -0.348381
430000 -0.347108
440000 -0.345777
450000 -0.344462
460000 -0.343219
470000 -0.341994
480000 -0.340947
490000 -0.339562
500000 -0.338208
510000 -0.33667
520000 -0.334933
530000 -0.333118
540000 -0.331152
550000 -0.328749
560000 -0.326378
570000 -0.324154
580000 -0.321848
590000 -0.319546
600000 -0.317105
610000 -0.314814
620000 -0.31245
630000 -0.310226
640000 -0.307947
650000 -0.305744
660000 -0.303646
670000 -0.301502
680000 -0.299365
690000 -0.297192
700000 -0.295031
710000 -0.292912
720000 -0.290795
730000 -0.288733
740000 -0.286704
750000 -0.284703
760000 -0.282746
770000 -0.280641
780000 -0.27862
790000 -0.276683
800000 -0.274796
810000 -0.27293
820000 -0.271149
830000 -0.269214
840000 -0.26746
850000 -0.265776
860000 -0.264163
870000 -0.262483
880000 -0.260912
890000 -0.259342
900000 -0.257793
910000 -0.256299
920000 -0.254824
930000 -0.253349
940000 -0.251918
950000 -0.250574
960000 -0.249208
970000 -0.247814
980000 -0.246529
990000 -0.245231
