10000 -0.357805
20000 -0.383513
30000 -0.38611
40000 -0.387464
50000 -0.388545
60000 -0.386486
70000 -0.382152
80000 -0.377857
90000 -0.371138
100000 -0.364359
110000 -0.358291
120000 -0.352477
130000 -0.346707
140000 -0.341529
150000 -0.33597
160000 -0.331056
170000 -0.326415
180000 -0.321739
190000 -0.317497
200000 -0.313181
210000 -0.309613
220000 -0.306241
230000 -0.302658
240000 -0.299416
250000 -0.29634
260000 -0.293695
270000 -0.29093
280000 -0.288457
290000 -0.286607
300000 -0.28416
310000 -0.282215
320000 -0.280106
330000 -0.278353
340000 -0.276508
350000 -0.274817
360000 -0.27331
370000 -0.271793
380000 -0.270429
390000 -0.26921
400000 -0.26793
410000 -0.266511
420000 -0.265285
430000 -0.264101
440000 -0.262844
450000 -0.261855
460000 -0.260869
470000 -0.259839
480000 -0.258862
490000 -0.257814
500000 -0.256934
510000 -0.256168
520000 -0.255388
530000 -0.254604
540000 -0.253931
550000 -0.253084
560000 -0.252278
570000 -0.251546
580000 -0.250867
590000 -0.250186
600000 -0.249679
610000 -0.249019
620000 -0.248426
630000 -0.247838
640000 -0.24713
650000 -0.246596
660000 -0.246012
670000 -0.245501
680000 -0.244993
690000 -0.244528
700000 -0.243999
710000 -0.243465
720000 -0.242953
730000 -0.242499
740000 -0.242036
750000 -0.241517
760000 -0.241117
770000 -0.240678
780000 -0.2403
790000 -0.23986
800000 -0.239283
810000 -0.238769
820000 -0.238392
830000 -0.237999
840000 -0.237606
850000 -0.237263
860000 -0.236881
870000 -0.236561
880000 -0.236188
890000 -0.235865
900000 -0.235527
910000 -0.23517
920000 -0.234803
930000 -0.234518
940000 -0.234213
950000 -0.233881
960000 -0.233534
970000 -0.233221
980000 -0.232913
990000 -0.232595
