10000 -0.508556
20000 -0.504967
30000 -0.458799
40000 -0.457419
50000 -0.430649
60000 -0.398839
70000 -0.395495
80000 -0.367869
90000 -0.363536
100000 -0.355656
110000 -0.35362
120000 -0.345525
130000 -0.33984
140000 -0.339453
150000 -0.326812
160000 -0.32033
170000 -0.312222
180000 -0.30759
190000 -0.29892
200000 -0.295037
210000 -0.290914
220000 -0.288852
230000 -0.286268
240000 -0.285798
250000 -0.287168
260000 -0.281407
270000 -0.279801
280000 -0.279051
290000 -0.26919
300000 -0.255992
310000 -0.252852
320000 -0.237665
330000 -0.232914
340000 -0.225501
350000 -0.216877
360000 -0.196821
370000 -0.193937
380000 -0.192206
390000 -0.191689
400000 -0.19135
410000 -0.192048
420000 -0.189214
430000 -0.186948
440000 -0.18379
450000 -0.183696
460000 -0.183552
470000 -0.182174
480000 -0.181697
490000 -0.181355
500000 -0.180404
510000 -0.180007
520000 -0.18017
530000 -0.179452
540000 -0.17971
550000 -0.179284
560000 -0.177879
570000 -0.177369
580000 -0.177148
590000 -0.17722
600000 -0.177596
610000 -0.177141
620000 -0.176595
630000 -0.176508
640000 -0.176287
650000 -0.17606
660000 -0.175372
670000 -0.175579
680000 -0.174737
690000 -0.174538
700000 -0.173645
710000 -0.173404
720000 -0.172752
730000 -0.171759
740000 -0.17205
750000 -0.171557
760000 -0.170865
770000 -0.170973
780000 -0.170853
790000 -0.17078
800000 -0.17082
810000 -0.171018
820000 -0.170661
830000 -0.17111
840000 -0.171303
850000 -0.170808
860000 -0.17051
870000 -0.171366
880000 -0.171537
890000 -0.171716
900000 -0.17133
910000 -0.170935
920000 -0.170558
930000 -0.156172
940000 -0.137933
950000 -0.1406
960000 -0.127656
970000 -0.129881
980000 -0.11324
990000 -0.0960306
