10000 -0.498946
20000 -0.461595
30000 -0.419009
40000 -0.408194
50000 -0.405751
60000 -0.381009
70000 -0.366845
80000 -0.366333
90000 -0.355026
100000 -0.346803
110000 -0.34539
120000 -0.342605
130000 -0.335864
140000 -0.332252
150000 -0.314868
160000 -0.312608
170000 -0.305386
180000 -0.30327
190000 -0.30151
200000 -0.293909
210000 -0.296546
220000 -0.292724
230000 -0.287059
240000 -0.276314
250000 -0.27536
260000 -0.273262
270000 -0.272559
280000 -0.268653
290000 -0.268195
300000 -0.263538
310000 -0.259309
320000 -0.256818
330000 -0.25247
340000 -0.2493
350000 -0.247365
360000 -0.247401
370000 -0.245465
380000 -0.242058
390000 -0.24113
400000 -0.240469
410000 -0.239889
420000 -0.236326
430000 -0.236759
440000 -0.233641
450000 -0.233354
460000 -0.230167
470000 -0.230101
480000 -0.228441
490000 -0.22744
500000 -0.223663
510000 -0.225031
520000 -0.222005
530000 -0.215792
540000 -0.215535
550000 -0.214674
560000 -0.214302
570000 -0.21293
580000 -0.216505
590000 -0.21289
600000 -0.212585
610000 -0.210285
620000 -0.210312
630000 -0.209759
640000 -0.209776
650000 -0.210147
660000 -0.21029
670000 -0.209905
680000 -0.209336
690000 -0.208675
700000 -0.208462
710000 -0.20735
720000 -0.20683
730000 -0.207399
740000 -0.205977
750000 -0.205434
760000 -0.202923
770000 -0.202822
780000 -0.203277
790000 -0.202271
800000 -0.202664
810000 -0.20312
820000 -0.202912
830000 -0.202335
840000 -0.20261
850000 -0.202719
860000 -0.201909
870000 -0.201782
880000 -0.201941
890000 -0.201823
900000 -0.201138
910000 -0.201265
920000 -0.201506
930000 -0.20057
940000 -0.199473
950000 -0.193381
960000 -0.1898
970000 -0.188582
980000 -0.18388
990000 -0.181178
