10000 -0.514332
20000 -0.4946
30000 -0.468276
40000 -0.462044
50000 -0.433674
60000 -0.422173
70000 -0.422594
80000 -0.40228
90000 -0.371403
100000 -0.358032
110000 -0.355277
120000 -0.353352
130000 -0.342165
140000 -0.339873
150000 -0.332846
160000 -0.319283
170000 -0.314445
180000 -0.310247
190000 -0.301312
200000 -0.307531
210000 -0.31001
220000 -0.301565
230000 -0.285846
240000 -0.290349
250000 -0.282082
260000 -0.281393
270000 -0.280494
280000 -0.28142
290000 -0.279304
300000 -0.279553
310000 -0.280158
320000 -0.274837
330000 -0.275895
340000 -0.276411
350000 -0.276445
360000 -0.276382
370000 -0.274998
380000 -0.273655
390000 -0.271728
400000 -0.268835
410000 -0.26532
420000 -0.263883
430000 -0.263559
440000 -0.26161
450000 -0.26001
460000 -0.258518
470000 -0.257536
480000 -0.2582
490000 -0.25516
500000 -0.254702
510000 -0.254381
520000 -0.253631
530000 -0.252844
540000 -0.245867
550000 -0.219405
560000 -0.206323
570000 -0.187069
580000 -0.173744
590000 -0.157881
600000 -0.14515
610000 -0.147027
620000 -0.117407
630000 -0.116537
640000 -0.115528
650000 -0.114927
660000 -0.113491
670000 -0.113451
680000 -0.112108
690000 -0.111151
700000 -0.110941
710000 -0.110625
720000 -0.1106
730000 -0.110546
740000 -0.109258
750000 -0.109226
760000 -0.10887
770000 -0.108563
780000 -0.108076
790000 -0.10854
800000 -0.108393
810000 -0.108206
820000 -0.107932
830000 -0.107847
840000 -0.107875
850000 -0.10726
860000 -0.107177
870000 -0.108142
880000 -0.10816
890000 -0.108042
900000 -0.108124
910000 -0.107344
920000 -0.107407
930000 -0.107408
940000 -0.106988
950000 -0.106713
960000 -0.106467
970000 -0.10617
980000 -0.106022
990000 -0.10597
