10000 -0.485344
20000 -0.382562
30000 -0.375256
40000 -0.359986
50000 -0.347489
60000 -0.335072
70000 -0.320009
80000 -0.313505
90000 -0.293143
100000 -0.287709
110000 -0.287447
120000 -0.287716
130000 -0.284284
140000 -0.280779
150000 -0.276044
160000 -0.277679
170000 -0.267776
180000 -0.26303
190000 -0.260609
200000 -0.256134
210000 -0.250646
220000 -0.247762
230000 -0.243835
240000 -0.242226
250000 -0.240853
260000 -0.237217
270000 -0.236449
280000 -0.236167
290000 -0.235673
300000 -0.233251
310000 -0.232682
320000 -0.231171
330000 -0.230419
340000 -0.230762
350000 -0.230224
360000 -0.228909
370000 -0.228206
380000 -0.227796
390000 -0.227957
400000 -0.227126
410000 -0.224568
420000 -0.222118
430000 -0.221448
440000 -0.219856
450000 -0.218077
460000 -0.216843
470000 -0.216927
480000 -0.216526
490000 -0.215727
500000 -0.213592
510000 -0.211487
520000 -0.212969
530000 -0.212403
540000 -0.211908
550000 -0.211452
560000 -0.209937
570000 -0.210332
580000 -0.21098
590000 -0.207101
600000 -0.207608
610000 -0.208785
620000 -0.208304
630000 -0.210555
640000 -0.209627
650000 -0.208265
660000 -0.206713
670000 -0.205816
680000 -0.203133
690000 -0.204187
700000 -0.20336
710000 -0.203435
720000 -0.204053
730000 -0.202735
740000 -0.203375
750000 -0.203959
760000 -0.202689
770000 -0.202801
780000 -0.20178
790000 -0.199522
800000 -0.198734
810000 -0.200704
820000 -0.201034
830000 -0.201322
840000 -0.201787
850000 -0.202883
860000 -0.203037
870000 -0.204012
880000 -0.203728
890000 -0.20389
900000 -0.20207
910000 -0.202678
920000 -0.202174
930000 -0.20238
940000 -0.202285
950000 -0.202599
960000 -0.202367
970000 -0.20215
980000 -0.20145
990000 -0.201687
