10000 -0.490222
20000 -0.411368
30000 -0.395311
40000 -0.38706
50000 -0.363834
60000 -0.345506
70000 -0.335048
80000 -0.326054
90000 -0.32322
100000 -0.321754
110000 -0.315289
120000 -0.307182
130000 -0.307076
140000 -0.305099
150000 -0.303687
160000 -0.301468
170000 -0.298418
180000 -0.301842
190000 -0.298647
200000 -0.295873
210000 -0.293755
220000 -0.292201
230000 -0.290226
240000 -0.28803
250000 -0.286418
260000 -0.286441
270000 -0.289193
280000 -0.287465
290000 -0.287658
300000 -0.283752
310000 -0.281338
320000 -0.280763
330000 -0.280552
340000 -0.280093
350000 -0.276631
360000 -0.276547
370000 -0.273662
380000 -0.269463
390000 -0.265183
400000 -0.260647
410000 -0.260689
420000 -0.25618
430000 -0.249546
440000 -0.248685
450000 -0.243714
460000 -0.232475
470000 -0.229259
480000 -0.230517
490000 -0.231417
500000 -0.230496
510000 -0.229624
520000 -0.22592
530000 -0.22545
540000 -0.226367
550000 -0.224421
560000 -0.224677
570000 -0.223751
580000 -0.222534
590000 -0.222016
600000 -0.221385
610000 -0.221147
620000 -0.220398
630000 -0.220209
640000 -0.21978
650000 -0.219533
660000 -0.219045
670000 -0.218025
680000 -0.217816
690000 -0.217669
700000 -0.216746
710000 -0.21583
720000 -0.215748
730000 -0.215347
740000 -0.214679
750000 -0.214689
760000 -0.213795
770000 -0.214521
780000 -0.214265
790000 -0.214651
800000 -0.214736
810000 -0.214751
820000 -0.214455
830000 -0.214241
840000 -0.21391
850000 -0.213458
860000 -0.212358
870000 -0.212541
880000 -0.211717
890000 -0.21145
900000 -0.21091
910000 -0.210964
920000 -0.210717
930000 -0.210264
940000 -0.209831
950000 -0.20917
960000 -0.208887
970000 -0.20846
980000 -0.208469
990000 -0.207814
