10000 -0.485346
20000 -0.44993
30000 -0.41622
40000 -0.391886
50000 -0.383699
60000 -0.354719
70000 -0.348195
80000 -0.346245
90000 -0.341162
100000 -0.350642
110000 -0.34052
120000 -0.334691
130000 -0.330985
140000 -0.32113
150000 -0.316001
160000 -0.311037
170000 -0.305064
180000 -0.312583
190000 -0.308477
200000 -0.292072
210000 -0.283464
220000 -0.279788
230000 -0.282371
240000 -0.278885
250000 -0.270809
260000 -0.266934
270000 -0.265525
280000 -0.261823
290000 -0.258843
300000 -0.257923
310000 -0.256108
320000 -0.256397
330000 -0.254266
340000 -0.254263
350000 -0.251686
360000 -0.252164
370000 -0.250913
380000 -0.250442
390000 -0.24909
400000 -0.245635
410000 -0.244464
420000 -0.242278
430000 -0.240233
440000 -0.238499
450000 -0.238421
460000 -0.235834
470000 -0.23356
480000 -0.233425
490000 -0.231749
500000 -0.230756
510000 -0.230273
520000 -0.230965
530000 -0.231359
540000 -0.230311
550000 -0.228662
560000 -0.229407
570000 -0.227976
580000 -0.228476
590000 -0.226922
600000 -0.227146
610000 -0.226057
620000 -0.226503
630000 -0.226496
640000 -0.224377
650000 -0.223896
660000 -0.222193
670000 -0.221519
680000 -0.220641
690000 -0.220463
700000 -0.21915
710000 -0.220351
720000 -0.216247
730000 -0.216693
740000 -0.216817
750000 -0.215556
760000 -0.215423
770000 -0.215244
780000 -0.215178
790000 -0.215065
800000 -0.214623
810000 -0.213639
820000 -0.213575
830000 -0.214164
840000 -0.214276
850000 -0.21463
860000 -0.213871
870000 -0.213027
880000 -0.213028
890000 -0.212488
900000 -0.212503
910000 -0.212401
920000 -0.212021
930000 -0.212178
940000 -0.212165
950000 -0.212056
960000 -0.211626
970000 -0.211545
980000 -0.211567
990000 -0.211309
