10000 -0.471412
20000 -0.453032
30000 -0.439235
40000 -0.439467
50000 -0.420855
60000 -0.423817
70000 -0.422111
80000 -0.423775
90000 -0.421227
100000 -0.408184
110000 -0.405156
120000 -0.408107
130000 -0.405095
140000 -0.398062
150000 -0.401668
160000 -0.395675
170000 -0.391662
180000 -0.390544
190000 -0.390881
200000 -0.389792
210000 -0.384715
220000 -0.377764
230000 -0.374353
240000 -0.365517
250000 -0.361839
260000 -0.363329
270000 -0.361693
280000 -0.360065
290000 -0.356565
300000 -0.352171
310000 -0.343141
320000 -0.339829
330000 -0.338302
340000 -0.332272
350000 -0.331527
360000 -0.329578
370000 -0.324615
380000 -0.313524
390000 -0.309754
400000 -0.303298
410000 -0.305249
420000 -0.301338
430000 -0.297145
440000 -0.298741
450000 -0.297794
460000 -0.291589
470000 -0.290506
480000 -0.29038
490000 -0.289866
500000 -0.289562
510000 -0.289677
520000 -0.289739
530000 -0.289639
540000 -0.289064
550000 -0.288977
560000 -0.288785
570000 -0.288118
580000 -0.287133
590000 -0.286827
600000 -0.285669
610000 -0.285375
620000 -0.283497
630000 -0.284137
640000 -0.284653
650000 -0.283463
660000 -0.283048
670000 -0.282269
680000 -0.282382
690000 -0.281773
700000 -0.281157
710000 -0.279999
720000 -0.280057
730000 -0.279633
740000 -0.278787
750000 -0.27812
760000 -0.276855
770000 -0.277481
780000 -0.277818
790000 -0.276355
800000 -0.276459
810000 -0.276037
820000 -0.275945
830000 -0.275291
840000 -0.275046
850000 -0.274704
860000 -0.274304
870000 -0.273894
880000 -0.266596
890000 -0.22151
900000 -0.167565
910000 -0.12705
920000 -0.118494
930000 -0.112892
940000 -0.10995
950000 -0.111162
960000 -0.112212
970000 -0.111644
980000 -0.110511
990000 -0.109892
