10000 0.523664
20000 0.488887
30000 0.452909
40000 0.428225
50000 0.402799
60000 0.369598
70000 0.337079
80000 0.309037
90000 0.289149
100000 0.273845
110000 0.258606
120000 0.245608
130000 0.234547
140000 0.225036
150000 0.216804
160000 0.209601
170000 0.203255
180000 0.197583
190000 0.192535
200000 0.188007
210000 0.183478
220000 0.17908
230000 0.174828
240000 0.170461
250000 0.1658
260000 0.161662
270000 0.15749
280000 0.153435
290000 0.149479
300000 0.145786
310000 0.1423
320000 0.138979
330000 0.135766
340000 0.132574
350000 0.129559
360000 0.126712
370000 0.124018
380000 0.121467
390000 0.119046
400000 0.116746
410000 0.114558
420000 0.112475
430000 0.110488
440000 0.108592
450000 0.10678
460000 0.105047
470000 0.103387
480000 0.101797
490000 0.100271
500000 0.0988071
510000 0.0974001
520000 0.0960473
530000 0.0947477
540000 0.0934941
550000 0.092286
560000 0.0911211
570000 0.0899971
580000 0.0889148
590000 0.0878742
600000 0.0868606
610000 0.0858801
620000 0.0849312
630000 0.0840125
640000 0.0831225
650000 0.0822599
660000 0.0814234
670000 0.0806119
680000 0.0798242
690000 0.0790594
700000 0.0783164
710000 0.0775944
720000 0.0768924
730000 0.0762096
740000 0.0755283
750000 0.0748678
760000 0.0742029
770000 0.0735411
780000 0.0729006
790000 0.0722821
800000 0.0716806
810000 0.0710913
820000 0.0705111
830000 0.0699453
840000 0.0693935
850000 0.0688567
860000 0.068341
870000 0.0678428
880000 0.0673522
890000 0.0668783
900000 0.0664027
910000 0.0659323
920000 0.0654725
930000 0.0650173
940000 0.0645702
950000 0.0641292
960000 0.063697
970000 0.0632697
980000 0.062847
990000 0.0624359
