10000 0.492366
20000 0.451613
30000 0.430943
40000 0.404347
50000 0.381439
60000 0.357361
70000 0.341386
80000 0.327035
90000 0.310996
100000 0.288602
110000 0.264489
120000 0.244131
130000 0.226905
140000 0.212141
150000 0.199344
160000 0.188148
170000 0.178268
180000 0.169486
190000 0.161629
200000 0.154558
210000 0.148159
220000 0.142343
230000 0.137032
240000 0.132164
250000 0.127685
260000 0.123551
270000 0.119723
280000 0.116169
290000 0.112859
300000 0.109771
310000 0.106881
320000 0.104172
330000 0.101628
340000 0.0992326
350000 0.0969745
360000 0.0948418
370000 0.0928244
380000 0.0909131
390000 0.0890999
400000 0.0873773
410000 0.0857388
420000 0.0841783
430000 0.0826903
440000 0.08127
450000 0.0799128
460000 0.0786147
470000 0.0773717
480000 0.0761806
490000 0.0750381
500000 0.0739413
510000 0.0728875
520000 0.0718742
530000 0.0708991
540000 0.0699602
550000 0.0690554
560000 0.068183
570000 0.0673411
580000 0.0665283
590000 0.065743
600000 0.0649839
610000 0.0642497
620000 0.0635392
630000 0.0628512
640000 0.0621847
650000 0.0615388
660000 0.0609124
670000 0.0603047
680000 0.0597149
690000 0.0591421
700000 0.0585858
710000 0.0580451
720000 0.0575194
730000 0.0570082
740000 0.0565107
750000 0.0560265
760000 0.0555551
770000 0.0550959
780000 0.0546485
790000 0.0542124
800000 0.0537872
810000 0.0533725
820000 0.0529679
830000 0.0525731
840000 0.0521877
850000 0.0518113
860000 0.0514437
870000 0.0510845
880000 0.0507336
890000 0.0503904
900000 0.050055
910000 0.0497269
920000 0.0494059
930000 0.0490918
940000 0.0487844
950000 0.0484835
960000 0.0481888
970000 0.0479003
980000 0.0476176
990000 0.0473406
