10000 0.455797
20000 0.43425
30000 0.416841
40000 0.405348
50000 0.39878
60000 0.391642
70000 0.383007
80000 0.376258
90000 0.372092
100000 0.366098
110000 0.361903
120000 0.342293
130000 0.318444
140000 0.298002
150000 0.280285
160000 0.264783
170000 0.251105
180000 0.238947
190000 0.228068
200000 0.218277
210000 0.209419
220000 0.201366
230000 0.194013
240000 0.187273
250000 0.181072
260000 0.175349
270000 0.170049
280000 0.165127
290000 0.160546
300000 0.156269
310000 0.152269
320000 0.148518
330000 0.144995
340000 0.141679
350000 0.138553
360000 0.1356
370000 0.132807
380000 0.130161
390000 0.12765
400000 0.125265
410000 0.122997
420000 0.120836
430000 0.118776
440000 0.11681
450000 0.114931
460000 0.113133
470000 0.111412
480000 0.109763
490000 0.108181
500000 0.106663
510000 0.105204
520000 0.103801
530000 0.102451
540000 0.101151
550000 0.0998983
560000 0.0986903
570000 0.0975248
580000 0.0963994
590000 0.0953122
600000 0.0942612
610000 0.0932447
620000 0.0922609
630000 0.0913084
640000 0.0903857
650000 0.0894913
660000 0.0886241
670000 0.0877827
680000 0.0869661
690000 0.0861732
700000 0.0854029
710000 0.0846543
720000 0.0839265
730000 0.0832187
740000 0.0825299
750000 0.0818596
760000 0.0812069
770000 0.0805711
780000 0.0799516
790000 0.0793479
800000 0.0787592
810000 0.078185
820000 0.0776249
830000 0.0770782
840000 0.0765446
850000 0.0760235
860000 0.0755146
870000 0.0750173
880000 0.0745314
890000 0.0740563
900000 0.0735919
910000 0.0731376
920000 0.0726932
930000 0.0722583
940000 0.0718328
950000 0.0714161
960000 0.0710082
970000 0.0706087
980000 0.0702173
990000 0.0698338
