10000 0.49699
20000 0.426627
30000 0.387836
40000 0.354862
50000 0.321277
60000 0.294563
70000 0.270741
80000 0.245865
90000 0.225468
100000 0.208781
110000 0.195121
120000 0.183742
130000 0.174096
140000 0.165827
150000 0.158662
160000 0.152394
170000 0.146564
180000 0.141009
190000 0.136182
200000 0.132132
210000 0.128613
220000 0.125018
230000 0.12161
240000 0.118422
250000 0.115398
260000 0.112501
270000 0.10974
280000 0.107176
290000 0.104738
300000 0.102318
310000 0.100009
320000 0.0979264
330000 0.095941
340000 0.0939736
350000 0.091944
360000 0.089951
370000 0.0880657
380000 0.0862797
390000 0.0845853
400000 0.0829756
410000 0.0814444
420000 0.0799861
430000 0.0785957
440000 0.0772685
450000 0.0760002
460000 0.0747871
470000 0.0736256
480000 0.0725125
490000 0.0714449
500000 0.0704199
510000 0.0694351
520000 0.0684882
530000 0.0675771
540000 0.0666997
550000 0.0658542
560000 0.0650389
570000 0.0642522
580000 0.0634926
590000 0.0627588
600000 0.0620494
610000 0.0613633
620000 0.0606994
630000 0.0600565
640000 0.0594337
650000 0.05883
660000 0.0582447
670000 0.0576768
680000 0.0571256
690000 0.0565904
700000 0.0560705
710000 0.0555653
720000 0.055074
730000 0.0545963
740000 0.0541314
750000 0.053679
760000 0.0532384
770000 0.0528093
780000 0.0523912
790000 0.0519837
800000 0.0515863
810000 0.0511988
820000 0.0508208
830000 0.0504518
840000 0.0500916
850000 0.0497399
860000 0.0493964
870000 0.0490608
880000 0.0487328
890000 0.0484121
900000 0.0480986
910000 0.047792
920000 0.0474921
930000 0.0471986
940000 0.0469113
950000 0.0466301
960000 0.0463548
970000 0.0460851
980000 0.045821
990000 0.0455621
