10000 -0.361343
20000 -0.38766
30000 -0.400024
40000 -0.40615
50000 -0.406684
60000 -0.404519
70000 -0.399996
80000 -0.394623
90000 -0.389642
100000 -0.384361
110000 -0.381072
120000 -0.380537
130000 -0.378168
140000 -0.375119
150000 -0.372063
160000 -0.369543
170000 -0.366717
180000 -0.363268
190000 -0.359558
200000 -0.355777
210000 -0.352074
220000 -0.349207
230000 -0.346436
240000 -0.343008
250000 -0.339785
260000 -0.336572
270000 -0.33355
280000 -0.330299
290000 -0.327055
300000 -0.324084
310000 -0.321386
320000 -0.31872
330000 -0.31628
340000 -0.313994
350000 -0.311667
360000 -0.30936
370000 -0.307125
380000 -0.304911
390000 -0.302815
400000 -0.300922
410000 -0.298976
420000 -0.29719
430000 -0.295442
440000 -0.293761
450000 -0.292127
460000 -0.290499
470000 -0.288917
480000 -0.28739
490000 -0.285939
500000 -0.28453
510000 -0.283143
520000 -0.281838
530000 -0.28048
540000 -0.279206
550000 -0.277861
560000 -0.276571
570000 -0.275336
580000 -0.27427
590000 -0.273365
600000 -0.272459
610000 -0.271624
620000 -0.270763
630000 -0.269898
640000 -0.269069
650000 -0.268274
660000 -0.267538
670000 -0.266801
680000 -0.266095
690000 -0.265379
700000 -0.264705
710000 -0.264012
720000 -0.263313
730000 -0.262623
740000 -0.261975
750000 -0.261332
760000 -0.260706
770000 -0.260101
780000 -0.259481
790000 -0.258893
800000 -0.258318
810000 -0.257771
820000 -0.257248
830000 -0.256703
840000 -0.25617
850000 -0.25565
860000 -0.255148
870000 -0.254662
880000 -0.254176
890000 -0.253715
900000 -0.253257
910000 -0.25279
920000 -0.252326
930000 -0.251863
940000 -0.2514
950000 -0.250986
960000 -0.250671
970000 -0.250322
980000 -0.250007
990000 -0.249679
