10000 -0.367281
20000 -0.394332
30000 -0.400271
40000 -0.403759
50000 -0.406976
60000 -0.408596
70000 -0.409386
80000 -0.409644
90000 -0.408939
100000 -0.40707
110000 -0.405271
120000 -0.403887
130000 -0.403903
140000 -0.40287
150000 -0.401025
160000 -0.399123
170000 -0.396963
180000 -0.394733
190000 -0.392018
200000 -0.389272
210000 -0.386837
220000 -0.384857
230000 -0.382483
240000 -0.379849
250000 -0.377087
260000 -0.374448
270000 -0.371958
280000 -0.369425
290000 -0.366769
300000 -0.364192
310000 -0.361609
320000 -0.359003
330000 -0.356424
340000 -0.353763
350000 -0.354215
360000 -0.354665
370000 -0.355098
380000 -0.355394
390000 -0.355517
400000 -0.355523
410000 -0.355407
420000 -0.355222
430000 -0.354994
440000 -0.354678
450000 -0.354336
460000 -0.353936
470000 -0.35345
480000 -0.35297
490000 -0.352377
500000 -0.351649
510000 -0.350751
520000 -0.349832
530000 -0.348919
540000 -0.347966
550000 -0.346948
560000 -0.345918
570000 -0.344909
580000 -0.343837
590000 -0.342686
600000 -0.341521
610000 -0.340382
620000 -0.339261
630000 -0.338104
640000 -0.336893
650000 -0.335705
660000 -0.334501
670000 -0.333255
680000 -0.332016
690000 -0.330757
700000 -0.329492
710000 -0.328215
720000 -0.326936
730000 -0.325627
740000 -0.32426
750000 -0.322836
760000 -0.321401
770000 -0.320016
780000 -0.3187
790000 -0.317707
800000 -0.316676
810000 -0.315558
820000 -0.314419
830000 -0.313271
840000 -0.312146
850000 -0.311058
860000 -0.309976
870000 -0.30888
880000 -0.307778
890000 -0.306688
900000 -0.305626
910000 -0.304598
920000 -0.303686
930000 -0.302852
940000 -0.302068
950000 -0.301253
960000 -0.300443
970000 -0.299628
980000 -0.298836
990000 -0.298072
