10000 -0.3626
20000 -0.392828
30000 -0.408818
40000 -0.416111
50000 -0.421521
60000 -0.423925
70000 -0.424628
80000 -0.424955
90000 -0.4241
100000 -0.424252
110000 -0.422211
120000 -0.419589
130000 -0.416809
140000 -0.413359
150000 -0.410167
160000 -0.40644
170000 -0.4032
180000 -0.399061
190000 -0.394293
200000 -0.3893
210000 -0.384461
220000 -0.379262
230000 -0.374532
240000 -0.370101
250000 -0.365761
260000 -0.362267
270000 -0.35836
280000 -0.354451
290000 -0.350687
300000 -0.347128
310000 -0.34396
320000 -0.34094
330000 -0.338021
340000 -0.335329
350000 -0.332653
360000 -0.330162
370000 -0.328172
380000 -0.326264
390000 -0.324337
400000 -0.322423
410000 -0.320491
420000 -0.31859
430000 -0.316693
440000 -0.314755
450000 -0.312817
460000 -0.310971
470000 -0.309145
480000 -0.307373
490000 -0.305653
500000 -0.304039
510000 -0.302474
520000 -0.300963
530000 -0.299507
540000 -0.298125
550000 -0.296826
560000 -0.29549
570000 -0.294218
580000 -0.292971
590000 -0.291776
600000 -0.290621
610000 -0.289522
620000 -0.288446
630000 -0.287348
640000 -0.286245
650000 -0.285187
660000 -0.28419
670000 -0.283211
680000 -0.282242
690000 -0.281319
700000 -0.280389
710000 -0.27946
720000 -0.278554
730000 -0.277632
740000 -0.276787
750000 -0.275961
760000 -0.275133
770000 -0.274332
780000 -0.273516
790000 -0.272742
800000 -0.271968
810000 -0.271218
820000 -0.270473
830000 -0.269737
840000 -0.269006
850000 -0.268288
860000 -0.267619
870000 -0.266978
880000 -0.266303
890000 -0.265664
900000 -0.265026
910000 -0.264403
920000 -0.263794
930000 -0.263254
940000 -0.26273
950000 -0.262225
960000 -0.261706
970000 -0.261186
980000 -0.260685
990000 -0.260183
