10000 -0.452636
20000 -0.419553
30000 -0.413745
40000 -0.405602
50000 -0.389356
60000 -0.404576
70000 -0.374329
80000 -0.373589
90000 -0.360767
100000 -0.363766
110000 -0.350182
120000 -0.365059
130000 -0.354592
140000 -0.34316
150000 -0.33119
160000 -0.324866
170000 -0.328922
180000 -0.322728
190000 -0.30957
200000 -0.296411
210000 -0.286262
220000 -0.280557
230000 -0.266348
240000 -0.26198
250000 -0.255417
260000 -0.257957
270000 -0.278536
280000 -0.26342
290000 -0.251516
300000 -0.243508
310000 -0.241003
320000 -0.234696
330000 -0.230784
340000 -0.260096
350000 -0.242376
360000 -0.231716
370000 -0.219257
380000 -0.243562
390000 -0.236811
400000 -0.238905
410000 -0.225037
420000 -0.222725
430000 -0.252962
440000 -0.249305
450000 -0.246516
460000 -0.246323
470000 -0.240957
480000 -0.239926
490000 -0.238691
500000 -0.239296
510000 -0.234997
520000 -0.238837
530000 -0.238038
540000 -0.238029
550000 -0.238419
560000 -0.236049
570000 -0.233343
580000 -0.22935
590000 -0.228726
600000 -0.22759
610000 -0.223755
620000 -0.224323
630000 -0.223652
640000 -0.222011
650000 -0.219345
660000 -0.217603
670000 -0.215252
680000 -0.212541
690000 -0.250959
700000 -0.243436
710000 -0.2349
720000 -0.228074
730000 -0.221782
740000 -0.213613
750000 -0.216449
760000 -0.213614
770000 -0.210256
780000 -0.210054
790000 -0.208633
800000 -0.207983
810000 -0.206303
820000 -0.207289
830000 -0.203091
840000 -0.204982
850000 -0.203903
860000 -0.203288
870000 -0.201436
880000 -0.237045
890000 -0.236215
900000 -0.233519
910000 -0.233649
920000 -0.23316
930000 -0.231518
940000 -0.230703
950000 -0.230859
960000 -0.228037
970000 -0.226727
980000 -0.226489
990000 -0.226868
