10000 -0.509606
20000 -0.477834
30000 -0.448521
40000 -0.427805
50000 -0.415902
60000 -0.404581
70000 -0.36214
80000 -0.339496
90000 -0.323981
100000 -0.316439
110000 -0.321433
120000 -0.320825
130000 -0.30911
140000 -0.298695
150000 -0.299115
160000 -0.314151
170000 -0.303238
180000 -0.299305
190000 -0.299809
200000 -0.294267
210000 -0.293766
220000 -0.289147
230000 -0.284434
240000 -0.280047
250000 -0.279902
260000 -0.281003
270000 -0.274964
280000 -0.283044
290000 -0.278306
300000 -0.28826
310000 -0.287415
320000 -0.283728
330000 -0.284337
340000 -0.27832
350000 -0.276507
360000 -0.279011
370000 -0.275156
380000 -0.270168
390000 -0.27395
400000 -0.290173
410000 -0.283267
420000 -0.263868
430000 -0.267124
440000 -0.263174
450000 -0.26529
460000 -0.265481
470000 -0.269199
480000 -0.26613
490000 -0.268685
500000 -0.263666
510000 -0.264057
520000 -0.271201
530000 -0.265841
540000 -0.273706
550000 -0.262914
560000 -0.266154
570000 -0.265313
580000 -0.269881
590000 -0.261939
600000 -0.313255
610000 -0.306818
620000 -0.309818
630000 -0.312133
640000 -0.303404
650000 -0.30179
660000 -0.312063
670000 -0.298537
680000 -0.308983
690000 -0.308959
700000 -0.296449
710000 -0.307544
720000 -0.31108
730000 -0.296543
740000 -0.293802
750000 -0.279867
760000 -0.275509
770000 -0.284561
780000 -0.27743
790000 -0.274718
800000 -0.273259
810000 -0.273405
820000 -0.272185
830000 -0.269313
840000 -0.278856
850000 -0.277291
860000 -0.275878
870000 -0.273138
880000 -0.272449
890000 -0.271752
900000 -0.269908
910000 -0.267804
920000 -0.266091
930000 -0.266253
940000 -0.264826
950000 -0.263318
960000 -0.260463
970000 -0.260944
980000 -0.258864
990000 -0.257347
