10000 -0.49786
20000 -0.487135
30000 -0.425221
40000 -0.405097
50000 -0.374625
60000 -0.359962
70000 -0.360622
80000 -0.360408
90000 -0.361062
100000 -0.389067
110000 -0.326797
120000 -0.329895
130000 -0.349872
140000 -0.386094
150000 -0.362323
160000 -0.343494
170000 -0.31972
180000 -0.32489
190000 -0.309275
200000 -0.301622
210000 -0.296118
220000 -0.303377
230000 -0.300168
240000 -0.287052
250000 -0.278195
260000 -0.282256
270000 -0.27713
280000 -0.264858
290000 -0.260338
300000 -0.257252
310000 -0.252431
320000 -0.251536
330000 -0.250971
340000 -0.249906
350000 -0.246689
360000 -0.247214
370000 -0.247155
380000 -0.24409
390000 -0.241773
400000 -0.240447
410000 -0.239073
420000 -0.237849
430000 -0.235895
440000 -0.232865
450000 -0.232627
460000 -0.231673
470000 -0.22789
480000 -0.228513
490000 -0.227251
500000 -0.225856
510000 -0.225466
520000 -0.223466
530000 -0.222624
540000 -0.224356
550000 -0.223977
560000 -0.221268
570000 -0.220505
580000 -0.221492
590000 -0.220281
600000 -0.220974
610000 -0.218108
620000 -0.218023
630000 -0.217943
640000 -0.218354
650000 -0.217017
660000 -0.218549
670000 -0.216999
680000 -0.214299
690000 -0.215291
700000 -0.212934
710000 -0.212015
720000 -0.210954
730000 -0.212212
740000 -0.211883
750000 -0.212856
760000 -0.212225
770000 -0.210722
780000 -0.210345
790000 -0.209577
800000 -0.24476
810000 -0.243684
820000 -0.24286
830000 -0.241987
840000 -0.242592
850000 -0.240279
860000 -0.238095
870000 -0.236738
880000 -0.2358
890000 -0.234141
900000 -0.234346
910000 -0.231337
920000 -0.229654
930000 -0.22804
940000 -0.227738
950000 -0.225619
960000 -0.224506
970000 -0.222506
980000 -0.220114
990000 -0.217888
