10000 -0.480716
20000 -0.459501
30000 -0.412259
40000 -0.381907
50000 -0.373796
60000 -0.404508
70000 -0.395033
80000 -0.40716
90000 -0.386132
100000 -0.349544
110000 -0.305178
120000 -0.288148
130000 -0.289858
140000 -0.288979
150000 -0.280921
160000 -0.266394
170000 -0.356601
180000 -0.334368
190000 -0.323859
200000 -0.309737
210000 -0.300545
220000 -0.285498
230000 -0.273521
240000 -0.334348
250000 -0.324285
260000 -0.315574
270000 -0.317593
280000 -0.30398
290000 -0.290799
300000 -0.279968
310000 -0.346564
320000 -0.344573
330000 -0.336248
340000 -0.337542
350000 -0.331302
360000 -0.329033
370000 -0.323302
380000 -0.323674
390000 -0.317683
400000 -0.316263
410000 -0.315445
420000 -0.313574
430000 -0.313739
440000 -0.311895
450000 -0.324089
460000 -0.309179
470000 -0.306582
480000 -0.30845
490000 -0.310175
500000 -0.309512
510000 -0.313611
520000 -0.307702
530000 -0.305584
540000 -0.303401
550000 -0.301432
560000 -0.301949
570000 -0.304178
580000 -0.301227
590000 -0.312915
600000 -0.313695
610000 -0.314755
620000 -0.314669
630000 -0.310067
640000 -0.313264
650000 -0.313731
660000 -0.310931
670000 -0.313526
680000 -0.309029
690000 -0.307213
700000 -0.30702
710000 -0.307468
720000 -0.305421
730000 -0.328357
740000 -0.322026
750000 -0.31054
760000 -0.310062
770000 -0.305005
780000 -0.30509
790000 -0.305179
800000 -0.30397
810000 -0.304053
820000 -0.304412
830000 -0.30345
840000 -0.304804
850000 -0.308936
860000 -0.306961
870000 -0.301664
880000 -0.309246
890000 -0.305472
900000 -0.302164
910000 -0.301244
920000 -0.301073
930000 -0.301933
940000 -0.305006
950000 -0.302892
960000 -0.302701
970000 -0.303263
980000 -0.303323
990000 -0.303208
