10000 0.519151
20000 0.419382
30000 0.330984
40000 0.265381
50000 0.2258
60000 0.19936
70000 0.180453
80000 0.166262
90000 0.15522
100000 0.146383
110000 0.139152
120000 0.133123
130000 0.128023
140000 0.123649
150000 0.119859
160000 0.116542
170000 0.113615
180000 0.111013
190000 0.108685
200000 0.106589
210000 0.104693
220000 0.10297
230000 0.101396
240000 0.099953
250000 0.0986256
260000 0.0974002
270000 0.0962657
280000 0.0952121
290000 0.0942311
300000 0.0933156
310000 0.0924591
320000 0.0916561
330000 0.0909018
340000 0.0901918
350000 0.0895223
360000 0.0888901
370000 0.088292
380000 0.0877254
390000 0.0871879
400000 0.0866772
410000 0.0861914
420000 0.0857288
430000 0.0852877
440000 0.0848666
450000 0.0844642
460000 0.0840793
470000 0.0837108
480000 0.0831189
490000 0.0829187
500000 0.0825823
510000 0.0822293
520000 0.0818744
530000 0.0815248
540000 0.0811827
550000 0.0808508
560000 0.0805292
570000 0.0802153
580000 0.0799114
590000 0.0796159
600000 0.0793288
610000 0.0790485
620000 0.0787749
630000 0.0785036
640000 0.0782374
650000 0.0779788
660000 0.077726
670000 0.07748
680000 0.0772394
690000 0.0770038
700000 0.0767782
710000 0.0765613
720000 0.0763481
730000 0.0761369
740000 0.0759267
750000 0.075717
760000 0.0755043
770000 0.0752887
780000 0.0750801
790000 0.0748759
800000 0.0746842
810000 0.0744941
820000 0.0743051
830000 0.0741218
840000 0.0740623
850000 0.0738765
860000 0.0736949
870000 0.0735176
880000 0.0733442
890000 0.0731747
900000 0.0730089
910000 0.0728468
920000 0.0726882
930000 0.0725329
940000 0.072381
950000 0.0722322
960000 0.0720865
970000 0.0719438
980000 0.071804
990000 0.0716671
