10000 0.564451
20000 0.515213
30000 0.473095
40000 0.434113
50000 0.394547
60000 0.354715
70000 0.326577
80000 0.298635
90000 0.30973
100000 0.317279
110000 0.317427
120000 0.313335
130000 0.307551
140000 0.299559
150000 0.289292
160000 0.27759
170000 0.266094
180000 0.255702
190000 0.24615
200000 0.237368
210000 0.229236
220000 0.221659
230000 0.214609
240000 0.207979
250000 0.201844
260000 0.196181
270000 0.190914
280000 0.185977
290000 0.181348
300000 0.18035
310000 0.180299
320000 0.179065
330000 0.176461
340000 0.173106
350000 0.169898
360000 0.166848
370000 0.163931
380000 0.161157
390000 0.158496
400000 0.155944
410000 0.153499
420000 0.151142
430000 0.148852
440000 0.146647
450000 0.14454
460000 0.142525
470000 0.140594
480000 0.138744
490000 0.13697
500000 0.135266
510000 0.133628
520000 0.132054
530000 0.130539
540000 0.129081
550000 0.127675
560000 0.126319
570000 0.125011
580000 0.123748
590000 0.122527
600000 0.121347
610000 0.120206
620000 0.119102
630000 0.118032
640000 0.116996
650000 0.115992
660000 0.115019
670000 0.114074
680000 0.113157
690000 0.112267
700000 0.111401
710000 0.110561
720000 0.109743
730000 0.108948
740000 0.108175
750000 0.107422
760000 0.106689
770000 0.105975
780000 0.105279
790000 0.104601
800000 0.10394
810000 0.103295
820000 0.102666
830000 0.102052
840000 0.101452
850000 0.100867
860000 0.100295
870000 0.0997366
880000 0.0991907
890000 0.0986571
900000 0.0981352
910000 0.0976249
920000 0.0971257
930000 0.0966371
940000 0.096159
950000 0.0956909
960000 0.0952326
970000 0.0947837
980000 0.094344
990000 0.0939131
