10000 0.488379
20000 0.421503
30000 0.343493
40000 0.314946
50000 0.299132
60000 0.283282
70000 0.267959
80000 0.250585
90000 0.231206
100000 0.21413
110000 0.200157
120000 0.194757
130000 0.194926
140000 0.194015
150000 0.193034
160000 0.191594
170000 0.189667
180000 0.187226
190000 0.184299
200000 0.180935
210000 0.177302
220000 0.173455
230000 0.16942
240000 0.165025
250000 0.160799
260000 0.1568
270000 0.153025
280000 0.149462
290000 0.146097
300000 0.142915
310000 0.139899
320000 0.137041
330000 0.134334
340000 0.131762
350000 0.129316
360000 0.126989
370000 0.12477
380000 0.122657
390000 0.120635
400000 0.118702
410000 0.116848
420000 0.115075
430000 0.113374
440000 0.111738
450000 0.110164
460000 0.108651
470000 0.107198
480000 0.1058
490000 0.104453
500000 0.103153
510000 0.101896
520000 0.100678
530000 0.0995023
540000 0.09836
550000 0.0972494
560000 0.0961725
570000 0.0951287
580000 0.0941154
590000 0.0931302
600000 0.0921742
610000 0.0912455
620000 0.0903399
630000 0.088277
640000 0.0885773
650000 0.0902869
660000 0.091462
670000 0.0919829
680000 0.0919625
690000 0.0918393
700000 0.0916101
710000 0.0912618
720000 0.0907824
730000 0.0902037
740000 0.0894586
750000 0.0885524
760000 0.0876543
770000 0.0867793
780000 0.0859263
790000 0.0850946
800000 0.0842837
810000 0.0834924
820000 0.0827203
830000 0.0819665
840000 0.0812305
850000 0.0805118
860000 0.0798096
870000 0.0791232
880000 0.0784525
890000 0.0777967
900000 0.0771554
910000 0.0765281
920000 0.0759145
930000 0.0753137
940000 0.0747257
950000 0.07415
960000 0.0735863
970000 0.0730342
980000 0.0724932
990000 0.0719631
