10000 0.5086
20000 0.42747
30000 0.326954
40000 0.272516
50000 0.23295
60000 0.205328
70000 0.185577
80000 0.170752
90000 0.159217
100000 0.151294
110000 0.143621
120000 0.137226
130000 0.131814
140000 0.127174
150000 0.123153
160000 0.119634
170000 0.116529
180000 0.113768
190000 0.111298
200000 0.109076
210000 0.107064
220000 0.105236
230000 0.103566
240000 0.102036
250000 0.114909
260000 0.12702
270000 0.136453
280000 0.144059
290000 0.150087
300000 0.154882
310000 0.158499
320000 0.16273
330000 0.170752
340000 0.177956
350000 0.184393
360000 0.190172
370000 0.195343
380000 0.199934
390000 0.204018
400000 0.207662
410000 0.210878
420000 0.213732
430000 0.21628
440000 0.218496
450000 0.220422
460000 0.222091
470000 0.223537
480000 0.224749
490000 0.225835
500000 0.22661
510000 0.227223
520000 0.227674
530000 0.228079
540000 0.228251
550000 0.228233
560000 0.228078
570000 0.227778
580000 0.22737
590000 0.226796
600000 0.226074
610000 0.225214
620000 0.224229
630000 0.223087
640000 0.221808
650000 0.220402
660000 0.21885
670000 0.217133
680000 0.215305
690000 0.213479
700000 0.21172
710000 0.209901
720000 0.2081
730000 0.206306
740000 0.204541
750000 0.202787
760000 0.201037
770000 0.199315
780000 0.197634
790000 0.195979
800000 0.194364
810000 0.19279
820000 0.191253
830000 0.189754
840000 0.188291
850000 0.186862
860000 0.185466
870000 0.184102
880000 0.18277
890000 0.181467
900000 0.180193
910000 0.178947
920000 0.177728
930000 0.176536
940000 0.175369
950000 0.174226
960000 0.173107
970000 0.172012
980000 0.170938
990000 0.169887
