10000 0.435578
20000 0.301747
30000 0.293034
40000 0.411329
50000 0.275963
60000 0.271377
70000 0.42491
80000 0.377626
90000 0.236774
100000 0.427263
110000 0.323579
120000 0.340095
130000 0.267978
140000 0.188331
150000 0.109296
160000 0.0354136
170000 0.0296893
180000 0.0135151
190000 0.0142453
200000 0.122664
210000 0.0521447
220000 0.0135151
230000 0.0135151
240000 0.0135151
250000 0.0135151
260000 0.0135151
270000 0.0135151
280000 0.0135151
290000 0.303937
300000 0.277584
310000 0.257108
320000 0.239378
330000 0.22404
340000 0.209226
350000 0.217806
360000 0.182982
370000 0.280848
380000 0.268295
390000 0.255153
400000 0.242005
410000 0.225879
420000 0.209666
430000 0.190921
440000 0.169641
450000 0.145496
460000 0.116684
470000 0.0740027
480000 0.0273284
490000 0.0135151
500000 0.0207107
510000 0.0135151
520000 0.0135151
530000 0.0135151
540000 0.0135151
550000 0.0135151
560000 0.0135151
570000 0.0135151
580000 0.0135151
590000 0.0135151
600000 0.0135151
610000 0.0135151
620000 0.0135151
630000 0.0135151
640000 0.507976
650000 0.462117
660000 0.379424
670000 0.260754
680000 0.191477
690000 0.134819
700000 0.0745108
710000 0.0283449
720000 0.0198686
730000 0.0198686
740000 0.0198686
750000 0.0198686
760000 0.0198686
770000 0.0198686
780000 0.0198686
790000 0.0198686
800000 0.0198686
810000 0.0198686
820000 0.0198686
830000 0.0198686
840000 0.0198686
850000 0.0198686
860000 0.0198686
870000 0.0198686
880000 0.0198686
890000 0.0198686
900000 0.0198686
910000 0.0198686
920000 0.0198686
930000 0.0198686
940000 0.0198686
950000 0.0198686
960000 0.0198686
970000 0.0198686
980000 0.0198686
990000 0.0198686
