10000 0.280816
20000 0.280594
30000 0.407019
40000 0.488397
50000 0.320468
60000 0.303636
70000 0.300264
80000 0.278961
90000 0.379372
100000 0.343413
110000 0.330656
120000 0.353275
130000 0.483996
140000 0.463704
150000 0.449291
160000 0.437656
170000 0.426314
180000 0.416244
190000 0.405126
200000 0.400997
210000 0.387903
220000 0.384424
230000 0.372113
240000 0.36488
250000 0.340578
260000 0.336101
270000 0.328021
280000 0.321996
290000 0.322104
300000 0.367203
310000 0.366524
320000 0.357517
330000 0.349886
340000 0.344309
350000 0.33327
360000 0.324638
370000 0.320238
380000 0.316594
390000 0.308438
400000 0.301883
410000 0.293832
420000 0.285153
430000 0.283433
440000 0.259055
450000 0.243422
460000 0.218369
470000 0.192332
480000 0.265145
490000 0.2546
500000 0.242567
510000 0.230532
520000 0.215712
530000 0.196515
540000 0.187131
550000 0.155751
560000 0.123672
570000 0.109317
580000 0.0960193
590000 0.0843933
600000 0.0670217
610000 0.0418749
620000 0.0228507
630000 0.0146917
640000 0.0146917
650000 0.0146917
660000 0.0146917
670000 0.0146917
680000 0.0146917
690000 0.0146917
700000 0.0146917
710000 0.0146917
720000 0.0146917
730000 0.0146917
740000 0.0146917
750000 0.0146917
760000 0.0146917
770000 0.0146917
780000 0.0146917
790000 0.182279
800000 0.141155
810000 0.0833747
820000 0.0228086
830000 0.0146917
840000 0.0146917
850000 0.0146917
860000 0.0146917
870000 0.0146917
880000 0.0146917
890000 0.0146917
900000 0.0146917
910000 0.0146917
920000 0.0146917
930000 0.0146917
940000 0.0146917
950000 0.0146917
960000 0.0146917
970000 0.0146917
980000 0.0146917
990000 0.0146917
