10000 0.536866
20000 0.237953
30000 0.0135151
40000 0.432083
50000 0.39196
60000 0.375762
70000 0.337375
80000 0.354402
90000 0.324057
100000 0.316795
110000 0.328015
120000 0.324505
130000 0.332293
140000 0.381311
150000 0.337358
160000 0.31337
170000 0.298089
180000 0.319043
190000 0.29272
200000 0.252069
210000 0.225678
220000 0.164838
230000 0.0726658
240000 0.219786
250000 0.198505
260000 0.240162
270000 0.230151
280000 0.211145
290000 0.198276
300000 0.185146
310000 0.166112
320000 0.147045
330000 0.151163
340000 0.214913
350000 0.162654
360000 0.108773
370000 0.124334
380000 0.0703829
390000 0.131771
400000 0.119999
410000 0.12244
420000 0.0753449
430000 0.0639266
440000 0.0496605
450000 0.0439998
460000 0.0351746
470000 0.023897
480000 0.123003
490000 0.105374
500000 0.093253
510000 0.0737579
520000 0.0676514
530000 0.0255388
540000 0.02632
550000 0.0234695
560000 0.0232952
570000 0.172648
580000 0.156215
590000 0.27633
600000 0.246145
610000 0.21508
620000 0.183034
630000 0.20498
640000 0.167371
650000 0.144355
660000 0.127738
670000 0.108644
680000 0.0870759
690000 0.066751
700000 0.0576695
710000 0.0477449
720000 0.0365927
730000 0.0321891
740000 0.0318141
750000 0.0314749
760000 0.031145
770000 0.0308424
780000 0.0306553
790000 0.0303471
800000 0.0298536
810000 0.029567
820000 0.0290444
830000 0.0286753
840000 0.0284045
850000 0.0278745
860000 0.0274761
870000 0.0269727
880000 0.0264776
890000 0.026387
900000 0.0256304
910000 0.0252127
920000 0.0249989
930000 0.0245542
940000 0.0239939
950000 0.0235755
960000 0.0231503
970000 0.022186
980000 0.0217563
990000 0.0220865
