10000 0.492425
20000 0.141185
30000 0.104406
40000 0.0668218
50000 0.0668218
60000 0.0668218
70000 0.0668218
80000 0.0668218
90000 0.0668218
100000 0.0668218
110000 0.0668218
120000 0.0668218
130000 0.0668218
140000 0.0668218
150000 0.0668218
160000 0.0668218
170000 0.0668218
180000 0.0668218
190000 0.0668218
200000 0.0668218
210000 0.0668218
220000 0.0668218
230000 0.0668218
240000 0.0668218
250000 0.31707
260000 0.27633
270000 0.255731
280000 0.237007
290000 0.219085
300000 0.201877
310000 0.184556
320000 0.417996
330000 0.400079
340000 0.387539
350000 0.375602
360000 0.364298
370000 0.352835
380000 0.340653
390000 0.33152
400000 0.321171
410000 0.312269
420000 0.303413
430000 0.294599
440000 0.286297
450000 0.277737
460000 0.270087
470000 0.265168
480000 0.253941
490000 0.249346
500000 0.238022
510000 0.231263
520000 0.225882
530000 0.223988
540000 0.207281
550000 0.202261
560000 0.195027
570000 0.187754
580000 0.178724
590000 0.169531
600000 0.159938
610000 0.15057
620000 0.140652
630000 0.129654
640000 0.119405
650000 0.112654
660000 0.0952094
670000 0.0807408
680000 0.0788733
690000 0.0771454
700000 0.0793295
710000 0.0738916
720000 0.0724538
730000 0.0717345
740000 0.0706581
750000 0.0685235
760000 0.0670766
770000 0.0668218
780000 0.0668218
790000 0.0668218
800000 0.0668218
810000 0.0668218
820000 0.0668218
830000 0.0668218
840000 0.0668218
850000 0.0668218
860000 0.0668218
870000 0.0668218
880000 0.0668218
890000 0.0668218
900000 0.0668218
910000 0.0668218
920000 0.0668218
930000 0.0668218
940000 0.0668218
950000 0.0668218
960000 0.0668218
970000 0.0668218
980000 0.0668218
990000 0.0668218
