10000 0.507622
20000 0.362989
30000 0.293118
40000 0.266708
50000 0.147955
60000 0.256168
70000 0.181524
80000 0.207513
90000 0.178884
100000 0.132212
110000 0.161946
120000 0.135362
130000 0.199789
140000 0.12533
150000 0.405113
160000 0.35434
170000 0.328638
180000 0.313975
190000 0.298151
200000 0.282863
210000 0.260674
220000 0.229743
230000 0.206108
240000 0.177669
250000 0.158041
260000 0.150569
270000 0.0980648
280000 0.0851876
290000 0.0821328
300000 0.0782959
310000 0.0732767
320000 0.0683611
330000 0.0837702
340000 0.0778591
350000 0.0773839
360000 0.0753486
370000 0.0737464
380000 0.0721076
390000 0.07094
400000 0.0687586
410000 0.0675804
420000 0.0657616
430000 0.0620614
440000 0.0611829
450000 0.0604036
460000 0.0595529
470000 0.0588085
480000 0.0579562
490000 0.056907
500000 0.0558794
510000 0.0548496
520000 0.0536538
530000 0.0525277
540000 0.0515555
550000 0.050369
560000 0.0503689
570000 0.0503662
580000 0.0503641
590000 0.0503651
600000 0.0503539
610000 0.0503595
620000 0.050371
630000 0.0503731
640000 0.0503712
650000 0.0503715
660000 0.0503715
670000 0.0503634
680000 0.050357
690000 0.0503522
700000 0.0503575
710000 0.0971715
720000 0.0922089
730000 0.0908313
740000 0.0893861
750000 0.0880948
760000 0.0871397
770000 0.108836
780000 0.107234
790000 0.10546
800000 0.105327
810000 0.103788
820000 0.102634
830000 0.100612
840000 0.0986565
850000 0.099901
860000 0.0960032
870000 0.0943175
880000 0.0930202
890000 0.0922582
900000 0.0910284
910000 0.0905271
920000 0.0989238
930000 0.0951476
940000 0.0937901
950000 0.092279
960000 0.0907276
970000 0.0891727
980000 0.0942526
990000 0.0899536
