10000 -0.329257
20000 -0.348038
30000 -0.360283
40000 -0.363359
50000 -0.365051
60000 -0.362239
70000 -0.357773
80000 -0.354072
90000 -0.350523
100000 -0.347865
110000 -0.344912
120000 -0.342331
130000 -0.340079
140000 -0.338316
150000 -0.336366
160000 -0.334516
170000 -0.33288
180000 -0.33091
190000 -0.328883
200000 -0.326977
210000 -0.325057
220000 -0.32294
230000 -0.321222
240000 -0.318994
250000 -0.317078
260000 -0.315189
270000 -0.313237
280000 -0.311321
290000 -0.309633
300000 -0.307894
310000 -0.306315
320000 -0.304661
330000 -0.303066
340000 -0.301533
350000 -0.299537
360000 -0.297248
370000 -0.294354
380000 -0.29095
390000 -0.286679
400000 -0.282183
410000 -0.27782
420000 -0.273723
430000 -0.269587
440000 -0.265674
450000 -0.261897
460000 -0.258176
470000 -0.254606
480000 -0.251137
490000 -0.247742
500000 -0.244563
510000 -0.241551
520000 -0.238565
530000 -0.235676
540000 -0.232878
550000 -0.23019
560000 -0.227652
570000 -0.22512
580000 -0.2227
590000 -0.220352
600000 -0.21813
610000 -0.215951
620000 -0.213803
630000 -0.21174
640000 -0.209778
650000 -0.207754
660000 -0.205862
670000 -0.204049
680000 -0.202223
690000 -0.200497
700000 -0.198842
710000 -0.197208
720000 -0.19563
730000 -0.194075
740000 -0.192577
750000 -0.191138
760000 -0.18971
770000 -0.188317
780000 -0.186947
790000 -0.185628
800000 -0.184346
810000 -0.183114
820000 -0.181916
830000 -0.180706
840000 -0.179524
850000 -0.178391
860000 -0.177283
870000 -0.176176
880000 -0.175137
890000 -0.174072
900000 -0.173073
910000 -0.172081
920000 -0.171102
930000 -0.170128
940000 -0.169176
950000 -0.16827
960000 -0.167371
970000 -0.166513
980000 -0.165649
990000 -0.164803
