10000 -0.441785
20000 -0.431983
30000 -0.418571
40000 -0.422266
50000 -0.404791
60000 -0.39925
70000 -0.39223
80000 -0.384919
90000 -0.384023
100000 -0.376526
110000 -0.363237
120000 -0.348299
130000 -0.340867
140000 -0.338356
150000 -0.334111
160000 -0.330773
170000 -0.329293
180000 -0.326897
190000 -0.326331
200000 -0.324287
210000 -0.319684
220000 -0.319254
230000 -0.316693
240000 -0.317508
250000 -0.316464
260000 -0.311689
270000 -0.310082
280000 -0.307302
290000 -0.304415
300000 -0.298184
310000 -0.291593
320000 -0.288092
330000 -0.286112
340000 -0.284766
350000 -0.281543
360000 -0.279083
370000 -0.274839
380000 -0.272623
390000 -0.27186
400000 -0.266774
410000 -0.265266
420000 -0.264847
430000 -0.26222
440000 -0.258068
450000 -0.254991
460000 -0.251492
470000 -0.251738
480000 -0.252611
490000 -0.250979
500000 -0.246141
510000 -0.24545
520000 -0.245385
530000 -0.245302
540000 -0.244552
550000 -0.243517
560000 -0.24377
570000 -0.243803
580000 -0.243581
590000 -0.24297
600000 -0.240577
610000 -0.241536
620000 -0.241224
630000 -0.239923
640000 -0.238607
650000 -0.239443
660000 -0.238447
670000 -0.237756
680000 -0.234663
690000 -0.234445
700000 -0.233887
710000 -0.233742
720000 -0.233198
730000 -0.233186
740000 -0.233135
750000 -0.233237
760000 -0.23319
770000 -0.233168
780000 -0.207333
790000 -0.189248
800000 -0.176664
810000 -0.148484
820000 -0.124459
830000 -0.123378
840000 -0.122396
850000 -0.120985
860000 -0.119169
870000 -0.11963
880000 -0.118653
890000 -0.116459
900000 -0.114512
910000 -0.112583
920000 -0.111585
930000 -0.110028
940000 -0.109582
950000 -0.108146
960000 -0.107906
970000 -0.107261
980000 -0.106523
990000 -0.105964
