10000 0.352949
20000 0.300033
30000 0.24746
40000 0.186664
50000 0.150365
60000 0.126079
70000 0.108763
80000 0.0957529
90000 0.0856419
100000 0.0775473
110000 0.0709234
120000 0.0654063
130000 0.0607341
140000 0.0567327
150000 0.0532612
160000 0.0502269
170000 0.0475462
180000 0.0451668
190000 0.0430328
200000 0.041117
210000 0.0393801
220000 0.0378021
230000 0.0363625
240000 0.0350416
250000 0.033827
260000 0.0327051
270000 0.0316667
280000 0.0307028
290000 0.0298049
300000 0.0289684
310000 0.0281835
320000 0.0274485
330000 0.026758
340000 0.0261083
350000 0.025496
360000 0.0249172
370000 0.0243701
380000 0.0238523
390000 0.0233603
400000 0.0228924
410000 0.0224481
420000 0.0220247
430000 0.0216207
440000 0.0212354
450000 0.0208671
460000 0.0205149
470000 0.0201778
480000 0.0198546
490000 0.0195446
500000 0.0192481
510000 0.0189611
520000 0.0186862
530000 0.0184219
540000 0.0181669
550000 0.0179214
560000 0.0176848
570000 0.0174564
580000 0.0172359
590000 0.0170229
600000 0.0168168
610000 0.0166177
620000 0.0164251
630000 0.0162383
640000 0.0160574
650000 0.0158821
660000 0.0157122
670000 0.0155474
680000 0.0153874
690000 0.0152319
700000 0.015081
710000 0.0149343
720000 0.0147916
730000 0.0146529
740000 0.014518
750000 0.0143866
760000 0.0142587
770000 0.0141341
780000 0.0140127
790000 0.0138943
800000 0.0137791
810000 0.0136666
820000 0.0135568
830000 0.0134496
840000 0.013345
850000 0.0132429
860000 0.0131432
870000 0.0130457
880000 0.0129505
890000 0.0128574
900000 0.0127664
910000 0.0126773
920000 0.0125903
930000 0.0125051
940000 0.0124216
950000 0.01234
960000 0.0122601
970000 0.0121818
980000 0.0121051
990000 0.01203
