10000 0.297147
20000 0.268232
30000 0.256325
40000 0.233562
50000 0.214118
60000 0.1908
70000 0.1655
80000 0.145461
90000 0.129838
100000 0.117372
110000 0.107145
120000 0.0986301
130000 0.0914323
140000 0.0852569
150000 0.0798999
160000 0.0752104
170000 0.0710693
180000 0.0673871
190000 0.0640798
200000 0.0611106
210000 0.0584234
220000 0.0559817
230000 0.0537521
240000 0.0517087
250000 0.0498251
260000 0.0480903
270000 0.0464813
280000 0.0449879
290000 0.0436004
300000 0.0423015
310000 0.0410865
320000 0.0399489
330000 0.0388823
340000 0.0378746
350000 0.036925
360000 0.0360292
370000 0.035182
380000 0.0343808
390000 0.0336171
400000 0.0328936
410000 0.0322055
420000 0.0315497
430000 0.0309266
440000 0.0303288
450000 0.0297579
460000 0.0292118
470000 0.0286912
480000 0.0281891
490000 0.0277095
500000 0.0272486
510000 0.0268058
520000 0.0263797
530000 0.0259709
540000 0.0255757
550000 0.0251961
560000 0.0248292
570000 0.0244756
580000 0.0241336
590000 0.0238038
600000 0.0234847
610000 0.0231765
620000 0.0228782
630000 0.0225888
640000 0.0223093
650000 0.0220372
660000 0.0217746
670000 0.021519
680000 0.0212708
690000 0.0210302
700000 0.0207964
710000 0.0205694
720000 0.0203486
730000 0.0201335
740000 0.0199245
750000 0.0197211
760000 0.0195233
770000 0.0193301
780000 0.019142
790000 0.018959
800000 0.0187802
810000 0.0186059
820000 0.0184362
830000 0.0182701
840000 0.018108
850000 0.01795
860000 0.0177955
870000 0.0176449
880000 0.0174971
890000 0.017353
900000 0.0172119
910000 0.0170748
920000 0.0169418
930000 0.0168122
940000 0.0166857
950000 0.0165632
960000 0.0164429
970000 0.0163251
980000 0.0162092
990000 0.0160958
