10000 0.450988
20000 0.310408
30000 0.218252
40000 0.168108
50000 0.136129
60000 0.115011
70000 0.0993607
80000 0.0879317
90000 0.0787705
100000 0.071831
110000 0.0656446
120000 0.0605541
130000 0.0563813
140000 0.0527846
150000 0.0496586
160000 0.0469158
170000 0.0444294
180000 0.0422388
190000 0.0403102
200000 0.0385583
210000 0.0369806
220000 0.0355471
230000 0.0342195
240000 0.0329969
250000 0.0318866
260000 0.0308596
270000 0.0299073
280000 0.0290311
290000 0.0282006
300000 0.0274294
310000 0.0267112
320000 0.0260437
330000 0.0253989
340000 0.0247978
350000 0.024237
360000 0.0237148
370000 0.023202
380000 0.0227327
390000 0.0222783
400000 0.0218414
410000 0.021439
420000 0.0210489
430000 0.0206729
440000 0.0203163
450000 0.0199783
460000 0.019658
470000 0.0193447
480000 0.0190438
490000 0.0187596
500000 0.0184872
510000 0.0182247
520000 0.01797
530000 0.0177205
540000 0.017487
550000 0.0172613
560000 0.0170418
570000 0.0168306
580000 0.0166261
590000 0.0164309
600000 0.0162458
610000 0.0160567
620000 0.0158833
630000 0.0157058
640000 0.015544
650000 0.0153757
660000 0.0152244
670000 0.0150674
680000 0.0149193
690000 0.0147762
700000 0.014636
710000 0.0145041
720000 0.014369
730000 0.0142403
740000 0.0141156
750000 0.0139959
760000 0.0138772
770000 0.0137623
780000 0.0136497
790000 0.0135406
800000 0.0134319
810000 0.0133321
820000 0.0132292
830000 0.0131274
840000 0.013032
850000 0.012938
860000 0.0128443
870000 0.0127536
880000 0.0126667
890000 0.0125804
900000 0.0124965
910000 0.0124131
920000 0.012334
930000 0.0122534
940000 0.0121766
950000 0.012101
960000 0.0120285
970000 0.0119548
980000 0.0118831
990000 0.0118144
