10000 -0.339827
20000 -0.368485
30000 -0.380098
40000 -0.379575
50000 -0.374958
60000 -0.36761
70000 -0.358621
80000 -0.349183
90000 -0.341142
100000 -0.33427
110000 -0.328351
120000 -0.322954
130000 -0.318136
140000 -0.313736
150000 -0.309573
160000 -0.305335
170000 -0.301069
180000 -0.296876
190000 -0.293004
200000 -0.289423
210000 -0.286219
220000 -0.283219
230000 -0.2804
240000 -0.277753
250000 -0.275267
260000 -0.272879
270000 -0.270644
280000 -0.268493
290000 -0.266453
300000 -0.264525
310000 -0.262747
320000 -0.260996
330000 -0.259346
340000 -0.257736
350000 -0.256149
360000 -0.254622
370000 -0.253154
380000 -0.251755
390000 -0.250428
400000 -0.249143
410000 -0.247918
420000 -0.246756
430000 -0.245646
440000 -0.244571
450000 -0.243555
460000 -0.242578
470000 -0.241656
480000 -0.240768
490000 -0.239904
500000 -0.239066
510000 -0.238264
520000 -0.237508
530000 -0.236768
540000 -0.23604
550000 -0.235352
560000 -0.234678
570000 -0.234026
580000 -0.233402
590000 -0.232796
600000 -0.232221
610000 -0.231651
620000 -0.231099
630000 -0.230567
640000 -0.230042
650000 -0.229541
660000 -0.229056
670000 -0.228576
680000 -0.228116
690000 -0.227665
700000 -0.227231
710000 -0.22681
720000 -0.226405
730000 -0.225999
740000 -0.225613
750000 -0.225234
760000 -0.22486
770000 -0.224499
780000 -0.224147
790000 -0.223795
800000 -0.223453
810000 -0.223122
820000 -0.222789
830000 -0.222464
840000 -0.222156
850000 -0.221848
860000 -0.221542
870000 -0.221249
880000 -0.220964
890000 -0.220685
900000 -0.220409
910000 -0.220142
920000 -0.219887
930000 -0.21963
940000 -0.219387
950000 -0.219142
960000 -0.218904
970000 -0.218668
980000 -0.21844
990000 -0.218215
