10000 -0.351099
20000 -0.374708
30000 -0.379869
40000 -0.379659
50000 -0.376424
60000 -0.371435
70000 -0.365346
80000 -0.358854
90000 -0.352327
100000 -0.345212
110000 -0.337347
120000 -0.329977
130000 -0.323408
140000 -0.3174
150000 -0.312039
160000 -0.307307
170000 -0.303004
180000 -0.299121
190000 -0.29563
200000 -0.292405
210000 -0.289482
220000 -0.286796
230000 -0.284345
240000 -0.282034
250000 -0.279881
260000 -0.277862
270000 -0.275951
280000 -0.274122
290000 -0.272362
300000 -0.270682
310000 -0.269099
320000 -0.267572
330000 -0.266115
340000 -0.264737
350000 -0.263432
360000 -0.262221
370000 -0.261075
380000 -0.259996
390000 -0.258955
400000 -0.257962
410000 -0.257006
420000 -0.256052
430000 -0.255144
440000 -0.254266
450000 -0.253412
460000 -0.252582
470000 -0.251788
480000 -0.251023
490000 -0.250298
500000 -0.249583
510000 -0.248896
520000 -0.248216
530000 -0.247574
540000 -0.24693
550000 -0.24632
560000 -0.24572
570000 -0.245153
580000 -0.244595
590000 -0.244062
600000 -0.243521
610000 -0.243013
620000 -0.242526
630000 -0.242051
640000 -0.24158
650000 -0.241135
660000 -0.240704
670000 -0.240282
680000 -0.23987
690000 -0.239479
700000 -0.239098
710000 -0.238726
720000 -0.238344
730000 -0.237994
740000 -0.237643
750000 -0.237302
760000 -0.236971
770000 -0.23665
780000 -0.236335
790000 -0.236024
800000 -0.23572
810000 -0.235427
820000 -0.235135
830000 -0.23485
840000 -0.234572
850000 -0.234303
860000 -0.234037
870000 -0.233774
880000 -0.233515
890000 -0.233266
900000 -0.233016
910000 -0.232773
920000 -0.232534
930000 -0.232292
940000 -0.232072
950000 -0.231851
960000 -0.231634
970000 -0.231423
980000 -0.231211
990000 -0.231004
