10000 -0.346913
20000 -0.368106
30000 -0.376785
40000 -0.372732
50000 -0.365036
60000 -0.357071
70000 -0.350637
80000 -0.344614
90000 -0.339175
100000 -0.334478
110000 -0.329981
120000 -0.325851
130000 -0.321748
140000 -0.317586
150000 -0.313775
160000 -0.310432
170000 -0.307388
180000 -0.304767
190000 -0.302417
200000 -0.30027
210000 -0.298242
220000 -0.296423
230000 -0.294724
240000 -0.293199
250000 -0.291772
260000 -0.29045
270000 -0.289189
280000 -0.28802
290000 -0.286939
300000 -0.285904
310000 -0.284942
320000 -0.284059
330000 -0.283202
340000 -0.282406
350000 -0.28163
360000 -0.280888
370000 -0.280225
380000 -0.279569
390000 -0.278947
400000 -0.278358
410000 -0.277788
420000 -0.277238
430000 -0.276693
440000 -0.276189
450000 -0.275702
460000 -0.275255
470000 -0.274815
480000 -0.274372
490000 -0.273961
500000 -0.273567
510000 -0.273194
520000 -0.272818
530000 -0.272464
540000 -0.272128
550000 -0.271794
560000 -0.271476
570000 -0.271173
580000 -0.270864
590000 -0.270568
600000 -0.270289
610000 -0.270016
620000 -0.269757
630000 -0.269495
640000 -0.269252
650000 -0.269004
660000 -0.268763
670000 -0.268528
680000 -0.268303
690000 -0.268082
700000 -0.267859
710000 -0.267653
720000 -0.267444
730000 -0.267245
740000 -0.267051
750000 -0.266872
760000 -0.26669
770000 -0.2665
780000 -0.266329
790000 -0.266159
800000 -0.265991
810000 -0.265815
820000 -0.265654
830000 -0.265494
840000 -0.265344
850000 -0.265187
860000 -0.265047
870000 -0.264903
880000 -0.264762
890000 -0.264616
900000 -0.264481
910000 -0.264346
920000 -0.264212
930000 -0.264077
940000 -0.263951
950000 -0.263817
960000 -0.263689
970000 -0.263553
980000 -0.263428
990000 -0.263302
