10000 -0.346275
20000 -0.370136
30000 -0.374108
40000 -0.374632
50000 -0.372795
60000 -0.369087
70000 -0.361378
80000 -0.351574
90000 -0.341995
100000 -0.333863
110000 -0.327015
120000 -0.321158
130000 -0.316076
140000 -0.311698
150000 -0.307909
160000 -0.304593
170000 -0.301612
180000 -0.298988
190000 -0.296535
200000 -0.294331
210000 -0.2922
220000 -0.290173
230000 -0.288217
240000 -0.286191
250000 -0.284197
260000 -0.282194
270000 -0.280355
280000 -0.278612
290000 -0.276988
300000 -0.275466
310000 -0.274018
320000 -0.272641
330000 -0.27135
340000 -0.270104
350000 -0.268921
360000 -0.267822
370000 -0.266766
380000 -0.26573
390000 -0.264751
400000 -0.263793
410000 -0.262893
420000 -0.262014
430000 -0.261167
440000 -0.26036
450000 -0.259569
460000 -0.258814
470000 -0.258092
480000 -0.257407
490000 -0.256748
500000 -0.256102
510000 -0.255485
520000 -0.254883
530000 -0.254302
540000 -0.253744
550000 -0.253201
560000 -0.252684
570000 -0.2522
580000 -0.251718
590000 -0.251254
600000 -0.250802
610000 -0.250371
620000 -0.249935
630000 -0.249527
640000 -0.249106
650000 -0.248445
660000 -0.247328
670000 -0.245885
680000 -0.24412
690000 -0.242313
700000 -0.240562
710000 -0.238855
720000 -0.237181
730000 -0.23556
740000 -0.233987
750000 -0.232442
760000 -0.230945
770000 -0.229486
780000 -0.228068
790000 -0.226674
800000 -0.225325
810000 -0.223999
820000 -0.222705
830000 -0.221443
840000 -0.220201
850000 -0.218996
860000 -0.217813
870000 -0.216661
880000 -0.215533
890000 -0.214425
900000 -0.21334
910000 -0.212279
920000 -0.211241
930000 -0.210233
940000 -0.209239
950000 -0.208271
960000 -0.207321
970000 -0.206388
980000 -0.205467
990000 -0.204572
