10000 -0.454316
20000 -0.438662
30000 -0.398356
40000 -0.377168
50000 -0.361682
60000 -0.331949
70000 -0.286133
80000 -0.268614
90000 -0.257478
100000 -0.256608
110000 -0.256379
120000 -0.254629
130000 -0.254491
140000 -0.25381
150000 -0.254524
160000 -0.253932
170000 -0.253576
180000 -0.252835
190000 -0.251641
200000 -0.250256
210000 -0.248292
220000 -0.245915
230000 -0.241568
240000 -0.23689
250000 -0.232508
260000 -0.23139
270000 -0.231086
280000 -0.231042
290000 -0.23104
300000 -0.230287
310000 -0.229762
320000 -0.22946
330000 -0.22901
340000 -0.228636
350000 -0.228248
360000 -0.228125
370000 -0.227743
380000 -0.227132
390000 -0.226919
400000 -0.225991
410000 -0.225188
420000 -0.225092
430000 -0.22506
440000 -0.224822
450000 -0.224673
460000 -0.22481
470000 -0.224455
480000 -0.224586
490000 -0.224668
500000 -0.224074
510000 -0.224012
520000 -0.223673
530000 -0.22386
540000 -0.223877
550000 -0.223759
560000 -0.224254
570000 -0.223887
580000 -0.223906
590000 -0.223912
600000 -0.223787
610000 -0.223831
620000 -0.223839
630000 -0.22367
640000 -0.223698
650000 -0.18485
660000 -0.162584
670000 -0.138433
680000 -0.11935
690000 -0.118911
700000 -0.118661
710000 -0.118629
720000 -0.118453
730000 -0.118461
740000 -0.118399
750000 -0.118376
760000 -0.1184
770000 -0.118212
780000 -0.118173
790000 -0.117976
800000 -0.117872
810000 -0.117849
820000 -0.117721
830000 -0.117716
840000 -0.117623
850000 -0.117426
860000 -0.11714
870000 -0.117085
880000 -0.116796
890000 -0.116735
900000 -0.116723
910000 -0.116657
920000 -0.116779
930000 -0.116743
940000 -0.116712
950000 -0.116665
960000 -0.116845
970000 -0.116661
980000 -0.116639
990000 -0.116673
