10000 -0.434029
20000 -0.421744
30000 -0.401673
40000 -0.382351
50000 -0.3323
60000 -0.301128
70000 -0.307114
80000 -0.296902
90000 -0.286573
100000 -0.282151
110000 -0.280904
120000 -0.278945
130000 -0.27579
140000 -0.277389
150000 -0.275782
160000 -0.274668
170000 -0.274084
180000 -0.27344
190000 -0.272425
200000 -0.272523
210000 -0.272064
220000 -0.272189
230000 -0.272487
240000 -0.27248
250000 -0.272448
260000 -0.273128
270000 -0.272829
280000 -0.27314
290000 -0.273167
300000 -0.273007
310000 -0.272749
320000 -0.27224
330000 -0.272087
340000 -0.271873
350000 -0.271982
360000 -0.271926
370000 -0.271504
380000 -0.271682
390000 -0.271372
400000 -0.271117
410000 -0.271209
420000 -0.271351
430000 -0.271715
440000 -0.271232
450000 -0.270712
460000 -0.270927
470000 -0.271107
480000 -0.271233
490000 -0.271172
500000 -0.270954
510000 -0.270589
520000 -0.270512
530000 -0.270742
540000 -0.27056
550000 -0.270526
560000 -0.27048
570000 -0.270904
580000 -0.271011
590000 -0.271036
600000 -0.271056
610000 -0.271224
620000 -0.270847
630000 -0.270246
640000 -0.270227
650000 -0.269933
660000 -0.269674
670000 -0.269821
680000 -0.269802
690000 -0.269761
700000 -0.26999
710000 -0.269921
720000 -0.269927
730000 -0.269748
740000 -0.269598
750000 -0.269525
760000 -0.269377
770000 -0.166392
780000 -0.111672
790000 -0.111789
800000 -0.111533
810000 -0.111456
820000 -0.111688
830000 -0.111341
840000 -0.111282
850000 -0.111431
860000 -0.111237
870000 -0.111306
880000 -0.11101
890000 -0.110954
900000 -0.110964
910000 -0.110952
920000 -0.110926
930000 -0.110903
940000 -0.110886
950000 -0.110897
960000 -0.110898
970000 -0.110904
980000 -0.11092
990000 -0.110937
