10000 0.269594
20000 0.22693
30000 0.155135
40000 0.117391
50000 0.0948605
60000 0.0798389
70000 0.0691027
80000 0.0610546
90000 0.0547934
100000 0.0497773
110000 0.0456773
120000 0.042261
130000 0.0393694
140000 0.0368916
150000 0.0347428
160000 0.0328632
170000 0.0312049
180000 0.0297309
190000 0.0284121
200000 0.0272247
210000 0.0261502
220000 0.0251738
230000 0.0242822
240000 0.0234651
250000 0.0227129
260000 0.0220189
270000 0.0213762
280000 0.0207794
290000 0.0202241
300000 0.0197052
310000 0.0192201
320000 0.0187654
330000 0.018338
340000 0.0179359
350000 0.0175567
360000 0.0171986
370000 0.0168599
380000 0.0165391
390000 0.0162346
400000 0.0159454
410000 0.0156702
420000 0.0154083
430000 0.0151584
440000 0.0149199
450000 0.014692
460000 0.0144741
470000 0.0142653
480000 0.0140654
490000 0.0138735
500000 0.0136893
510000 0.0135124
520000 0.0133423
530000 0.0131786
540000 0.0130209
550000 0.012869
560000 0.0127225
570000 0.0125812
580000 0.0124446
590000 0.0123128
600000 0.0121853
610000 0.0120621
620000 0.0119427
630000 0.0118272
640000 0.0117153
650000 0.0116068
660000 0.0115016
670000 0.0113996
680000 0.0113006
690000 0.0112044
700000 0.011111
710000 0.0110202
720000 0.0109319
730000 0.0108461
740000 0.0107626
750000 0.0106812
760000 0.0106021
770000 0.010525
780000 0.0104499
790000 0.0103767
800000 0.0103052
810000 0.0102356
820000 0.0101677
830000 0.0101014
840000 0.0100366
850000 0.00997344
860000 0.0099117
870000 0.0098514
880000 0.00979246
890000 0.00973484
900000 0.00967852
910000 0.00962342
920000 0.00956954
930000 0.00951679
940000 0.00946518
950000 0.00941465
960000 0.00936516
970000 0.00931671
980000 0.00926923
990000 0.00922274
