10000 -0.368717
20000 -0.373899
30000 -0.377262
40000 -0.376841
50000 -0.37315
60000 -0.367614
70000 -0.362677
80000 -0.357763
90000 -0.353613
100000 -0.348227
110000 -0.342929
120000 -0.337362
130000 -0.332143
140000 -0.327761
150000 -0.323849
160000 -0.320352
170000 -0.317202
180000 -0.314381
190000 -0.311795
200000 -0.30936
210000 -0.307171
220000 -0.305136
230000 -0.303274
240000 -0.301481
250000 -0.299901
260000 -0.298307
270000 -0.296945
280000 -0.295651
290000 -0.294461
300000 -0.293261
310000 -0.292131
320000 -0.291087
330000 -0.290067
340000 -0.289129
350000 -0.288245
360000 -0.2874
370000 -0.286576
380000 -0.28583
390000 -0.285116
400000 -0.284434
410000 -0.283764
420000 -0.283125
430000 -0.282533
440000 -0.281927
450000 -0.281345
460000 -0.280806
470000 -0.280278
480000 -0.279769
490000 -0.279272
500000 -0.278783
510000 -0.278328
520000 -0.27788
530000 -0.277451
540000 -0.277041
550000 -0.276638
560000 -0.276262
570000 -0.275876
580000 -0.275505
590000 -0.275147
600000 -0.274783
610000 -0.274446
620000 -0.274113
630000 -0.27379
640000 -0.27348
650000 -0.273175
660000 -0.272873
670000 -0.272577
680000 -0.272293
690000 -0.272015
700000 -0.27175
710000 -0.271496
720000 -0.271239
730000 -0.270995
740000 -0.270766
750000 -0.270519
760000 -0.27027
770000 -0.270036
780000 -0.269823
790000 -0.26961
800000 -0.269389
810000 -0.268898
820000 -0.267439
830000 -0.265418
840000 -0.263437
850000 -0.261497
860000 -0.259602
870000 -0.257743
880000 -0.255919
890000 -0.254141
900000 -0.252396
910000 -0.250689
920000 -0.249022
930000 -0.247387
940000 -0.245784
950000 -0.244214
960000 -0.242679
970000 -0.241171
980000 -0.239698
990000 -0.23825
