10000 -0.387124
20000 -0.404569
30000 -0.412006
40000 -0.415291
50000 -0.414565
60000 -0.410611
70000 -0.4051
80000 -0.397287
90000 -0.389502
100000 -0.382245
110000 -0.375843
120000 -0.370089
130000 -0.364968
140000 -0.360084
150000 -0.35576
160000 -0.352141
170000 -0.348789
180000 -0.345728
190000 -0.343035
200000 -0.340447
210000 -0.337981
220000 -0.335667
230000 -0.333589
240000 -0.331542
250000 -0.329566
260000 -0.32773
270000 -0.326064
280000 -0.324479
290000 -0.322924
300000 -0.32145
310000 -0.320042
320000 -0.318739
330000 -0.317561
340000 -0.316453
350000 -0.315347
360000 -0.314317
370000 -0.313325
380000 -0.312373
390000 -0.311488
400000 -0.310627
410000 -0.309798
420000 -0.308971
430000 -0.308184
440000 -0.307427
450000 -0.306704
460000 -0.306043
470000 -0.30538
480000 -0.30475
490000 -0.304146
500000 -0.303554
510000 -0.302994
520000 -0.302466
530000 -0.301944
540000 -0.301445
550000 -0.300955
560000 -0.300479
570000 -0.300005
580000 -0.299538
590000 -0.299091
600000 -0.298661
610000 -0.298248
620000 -0.297855
630000 -0.29746
640000 -0.297078
650000 -0.296712
660000 -0.296352
670000 -0.295987
680000 -0.295058
690000 -0.293565
700000 -0.291565
710000 -0.289511
720000 -0.287375
730000 -0.285283
740000 -0.283228
750000 -0.281223
760000 -0.279263
770000 -0.277346
780000 -0.275465
790000 -0.273625
800000 -0.27182
810000 -0.270052
820000 -0.268316
830000 -0.266607
840000 -0.264927
850000 -0.26328
860000 -0.261662
870000 -0.260066
880000 -0.258485
890000 -0.256925
900000 -0.255393
910000 -0.25387
920000 -0.252365
930000 -0.250866
940000 -0.24938
950000 -0.247908
960000 -0.246448
970000 -0.244995
980000 -0.243549
990000 -0.242095
