10000 -0.363829
20000 -0.381395
30000 -0.371445
40000 -0.358606
50000 -0.347088
60000 -0.334818
70000 -0.32325
80000 -0.313963
90000 -0.30638
100000 -0.299605
110000 -0.29364
120000 -0.288379
130000 -0.283421
140000 -0.27904
150000 -0.274987
160000 -0.271161
170000 -0.267755
180000 -0.264429
190000 -0.261394
200000 -0.258528
210000 -0.255799
220000 -0.253242
230000 -0.250815
240000 -0.248608
250000 -0.246613
260000 -0.244669
270000 -0.242841
280000 -0.241076
290000 -0.239459
300000 -0.237876
310000 -0.236435
320000 -0.2351
330000 -0.233772
340000 -0.232535
350000 -0.231312
360000 -0.230205
370000 -0.229103
380000 -0.228106
390000 -0.227124
400000 -0.226188
410000 -0.225289
420000 -0.224411
430000 -0.223563
440000 -0.222737
450000 -0.221937
460000 -0.221166
470000 -0.220426
480000 -0.219711
490000 -0.219006
500000 -0.218346
510000 -0.2177
520000 -0.217058
530000 -0.21645
540000 -0.215865
550000 -0.215287
560000 -0.214739
570000 -0.214178
580000 -0.213637
590000 -0.213108
600000 -0.212623
610000 -0.212137
620000 -0.211664
630000 -0.211212
640000 -0.210776
650000 -0.210349
660000 -0.209931
670000 -0.209532
680000 -0.209137
690000 -0.208751
700000 -0.208388
710000 -0.208028
720000 -0.207669
730000 -0.207327
740000 -0.206989
750000 -0.206655
760000 -0.206332
770000 -0.206008
780000 -0.2057
790000 -0.205398
800000 -0.205107
810000 -0.204822
820000 -0.204542
830000 -0.204269
840000 -0.203999
850000 -0.203743
860000 -0.203492
870000 -0.203248
880000 -0.202999
890000 -0.202764
900000 -0.202533
910000 -0.202307
920000 -0.202088
930000 -0.201874
940000 -0.201659
950000 -0.201448
960000 -0.201248
970000 -0.201052
980000 -0.200855
990000 -0.200664
