10000 -0.436175
20000 -0.318978
30000 -0.29407
40000 -0.278793
50000 -0.266727
60000 -0.260286
70000 -0.256071
80000 -0.254464
90000 -0.246343
100000 -0.244734
110000 -0.239051
120000 -0.235207
130000 -0.232037
140000 -0.230187
150000 -0.228052
160000 -0.22522
170000 -0.22043
180000 -0.217216
190000 -0.214588
200000 -0.215147
210000 -0.214068
220000 -0.209894
230000 -0.208384
240000 -0.207562
250000 -0.203864
260000 -0.201533
270000 -0.200844
280000 -0.199744
290000 -0.199123
300000 -0.199461
310000 -0.198354
320000 -0.198204
330000 -0.197286
340000 -0.196762
350000 -0.196538
360000 -0.196872
370000 -0.196581
380000 -0.196805
390000 -0.196351
400000 -0.195873
410000 -0.19571
420000 -0.195174
430000 -0.194753
440000 -0.194777
450000 -0.19419
460000 -0.194075
470000 -0.19377
480000 -0.193898
490000 -0.193483
500000 -0.192663
510000 -0.193164
520000 -0.192917
530000 -0.192897
540000 -0.192355
550000 -0.191645
560000 -0.191529
570000 -0.191923
580000 -0.191583
590000 -0.190781
600000 -0.190687
610000 -0.190798
620000 -0.190592
630000 -0.190489
640000 -0.190427
650000 -0.19022
660000 -0.190074
670000 -0.189996
680000 -0.189831
690000 -0.189626
700000 -0.189828
710000 -0.190065
720000 -0.189652
730000 -0.189826
740000 -0.189521
750000 -0.189246
760000 -0.189006
770000 -0.188917
780000 -0.188923
790000 -0.188775
800000 -0.188869
810000 -0.188966
820000 -0.188936
830000 -0.188882
840000 -0.188678
850000 -0.188661
860000 -0.188507
870000 -0.188518
880000 -0.188533
890000 -0.188516
900000 -0.18853
910000 -0.188439
920000 -0.188361
930000 -0.188351
940000 -0.188322
950000 -0.18833
960000 -0.188348
970000 -0.188354
980000 -0.188322
990000 -0.1883
