10000 -0.522662
20000 -0.500789
30000 -0.459387
40000 -0.428731
50000 -0.393314
60000 -0.356225
70000 -0.32843
80000 -0.310671
90000 -0.301312
100000 -0.298584
110000 -0.297153
120000 -0.295244
130000 -0.2943
140000 -0.292233
150000 -0.289283
160000 -0.287234
170000 -0.283809
180000 -0.284026
190000 -0.282488
200000 -0.28122
210000 -0.281575
220000 -0.279012
230000 -0.276956
240000 -0.275765
250000 -0.27325
260000 -0.273657
270000 -0.273082
280000 -0.273038
290000 -0.272807
300000 -0.27225
310000 -0.2716
320000 -0.269834
330000 -0.268361
340000 -0.266938
350000 -0.266135
360000 -0.266165
370000 -0.265908
380000 -0.265733
390000 -0.264919
400000 -0.263797
410000 -0.262968
420000 -0.262398
430000 -0.263922
440000 -0.262524
450000 -0.263321
460000 -0.262286
470000 -0.262571
480000 -0.261766
490000 -0.261299
500000 -0.261504
510000 -0.262025
520000 -0.261756
530000 -0.261839
540000 -0.261669
550000 -0.261718
560000 -0.262404
570000 -0.262598
580000 -0.263091
590000 -0.262207
600000 -0.261996
610000 -0.262084
620000 -0.261709
630000 -0.261378
640000 -0.261343
650000 -0.260812
660000 -0.260948
670000 -0.260834
680000 -0.261177
690000 -0.260913
700000 -0.26055
710000 -0.261212
720000 -0.261373
730000 -0.26138
740000 -0.260887
750000 -0.260452
760000 -0.259736
770000 -0.259756
780000 -0.259695
790000 -0.259683
800000 -0.259737
810000 -0.259762
820000 -0.259701
830000 -0.259619
840000 -0.259564
850000 -0.259553
860000 -0.259432
870000 -0.259298
880000 -0.238177
890000 -0.185172
900000 -0.119661
910000 -0.119637
920000 -0.119467
930000 -0.11515
940000 -0.10623
950000 -0.101192
960000 -0.0983852
970000 -0.0947274
980000 -0.0913643
990000 -0.0913581
