10000 0.419986
20000 0.22692
30000 0.160414
40000 0.127109
50000 0.107112
60000 0.0937758
70000 0.0842467
80000 0.0771002
90000 0.0715413
100000 0.0670937
110000 0.0634545
120000 0.0604213
130000 0.0578549
140000 0.055655
150000 0.0537485
160000 0.0520801
170000 0.0506082
180000 0.0492996
190000 0.048129
200000 0.0470751
210000 0.0461218
220000 0.0452549
230000 0.0444636
240000 0.0437381
250000 0.0430708
260000 0.0424547
270000 0.0418843
280000 0.0413546
290000 0.0408614
300000 0.0404011
310000 0.0399705
320000 0.0395668
330000 0.0391876
340000 0.0388307
350000 0.0384941
360000 0.0381763
370000 0.0378756
380000 0.0375908
390000 0.0373206
400000 0.0370639
410000 0.0368197
420000 0.0365871
430000 0.0363653
440000 0.0361537
450000 0.0359514
460000 0.035758
470000 0.0355727
480000 0.0353952
490000 0.0352249
500000 0.0350615
510000 0.0349044
520000 0.0347534
530000 0.0346081
540000 0.0344681
550000 0.0343333
560000 0.0342033
570000 0.0340778
580000 0.0339567
590000 0.0338396
600000 0.0337265
610000 0.0336171
620000 0.0335112
630000 0.0334087
640000 0.0333093
650000 0.033213
660000 0.0331197
670000 0.0330291
680000 0.0329412
690000 0.0328559
700000 0.0327729
710000 0.0326924
720000 0.032614
730000 0.0325378
740000 0.0324637
750000 0.0323915
760000 0.0323212
770000 0.0322528
780000 0.0321861
790000 0.0321211
800000 0.0320578
810000 0.031996
820000 0.0319357
830000 0.0318768
840000 0.0318194
850000 0.0317633
860000 0.0317085
870000 0.031655
880000 0.0316026
890000 0.0315515
900000 0.0315015
910000 0.0314526
920000 0.0314048
930000 0.031358
940000 0.0313121
950000 0.0312673
960000 0.0312234
970000 0.0311804
980000 0.0311382
990000 0.031097
