10000 0.400057
20000 0.396949
30000 0.387866
40000 0.350294
50000 0.304959
60000 0.25888
70000 0.225776
80000 0.200933
90000 0.181614
100000 0.166159
110000 0.153415
120000 0.142765
130000 0.133755
140000 0.126009
150000 0.119293
160000 0.113418
170000 0.108243
180000 0.103691
190000 0.0994629
200000 0.0955573
210000 0.0920261
220000 0.0888186
230000 0.0858908
240000 0.0832016
250000 0.0807207
260000 0.0784286
270000 0.076302
280000 0.0743163
290000 0.0724603
300000 0.0707203
310000 0.069092
320000 0.0675625
330000 0.0661187
340000 0.0647555
350000 0.0634706
360000 0.0622545
370000 0.0611049
380000 0.0600168
390000 0.0589828
400000 0.0579979
410000 0.0570595
420000 0.0561663
430000 0.0553128
440000 0.0544968
450000 0.0537111
460000 0.0529557
470000 0.0522293
480000 0.0515318
490000 0.0508616
500000 0.0502169
510000 0.0495943
520000 0.0489944
530000 0.048416
540000 0.047852
550000 0.0473091
560000 0.0467887
570000 0.0462839
580000 0.0457913
590000 0.0453129
600000 0.0448495
610000 0.0443982
620000 0.043958
630000 0.0435291
640000 0.0431111
650000 0.0427027
660000 0.0423069
670000 0.041924
680000 0.0415494
690000 0.0411867
700000 0.0408321
710000 0.0404751
720000 0.0401326
730000 0.0398009
740000 0.0394736
750000 0.0391438
760000 0.0388221
770000 0.0385087
780000 0.0382034
790000 0.0379058
800000 0.0376156
810000 0.0373326
820000 0.0370565
830000 0.036787
840000 0.036524
850000 0.0362671
860000 0.0360162
870000 0.0357711
880000 0.0355316
890000 0.0352975
900000 0.0350685
910000 0.0348446
920000 0.0346255
930000 0.0344112
940000 0.0342015
950000 0.0339961
960000 0.033795
970000 0.033598
980000 0.0334051
990000 0.0332161
