10000 0.382078
20000 0.204976
30000 0.145723
40000 0.116076
50000 0.0982811
60000 0.0864193
70000 0.077936
80000 0.0715778
90000 0.066632
100000 0.0626745
110000 0.0594372
120000 0.0567391
130000 0.054456
140000 0.0524987
150000 0.0508021
160000 0.0493182
170000 0.0480082
180000 0.0468441
190000 0.0458025
200000 0.0448651
210000 0.0440169
220000 0.0432459
230000 0.0425418
240000 0.0418968
250000 0.0413028
260000 0.0407549
270000 0.0402472
280000 0.0397759
290000 0.0393372
300000 0.0389277
310000 0.0385446
320000 0.0381854
330000 0.0378481
340000 0.0375306
350000 0.0372312
360000 0.0369484
370000 0.0366809
380000 0.0364275
390000 0.0361871
400000 0.0359588
410000 0.0357415
420000 0.0355347
430000 0.0353374
440000 0.035149
450000 0.0349691
460000 0.034797
470000 0.0346322
480000 0.0344743
490000 0.0343228
500000 0.0341774
510000 0.0340377
520000 0.0339033
530000 0.033774
540000 0.0336495
550000 0.0335296
560000 0.0334139
570000 0.0333023
580000 0.0331945
590000 0.0330904
600000 0.0329898
610000 0.0328924
620000 0.0327982
630000 0.032707
640000 0.0326186
650000 0.032533
660000 0.0324499
670000 0.0323693
680000 0.0322911
690000 0.0322152
700000 0.0321414
710000 0.0320697
720000 0.032
730000 0.0319322
740000 0.0318663
750000 0.0318021
760000 0.0317396
770000 0.0316787
780000 0.0316194
790000 0.0315621
800000 0.0315064
810000 0.0314531
820000 0.0313996
830000 0.0313476
840000 0.0312969
850000 0.0312469
860000 0.0311985
870000 0.0311511
880000 0.0311045
890000 0.031045
900000 0.0309864
910000 0.0309277
920000 0.0308738
930000 0.0308249
940000 0.0307752
950000 0.0307253
960000 0.0306772
970000 0.0306255
980000 0.0305708
990000 0.0305159
