10000 0.416573
20000 0.33283
30000 0.2327
40000 0.182607
50000 0.152543
60000 0.13251
70000 0.118186
80000 0.107448
90000 0.0990903
100000 0.0924075
110000 0.0869392
120000 0.0823865
130000 0.0785279
140000 0.0752223
150000 0.0723582
160000 0.0698514
170000 0.0676403
180000 0.0656742
190000 0.0639153
200000 0.0623327
210000 0.0609001
220000 0.0595981
230000 0.0584098
240000 0.0573197
250000 0.0563169
260000 0.0553914
270000 0.0545346
280000 0.0537388
290000 0.052998
300000 0.0523064
310000 0.0516602
320000 0.0510532
330000 0.0504835
340000 0.0499473
350000 0.0494419
360000 0.0489643
370000 0.048513
380000 0.0480849
390000 0.0476792
400000 0.0472934
410000 0.0469265
420000 0.0465771
430000 0.0462441
440000 0.0459261
450000 0.0456223
460000 0.0453317
470000 0.0450535
480000 0.0447867
490000 0.0445309
500000 0.0442854
510000 0.0440496
520000 0.0438228
530000 0.0436044
540000 0.0433942
550000 0.0431916
560000 0.0429962
570000 0.0428078
580000 0.0426258
590000 0.0424501
600000 0.0422801
610000 0.0421157
620000 0.0419566
630000 0.0418026
640000 0.0416535
650000 0.0415088
660000 0.0413685
670000 0.0412325
680000 0.0411004
690000 0.0409722
700000 0.0408477
710000 0.0407266
720000 0.0406089
730000 0.0404945
740000 0.0403831
750000 0.0402747
760000 0.0401692
770000 0.0400664
780000 0.0399662
790000 0.0398686
800000 0.0397734
810000 0.0396805
820000 0.0395835
830000 0.039423
840000 0.0392487
850000 0.0390582
860000 0.0388755
870000 0.0386767
880000 0.0384789
890000 0.0382799
900000 0.0380949
910000 0.037881
920000 0.0376591
930000 0.0374386
940000 0.0372213
950000 0.036997
960000 0.0367884
970000 0.0365606
980000 0.0363376
990000 0.0361188
