10000 0.465256
20000 0.41242
30000 0.387365
40000 0.366645
50000 0.326732
60000 0.2831
70000 0.245799
80000 0.216797
90000 0.194228
100000 0.176169
110000 0.161391
120000 0.149073
130000 0.138649
140000 0.129713
150000 0.121969
160000 0.115192
170000 0.109213
180000 0.103898
190000 0.0991426
200000 0.0948609
210000 0.0909883
220000 0.0874674
230000 0.0842526
240000 0.0813053
250000 0.0785943
260000 0.0760915
270000 0.0737742
280000 0.0716223
290000 0.0696189
300000 0.0677489
310000 0.0659999
320000 0.0643598
330000 0.0628192
340000 0.0613691
350000 0.0600021
360000 0.0587109
370000 0.0574897
380000 0.0563323
390000 0.0552345
400000 0.0541917
410000 0.0531996
420000 0.0522548
430000 0.0513539
440000 0.050494
450000 0.0496725
460000 0.0488863
470000 0.0481338
480000 0.0474127
490000 0.0467209
500000 0.0460568
510000 0.0454188
520000 0.0448054
530000 0.044215
540000 0.0436465
550000 0.0430987
560000 0.0425704
570000 0.0420607
580000 0.0415686
590000 0.0410931
600000 0.0406335
610000 0.040189
620000 0.0397588
630000 0.0393423
640000 0.0389387
650000 0.0385476
660000 0.0381683
670000 0.0378004
680000 0.0374432
690000 0.0370965
700000 0.0367596
710000 0.0364323
720000 0.036114
730000 0.0358044
740000 0.0355032
750000 0.0352105
760000 0.034925
770000 0.034647
780000 0.0343761
790000 0.0341345
800000 0.0338776
810000 0.0336265
820000 0.0333817
830000 0.0331423
840000 0.0329087
850000 0.0326806
860000 0.0324578
870000 0.03224
880000 0.0320272
890000 0.0318192
900000 0.0316159
910000 0.0314169
920000 0.0312224
930000 0.0310321
940000 0.0308457
950000 0.0306633
960000 0.0304846
970000 0.0303097
980000 0.0301383
990000 0.0299704
