10000 -0.464842
20000 -0.572258
30000 -0.630976
40000 -0.46807
50000 -0.632933
60000 -0.600539
70000 -0.463352
80000 -0.543415
90000 -0.626634
100000 -0.551054
110000 -0.56017
120000 -0.458095
130000 -0.45415
140000 -0.451385
150000 -0.440684
160000 -0.461763
170000 -0.545494
180000 -0.576413
190000 -0.4251
200000 -0.594796
210000 -0.490459
220000 -0.617381
230000 -0.589611
240000 -0.514716
250000 -0.482236
260000 -0.597905
270000 -0.609854
280000 -0.481909
290000 -0.472913
300000 -0.542652
310000 -0.474819
320000 -0.475384
330000 -0.477662
340000 -0.481805
350000 -0.515689
360000 -0.546573
370000 -0.409105
380000 -0.465211
390000 -0.615415
400000 -0.473662
410000 -0.571676
420000 -0.595808
430000 -0.606209
440000 -0.471211
450000 -0.431985
460000 -0.583347
470000 -0.598834
480000 -0.47832
490000 -0.570864
500000 -0.487302
510000 -0.573835
520000 -0.584971
530000 -0.608118
540000 -0.486891
550000 -0.579738
560000 -0.474295
570000 -0.582462
580000 -0.644172
590000 -0.449722
600000 -0.4328
610000 -0.465787
620000 -0.477755
630000 -0.480308
640000 -0.445652
650000 -0.585006
660000 -0.597956
670000 -0.604808
680000 -0.435419
690000 -0.384017
700000 -0.615996
710000 -0.446191
720000 -0.478631
730000 -0.466406
740000 -0.590602
750000 -0.609641
760000 -0.634137
770000 -0.416634
780000 -0.582506
790000 -0.49027
800000 -0.612287
810000 -0.614108
820000 -0.616328
830000 -0.470656
840000 -0.485821
850000 -0.470716
860000 -0.619154
870000 -0.484339
880000 -0.452183
890000 -0.430506
900000 -0.463436
910000 -0.594057
920000 -0.574503
930000 -0.374969
940000 -0.606823
950000 -0.603455
960000 -0.622931
970000 -0.553925
980000 -0.451743
990000 -0.467326
1000000 -0.515613
