10000 1.03213
20000 0.652298
30000 0.747058
40000 0.915858
50000 0.923573
60000 0.882302
70000 1.25396
80000 0.657261
90000 0.958417
100000 0.817615
110000 0.807414
120000 0.548263
130000 0.864107
140000 0.988456
150000 1.0768
160000 0.876525
170000 1.07261
180000 0.652298
190000 0.776253
200000 1.03739
210000 0.962921
220000 1.06008
230000 0.608305
240000 1.05794
250000 0.816402
260000 1.08277
270000 1.01132
280000 0.920547
290000 1.09472
300000 0.831316
310000 1.06917
320000 0.948376
330000 1.00178
340000 0.566376
350000 0.457397
360000 1.04637
370000 0.453694
380000 1.12514
390000 0.86777
400000 1.06171
410000 1.25156
420000 0.767232
430000 0.656652
440000 0.789059
450000 1.09546
460000 1.02396
470000 0.671603
480000 0.779267
490000 0.655183
500000 0.729245
510000 0.992144
520000 0.861225
530000 0.873782
540000 0.825051
550000 1.05115
560000 0.804766
570000 0.998268
580000 0.78441
590000 0.945807
600000 0.604702
610000 1.05702
620000 1.07263
630000 1.13309
640000 0.922604
650000 1.09319
660000 0.621512
670000 0.901509
680000 0.859302
690000 0.694547
700000 0.584637
710000 0.986268
720000 0.632054
730000 0.909569
740000 1.09581
750000 0.903873
760000 0.832466
770000 0.861202
780000 0.890285
790000 0.822395
800000 0.987625
810000 0.606232
820000 1.07722
830000 0.863998
840000 1.06532
850000 0.951897
860000 1.02467
870000 0.609669
880000 1.09226
890000 1.07367
900000 0.924231
910000 0.85569
920000 1.35479
930000 0.365954
940000 0.753919
950000 0.625065
960000 0.787176
970000 0.853235
980000 0.872034
990000 0.784058
1000000 1.08394
