10000 1.11253
20000 0.655382
30000 1.13905
40000 1.25906
50000 0.336581
60000 0.759812
70000 1.17113
80000 0.92149
90000 0.803519
100000 1.17333
110000 1.0529
120000 0.857838
130000 0.550043
140000 0.809872
150000 0.92339
160000 0.609802
170000 0.732879
180000 0.654363
190000 1.03321
200000 1.07423
210000 0.905644
220000 1.1006
230000 0.699564
240000 0.44558
250000 0.955174
260000 1.01835
270000 1.07681
280000 0.834592
290000 0.910472
300000 0.608069
310000 0.78255
320000 0.647229
330000 0.656939
340000 1.19897
350000 0.909265
360000 0.863589
370000 0.745842
380000 0.933672
390000 0.960336
400000 0.902265
410000 0.808695
420000 0.566519
430000 1.23608
440000 0.895018
450000 0.881144
460000 0.869318
470000 0.524899
480000 0.288893
490000 0.753355
500000 0.749608
510000 0.584346
520000 1.11994
530000 0.614372
540000 1.22073
550000 0.766903
560000 1.03622
570000 1.20881
580000 0.956106
590000 0.885356
600000 0.888802
610000 0.924512
620000 0.775043
630000 1.07826
640000 0.4335
650000 0.796531
660000 1.00249
670000 0.70449
680000 1.01842
690000 0.50715
700000 0.867312
710000 1.1383
720000 0.867369
730000 0.881271
740000 0.798813
750000 0.978059
760000 0.828324
770000 1.26415
780000 0.948373
790000 0.84078
800000 1.07143
810000 0.767528
820000 0.60032
830000 0.861315
840000 0.871718
850000 0.842059
860000 0.598021
870000 0.998862
880000 1.29735
890000 0.780594
900000 0.890873
910000 0.869793
920000 0.784586
930000 1.02295
940000 1.15733
950000 0.808695
960000 0.651003
970000 0.996146
980000 0.975837
990000 1.26582
1000000 0.863309
