10000 0.788191
20000 0.76026
30000 1.00177
40000 0.866062
50000 1.20184
60000 0.547759
70000 1.04927
80000 0.653377
90000 0.918622
100000 1.07258
110000 0.998695
120000 1.15586
130000 0.948531
140000 0.615723
150000 0.822135
160000 1.03687
170000 0.761229
180000 0.992653
190000 0.987105
200000 0.689762
210000 0.873303
220000 1.25675
230000 0.991477
240000 0.977152
250000 1.26856
260000 0.938287
270000 1.02163
280000 1.03477
290000 1.13754
300000 0.2985
310000 1.18753
320000 1.2515
330000 0.795445
340000 0.732
350000 0.838189
360000 0.799557
370000 0.79033
380000 1.16248
390000 1.16876
400000 0.607928
410000 0.839598
420000 0.80841
430000 1.16324
440000 1.19339
450000 0.776772
460000 1.13324
470000 1.18601
480000 0.268892
490000 0.478564
500000 1.17455
510000 0.214314
520000 0.655655
530000 1.19541
540000 1.03349
550000 0.841056
560000 0.464476
570000 0.513434
580000 1.04342
590000 0.827196
600000 1.10917
610000 0.931544
620000 0.736217
630000 0.945484
640000 0.930148
650000 0.792278
660000 0.901805
670000 1.06258
680000 0.974212
690000 0.876612
700000 0.802928
710000 0.815535
720000 1.1836
730000 1.03712
740000 1.05709
750000 1.07001
760000 0.980227
770000 0.950303
780000 0.973552
790000 0.834071
800000 1.01606
810000 0.243646
820000 0.881932
830000 0.77612
840000 1.31577
850000 1.11582
860000 0.628166
870000 0.923548
880000 1.15724
890000 0.776231
900000 0.668544
910000 0.970857
920000 0.831871
930000 0.478564
940000 1.03275
950000 1.07676
960000 0.92605
970000 1.03375
980000 0.619856
990000 0.541608
1000000 0.714491
