10000 0.650753
20000 1.11444
30000 1.17413
40000 1.04251
50000 0.890348
60000 0.806707
70000 1.16271
80000 0.637286
90000 0.942503
100000 0.851407
110000 1.08992
120000 0.748361
130000 0.900904
140000 1.2575
150000 0.65153
160000 0.965167
170000 0.997858
180000 1.06651
190000 0.758755
200000 0.971057
210000 0.655397
220000 1.05093
230000 0.55176
240000 1.17127
250000 0.563364
260000 0.467854
270000 0.883466
280000 1.1036
290000 0.754462
300000 1.04128
310000 1.16451
320000 1.01032
330000 1.03239
340000 0.531664
350000 0.732211
360000 0.581244
370000 0.708368
380000 0.9411
390000 0.837363
400000 1.12792
410000 0.832751
420000 0.47157
430000 0.691372
440000 0.778478
450000 0.850151
460000 1.17399
470000 0.995369
480000 0.577728
490000 1.03862
500000 0.449321
510000 0.94768
520000 0.655606
530000 0.878249
540000 1.25589
550000 0.897157
560000 0.873492
570000 1.30473
580000 0.842366
590000 0.990451
600000 1.03707
610000 1.04198
620000 1.12519
630000 1.00201
640000 0.728634
650000 0.719713
660000 1.098
670000 0.822362
680000 1.07334
690000 0.764484
700000 1.09898
710000 0.865973
720000 0.939489
730000 0.884832
740000 1.00116
750000 0.977903
760000 0.654935
770000 0.76789
780000 0.738178
790000 0.609622
800000 0.92166
810000 0.654281
820000 0.885805
830000 0.652748
840000 0.65357
850000 0.707842
860000 0.775548
870000 0.573249
880000 1.0948
890000 0.920253
900000 0.828781
910000 1.1269
920000 0.831838
930000 1.07447
940000 1.20382
950000 0.789682
960000 1.09477
970000 0.588916
980000 0.788696
990000 0.587244
1000000 0.915707
