10000 -0.355604
20000 -0.368344
30000 -0.375381
40000 -0.373774
50000 -0.369142
60000 -0.363203
70000 -0.357102
80000 -0.351407
90000 -0.34436
100000 -0.337082
110000 -0.330318
120000 -0.323832
130000 -0.318067
140000 -0.312949
150000 -0.308515
160000 -0.304541
170000 -0.30093
180000 -0.297589
190000 -0.294579
200000 -0.291835
210000 -0.289282
220000 -0.286931
230000 -0.284709
240000 -0.28263
250000 -0.280684
260000 -0.278848
270000 -0.277092
280000 -0.275467
290000 -0.273917
300000 -0.272456
310000 -0.271054
320000 -0.269699
330000 -0.26841
340000 -0.267198
350000 -0.266022
360000 -0.264956
370000 -0.263942
380000 -0.262959
390000 -0.262042
400000 -0.261168
410000 -0.260331
420000 -0.259533
430000 -0.258754
440000 -0.25799
450000 -0.257276
460000 -0.256589
470000 -0.255929
480000 -0.255297
490000 -0.254701
500000 -0.254119
510000 -0.253557
520000 -0.253008
530000 -0.252477
540000 -0.251968
550000 -0.25147
560000 -0.250995
570000 -0.250538
580000 -0.250122
590000 -0.249706
600000 -0.249291
610000 -0.248888
620000 -0.248495
630000 -0.248117
640000 -0.247744
650000 -0.247384
660000 -0.247017
670000 -0.246674
680000 -0.246342
690000 -0.246017
700000 -0.245701
710000 -0.245393
720000 -0.245095
730000 -0.244798
740000 -0.244515
750000 -0.244239
760000 -0.243975
770000 -0.243715
780000 -0.24346
790000 -0.243232
800000 -0.242991
810000 -0.242762
820000 -0.242534
830000 -0.242316
840000 -0.242103
850000 -0.241887
860000 -0.241684
870000 -0.241481
880000 -0.241282
890000 -0.241075
900000 -0.24088
910000 -0.240689
920000 -0.240499
930000 -0.240318
940000 -0.240144
950000 -0.239971
960000 -0.2398
970000 -0.239632
980000 -0.239467
990000 -0.239312
