10000 -0.323212
20000 -0.357419
30000 -0.360105
40000 -0.354889
50000 -0.350196
60000 -0.34253
70000 -0.33319
80000 -0.323913
90000 -0.315817
100000 -0.308786
110000 -0.302862
120000 -0.297304
130000 -0.292504
140000 -0.288382
150000 -0.284558
160000 -0.281145
170000 -0.278026
180000 -0.275181
190000 -0.272588
200000 -0.270287
210000 -0.268122
220000 -0.26615
230000 -0.264294
240000 -0.262575
250000 -0.260932
260000 -0.2594
270000 -0.25796
280000 -0.256556
290000 -0.255269
300000 -0.254087
310000 -0.252964
320000 -0.251855
330000 -0.250812
340000 -0.24981
350000 -0.248878
360000 -0.247995
370000 -0.247148
380000 -0.246344
390000 -0.245574
400000 -0.244838
410000 -0.244127
420000 -0.243457
430000 -0.2428
440000 -0.242175
450000 -0.241582
460000 -0.241029
470000 -0.240477
480000 -0.239951
490000 -0.239449
500000 -0.238974
510000 -0.238504
520000 -0.238055
530000 -0.237611
540000 -0.237178
550000 -0.236759
560000 -0.236339
570000 -0.235948
580000 -0.235565
590000 -0.235189
600000 -0.23483
610000 -0.234476
620000 -0.234145
630000 -0.233815
640000 -0.233514
650000 -0.233202
660000 -0.2329
670000 -0.23261
680000 -0.232326
690000 -0.232055
700000 -0.231782
710000 -0.231526
720000 -0.231275
730000 -0.23103
740000 -0.230789
750000 -0.230551
760000 -0.230321
770000 -0.230093
780000 -0.229866
790000 -0.229652
800000 -0.229445
810000 -0.229239
820000 -0.229042
830000 -0.228842
840000 -0.228656
850000 -0.228469
860000 -0.228279
870000 -0.228099
880000 -0.227919
890000 -0.227747
900000 -0.227577
910000 -0.227415
920000 -0.22725
930000 -0.227092
940000 -0.226935
950000 -0.226779
960000 -0.22663
970000 -0.226483
980000 -0.226341
990000 -0.226206
