10000 -0.403387
20000 -0.381714
30000 -0.361316
40000 -0.34308
50000 -0.322041
60000 -0.298868
70000 -0.280044
80000 -0.266566
90000 -0.259127
100000 -0.256046
110000 -0.243848
120000 -0.24339
130000 -0.241698
140000 -0.240096
150000 -0.23944
160000 -0.23784
170000 -0.2344
180000 -0.233551
190000 -0.23231
200000 -0.231846
210000 -0.229847
220000 -0.230676
230000 -0.22935
240000 -0.228681
250000 -0.227901
260000 -0.226857
270000 -0.226233
280000 -0.226203
290000 -0.225798
300000 -0.225394
310000 -0.226266
320000 -0.225638
330000 -0.225032
340000 -0.224538
350000 -0.224149
360000 -0.22403
370000 -0.223747
380000 -0.223654
390000 -0.22353
400000 -0.223386
410000 -0.223858
420000 -0.223486
430000 -0.223305
440000 -0.223121
450000 -0.223058
460000 -0.223109
470000 -0.22264
480000 -0.222317
490000 -0.222508
500000 -0.222566
510000 -0.222536
520000 -0.222626
530000 -0.222687
540000 -0.222625
550000 -0.222533
560000 -0.222392
570000 -0.222437
580000 -0.222475
590000 -0.222447
600000 -0.222633
610000 -0.222357
620000 -0.222191
630000 -0.222093
640000 -0.222125
650000 -0.221609
660000 -0.221499
670000 -0.221141
680000 -0.221034
690000 -0.220895
700000 -0.220864
710000 -0.220749
720000 -0.220675
730000 -0.220946
740000 -0.220804
750000 -0.220437
760000 -0.220478
770000 -0.220279
780000 -0.220041
790000 -0.220014
800000 -0.219888
810000 -0.219856
820000 -0.219661
830000 -0.219944
840000 -0.219823
850000 -0.219623
860000 -0.219728
870000 -0.219697
880000 -0.219419
890000 -0.219385
900000 -0.219274
910000 -0.219258
920000 -0.219334
930000 -0.219264
940000 -0.21927
950000 -0.219288
960000 -0.219245
970000 -0.219079
980000 -0.218974
990000 -0.219141
