10000 -0.413736
20000 -0.364216
30000 -0.328058
40000 -0.31447
50000 -0.307946
60000 -0.285822
70000 -0.284548
80000 -0.267069
90000 -0.26638
100000 -0.268451
110000 -0.261514
120000 -0.255787
130000 -0.253849
140000 -0.253704
150000 -0.252657
160000 -0.251775
170000 -0.25133
180000 -0.250534
190000 -0.251023
200000 -0.25046
210000 -0.250765
220000 -0.250297
230000 -0.248834
240000 -0.248183
250000 -0.247272
260000 -0.246926
270000 -0.246957
280000 -0.246317
290000 -0.246472
300000 -0.246289
310000 -0.246216
320000 -0.245067
330000 -0.244919
340000 -0.244808
350000 -0.244927
360000 -0.24438
370000 -0.243927
380000 -0.244112
390000 -0.244261
400000 -0.244305
410000 -0.244603
420000 -0.244118
430000 -0.243691
440000 -0.243546
450000 -0.243272
460000 -0.243657
470000 -0.243594
480000 -0.243126
490000 -0.243074
500000 -0.243113
510000 -0.243036
520000 -0.24295
530000 -0.242912
540000 -0.242923
550000 -0.243153
560000 -0.243002
570000 -0.243004
580000 -0.242883
590000 -0.242738
600000 -0.242791
610000 -0.242628
620000 -0.242587
630000 -0.242502
640000 -0.242403
650000 -0.242456
660000 -0.242457
670000 -0.242657
680000 -0.242726
690000 -0.242749
700000 -0.242665
710000 -0.242666
720000 -0.242677
730000 -0.242553
740000 -0.242633
750000 -0.242813
760000 -0.242752
770000 -0.242679
780000 -0.242586
790000 -0.242515
800000 -0.242549
810000 -0.242497
820000 -0.242419
830000 -0.242326
840000 -0.242491
850000 -0.242454
860000 -0.242555
870000 -0.242475
880000 -0.242386
890000 -0.242429
900000 -0.242419
910000 -0.24229
920000 -0.242307
930000 -0.242426
940000 -0.242307
950000 -0.242389
960000 -0.242539
970000 -0.24253
980000 -0.206282
990000 -0.191305
