10000 -0.409895
20000 -0.397022
30000 -0.385334
40000 -0.35716
50000 -0.336622
60000 -0.292359
70000 -0.253712
80000 -0.250629
90000 -0.245008
100000 -0.243171
110000 -0.24332
120000 -0.243338
130000 -0.242464
140000 -0.241965
150000 -0.240904
160000 -0.241003
170000 -0.240639
180000 -0.240189
190000 -0.240061
200000 -0.2395
210000 -0.240555
220000 -0.239938
230000 -0.238379
240000 -0.239091
250000 -0.238541
260000 -0.238041
270000 -0.240011
280000 -0.238391
290000 -0.237689
300000 -0.237674
310000 -0.237742
320000 -0.237703
330000 -0.237684
340000 -0.237485
350000 -0.237442
360000 -0.237546
370000 -0.237445
380000 -0.237417
390000 -0.237318
400000 -0.237128
410000 -0.236986
420000 -0.236968
430000 -0.236899
440000 -0.236943
450000 -0.236839
460000 -0.236876
470000 -0.236784
480000 -0.236781
490000 -0.236668
500000 -0.236718
510000 -0.23663
520000 -0.236712
530000 -0.236726
540000 -0.236791
550000 -0.236684
560000 -0.2366
570000 -0.236695
580000 -0.236669
590000 -0.236527
600000 -0.23647
610000 -0.236422
620000 -0.236221
630000 -0.236166
640000 -0.23604
650000 -0.236142
660000 -0.236166
670000 -0.235991
680000 -0.235905
690000 -0.235928
700000 -0.235939
710000 -0.235975
720000 -0.236
730000 -0.236087
740000 -0.236136
750000 -0.23609
760000 -0.236073
770000 -0.235991
780000 -0.236054
790000 -0.235977
800000 -0.23603
810000 -0.236018
820000 -0.23592
830000 -0.235971
840000 -0.235946
850000 -0.236044
860000 -0.23609
870000 -0.236135
880000 -0.236078
890000 -0.236064
900000 -0.23612
910000 -0.236007
920000 -0.236068
930000 -0.236164
940000 -0.236009
950000 -0.235962
960000 -0.235899
970000 -0.235973
980000 -0.236031
990000 -0.236096
