10000 -0.44047
20000 -0.422289
30000 -0.383545
40000 -0.34574
50000 -0.302982
60000 -0.288557
70000 -0.268993
80000 -0.265625
90000 -0.265398
100000 -0.262691
110000 -0.260905
120000 -0.259851
130000 -0.255723
140000 -0.252649
150000 -0.249557
160000 -0.249157
170000 -0.243527
180000 -0.24246
190000 -0.242301
200000 -0.240043
210000 -0.238507
220000 -0.236893
230000 -0.235757
240000 -0.234334
250000 -0.235428
260000 -0.234686
270000 -0.23365
280000 -0.233496
290000 -0.232933
300000 -0.231995
310000 -0.23127
320000 -0.230207
330000 -0.229962
340000 -0.228134
350000 -0.226983
360000 -0.227852
370000 -0.2267
380000 -0.226594
390000 -0.225949
400000 -0.225683
410000 -0.225644
420000 -0.225385
430000 -0.225016
440000 -0.224811
450000 -0.224973
460000 -0.225461
470000 -0.224652
480000 -0.224562
490000 -0.224224
500000 -0.224333
510000 -0.224169
520000 -0.224118
530000 -0.223864
540000 -0.223744
550000 -0.223545
560000 -0.223332
570000 -0.223196
580000 -0.223027
590000 -0.222821
600000 -0.222741
610000 -0.222648
620000 -0.222488
630000 -0.222423
640000 -0.22233
650000 -0.222069
660000 -0.221873
670000 -0.221675
680000 -0.221708
690000 -0.22149
700000 -0.221388
710000 -0.221214
720000 -0.221295
730000 -0.221178
740000 -0.220878
750000 -0.22068
760000 -0.220504
770000 -0.220338
780000 -0.220267
790000 -0.220048
800000 -0.220082
810000 -0.22008
820000 -0.21992
830000 -0.219984
840000 -0.220082
850000 -0.219917
860000 -0.219944
870000 -0.219907
880000 -0.219903
890000 -0.219861
900000 -0.219774
910000 -0.219587
920000 -0.219594
930000 -0.21968
940000 -0.219693
950000 -0.219703
960000 -0.21983
970000 -0.219859
980000 -0.219763
990000 -0.219597
