10000 0.115285
20000 0.0604781
30000 0.0421508
40000 0.0329727
50000 0.027465
60000 0.0237925
70000 0.0211689
80000 0.0192004
90000 0.0176694
100000 0.0164446
110000 0.0154422
120000 0.014607
130000 0.0139
140000 0.0132942
150000 0.0127692
160000 0.0123095
170000 0.0119041
180000 0.0115436
190000 0.0112212
200000 0.0109309
210000 0.0106683
220000 0.0104296
230000 0.0102116
240000 0.0100118
250000 0.00982794
260000 0.00965824
270000 0.00950117
280000 0.00935523
290000 0.00921939
300000 0.00909258
310000 0.00897396
320000 0.00886277
330000 0.00875835
340000 0.00866001
350000 0.00856734
360000 0.00847976
370000 0.00839696
380000 0.00831848
390000 0.00824405
400000 0.00817334
410000 0.00810608
420000 0.008042
430000 0.00798093
440000 0.00792264
450000 0.0078669
460000 0.00781361
470000 0.00776258
480000 0.00771368
490000 0.00766682
500000 0.00762175
510000 0.00757849
520000 0.00753689
530000 0.00749687
540000 0.00745832
550000 0.00742118
560000 0.00738536
570000 0.0073508
580000 0.00731742
590000 0.00728519
600000 0.00725403
610000 0.00722389
620000 0.00719471
630000 0.00716647
640000 0.0071391
650000 0.00711259
660000 0.00708687
670000 0.00706193
680000 0.00703771
690000 0.00701419
700000 0.00699135
710000 0.00696915
720000 0.00694757
730000 0.00692659
740000 0.00690616
750000 0.00688628
760000 0.00686693
770000 0.00684808
780000 0.00682971
790000 0.0068118
800000 0.00679435
810000 0.00677732
820000 0.00676071
830000 0.0067445
840000 0.00672868
850000 0.00671323
860000 0.00669814
870000 0.00668339
880000 0.00666898
890000 0.00665489
900000 0.00664112
910000 0.00662765
920000 0.00661447
930000 0.00660158
940000 0.00658895
950000 0.0065766
960000 0.0065645
970000 0.00655266
980000 0.00654105
990000 0.00652968
