10000 0.232185
20000 0.0649998
30000 0.0623076
40000 0.0623051
50000 0.0623072
60000 0.0623046
70000 0.0614007
80000 0.0614592
90000 0.0613565
100000 0.0613359
110000 0.0613646
120000 0.0612363
130000 0.0617468
140000 0.0618776
150000 0.0590045
160000 0.0419613
170000 0.0253648
180000 0.00326198
190000 0.00243961
200000 0.00242186
210000 0.00164088
220000 0.00141659
230000 0.00119304
240000 0.0014788
250000 0.0014991
260000 0.0021543
270000 0.00187301
280000 0.00214879
290000 0.00234226
300000 0.00231061
310000 0.00231355
320000 0.00218996
330000 0.00264383
340000 0.00240424
350000 0.00237451
360000 0.00251007
370000 0.00234342
380000 0.00201802
390000 0.00217582
400000 0.00201987
410000 0.00192171
420000 0.00186928
430000 0.00199809
440000 0.00203238
450000 0.00195271
460000 0.00178669
470000 0.00168165
480000 0.00168897
490000 0.00139965
500000 0.00151158
510000 0.00164867
520000 0.0017991
530000 0.00149868
540000 0.00142181
550000 0.00170499
560000 0.00167135
570000 0.00151946
580000 0.00173217
590000 0.00183352
600000 0.00197418
610000 0.00180369
620000 0.00173923
630000 0.00172924
640000 0.00175917
650000 0.00191418
660000 0.00202322
670000 0.0016991
680000 0.00156018
690000 0.00167471
700000 0.00160438
710000 0.00160053
720000 0.00135406
730000 0.00118935
740000 0.00114989
750000 0.00107705
760000 0.000852625
770000 0.00104811
780000 0.00118416
790000 0.00141067
800000 0.00134565
810000 0.00118606
820000 0.00100796
830000 0.000947622
840000 0.000867048
850000 0.00094365
860000 0.000983139
870000 0.000874618
880000 0.000932752
890000 0.000851469
900000 0.000985438
910000 0.000877829
920000 0.00094303
930000 0.00096677
940000 0.000898467
950000 0.000861581
960000 0.000932255
970000 0.00093706
980000 0.000949882
990000 0.000894708
