10000 -0.487665
20000 -0.594797
30000 -0.352795
40000 -0.265035
50000 -0.230893
60000 -0.239267
70000 -0.227603
80000 -0.215377
90000 -0.22768
100000 -0.218211
110000 -0.213728
120000 -0.218242
130000 -0.216885
140000 -0.216759
150000 -0.217901
160000 -0.227015
170000 -0.216042
180000 -0.217243
190000 -0.21432
200000 -0.222797
210000 -0.228016
220000 -0.214163
230000 -0.216839
240000 -0.217062
250000 -0.21935
260000 -0.226087
270000 -0.213736
280000 -0.218033
290000 -0.213715
300000 -0.217739
310000 -0.211948
320000 -0.216958
330000 -0.22453
340000 -0.211831
350000 -0.215067
360000 -0.21671
370000 -0.213456
380000 -0.21153
390000 -0.211887
400000 -0.215557
410000 -0.214268
420000 -0.214201
430000 -0.214787
440000 -0.214803
450000 -0.215189
460000 -0.213804
470000 -0.214664
480000 -0.212604
490000 -0.213444
500000 -0.214976
510000 -0.219055
520000 -0.211112
530000 -0.212122
540000 -0.212158
550000 -0.213516
560000 -0.211958
570000 -0.21016
580000 -0.217876
590000 -0.217171
600000 -0.217105
610000 -0.227592
620000 -0.213643
630000 -0.21533
640000 -0.222194
650000 -0.212355
660000 -0.216113
670000 -0.227131
680000 -0.210849
690000 -0.214217
700000 -0.209896
710000 -0.21149
720000 -0.215124
730000 -0.213175
740000 -0.215256
750000 -0.21063
760000 -0.21078
770000 -0.213002
780000 -0.213731
790000 -0.212948
800000 -0.210721
810000 -0.208654
820000 -0.212448
830000 -0.214647
840000 -0.21046
850000 -0.213298
860000 -0.213153
870000 -0.212608
880000 -0.2106
890000 -0.215631
900000 -0.211451
910000 -0.211306
920000 -0.216847
930000 -0.208586
940000 -0.21321
950000 -0.213801
960000 -0.215565
970000 -0.219294
980000 -0.211096
990000 -0.211569
1000000 -0.214729
