10000 -0.420544
20000 -0.405314
30000 -0.321032
40000 -0.241945
50000 -0.248461
60000 -0.267659
70000 -0.240015
80000 -0.238151
90000 -0.236087
100000 -0.260478
110000 -0.236433
120000 -0.253526
130000 -0.25971
140000 -0.236057
150000 -0.238076
160000 -0.237385
170000 -0.250769
180000 -0.237418
190000 -0.234575
200000 -0.241151
210000 -0.231155
220000 -0.232641
230000 -0.233727
240000 -0.231104
250000 -0.234755
260000 -0.236852
270000 -0.229169
280000 -0.231567
290000 -0.241277
300000 -0.227419
310000 -0.231647
320000 -0.23193
330000 -0.228715
340000 -0.233304
350000 -0.228281
360000 -0.234433
370000 -0.22587
380000 -0.226151
390000 -0.232094
400000 -0.231155
410000 -0.22846
420000 -0.230662
430000 -0.233011
440000 -0.227029
450000 -0.233937
460000 -0.255937
470000 -0.228349
480000 -0.226773
490000 -0.228338
500000 -0.22947
510000 -0.228746
520000 -0.230148
530000 -0.229001
540000 -0.235566
550000 -0.229579
560000 -0.231989
570000 -0.228252
580000 -0.228752
590000 -0.229783
600000 -0.234383
610000 -0.227393
620000 -0.226506
630000 -0.236897
640000 -0.230684
650000 -0.226284
660000 -0.228219
670000 -0.229053
680000 -0.228971
690000 -0.230425
700000 -0.228902
710000 -0.226428
720000 -0.226979
730000 -0.22608
740000 -0.228292
750000 -0.227951
760000 -0.227809
770000 -0.22944
780000 -0.228735
790000 -0.230033
800000 -0.230819
810000 -0.231071
820000 -0.228055
830000 -0.226913
840000 -0.226831
850000 -0.22888
860000 -0.228034
870000 -0.229445
880000 -0.226278
890000 -0.230795
900000 -0.231534
910000 -0.229101
920000 -0.22917
930000 -0.226408
940000 -0.229276
950000 -0.226212
960000 -0.226152
970000 -0.227218
980000 -0.23113
990000 -0.229415
1000000 -0.225558
