10000 -0.409949
20000 -0.346643
30000 -0.31753
40000 -0.321059
50000 -0.267754
60000 -0.255858
70000 -0.249854
80000 -0.250745
90000 -0.247735
100000 -0.248492
110000 -0.246514
120000 -0.247967
130000 -0.246674
140000 -0.253043
150000 -0.24586
160000 -0.24434
170000 -0.244421
180000 -0.246205
190000 -0.247517
200000 -0.278675
210000 -0.245861
220000 -0.246597
230000 -0.244443
240000 -0.245685
250000 -0.244469
260000 -0.24642
270000 -0.246523
280000 -0.243602
290000 -0.241872
300000 -0.245709
310000 -0.243569
320000 -0.247006
330000 -0.246016
340000 -0.24172
350000 -0.24354
360000 -0.247372
370000 -0.243841
380000 -0.244283
390000 -0.241859
400000 -0.245559
410000 -0.245021
420000 -0.253254
430000 -0.243517
440000 -0.241516
450000 -0.245956
460000 -0.245858
470000 -0.241748
480000 -0.243235
490000 -0.246285
500000 -0.242399
510000 -0.245934
520000 -0.243491
530000 -0.24203
540000 -0.241957
550000 -0.242392
560000 -0.246761
570000 -0.245777
580000 -0.243605
590000 -0.241444
600000 -0.243585
610000 -0.245099
620000 -0.241531
630000 -0.245706
640000 -0.241419
650000 -0.246927
660000 -0.241448
670000 -0.243505
680000 -0.241442
690000 -0.241438
700000 -0.245913
710000 -0.243921
720000 -0.245949
730000 -0.24628
740000 -0.245856
750000 -0.243511
760000 -0.244401
770000 -0.24148
780000 -0.241745
790000 -0.241773
800000 -0.24659
810000 -0.242049
820000 -0.241961
830000 -0.243501
840000 -0.245856
850000 -0.241325
860000 -0.243482
870000 -0.241419
880000 -0.241647
890000 -0.241521
900000 -0.245856
910000 -0.246475
920000 -0.243412
930000 -0.243571
940000 -0.245846
950000 -0.245907
960000 -0.241447
970000 -0.241419
980000 -0.241497
990000 -0.241694
1000000 -0.241661
