10000 0.00525685
20000 0.00525685
30000 0.00525685
40000 0.00525685
50000 0.00525685
60000 0.00525685
70000 0.00525685
80000 0.00525685
90000 0.00525685
100000 0.00525685
110000 0.00525685
120000 0.00525685
130000 0.00525685
140000 0.00525685
150000 0.00525685
160000 0.00525685
170000 0.00525685
180000 0.00525685
190000 0.00525685
200000 0.00525685
210000 0.00525685
220000 0.00525685
230000 0.00525685
240000 0.00525685
250000 0.00525685
260000 0.00525685
270000 0.00525685
280000 0.00525685
290000 0.00525685
300000 0.00525685
310000 0.00525685
320000 0.00525685
330000 0.00525685
340000 0.00525685
350000 0.00525685
360000 0.00525685
370000 0.00525685
380000 0.00525685
390000 0.00525685
400000 0.00525685
410000 0.00525685
420000 0.00525685
430000 0.00525685
440000 0.00525685
450000 0.00525685
460000 0.00525685
470000 0.00525685
480000 0.00525685
490000 0.00525685
500000 0.00525685
510000 0.00525685
520000 0.00525685
530000 0.00525685
540000 0.00525685
550000 0.00525685
560000 0.00525685
570000 0.00525685
580000 0.00525685
590000 0.00525685
600000 0.00525685
610000 0.00525685
620000 0.00525685
630000 0.00525685
640000 0.00525685
650000 0.00525685
660000 0.00525685
670000 0.00525685
680000 0.00525685
690000 0.00525685
700000 0.00525685
710000 0.00525685
720000 0.00525685
730000 0.00525685
740000 0.00525685
750000 0.00525685
760000 0.00525685
770000 0.00525685
780000 0.00525685
790000 0.00525685
800000 0.00525685
810000 0.00525685
820000 0.00525685
830000 0.00525685
840000 0.00525685
850000 0.00525685
860000 0.00525685
870000 0.00525685
880000 0.00525685
890000 0.00525685
900000 0.00525685
910000 0.00525685
920000 0.00525685
930000 0.00525685
940000 0.00525685
950000 0.00525685
960000 0.00525685
970000 0.00525685
980000 0.00525685
990000 0.00525685
1000000 0.00525685
