10000 -0.603839
20000 -0.590413
30000 -0.613868
40000 -0.560643
50000 -0.563257
60000 -0.622292
70000 -0.602913
80000 -0.578731
90000 -0.530306
100000 -0.639083
110000 -0.570731
120000 -0.57734
130000 -0.529683
140000 -0.52382
150000 -0.603032
160000 -0.586268
170000 -0.603122
180000 -0.570873
190000 -0.645489
200000 -0.478278
210000 -0.56636
220000 -0.545052
230000 -0.649336
240000 -0.618722
250000 -0.609665
260000 -0.497108
270000 -0.648397
280000 -0.571772
290000 -0.569071
300000 -0.55634
310000 -0.546738
320000 -0.579111
330000 -0.583093
340000 -0.514771
350000 -0.594485
360000 -0.623306
370000 -0.559985
380000 -0.586444
390000 -0.549733
400000 -0.516786
410000 -0.536281
420000 -0.594239
430000 -0.522339
440000 -0.598948
450000 -0.604903
460000 -0.574362
470000 -0.630979
480000 -0.542083
490000 -0.616672
500000 -0.575766
510000 -0.462024
520000 -0.557878
530000 -0.601051
540000 -0.553582
550000 -0.537454
560000 -0.527029
570000 -0.598691
580000 -0.623307
590000 -0.528892
600000 -0.561106
610000 -0.626405
620000 -0.560784
630000 -0.570245
640000 -0.564096
650000 -0.505684
660000 -0.574559
670000 -0.534634
680000 -0.560828
690000 -0.488263
700000 -0.618531
710000 -0.541685
720000 -0.604602
730000 -0.625416
740000 -0.517103
750000 -0.549383
760000 -0.57671
770000 -0.510693
780000 -0.485516
790000 -0.631333
800000 -0.547151
810000 -0.54602
820000 -0.519348
830000 -0.541928
840000 -0.595525
850000 -0.482603
860000 -0.547301
870000 -0.580944
880000 -0.586702
890000 -0.555767
900000 -0.58254
910000 -0.53662
920000 -0.567581
930000 -0.526771
940000 -0.601075
950000 -0.580756
960000 -0.565565
970000 -0.47934
980000 -0.624296
990000 -0.504425
1000000 -0.545717
