10000 -0.651821
20000 -0.64988
30000 -0.606246
40000 -0.606917
50000 -0.526398
60000 -0.532165
70000 -0.520971
80000 -0.510223
90000 -0.57724
100000 -0.497306
110000 -0.616615
120000 -0.578491
130000 -0.540099
140000 -0.589548
150000 -0.586446
160000 -0.564927
170000 -0.601068
180000 -0.619205
190000 -0.637971
200000 -0.579573
210000 -0.609909
220000 -0.580988
230000 -0.558955
240000 -0.587501
250000 -0.550984
260000 -0.596762
270000 -0.53076
280000 -0.556348
290000 -0.469783
300000 -0.634555
310000 -0.422694
320000 -0.57582
330000 -0.585763
340000 -0.5202
350000 -0.574011
360000 -0.581212
370000 -0.624753
380000 -0.518917
390000 -0.62655
400000 -0.575391
410000 -0.552232
420000 -0.590471
430000 -0.60472
440000 -0.537864
450000 -0.521168
460000 -0.567959
470000 -0.609417
480000 -0.56874
490000 -0.555448
500000 -0.535377
510000 -0.574836
520000 -0.568818
530000 -0.60237
540000 -0.559661
550000 -0.54253
560000 -0.5435
570000 -0.575584
580000 -0.557809
590000 -0.527275
600000 -0.637955
610000 -0.530971
620000 -0.579729
630000 -0.535188
640000 -0.640844
650000 -0.576244
660000 -0.574783
670000 -0.599091
680000 -0.600432
690000 -0.565782
700000 -0.644119
710000 -0.619589
720000 -0.652815
730000 -0.617674
740000 -0.583998
750000 -0.591808
760000 -0.57599
770000 -0.603132
780000 -0.581937
790000 -0.580992
800000 -0.603501
810000 -0.504982
820000 -0.58249
830000 -0.497972
840000 -0.634068
850000 -0.529907
860000 -0.618794
870000 -0.569626
880000 -0.545091
890000 -0.519778
900000 -0.56212
910000 -0.560771
920000 -0.595257
930000 -0.585422
940000 -0.607538
950000 -0.597259
960000 -0.617923
970000 -0.553568
980000 -0.59261
990000 -0.595584
1000000 -0.668881
