10000 -0.621488
20000 -0.55541
30000 -0.59521
40000 -0.610169
50000 -0.55424
60000 -0.573711
70000 -0.569462
80000 -0.560714
90000 -0.60131
100000 -0.497974
110000 -0.549634
120000 -0.599082
130000 -0.431806
140000 -0.584947
150000 -0.593812
160000 -0.542748
170000 -0.565655
180000 -0.53446
190000 -0.525765
200000 -0.539264
210000 -0.514276
220000 -0.524614
230000 -0.594866
240000 -0.527842
250000 -0.526354
260000 -0.541728
270000 -0.570418
280000 -0.594584
290000 -0.639134
300000 -0.56566
310000 -0.552393
320000 -0.614835
330000 -0.538969
340000 -0.568107
350000 -0.542898
360000 -0.606595
370000 -0.597565
380000 -0.64338
390000 -0.523307
400000 -0.550015
410000 -0.559179
420000 -0.535153
430000 -0.567356
440000 -0.520546
450000 -0.578903
460000 -0.603608
470000 -0.5899
480000 -0.526873
490000 -0.668388
500000 -0.543205
510000 -0.548131
520000 -0.571649
530000 -0.62671
540000 -0.622038
550000 -0.516685
560000 -0.561928
570000 -0.557605
580000 -0.552524
590000 -0.560831
600000 -0.570676
610000 -0.480275
620000 -0.539786
630000 -0.610415
640000 -0.618017
650000 -0.548694
660000 -0.560686
670000 -0.576862
680000 -0.574051
690000 -0.50526
700000 -0.517211
710000 -0.619944
720000 -0.524307
730000 -0.638734
740000 -0.539206
750000 -0.507649
760000 -0.520664
770000 -0.647509
780000 -0.584022
790000 -0.539679
800000 -0.522395
810000 -0.64291
820000 -0.613219
830000 -0.601583
840000 -0.634125
850000 -0.515697
860000 -0.557664
870000 -0.522516
880000 -0.527211
890000 -0.605892
900000 -0.618751
910000 -0.596307
920000 -0.569396
930000 -0.546846
940000 -0.592526
950000 -0.53621
960000 -0.532965
970000 -0.525344
980000 -0.63761
990000 -0.500954
1000000 -0.562109
