10000 -0.612395
20000 -0.598221
30000 -0.57239
40000 -0.656338
50000 -0.607336
60000 -0.595677
70000 -0.595537
80000 -0.592149
90000 -0.512481
100000 -0.572655
110000 -0.621777
120000 -0.515545
130000 -0.58637
140000 -0.614388
150000 -0.622711
160000 -0.523062
170000 -0.599524
180000 -0.560913
190000 -0.537736
200000 -0.58734
210000 -0.508071
220000 -0.460096
230000 -0.532337
240000 -0.627304
250000 -0.624001
260000 -0.569183
270000 -0.553603
280000 -0.589995
290000 -0.602347
300000 -0.542719
310000 -0.660436
320000 -0.538527
330000 -0.564309
340000 -0.569861
350000 -0.574561
360000 -0.583209
370000 -0.514517
380000 -0.541781
390000 -0.632512
400000 -0.510862
410000 -0.501537
420000 -0.53253
430000 -0.57297
440000 -0.58935
450000 -0.573044
460000 -0.48776
470000 -0.500203
480000 -0.665464
490000 -0.501966
500000 -0.543496
510000 -0.538814
520000 -0.589347
530000 -0.5283
540000 -0.588386
550000 -0.584666
560000 -0.637459
570000 -0.604304
580000 -0.544906
590000 -0.655144
600000 -0.531182
610000 -0.563415
620000 -0.57087
630000 -0.568578
640000 -0.552807
650000 -0.549955
660000 -0.564704
670000 -0.590441
680000 -0.59476
690000 -0.593901
700000 -0.541685
710000 -0.632472
720000 -0.573034
730000 -0.537552
740000 -0.568401
750000 -0.640198
760000 -0.623433
770000 -0.641999
780000 -0.602735
790000 -0.505901
800000 -0.523449
810000 -0.65226
820000 -0.553279
830000 -0.610599
840000 -0.637286
850000 -0.511234
860000 -0.659071
870000 -0.572054
880000 -0.577989
890000 -0.547636
900000 -0.493436
910000 -0.620351
920000 -0.580692
930000 -0.52409
940000 -0.615795
950000 -0.558553
960000 -0.552322
970000 -0.600499
980000 -0.536917
990000 -0.585309
1000000 -0.569046
