10000 1.19581
20000 0.965485
30000 1.06015
40000 1.09794
50000 0.763774
60000 1.1336
70000 0.72597
80000 0.814354
90000 0.774794
100000 1.08963
110000 0.97534
120000 0.82763
130000 0.174747
140000 0.998703
150000 0.806015
160000 1.2877
170000 1.16281
180000 0.902681
190000 1.1907
200000 1.09482
210000 0.86508
220000 0.646934
230000 1.17388
240000 0.494172
250000 0.846494
260000 1.06317
270000 0.766075
280000 1.07543
290000 0.99841
300000 1.05611
310000 1.18894
320000 1.3207
330000 1.10785
340000 0.684485
350000 0.83725
360000 1.0178
370000 1.0949
380000 1.0171
390000 0.475956
400000 0.880227
410000 1.00595
420000 0.809962
430000 1.12899
440000 0.519119
450000 0.87996
460000 1.08471
470000 0.63054
480000 0.902227
490000 0.543071
500000 0.904124
510000 0.812194
520000 1.08407
530000 0.655356
540000 1.33457
550000 1.16282
560000 0.858491
570000 1.15414
580000 0.981453
590000 1.16281
600000 0.910416
610000 0.734677
620000 1.19867
630000 0.77188
640000 1.08115
650000 1.17259
660000 1.07279
670000 0.763906
680000 1.25089
690000 0.757149
700000 1.19345
710000 1.02457
720000 0.985217
730000 1.17368
740000 0.740155
750000 1.08536
760000 1.14883
770000 1.13583
780000 1.02243
790000 0.868367
800000 0.477448
810000 1.0272
820000 1.02444
830000 0.935063
840000 0.481035
850000 0.849319
860000 1.05308
870000 0.909512
880000 0.993685
890000 1.09912
900000 1.06641
910000 1.04825
920000 0.630636
930000 0.847386
940000 1.29936
950000 1.20088
960000 1.0956
970000 1.19736
980000 0.508191
990000 1.26534
1000000 1.31989
