10000 1.04386
20000 0.855851
30000 0.930302
40000 1.26897
50000 1.21661
60000 0.661158
70000 1.29332
80000 0.892312
90000 0.670225
100000 0.783843
110000 0.827993
120000 0.949637
130000 1.06718
140000 1.03998
150000 1.02545
160000 1.0099
170000 0.658065
180000 0.943726
190000 0.714469
200000 0.847656
210000 1.03461
220000 0.731472
230000 0.640983
240000 1.04726
250000 0.763623
260000 0.734677
270000 0.987396
280000 1.14948
290000 0.704589
300000 0.701528
310000 0.632088
320000 1.04929
330000 0.73489
340000 0.860705
350000 1.05488
360000 0.894063
370000 1.12188
380000 0.743833
390000 0.837526
400000 0.754511
410000 0.974146
420000 0.898605
430000 1.16272
440000 1.24088
450000 1.02229
460000 1.17388
470000 0.627894
480000 0.820187
490000 1.01209
500000 1.25172
510000 0.748009
520000 0.826984
530000 0.951034
540000 0.91199
550000 0.767381
560000 0.714061
570000 0.628284
580000 1.16282
590000 1.13297
600000 1.0482
610000 0.698599
620000 0.811835
630000 0.937517
640000 0.874659
650000 0.651311
660000 0.434716
670000 1.1382
680000 1.25144
690000 0.904954
700000 0.953421
710000 1.15301
720000 0.847661
730000 1.16648
740000 0.946159
750000 0.640984
760000 0.866222
770000 0.693123
780000 0.778314
790000 1.03238
800000 0.640991
810000 0.789564
820000 1.25512
830000 1.15075
840000 1.10799
850000 0.881647
860000 1.20994
870000 0.984119
880000 0.899888
890000 1.04705
900000 1.23597
910000 0.719477
920000 0.400139
930000 1.04476
940000 0.906407
950000 0.713301
960000 0.782143
970000 0.630636
980000 0.602389
990000 0.583807
1000000 1.109
