10000 1.31612
20000 1.16062
30000 1.07432
40000 1.00786
50000 1.0641
60000 0.648939
70000 0.935916
80000 1.12314
90000 0.222725
100000 1.38171
110000 0.78461
120000 1.10594
130000 1.21709
140000 1.09167
150000 1.16272
160000 0.860616
170000 0.822348
180000 0.497154
190000 0.960223
200000 0.831063
210000 0.980444
220000 1.17537
230000 0.726648
240000 0.888925
250000 0.641648
260000 1.0195
270000 1.09701
280000 1.10455
290000 1.06847
300000 0.469543
310000 1.00529
320000 1.03096
330000 0.734889
340000 1.12439
350000 1.08483
360000 1.26991
370000 0.59258
380000 1.08404
390000 1.01812
400000 0.846395
410000 1.12396
420000 0.781604
430000 0.788309
440000 1.08992
450000 0.670219
460000 1.268
470000 0.44159
480000 0.810236
490000 0.627596
500000 0.989003
510000 1.32065
520000 0.827857
530000 0.83307
540000 0.512056
550000 0.831058
560000 0.757573
570000 0.873818
580000 0.983479
590000 1.00036
600000 0.714815
610000 0.714469
620000 0.743829
630000 1.0357
640000 1.1365
650000 1.06726
660000 0.622284
670000 1.06638
680000 1.17597
690000 0.805725
700000 0.915485
710000 0.756921
720000 0.862105
730000 0.898756
740000 1.04832
750000 0.697737
760000 0.847014
770000 0.700873
780000 0.857773
790000 0.899205
800000 1.04559
810000 0.926118
820000 0.707651
830000 0.562424
840000 0.693733
850000 1.20742
860000 1.23036
870000 0.825726
880000 1.20956
890000 1.18839
900000 0.611662
910000 0.42303
920000 0.635985
930000 0.695719
940000 1.12519
950000 1.16143
960000 1.1408
970000 0.67676
980000 0.966434
990000 0.846931
1000000 0.961281
