10000 1.0064
20000 1.03149
30000 0.737038
40000 1.24303
50000 0.630577
60000 0.756155
70000 1.15117
80000 1.02005
90000 0.64851
100000 1.36259
110000 1.13312
120000 0.862111
130000 1.29325
140000 1.11823
150000 0.640978
160000 1.26633
170000 1.02791
180000 1.17388
190000 0.704589
200000 0.976297
210000 1.09514
220000 1.03381
230000 0.630577
240000 0.833164
250000 0.845796
260000 0.73842
270000 0.537477
280000 1.17879
290000 1.07212
300000 0.667954
310000 1.1905
320000 0.820828
330000 1.1051
340000 0.893779
350000 1.04168
360000 1.07079
370000 0.510845
380000 1.09512
390000 0.74059
400000 1.02368
410000 1.37968
420000 0.677535
430000 1.26789
440000 0.569048
450000 0.847276
460000 0.754145
470000 0.988983
480000 0.539023
490000 1.06257
500000 0.722983
510000 1.21623
520000 0.568685
530000 1.02953
540000 0.857494
550000 0.992861
560000 0.986685
570000 0.692141
580000 0.939233
590000 0.942721
600000 0.734897
610000 0.870584
620000 0.882127
630000 1.08014
640000 0.703666
650000 0.954767
660000 1.09354
670000 1.13614
680000 0.590138
690000 1.0532
700000 0.817541
710000 1.09044
720000 0.810646
730000 0.743829
740000 1.02531
750000 0.671936
760000 1.1399
770000 0.87125
780000 0.993779
790000 0.855173
800000 0.860644
810000 1.00409
820000 1.14864
830000 0.965176
840000 1.10569
850000 0.848017
860000 0.936444
870000 0.868108
880000 0.999622
890000 0.779417
900000 0.474525
910000 0.982532
920000 0.890112
930000 0.906984
940000 1.27929
950000 1.28303
960000 0.81198
970000 1.27
980000 1.06303
990000 0.859309
1000000 0.956314
