10000 0.998931
20000 1.17388
30000 0.702803
40000 1.37276
50000 0.714527
60000 0.661158
70000 1.16733
80000 0.958234
90000 0.873949
100000 0.834686
110000 0.403155
120000 0.494172
130000 1.13569
140000 1.19027
150000 0.667805
160000 0.524076
170000 0.393841
180000 1.13419
190000 0.647977
200000 1.09193
210000 1.15569
220000 0.660521
230000 1.22936
240000 0.594871
250000 1.09553
260000 1.25526
270000 0.751865
280000 1.08844
290000 0.701999
300000 0.629339
310000 0.913392
320000 1.34552
330000 0.762248
340000 1.09179
350000 0.976332
360000 1.08881
370000 1.17341
380000 0.782143
390000 0.752495
400000 1.07122
410000 0.977255
420000 0.989002
430000 1.08623
440000 0.586105
450000 1.30053
460000 1.24528
470000 0.605837
480000 1.08422
490000 0.709255
500000 1.12079
510000 0.875689
520000 0.685243
530000 0.697453
540000 1.30655
550000 0.664521
560000 0.62497
570000 1.24663
580000 0.678455
590000 0.750505
600000 1.00748
610000 0.413967
620000 0.744661
630000 0.978695
640000 1.14406
650000 0.906315
660000 1.18071
670000 1.00375
680000 1.10996
690000 0.68635
700000 0.873949
710000 0.632627
720000 1.02967
730000 1.16282
740000 0.549197
750000 1.24167
760000 0.890692
770000 0.768935
780000 0.829667
790000 0.80725
800000 0.773353
810000 1.13539
820000 1.04204
830000 0.730103
840000 0.670229
850000 1.13089
860000 0.368656
870000 0.828491
880000 1.07013
890000 1.06099
900000 1.10959
910000 0.979074
920000 0.772037
930000 0.789514
940000 1.26389
950000 0.549834
960000 0.892303
970000 0.653303
980000 0.541937
990000 0.913226
1000000 0.803326
