10000 -0.205154
20000 -0.316003
30000 -0.351627
40000 -0.366322
50000 -0.372847
60000 -0.37727
70000 -0.378137
80000 -0.377856
90000 -0.376602
100000 -0.374709
110000 -0.371899
120000 -0.367795
130000 -0.363483
140000 -0.359889
150000 -0.356359
160000 -0.353212
170000 -0.350343
180000 -0.34721
190000 -0.344434
200000 -0.341896
210000 -0.339268
220000 -0.336682
230000 -0.334346
240000 -0.332008
250000 -0.330005
260000 -0.32812
270000 -0.326731
280000 -0.325524
290000 -0.324263
300000 -0.323067
310000 -0.322134
320000 -0.321288
330000 -0.320401
340000 -0.319456
350000 -0.318479
360000 -0.317398
370000 -0.316309
380000 -0.315164
390000 -0.314227
400000 -0.313747
410000 -0.313448
420000 -0.313098
430000 -0.312658
440000 -0.312114
450000 -0.311578
460000 -0.311038
470000 -0.310695
480000 -0.310372
490000 -0.309972
500000 -0.309621
510000 -0.309263
520000 -0.308852
530000 -0.308352
540000 -0.307866
550000 -0.307397
560000 -0.30702
570000 -0.306652
580000 -0.306295
590000 -0.305891
600000 -0.305476
610000 -0.305086
620000 -0.30466
630000 -0.304311
640000 -0.303991
650000 -0.303633
660000 -0.303313
670000 -0.30297
680000 -0.302614
690000 -0.302266
700000 -0.301862
710000 -0.301474
720000 -0.3011
730000 -0.30076
740000 -0.300364
750000 -0.299976
760000 -0.299555
770000 -0.299126
780000 -0.298702
790000 -0.298281
800000 -0.297861
810000 -0.29746
820000 -0.297092
830000 -0.296707
840000 -0.296312
850000 -0.295907
860000 -0.295521
870000 -0.295151
880000 -0.294772
890000 -0.294394
900000 -0.294005
910000 -0.293628
920000 -0.293254
930000 -0.292876
940000 -0.2925
950000 -0.292103
960000 -0.291689
970000 -0.291278
980000 -0.290866
990000 -0.29046
