10000 -0.292511
20000 -0.394341
30000 -0.405359
40000 -0.403934
50000 -0.39762
60000 -0.392685
70000 -0.385678
80000 -0.379936
90000 -0.373399
100000 -0.36704
110000 -0.361372
120000 -0.355553
130000 -0.354081
140000 -0.353792
150000 -0.351931
160000 -0.349076
170000 -0.346507
180000 -0.344101
190000 -0.341707
200000 -0.339521
210000 -0.337405
220000 -0.335748
230000 -0.333951
240000 -0.331895
250000 -0.329883
260000 -0.327624
270000 -0.325098
280000 -0.324344
290000 -0.32287
300000 -0.320733
310000 -0.31788
320000 -0.314876
330000 -0.312013
340000 -0.309177
350000 -0.306421
360000 -0.303592
370000 -0.30086
380000 -0.298202
390000 -0.295716
400000 -0.293406
410000 -0.291037
420000 -0.288662
430000 -0.286352
440000 -0.284082
450000 -0.281852
460000 -0.279708
470000 -0.277602
480000 -0.275568
490000 -0.273574
500000 -0.271592
510000 -0.269644
520000 -0.26774
530000 -0.265922
540000 -0.264525
550000 -0.263214
560000 -0.261916
570000 -0.260652
580000 -0.259398
590000 -0.258189
600000 -0.25701
610000 -0.255821
620000 -0.2547
630000 -0.253709
640000 -0.252711
650000 -0.251732
660000 -0.250754
670000 -0.249793
680000 -0.248844
690000 -0.247908
700000 -0.246975
710000 -0.246049
720000 -0.245127
730000 -0.244204
740000 -0.243273
750000 -0.242348
760000 -0.241518
770000 -0.240676
780000 -0.239833
790000 -0.238991
800000 -0.238157
810000 -0.237311
820000 -0.236474
830000 -0.235634
840000 -0.23477
850000 -0.233934
860000 -0.233101
870000 -0.232279
880000 -0.23147
890000 -0.230654
900000 -0.229901
910000 -0.229198
920000 -0.228486
930000 -0.227771
940000 -0.227064
950000 -0.226368
960000 -0.22565
970000 -0.224934
980000 -0.224243
990000 -0.223563
