10000 -0.326957
20000 -0.385859
30000 -0.408243
40000 -0.416204
50000 -0.413775
60000 -0.413006
70000 -0.411239
80000 -0.409367
90000 -0.406539
100000 -0.40471
110000 -0.402423
120000 -0.400673
130000 -0.398966
140000 -0.397348
150000 -0.395226
160000 -0.39298
170000 -0.39042
180000 -0.387852
190000 -0.385209
200000 -0.382377
210000 -0.379056
220000 -0.375873
230000 -0.372762
240000 -0.369376
250000 -0.365865
260000 -0.362248
270000 -0.358623
280000 -0.355278
290000 -0.351914
300000 -0.3486
310000 -0.345396
320000 -0.34225
330000 -0.339262
340000 -0.33641
350000 -0.333724
360000 -0.331129
370000 -0.328647
380000 -0.32635
390000 -0.32411
400000 -0.321794
410000 -0.319536
420000 -0.317289
430000 -0.315145
440000 -0.313129
450000 -0.311158
460000 -0.309218
470000 -0.307361
480000 -0.305507
490000 -0.303657
500000 -0.301822
510000 -0.300043
520000 -0.298344
530000 -0.296739
540000 -0.295152
550000 -0.293518
560000 -0.29192
570000 -0.290389
580000 -0.288918
590000 -0.287506
600000 -0.286111
610000 -0.284762
620000 -0.283438
630000 -0.282182
640000 -0.280962
650000 -0.279815
660000 -0.278689
670000 -0.277555
680000 -0.276432
690000 -0.275345
700000 -0.274276
710000 -0.273237
720000 -0.272231
730000 -0.271254
740000 -0.27029
750000 -0.269345
760000 -0.268445
770000 -0.267576
780000 -0.266732
790000 -0.265878
800000 -0.265047
810000 -0.264243
820000 -0.263472
830000 -0.26265
840000 -0.261911
850000 -0.261204
860000 -0.260533
870000 -0.260331
880000 -0.260395
890000 -0.260454
900000 -0.260495
910000 -0.260499
920000 -0.260489
930000 -0.260457
940000 -0.26044
950000 -0.260435
960000 -0.260411
970000 -0.260347
980000 -0.260266
990000 -0.26018
