10000 -0.213897
20000 -0.305648
30000 -0.343912
40000 -0.361227
50000 -0.372494
60000 -0.379203
70000 -0.383025
80000 -0.384874
90000 -0.386591
100000 -0.387299
110000 -0.38706
120000 -0.386016
130000 -0.384713
140000 -0.38289
150000 -0.38144
160000 -0.380207
170000 -0.378473
180000 -0.376769
190000 -0.37467
200000 -0.372622
210000 -0.370635
220000 -0.368643
230000 -0.36658
240000 -0.364513
250000 -0.362472
260000 -0.360506
270000 -0.358606
280000 -0.356764
290000 -0.354917
300000 -0.353231
310000 -0.351718
320000 -0.350308
330000 -0.348692
340000 -0.347167
350000 -0.345624
360000 -0.344117
370000 -0.342601
380000 -0.341082
390000 -0.339989
400000 -0.338847
410000 -0.337637
420000 -0.336261
430000 -0.334904
440000 -0.333632
450000 -0.33242
460000 -0.331219
470000 -0.329979
480000 -0.328749
490000 -0.327573
500000 -0.326486
510000 -0.325499
520000 -0.324489
530000 -0.323492
540000 -0.322487
550000 -0.321525
560000 -0.32059
570000 -0.319571
580000 -0.31869
590000 -0.317866
600000 -0.317212
610000 -0.316591
620000 -0.315896
630000 -0.315178
640000 -0.314578
650000 -0.314025
660000 -0.313402
670000 -0.312778
680000 -0.312191
690000 -0.311626
700000 -0.310988
710000 -0.310395
720000 -0.309753
730000 -0.309138
740000 -0.308775
750000 -0.308397
760000 -0.308058
770000 -0.307684
780000 -0.307209
790000 -0.306684
800000 -0.306211
810000 -0.305717
820000 -0.305215
830000 -0.30471
840000 -0.304229
850000 -0.303773
860000 -0.303361
870000 -0.302893
880000 -0.302455
890000 -0.302043
900000 -0.301632
910000 -0.301236
920000 -0.300893
930000 -0.300551
940000 -0.300265
950000 -0.300031
960000 -0.299783
970000 -0.299528
980000 -0.299262
990000 -0.299
