10000 -0.255498
20000 -0.300455
30000 -0.335456
40000 -0.35106
50000 -0.359441
60000 -0.363304
70000 -0.365833
80000 -0.366372
90000 -0.367831
100000 -0.368187
110000 -0.36753
120000 -0.36611
130000 -0.364566
140000 -0.363037
150000 -0.360417
160000 -0.358454
170000 -0.356279
180000 -0.354225
190000 -0.352371
200000 -0.350377
210000 -0.348007
220000 -0.345524
230000 -0.343031
240000 -0.340605
250000 -0.338238
260000 -0.335956
270000 -0.333586
280000 -0.331158
290000 -0.329048
300000 -0.32678
310000 -0.324468
320000 -0.322371
330000 -0.320502
340000 -0.318649
350000 -0.316836
360000 -0.314984
370000 -0.313291
380000 -0.311616
390000 -0.310022
400000 -0.308555
410000 -0.307138
420000 -0.305743
430000 -0.304419
440000 -0.303143
450000 -0.301957
460000 -0.300846
470000 -0.299793
480000 -0.298782
490000 -0.297711
500000 -0.296746
510000 -0.295807
520000 -0.29497
530000 -0.294124
540000 -0.293343
550000 -0.292548
560000 -0.291758
570000 -0.290981
580000 -0.290235
590000 -0.289475
600000 -0.288799
610000 -0.288112
620000 -0.28743
630000 -0.286802
640000 -0.286178
650000 -0.285556
660000 -0.28496
670000 -0.284386
680000 -0.283789
690000 -0.28321
700000 -0.282661
710000 -0.28218
720000 -0.281682
730000 -0.281176
740000 -0.280692
750000 -0.280237
760000 -0.2798
770000 -0.279336
780000 -0.278899
790000 -0.278454
800000 -0.278029
810000 -0.277625
820000 -0.277207
830000 -0.276804
840000 -0.276407
850000 -0.275994
860000 -0.275587
870000 -0.275274
880000 -0.274906
890000 -0.274537
900000 -0.274185
910000 -0.273857
920000 -0.273548
930000 -0.273238
940000 -0.272925
950000 -0.272624
960000 -0.272311
970000 -0.271999
980000 -0.271702
990000 -0.271412
