10000 -0.450526
20000 -0.443715
30000 -0.439788
40000 -0.440362
50000 -0.44526
60000 -0.429062
70000 -0.41806
80000 -0.409562
90000 -0.398717
100000 -0.399964
110000 -0.389722
120000 -0.378923
130000 -0.369703
140000 -0.374678
150000 -0.355098
160000 -0.34421
170000 -0.330393
180000 -0.320371
190000 -0.307749
200000 -0.301182
210000 -0.294918
220000 -0.287838
230000 -0.294753
240000 -0.289742
250000 -0.278937
260000 -0.279685
270000 -0.270941
280000 -0.267938
290000 -0.265988
300000 -0.276513
310000 -0.273617
320000 -0.266707
330000 -0.265144
340000 -0.279537
350000 -0.289539
360000 -0.281528
370000 -0.274349
380000 -0.270633
390000 -0.264919
400000 -0.262529
410000 -0.254832
420000 -0.254182
430000 -0.256161
440000 -0.252147
450000 -0.25214
460000 -0.251852
470000 -0.257232
480000 -0.254365
490000 -0.25999
500000 -0.258717
510000 -0.253582
520000 -0.249758
530000 -0.248658
540000 -0.250815
550000 -0.249057
560000 -0.252241
570000 -0.248988
580000 -0.247262
590000 -0.250693
600000 -0.249705
610000 -0.249028
620000 -0.247717
630000 -0.246944
640000 -0.246405
650000 -0.244923
660000 -0.244982
670000 -0.250092
680000 -0.249012
690000 -0.248081
700000 -0.246999
710000 -0.245417
720000 -0.247229
730000 -0.247834
740000 -0.245723
750000 -0.245856
760000 -0.246244
770000 -0.246049
780000 -0.246493
790000 -0.247204
800000 -0.247568
810000 -0.246401
820000 -0.245915
830000 -0.245777
840000 -0.244627
850000 -0.243103
860000 -0.242462
870000 -0.241667
880000 -0.242164
890000 -0.243439
900000 -0.241232
910000 -0.241628
920000 -0.239535
930000 -0.23895
940000 -0.239188
950000 -0.237511
960000 -0.238225
970000 -0.238634
980000 -0.238311
990000 -0.238517
