10000 -0.424757
20000 -0.430106
30000 -0.420072
40000 -0.391168
50000 -0.385104
60000 -0.377127
70000 -0.368856
80000 -0.360672
90000 -0.347173
100000 -0.326418
110000 -0.314847
120000 -0.317614
130000 -0.312251
140000 -0.322466
150000 -0.313391
160000 -0.311201
170000 -0.3094
180000 -0.297636
190000 -0.303747
200000 -0.291028
210000 -0.285229
220000 -0.281839
230000 -0.291698
240000 -0.287561
250000 -0.289556
260000 -0.287913
270000 -0.292164
280000 -0.290758
290000 -0.274099
300000 -0.279694
310000 -0.269186
320000 -0.275026
330000 -0.279222
340000 -0.270943
350000 -0.273294
360000 -0.274853
370000 -0.277976
380000 -0.275895
390000 -0.27355
400000 -0.272337
410000 -0.273635
420000 -0.273349
430000 -0.270741
440000 -0.277366
450000 -0.270837
460000 -0.268343
470000 -0.272792
480000 -0.271404
490000 -0.269659
500000 -0.269339
510000 -0.270359
520000 -0.268993
530000 -0.268028
540000 -0.265461
550000 -0.268934
560000 -0.26983
570000 -0.27033
580000 -0.265432
590000 -0.267011
600000 -0.266407
610000 -0.262427
620000 -0.265482
630000 -0.266035
640000 -0.26542
650000 -0.260776
660000 -0.260398
670000 -0.26189
680000 -0.258073
690000 -0.257604
700000 -0.25847
710000 -0.261476
720000 -0.256281
730000 -0.258025
740000 -0.255282
750000 -0.253656
760000 -0.25312
770000 -0.249843
780000 -0.247139
790000 -0.24512
800000 -0.242294
810000 -0.241816
820000 -0.238395
830000 -0.240297
840000 -0.236929
850000 -0.234181
860000 -0.231658
870000 -0.227793
880000 -0.251049
890000 -0.246308
900000 -0.2444
910000 -0.240182
920000 -0.231732
930000 -0.227745
940000 -0.21987
950000 -0.217087
960000 -0.213114
970000 -0.213776
980000 -0.211272
990000 -0.211398
