10000 -0.468266
20000 -0.441231
30000 -0.439047
40000 -0.42644
50000 -0.42037
60000 -0.411668
70000 -0.401283
80000 -0.39255
90000 -0.39924
100000 -0.38477
110000 -0.370046
120000 -0.367543
130000 -0.360881
140000 -0.34305
150000 -0.336137
160000 -0.324157
170000 -0.31232
180000 -0.295883
190000 -0.27584
200000 -0.270404
210000 -0.256804
220000 -0.278389
230000 -0.240089
240000 -0.239778
250000 -0.246093
260000 -0.231175
270000 -0.246128
280000 -0.253745
290000 -0.245677
300000 -0.235644
310000 -0.232538
320000 -0.229243
330000 -0.227311
340000 -0.211108
350000 -0.221511
360000 -0.209776
370000 -0.207404
380000 -0.199487
390000 -0.196121
400000 -0.194642
410000 -0.194928
420000 -0.190948
430000 -0.186873
440000 -0.188391
450000 -0.190894
460000 -0.182629
470000 -0.178934
480000 -0.178763
490000 -0.17653
500000 -0.17296
510000 -0.16633
520000 -0.163461
530000 -0.230437
540000 -0.170722
550000 -0.163915
560000 -0.29176
570000 -0.267324
580000 -0.246968
590000 -0.227712
600000 -0.209094
610000 -0.190673
620000 -0.16109
630000 -0.159643
640000 -0.1558
650000 -0.151349
660000 -0.151215
670000 -0.150352
680000 -0.150527
690000 -0.149842
700000 -0.149884
710000 -0.152149
720000 -0.154123
730000 -0.152445
740000 -0.150567
750000 -0.148115
760000 -0.14653
770000 -0.144836
780000 -0.144767
790000 -0.14305
800000 -0.143059
810000 -0.142205
820000 -0.142449
830000 -0.142073
840000 -0.141678
850000 -0.140783
860000 -0.140751
870000 -0.140604
880000 -0.140786
890000 -0.140411
900000 -0.14005
910000 -0.139555
920000 -0.139747
930000 -0.150662
940000 -0.147467
950000 -0.140561
960000 -0.141265
970000 -0.138111
980000 -0.160467
990000 -0.158091
