10000 -0.468844
20000 -0.440765
30000 -0.432345
40000 -0.427155
50000 -0.415534
60000 -0.400908
70000 -0.398417
80000 -0.396673
90000 -0.387804
100000 -0.380619
110000 -0.376104
120000 -0.370424
130000 -0.362942
140000 -0.357879
150000 -0.352644
160000 -0.349239
170000 -0.342492
180000 -0.342735
190000 -0.33733
200000 -0.337563
210000 -0.335934
220000 -0.333264
230000 -0.330964
240000 -0.329245
250000 -0.325896
260000 -0.319888
270000 -0.318058
280000 -0.315477
290000 -0.313306
300000 -0.308084
310000 -0.317088
320000 -0.310754
330000 -0.306255
340000 -0.306071
350000 -0.306386
360000 -0.30254
370000 -0.300937
380000 -0.301083
390000 -0.302408
400000 -0.30018
410000 -0.302205
420000 -0.301249
430000 -0.30039
440000 -0.299277
450000 -0.296492
460000 -0.322168
470000 -0.319027
480000 -0.317784
490000 -0.31524
500000 -0.315926
510000 -0.312382
520000 -0.308281
530000 -0.308446
540000 -0.305806
550000 -0.303088
560000 -0.299955
570000 -0.298938
580000 -0.298953
590000 -0.300273
600000 -0.297046
610000 -0.294322
620000 -0.290594
630000 -0.28652
640000 -0.28585
650000 -0.288321
660000 -0.285563
670000 -0.281182
680000 -0.281268
690000 -0.28007
700000 -0.278604
710000 -0.276992
720000 -0.276739
730000 -0.274207
740000 -0.270993
750000 -0.271793
760000 -0.266752
770000 -0.270071
780000 -0.266658
790000 -0.265253
800000 -0.261592
810000 -0.26169
820000 -0.261777
830000 -0.263639
840000 -0.260166
850000 -0.257768
860000 -0.260155
870000 -0.258138
880000 -0.255159
890000 -0.250668
900000 -0.249722
910000 -0.248263
920000 -0.249765
930000 -0.243596
940000 -0.244222
950000 -0.239829
960000 -0.24325
970000 -0.242617
980000 -0.24053
990000 -0.243836
