10000 -0.466546
20000 -0.436486
30000 -0.420192
40000 -0.410209
50000 -0.411609
60000 -0.391646
70000 -0.404045
80000 -0.399165
90000 -0.392976
100000 -0.387176
110000 -0.387198
120000 -0.375482
130000 -0.361368
140000 -0.351069
150000 -0.337794
160000 -0.320456
170000 -0.31585
180000 -0.312691
190000 -0.309945
200000 -0.305015
210000 -0.299375
220000 -0.289136
230000 -0.281403
240000 -0.280322
250000 -0.277516
260000 -0.273843
270000 -0.258701
280000 -0.256321
290000 -0.256373
300000 -0.25477
310000 -0.254944
320000 -0.251756
330000 -0.252002
340000 -0.247124
350000 -0.246499
360000 -0.2448
370000 -0.241645
380000 -0.240037
390000 -0.275882
400000 -0.261685
410000 -0.248801
420000 -0.249424
430000 -0.246538
440000 -0.237487
450000 -0.233386
460000 -0.239054
470000 -0.23637
480000 -0.233199
490000 -0.23372
500000 -0.225874
510000 -0.224207
520000 -0.222517
530000 -0.215153
540000 -0.213923
550000 -0.213039
560000 -0.211955
570000 -0.206125
580000 -0.204173
590000 -0.204454
600000 -0.205928
610000 -0.200519
620000 -0.199068
630000 -0.195561
640000 -0.192557
650000 -0.190377
660000 -0.190072
670000 -0.187576
680000 -0.186717
690000 -0.184648
700000 -0.182761
710000 -0.181714
720000 -0.181086
730000 -0.178233
740000 -0.176561
750000 -0.171902
760000 -0.168448
770000 -0.164952
780000 -0.164411
790000 -0.164877
800000 -0.163833
810000 -0.164404
820000 -0.162871
830000 -0.161909
840000 -0.162024
850000 -0.161558
860000 -0.164356
870000 -0.161556
880000 -0.160649
890000 -0.160004
900000 -0.159698
910000 -0.158057
920000 -0.158321
930000 -0.158226
940000 -0.157678
950000 -0.157543
960000 -0.157074
970000 -0.15611
980000 -0.155614
990000 -0.154761
