10000 0.655988
20000 0.615691
30000 0.587394
40000 0.57428
50000 0.562948
60000 0.532879
70000 0.4837
80000 0.433006
90000 0.424346
100000 0.422916
110000 0.419857
120000 0.41528
130000 0.418852
140000 0.421014
150000 0.420197
160000 0.417545
170000 0.41275
180000 0.406067
190000 0.399629
200000 0.392399
210000 0.384764
220000 0.375662
230000 0.365883
240000 0.35687
250000 0.348418
260000 0.357007
270000 0.363755
280000 0.369229
290000 0.37321
300000 0.376218
310000 0.378777
320000 0.380819
330000 0.381647
340000 0.38169
350000 0.381008
360000 0.37992
370000 0.378329
380000 0.376049
390000 0.372984
400000 0.368781
410000 0.362998
420000 0.355621
430000 0.348058
440000 0.340659
450000 0.333398
460000 0.327449
470000 0.321112
480000 0.317154
490000 0.313151
500000 0.30918
510000 0.305247
520000 0.301337
530000 0.297438
540000 0.293523
550000 0.289642
560000 0.285824
570000 0.282164
580000 0.278573
590000 0.275091
600000 0.271713
610000 0.268452
620000 0.265297
630000 0.262195
640000 0.259184
650000 0.256258
660000 0.253413
670000 0.25065
680000 0.247964
690000 0.245349
700000 0.242806
710000 0.240329
720000 0.237917
730000 0.235568
740000 0.233279
750000 0.231046
760000 0.228869
770000 0.226745
780000 0.224673
790000 0.222647
800000 0.22067
810000 0.218737
820000 0.216848
830000 0.215002
840000 0.213196
850000 0.211431
860000 0.209704
870000 0.208014
880000 0.20636
890000 0.204741
900000 0.203155
910000 0.201603
920000 0.200082
930000 0.19859
940000 0.197129
950000 0.195696
960000 0.19429
970000 0.192911
980000 0.191558
990000 0.19023
