10000 0.699517
20000 0.810079
30000 0.694756
40000 0.61936
50000 0.575533
60000 0.558184
70000 0.540403
80000 0.520165
90000 0.501043
100000 0.485418
110000 0.471831
120000 0.459176
130000 0.451019
140000 0.446266
150000 0.438856
160000 0.429193
170000 0.422794
180000 0.421231
190000 0.417536
200000 0.413639
210000 0.409384
220000 0.404385
230000 0.399315
240000 0.397359
250000 0.39876
260000 0.398532
270000 0.396822
280000 0.393679
290000 0.390258
300000 0.386809
310000 0.383014
320000 0.378627
330000 0.373985
340000 0.36919
350000 0.364254
360000 0.359208
370000 0.353982
380000 0.348741
390000 0.343495
400000 0.33796
410000 0.33225
420000 0.326403
430000 0.321577
440000 0.317043
450000 0.312533
460000 0.308021
470000 0.303497
480000 0.299001
490000 0.294557
500000 0.290134
510000 0.285747
520000 0.281383
530000 0.277438
540000 0.273619
550000 0.268575
560000 0.266343
570000 0.264103
580000 0.261883
590000 0.259401
600000 0.257306
610000 0.255462
620000 0.254618
630000 0.253608
640000 0.252539
650000 0.251356
660000 0.250092
670000 0.248747
680000 0.247342
690000 0.245835
700000 0.244316
710000 0.242738
720000 0.24119
730000 0.239608
740000 0.237968
750000 0.236284
760000 0.23457
770000 0.232812
780000 0.231018
790000 0.22919
800000 0.227317
810000 0.2254
820000 0.223405
830000 0.22142
840000 0.219395
850000 0.217324
860000 0.215203
870000 0.213027
880000 0.210792
890000 0.208507
900000 0.206239
910000 0.204012
920000 0.202231
930000 0.20095
940000 0.199679
950000 0.198412
960000 0.197149
970000 0.195894
980000 0.19464
990000 0.1934
