10000 0.561858
20000 0.426727
30000 0.371282
40000 0.323306
50000 0.313532
60000 0.425129
70000 0.438455
80000 0.432872
90000 0.37003
100000 0.349373
110000 0.321845
120000 0.302583
130000 0.290042
140000 0.302747
150000 0.259227
160000 0.242481
170000 0.236459
180000 0.32368
190000 0.312142
200000 0.302724
210000 0.294085
220000 0.284401
230000 0.275065
240000 0.276951
250000 0.258796
260000 0.249717
270000 0.253643
280000 0.236883
290000 0.228024
300000 0.326344
310000 0.289752
320000 0.267052
330000 0.244513
340000 0.221817
350000 0.198274
360000 0.178556
370000 0.208214
380000 0.173784
390000 0.133686
400000 0.137656
410000 0.10242
420000 0.182684
430000 0.180827
440000 0.176014
450000 0.208269
460000 0.174388
470000 0.177819
480000 0.181388
490000 0.166242
500000 0.165744
510000 0.160146
520000 0.16296
530000 0.152121
540000 0.147027
550000 0.14525
560000 0.139218
570000 0.141605
580000 0.141045
590000 0.135676
600000 0.145415
610000 0.138584
620000 0.124455
630000 0.121541
640000 0.108252
650000 0.098011
660000 0.0940816
670000 0.0795357
680000 0.0757985
690000 0.0717426
700000 0.0688126
710000 0.0618392
720000 0.0580095
730000 0.0639905
740000 0.0526042
750000 0.0442591
760000 0.0505605
770000 0.0433594
780000 0.0342635
790000 0.0280507
800000 0.022882
810000 0.14704
820000 0.142908
830000 0.139685
840000 0.136898
850000 0.133552
860000 0.129584
870000 0.126904
880000 0.124412
890000 0.120735
900000 0.117698
910000 0.114667
920000 0.110655
930000 0.107277
940000 0.103922
950000 0.123089
960000 0.120969
970000 0.116453
980000 0.112889
990000 0.109707
