10000 -0.581744
20000 -0.543526
30000 -0.561026
40000 -0.505864
50000 -0.565383
60000 -0.558951
70000 -0.518301
80000 -0.512817
90000 -0.471749
100000 -0.560082
110000 -0.492362
120000 -0.535254
130000 -0.518329
140000 -0.502764
150000 -0.466104
160000 -0.57675
170000 -0.462035
180000 -0.514585
190000 -0.525044
200000 -0.522132
210000 -0.482209
220000 -0.548781
230000 -0.556425
240000 -0.543059
250000 -0.596155
260000 -0.466011
270000 -0.525867
280000 -0.514742
290000 -0.507351
300000 -0.537112
310000 -0.485226
320000 -0.427382
330000 -0.51904
340000 -0.460858
350000 -0.543016
360000 -0.518855
370000 -0.504025
380000 -0.468726
390000 -0.549203
400000 -0.398512
410000 -0.467431
420000 -0.398837
430000 -0.373405
440000 -0.399079
450000 -0.419322
460000 -0.366599
470000 -0.43148
480000 -0.381378
490000 -0.393271
500000 -0.308227
510000 -0.32027
520000 -0.379752
530000 -0.307205
540000 -0.280908
550000 -0.364733
560000 -0.297556
570000 -0.325429
580000 -0.350271
590000 -0.268412
600000 -0.359655
610000 -0.321437
620000 -0.258545
630000 -0.253741
640000 -0.34462
650000 -0.306493
660000 -0.24026
670000 -0.304335
680000 -0.271897
690000 -0.245164
700000 -0.307898
710000 -0.323341
720000 -0.311123
730000 -0.303933
740000 -0.252203
750000 -0.297625
760000 -0.249863
770000 -0.294799
780000 -0.23506
790000 -0.248902
800000 -0.284061
810000 -0.322426
820000 -0.211005
830000 -0.261577
840000 -0.291243
850000 -0.287304
860000 -0.297763
870000 -0.259491
880000 -0.266374
890000 -0.275224
900000 -0.253038
910000 -0.222473
920000 -0.223272
930000 -0.219097
940000 -0.284939
950000 -0.235834
960000 -0.228062
970000 -0.237559
980000 -0.287364
990000 -0.253391
1000000 -0.228839
