10000 -0.576454
20000 -0.580111
30000 -0.557178
40000 -0.550395
50000 -0.629131
60000 -0.485626
70000 -0.598724
80000 -0.583602
90000 -0.565599
100000 -0.659087
110000 -0.580072
120000 -0.614773
130000 -0.596327
140000 -0.458013
150000 -0.610062
160000 -0.550213
170000 -0.555159
180000 -0.557225
190000 -0.534208
200000 -0.602226
210000 -0.629764
220000 -0.503971
230000 -0.654186
240000 -0.611199
250000 -0.542172
260000 -0.523238
270000 -0.592606
280000 -0.637624
290000 -0.4817
300000 -0.566877
310000 -0.573085
320000 -0.571856
330000 -0.588777
340000 -0.508161
350000 -0.513775
360000 -0.558639
370000 -0.523418
380000 -0.516287
390000 -0.520975
400000 -0.529398
410000 -0.588726
420000 -0.612823
430000 -0.590297
440000 -0.530489
450000 -0.593136
460000 -0.535248
470000 -0.561471
480000 -0.632896
490000 -0.520855
500000 -0.476412
510000 -0.597276
520000 -0.577556
530000 -0.566641
540000 -0.605913
550000 -0.594759
560000 -0.526616
570000 -0.527937
580000 -0.584327
590000 -0.463377
600000 -0.643157
610000 -0.589631
620000 -0.581418
630000 -0.560438
640000 -0.583857
650000 -0.525661
660000 -0.522684
670000 -0.628024
680000 -0.609466
690000 -0.628709
700000 -0.528024
710000 -0.519952
720000 -0.533355
730000 -0.48123
740000 -0.574542
750000 -0.538819
760000 -0.573399
770000 -0.626681
780000 -0.610455
790000 -0.571099
800000 -0.612617
810000 -0.512724
820000 -0.593525
830000 -0.566605
840000 -0.603562
850000 -0.615513
860000 -0.617733
870000 -0.581689
880000 -0.492386
890000 -0.565147
900000 -0.535254
910000 -0.546511
920000 -0.462022
930000 -0.549843
940000 -0.611348
950000 -0.609158
960000 -0.530819
970000 -0.574703
980000 -0.55144
990000 -0.567213
1000000 -0.527349
