10000 0.842293
20000 1.07311
30000 0.685064
40000 0.805695
50000 0.73436
60000 0.939498
70000 0.998662
80000 1.26558
90000 1.06015
100000 0.957939
110000 0.734386
120000 1.15486
130000 0.792053
140000 1.1095
150000 0.829187
160000 0.882354
170000 1.02568
180000 0.836881
190000 0.827324
200000 1.06418
210000 1.37093
220000 1.1399
230000 0.763623
240000 0.504796
250000 0.596364
260000 1.13595
270000 1.08839
280000 1.34762
290000 1.04263
300000 1.06367
310000 0.850331
320000 1.38311
330000 0.704589
340000 0.939507
350000 0.668905
360000 1.08977
370000 1.00015
380000 1.26994
390000 0.963662
400000 0.946083
410000 0.960368
420000 1.06463
430000 1.23661
440000 1.10413
450000 1.13219
460000 0.712563
470000 1.11952
480000 0.824534
490000 0.894492
500000 1.07082
510000 0.834469
520000 1.17584
530000 0.630577
540000 0.910113
550000 0.782037
560000 1.26526
570000 1.31831
580000 0.800816
590000 1.24048
600000 1.33032
610000 1.15856
620000 0.57812
630000 1.0024
640000 0.836729
650000 1.17421
660000 0.443636
670000 1.36761
680000 1.07495
690000 0.679162
700000 0.686685
710000 1.18745
720000 0.879927
730000 0.763774
740000 0.784826
750000 0.734889
760000 1.11319
770000 0.939836
780000 0.746088
790000 0.967618
800000 0.952303
810000 0.734677
820000 0.790252
830000 0.900306
840000 0.910587
850000 1.00558
860000 0.871187
870000 0.859165
880000 1.05164
890000 0.753962
900000 1.17204
910000 0.817885
920000 1.06234
930000 1.20899
940000 0.887694
950000 1.06417
960000 0.954084
970000 1.22548
980000 0.895298
990000 0.616649
1000000 1.13734
