10000 0.903514
20000 0.74786
30000 0.605875
40000 1.32033
50000 0.734371
60000 0.969656
70000 0.863003
80000 0.523118
90000 0.726919
100000 1.11831
110000 0.556616
120000 1.06068
130000 0.531509
140000 0.574339
150000 1.25497
160000 0.704589
170000 0.952163
180000 0.738467
190000 0.630577
200000 1.18617
210000 1.10658
220000 0.836341
230000 0.888951
240000 1.11435
250000 0.825407
260000 1.03552
270000 0.901949
280000 0.94603
290000 1.26278
300000 0.902074
310000 0.960819
320000 0.497883
330000 0.999198
340000 0.646759
350000 0.860501
360000 1.02081
370000 0.345326
380000 0.940542
390000 1.26436
400000 0.989549
410000 1.27065
420000 0.807103
430000 0.800984
440000 1.14754
450000 0.739929
460000 0.524076
470000 0.834231
480000 0.85812
490000 0.820161
500000 0.763609
510000 0.746907
520000 0.728806
530000 0.743859
540000 1.22833
550000 0.734544
560000 0.72445
570000 0.661158
580000 0.711308
590000 0.561555
600000 0.916438
610000 0.841025
620000 1.06134
630000 1.03615
640000 0.987651
650000 0.515541
660000 1.1585
670000 0.931114
680000 1.02896
690000 0.883892
700000 1.07167
710000 1.08239
720000 0.98959
730000 0.640983
740000 0.708403
750000 0.827336
760000 1.0303
770000 1.29273
780000 0.890588
790000 1.13746
800000 1.01474
810000 0.873949
820000 1.23712
830000 0.945675
840000 0.887276
850000 1.2312
860000 0.908944
870000 1.04423
880000 0.841141
890000 0.820991
900000 1.05083
910000 1.23819
920000 0.78592
930000 1.06394
940000 0.684928
950000 0.0201971
960000 0.523151
970000 0.878204
980000 1.05183
990000 1.11693
1000000 0.675196
