10000 1.07585
20000 0.764493
30000 0.834601
40000 1.06953
50000 1.25936
60000 1.16198
70000 0.760316
80000 1.20561
90000 1.28194
100000 1.15174
110000 1.10773
120000 1.04355
130000 0.743829
140000 0.717224
150000 0.608401
160000 1.17066
170000 0.862103
180000 0.564111
190000 0.704589
200000 0.734371
210000 0.718286
220000 0.912124
230000 0.549669
240000 0.747446
250000 0.93384
260000 0.820111
270000 1.19412
280000 1.0817
290000 1.16018
300000 0.735103
310000 1.18149
320000 1.09341
330000 0.698839
340000 0.971172
350000 1.04843
360000 1.0267
370000 1.12908
380000 1.08138
390000 0.941407
400000 1.11694
410000 0.49459
420000 0.881311
430000 1.17987
440000 0.969477
450000 1.33746
460000 1.01006
470000 0.784186
480000 0.933375
490000 1.16272
500000 0.815205
510000 0.743888
520000 0.744985
530000 0.736728
540000 1.20771
550000 0.949756
560000 0.867023
570000 1.23211
580000 1.16924
590000 1.20921
600000 1.04509
610000 0.958272
620000 1.00841
630000 0.890897
640000 0.87655
650000 1.12116
660000 1.17694
670000 0.965675
680000 0.474803
690000 0.816178
700000 1.01883
710000 1.17388
720000 0.565634
730000 0.734232
740000 0.673088
750000 0.941013
760000 1.25453
770000 0.661154
780000 0.716996
790000 0.303347
800000 1.01671
810000 1.16281
820000 0.734544
830000 1.18839
840000 1.19046
850000 0.651648
860000 0.973309
870000 0.98098
880000 0.704591
890000 1.33629
900000 1.08921
910000 0.990497
920000 0.715029
930000 0.704395
940000 1.3539
950000 0.939668
960000 1.19616
970000 1.21734
980000 1.02726
990000 0.783906
1000000 0.982231
