10000 1.08003
20000 0.733637
30000 1.087
40000 1.08126
50000 0.830095
60000 0.737111
70000 1.29413
80000 0.98851
90000 1.16124
100000 0.830469
110000 1.26641
120000 0.704369
130000 0.615564
140000 0.992794
150000 0.984426
160000 0.704748
170000 1.2419
180000 0.879936
190000 0.757218
200000 1.07076
210000 0.861717
220000 0.786785
230000 0.628529
240000 0.532079
250000 1.12079
260000 0.616001
270000 1.25301
280000 0.743888
290000 0.949959
300000 1.15498
310000 0.95267
320000 0.931811
330000 0.966428
340000 1.2007
350000 0.892816
360000 1.00026
370000 0.71544
380000 0.758138
390000 1.26949
400000 1.38115
410000 1.22759
420000 0.896273
430000 0.489199
440000 1.13337
450000 1.10184
460000 1.08704
470000 0.478885
480000 0.703425
490000 1.19214
500000 0.944112
510000 0.813777
520000 0.969609
530000 0.842491
540000 0.842488
550000 0.803332
560000 0.916195
570000 1.18116
580000 0.964895
590000 0.97203
600000 0.60424
610000 1.39342
620000 0.868331
630000 0.512931
640000 1.15723
650000 1.29851
660000 1.37689
670000 1.23549
680000 0.734889
690000 1.05967
700000 1.05163
710000 0.75094
720000 1.12852
730000 0.989811
740000 1.11593
750000 1.14251
760000 0.618582
770000 1.35184
780000 0.637069
790000 1.13242
800000 1.17242
810000 0.547435
820000 1.1589
830000 1.12418
840000 0.825045
850000 1.312
860000 0.611424
870000 1.0383
880000 0.661154
890000 0.493583
900000 1.17795
910000 1.08346
920000 0.694299
930000 1.04974
940000 1.31913
950000 1.15485
960000 1.05929
970000 0.816418
980000 0.823394
990000 1.00291
1000000 0.520013
