10000 1.17995
20000 1.25501
30000 0.640984
40000 0.528149
50000 0.55955
60000 1.14225
70000 0.981641
80000 0.737086
90000 0.971287
100000 0.937003
110000 1.21698
120000 1.10034
130000 1.33437
140000 0.774391
150000 0.71771
160000 1.25498
170000 0.872537
180000 0.731094
190000 0.397377
200000 0.856023
210000 1.06912
220000 0.860228
230000 1.02744
240000 1.24152
250000 1.26605
260000 1.25498
270000 0.46347
280000 0.944582
290000 0.815407
300000 1.14342
310000 0.681706
320000 0.629518
330000 0.630577
340000 0.933253
350000 0.699914
360000 1.0108
370000 1.01615
380000 1.06408
390000 1.30833
400000 0.82099
410000 0.457916
420000 1.25498
430000 0.727277
440000 1.38309
450000 0.689552
460000 0.663816
470000 1.16273
480000 0.698069
490000 0.809258
500000 1.02622
510000 1.24172
520000 1.0151
530000 0.809518
540000 1.23825
550000 0.769434
560000 0.954787
570000 1.1918
580000 0.898221
590000 0.965618
600000 0.878362
610000 0.896202
620000 1.00548
630000 0.769647
640000 1.10224
650000 0.813928
660000 0.949638
670000 0.911752
680000 0.646314
690000 1.0109
700000 1.06949
710000 0.816102
720000 1.03679
730000 1.37231
740000 0.510546
750000 1.17369
760000 0.923502
770000 0.7647
780000 0.962744
790000 1.19717
800000 0.905944
810000 0.733982
820000 0.997221
830000 1.09985
840000 0.716996
850000 0.860656
860000 1.25545
870000 0.640991
880000 1.07345
890000 0.723462
900000 0.933237
910000 1.02507
920000 0.713911
930000 1.2338
940000 1.14462
950000 0.997277
960000 0.876294
970000 1.0908
980000 1.32199
990000 1.32722
1000000 0.980672
