10000 -0.317727
20000 -0.358417
30000 -0.367061
40000 -0.368118
50000 -0.369032
60000 -0.375168
70000 -0.378587
80000 -0.380053
90000 -0.380403
100000 -0.379441
110000 -0.376738
120000 -0.37381
130000 -0.371062
140000 -0.368679
150000 -0.366138
160000 -0.364118
170000 -0.362512
180000 -0.361183
190000 -0.359429
200000 -0.357708
210000 -0.355499
220000 -0.353323
230000 -0.351201
240000 -0.34926
250000 -0.347412
260000 -0.345754
270000 -0.344228
280000 -0.342676
290000 -0.341202
300000 -0.339708
310000 -0.338199
320000 -0.33689
330000 -0.335557
340000 -0.334186
350000 -0.332911
360000 -0.33177
370000 -0.330661
380000 -0.329598
390000 -0.328639
400000 -0.327634
410000 -0.326681
420000 -0.32572
430000 -0.324741
440000 -0.323785
450000 -0.322861
460000 -0.321957
470000 -0.321052
480000 -0.320168
490000 -0.319302
500000 -0.318469
510000 -0.31765
520000 -0.316845
530000 -0.316058
540000 -0.315265
550000 -0.314503
560000 -0.31375
570000 -0.313009
580000 -0.312293
590000 -0.31161
600000 -0.310933
610000 -0.310242
620000 -0.30955
630000 -0.308875
640000 -0.308175
650000 -0.307472
660000 -0.306764
670000 -0.306068
680000 -0.305484
690000 -0.304878
700000 -0.304285
710000 -0.303718
720000 -0.303129
730000 -0.302554
740000 -0.301978
750000 -0.30141
760000 -0.30087
770000 -0.300325
780000 -0.299789
790000 -0.299271
800000 -0.298894
810000 -0.298559
820000 -0.298231
830000 -0.297888
840000 -0.297529
850000 -0.297152
860000 -0.29675
870000 -0.296346
880000 -0.295964
890000 -0.295547
900000 -0.295136
910000 -0.29477
920000 -0.294376
930000 -0.293982
940000 -0.293612
950000 -0.293241
960000 -0.292869
970000 -0.292531
980000 -0.292203
990000 -0.291882
