10000 -0.333171
20000 -0.360835
30000 -0.368083
40000 -0.369496
50000 -0.36796
60000 -0.366586
70000 -0.364342
80000 -0.360606
90000 -0.357
100000 -0.352828
110000 -0.349399
120000 -0.346865
130000 -0.344029
140000 -0.342421
150000 -0.340316
160000 -0.337662
170000 -0.334717
180000 -0.33167
190000 -0.329446
200000 -0.326811
210000 -0.324376
220000 -0.321534
230000 -0.318869
240000 -0.31634
250000 -0.313829
260000 -0.311517
270000 -0.309546
280000 -0.307537
290000 -0.305672
300000 -0.303888
310000 -0.302056
320000 -0.300349
330000 -0.298612
340000 -0.296975
350000 -0.295502
360000 -0.293959
370000 -0.292526
380000 -0.291176
390000 -0.289929
400000 -0.288752
410000 -0.287563
420000 -0.286801
430000 -0.286251
440000 -0.28567
450000 -0.285061
460000 -0.284478
470000 -0.283847
480000 -0.283253
490000 -0.282653
500000 -0.281977
510000 -0.281338
520000 -0.28072
530000 -0.280078
540000 -0.279508
550000 -0.278875
560000 -0.278255
570000 -0.27757
580000 -0.276889
590000 -0.276248
600000 -0.275593
610000 -0.27486
620000 -0.274086
630000 -0.273401
640000 -0.272735
650000 -0.272159
660000 -0.271592
670000 -0.271054
680000 -0.270573
690000 -0.270054
700000 -0.269525
710000 -0.269507
720000 -0.269747
730000 -0.269934
740000 -0.270081
750000 -0.270205
760000 -0.270325
770000 -0.270439
780000 -0.270514
790000 -0.270565
800000 -0.270626
810000 -0.270668
820000 -0.270699
830000 -0.270727
840000 -0.270751
850000 -0.270778
860000 -0.270787
870000 -0.270748
880000 -0.270679
890000 -0.270605
900000 -0.270523
910000 -0.270427
920000 -0.270331
930000 -0.270217
940000 -0.270094
950000 -0.269971
960000 -0.269845
970000 -0.269709
980000 -0.269565
990000 -0.269401
