10000 -0.438619
20000 -0.422862
30000 -0.42803
40000 -0.419324
50000 -0.401186
60000 -0.39814
70000 -0.387994
80000 -0.362261
90000 -0.34291
100000 -0.322627
110000 -0.29486
120000 -0.295744
130000 -0.284402
140000 -0.266056
150000 -0.27253
160000 -0.261311
170000 -0.256327
180000 -0.252486
190000 -0.254379
200000 -0.252172
210000 -0.253312
220000 -0.251437
230000 -0.24886
240000 -0.245356
250000 -0.239822
260000 -0.232812
270000 -0.231805
280000 -0.237083
290000 -0.233499
300000 -0.223706
310000 -0.229158
320000 -0.225852
330000 -0.226668
340000 -0.214506
350000 -0.216747
360000 -0.211638
370000 -0.208906
380000 -0.212543
390000 -0.209382
400000 -0.208093
410000 -0.212407
420000 -0.211983
430000 -0.202909
440000 -0.201018
450000 -0.237957
460000 -0.225935
470000 -0.223545
480000 -0.223734
490000 -0.217714
500000 -0.219915
510000 -0.220116
520000 -0.21744
530000 -0.217417
540000 -0.217211
550000 -0.21447
560000 -0.212114
570000 -0.211631
580000 -0.211863
590000 -0.209809
600000 -0.215296
610000 -0.208753
620000 -0.211637
630000 -0.209888
640000 -0.211186
650000 -0.21263
660000 -0.21011
670000 -0.206951
680000 -0.208044
690000 -0.207125
700000 -0.206724
710000 -0.203427
720000 -0.206776
730000 -0.203681
740000 -0.204293
750000 -0.204204
760000 -0.207028
770000 -0.200798
780000 -0.203052
790000 -0.199639
800000 -0.217351
810000 -0.215765
820000 -0.215579
830000 -0.214978
840000 -0.214278
850000 -0.214553
860000 -0.212132
870000 -0.211061
880000 -0.210031
890000 -0.21093
900000 -0.209362
910000 -0.208824
920000 -0.207451
930000 -0.204915
940000 -0.205461
950000 -0.205053
960000 -0.20298
970000 -0.201758
980000 -0.201323
990000 -0.200891
