10000 0.507923
20000 0.509561
30000 0.519363
40000 0.507958
50000 0.491794
60000 0.474255
70000 0.453611
80000 0.431221
90000 0.410829
100000 0.390858
110000 0.380251
120000 0.369365
130000 0.356957
140000 0.344354
150000 0.330822
160000 0.317829
170000 0.306341
180000 0.298613
190000 0.288252
200000 0.275336
210000 0.262726
220000 0.258746
230000 0.25652
240000 0.253019
250000 0.248387
260000 0.24277
270000 0.2373
280000 0.234493
290000 0.229742
300000 0.222849
310000 0.215798
320000 0.209188
330000 0.202979
340000 0.197134
350000 0.209522
360000 0.218593
370000 0.224192
380000 0.226499
390000 0.225138
400000 0.220007
410000 0.214745
420000 0.221097
430000 0.229426
440000 0.237476
450000 0.244994
460000 0.251995
470000 0.258524
480000 0.26461
490000 0.270264
500000 0.275504
510000 0.280341
520000 0.284752
530000 0.288746
540000 0.292304
550000 0.295408
560000 0.29803
570000 0.300112
580000 0.301851
590000 0.303385
600000 0.304765
610000 0.305957
620000 0.306976
630000 0.307841
640000 0.308564
650000 0.309122
660000 0.309558
670000 0.309868
680000 0.310057
690000 0.310128
700000 0.310091
710000 0.309944
720000 0.309664
730000 0.309325
740000 0.308891
750000 0.308376
760000 0.307771
770000 0.307088
780000 0.306314
790000 0.305468
800000 0.30456
810000 0.30357
820000 0.302512
830000 0.301388
840000 0.300186
850000 0.298912
860000 0.297554
870000 0.296121
880000 0.294618
890000 0.293044
900000 0.29139
910000 0.289643
920000 0.287807
930000 0.285884
940000 0.283855
950000 0.281719
960000 0.279458
970000 0.27706
980000 0.274533
990000 0.271877
