10000 0.407997
20000 0.392708
30000 0.493983
40000 0.520947
50000 0.524463
60000 0.518137
70000 0.506822
80000 0.493708
90000 0.479611
100000 0.465057
110000 0.45186
120000 0.439472
130000 0.427337
140000 0.415302
150000 0.403914
160000 0.393332
170000 0.383806
180000 0.374109
190000 0.36378
200000 0.354567
210000 0.345347
220000 0.336288
230000 0.327373
240000 0.318648
250000 0.310146
260000 0.301906
270000 0.293898
280000 0.286096
290000 0.278458
300000 0.271009
310000 0.263757
320000 0.256775
330000 0.249805
340000 0.242867
350000 0.236236
360000 0.230267
370000 0.224592
380000 0.21919
390000 0.21405
400000 0.209137
410000 0.204443
420000 0.199951
430000 0.19563
440000 0.191516
450000 0.187562
460000 0.183738
470000 0.180035
480000 0.176473
490000 0.173038
500000 0.169737
510000 0.166564
520000 0.163512
530000 0.16057
540000 0.157738
550000 0.155006
560000 0.152371
570000 0.149826
580000 0.147368
590000 0.14499
600000 0.14269
610000 0.140464
620000 0.138309
630000 0.13622
640000 0.134194
650000 0.132231
660000 0.130327
670000 0.128476
680000 0.126678
690000 0.124932
700000 0.123234
710000 0.121582
720000 0.119975
730000 0.11841
740000 0.116888
750000 0.115405
760000 0.113962
770000 0.112555
780000 0.111182
790000 0.109843
800000 0.108537
810000 0.107261
820000 0.106015
830000 0.104799
840000 0.103611
850000 0.10245
860000 0.101315
870000 0.100206
880000 0.0991207
890000 0.0980584
900000 0.0970184
910000 0.0959987
920000 0.0949994
930000 0.0940203
940000 0.093061
950000 0.0921215
960000 0.0912006
970000 0.0902985
980000 0.0894148
990000 0.088548
