10000 0.52033
20000 0.344025
30000 0.276504
40000 0.261213
50000 0.242761
60000 0.22792
70000 0.216084
80000 0.20802
90000 0.203078
100000 0.197499
110000 0.190304
120000 0.181986
130000 0.177431
140000 0.172228
150000 0.165986
160000 0.165077
170000 0.168219
180000 0.170076
190000 0.171089
200000 0.173593
210000 0.193077
220000 0.209354
230000 0.222769
240000 0.233911
250000 0.243097
260000 0.250851
270000 0.257245
280000 0.262505
290000 0.266813
300000 0.270346
310000 0.273293
320000 0.275622
330000 0.278034
340000 0.280102
350000 0.281743
360000 0.282996
370000 0.283891
380000 0.284546
390000 0.284879
400000 0.284951
410000 0.285318
420000 0.285418
430000 0.285388
440000 0.285179
450000 0.284831
460000 0.284342
470000 0.283719
480000 0.282973
490000 0.282116
500000 0.281166
510000 0.280122
520000 0.279111
530000 0.278006
540000 0.276859
550000 0.275656
560000 0.27438
570000 0.273607
580000 0.274084
590000 0.274823
600000 0.275466
610000 0.275983
620000 0.276427
630000 0.276826
640000 0.277165
650000 0.277403
660000 0.277581
670000 0.277689
680000 0.277741
690000 0.277742
700000 0.277692
710000 0.277612
720000 0.277588
730000 0.277567
740000 0.277465
750000 0.277291
760000 0.277053
770000 0.276778
780000 0.276463
790000 0.276137
800000 0.275798
810000 0.275414
820000 0.274987
830000 0.274525
840000 0.27401
850000 0.273466
860000 0.272901
870000 0.272305
880000 0.271707
890000 0.271214
900000 0.270901
910000 0.270608
920000 0.270481
930000 0.27051
940000 0.270467
950000 0.270428
960000 0.270447
970000 0.270411
980000 0.270322
990000 0.270194
