10000 0.542347
20000 0.381847
30000 0.266486
40000 0.201503
50000 0.162379
60000 0.14165
70000 0.131181
80000 0.141988
90000 0.142115
100000 0.138581
110000 0.131894
120000 0.161301
130000 0.18257
140000 0.197932
150000 0.208987
160000 0.216751
170000 0.22199
180000 0.22527
190000 0.227031
200000 0.227547
210000 0.22697
220000 0.225454
230000 0.223122
240000 0.22
250000 0.216036
260000 0.211235
270000 0.205478
280000 0.202904
290000 0.209074
300000 0.21453
310000 0.219338
320000 0.223592
330000 0.227358
340000 0.230697
350000 0.233657
360000 0.236308
370000 0.238649
380000 0.240727
390000 0.242503
400000 0.244059
410000 0.245406
420000 0.24655
430000 0.247523
440000 0.248339
450000 0.249007
460000 0.249541
470000 0.24995
480000 0.250248
490000 0.250442
500000 0.250532
510000 0.250526
520000 0.250432
530000 0.250255
540000 0.249999
550000 0.249676
560000 0.24929
570000 0.248837
580000 0.248324
590000 0.247756
600000 0.247137
610000 0.246465
620000 0.245745
630000 0.244977
640000 0.244163
650000 0.243302
660000 0.242398
670000 0.241454
680000 0.240471
690000 0.239445
700000 0.238373
710000 0.237265
720000 0.23612
730000 0.234939
740000 0.233722
750000 0.232471
760000 0.231186
770000 0.229865
780000 0.228507
790000 0.227107
800000 0.225667
810000 0.224189
820000 0.222665
830000 0.221098
840000 0.219487
850000 0.21783
860000 0.216122
870000 0.214368
880000 0.212568
890000 0.210713
900000 0.208789
910000 0.206797
920000 0.204731
930000 0.202599
940000 0.2005
950000 0.198445
960000 0.196433
970000 0.194463
980000 0.192532
990000 0.190641
