10000 0.421523
20000 0.423642
30000 0.421934
40000 0.401053
50000 0.346647
60000 0.315303
70000 0.308458
80000 0.293996
90000 0.278971
100000 0.264128
110000 0.24366
120000 0.225404
130000 0.210719
140000 0.1964
150000 0.183757
160000 0.172661
170000 0.162852
180000 0.154121
190000 0.146301
200000 0.139258
210000 0.135089
220000 0.139474
230000 0.140207
240000 0.136682
250000 0.131432
260000 0.126584
270000 0.122093
280000 0.117922
290000 0.114036
300000 0.11041
310000 0.107016
320000 0.103834
330000 0.100844
340000 0.0980303
350000 0.0953761
360000 0.0928694
370000 0.0904979
380000 0.0882509
390000 0.0861188
400000 0.0840932
410000 0.0821664
420000 0.0802289
430000 0.0784848
440000 0.0768188
450000 0.0752265
460000 0.073702
470000 0.0722423
480000 0.070843
490000 0.0719438
500000 0.0826295
510000 0.0922605
520000 0.100971
530000 0.108872
540000 0.116031
550000 0.122521
560000 0.128391
570000 0.133748
580000 0.138615
590000 0.143002
600000 0.146942
610000 0.150464
620000 0.153619
630000 0.156432
640000 0.158909
650000 0.161092
660000 0.16299
670000 0.164608
680000 0.165957
690000 0.167071
700000 0.167938
710000 0.168595
720000 0.169043
730000 0.169269
740000 0.169283
750000 0.169081
760000 0.168667
770000 0.168049
780000 0.167228
790000 0.166193
800000 0.1649
810000 0.163316
820000 0.161436
830000 0.15955
840000 0.157708
850000 0.15591
860000 0.154154
870000 0.152438
880000 0.150761
890000 0.149121
900000 0.147518
910000 0.14595
920000 0.144417
930000 0.142916
940000 0.141447
950000 0.140009
960000 0.138602
970000 0.137223
980000 0.135872
990000 0.134549
