10000 0.55357
20000 0.527692
30000 0.512999
40000 0.483821
50000 0.447317
60000 0.414488
70000 0.398846
80000 0.388157
90000 0.377602
100000 0.36707
110000 0.355099
120000 0.344441
130000 0.332968
140000 0.325668
150000 0.318024
160000 0.310174
170000 0.302669
180000 0.295445
190000 0.289478
200000 0.283445
210000 0.277201
220000 0.271084
230000 0.268554
240000 0.266083
250000 0.264306
260000 0.262727
270000 0.260873
280000 0.259414
290000 0.258073
300000 0.256695
310000 0.254948
320000 0.253098
330000 0.251172
340000 0.249119
350000 0.247084
360000 0.244964
370000 0.242746
380000 0.240452
390000 0.238142
400000 0.235782
410000 0.233466
420000 0.231113
430000 0.228814
440000 0.226505
450000 0.224213
460000 0.221973
470000 0.219823
480000 0.217707
490000 0.215625
500000 0.213589
510000 0.211591
520000 0.209637
530000 0.207723
540000 0.205846
550000 0.204006
560000 0.202193
570000 0.200422
580000 0.198689
590000 0.196985
600000 0.196435
610000 0.196108
620000 0.195692
630000 0.19521
640000 0.194686
650000 0.194083
660000 0.193406
670000 0.192656
680000 0.191859
690000 0.191028
700000 0.190159
710000 0.189253
720000 0.188313
730000 0.18735
740000 0.186376
750000 0.185381
760000 0.184367
770000 0.183332
780000 0.182266
790000 0.181193
800000 0.180166
810000 0.179256
820000 0.178597
830000 0.178399
840000 0.17815
850000 0.17785
860000 0.177511
870000 0.177128
880000 0.176718
890000 0.176278
900000 0.175802
910000 0.175309
920000 0.174792
930000 0.174247
940000 0.173687
950000 0.173095
960000 0.172487
970000 0.171859
980000 0.171172
990000 0.170502
