10000 0.283132
20000 0.244055
30000 0.36121
40000 0.345123
50000 0.326297
60000 0.307501
70000 0.269645
80000 0.238857
90000 0.200783
100000 0.149462
110000 0.0891907
120000 0.0339145
130000 0.00417137
140000 0.00417137
150000 0.00417137
160000 0.00417137
170000 0.00417137
180000 0.0202409
190000 0.00417137
200000 0.00417137
210000 0.00417137
220000 0.00417137
230000 0.00417137
240000 0.00417137
250000 0.21827
260000 0.178636
270000 0.13833
280000 0.0868533
290000 0.017102
300000 0.00417137
310000 0.00417137
320000 0.00417137
330000 0.00417137
340000 0.203294
350000 0.177372
360000 0.151448
370000 0.122034
380000 0.0944315
390000 0.0490735
400000 0.0158717
410000 0.00417137
420000 0.00417137
430000 0.00417137
440000 0.00417137
450000 0.00417137
460000 0.00417137
470000 0.00417137
480000 0.00417137
490000 0.00417137
500000 0.00417137
510000 0.00417137
520000 0.00417137
530000 0.00417137
540000 0.00417137
550000 0.00417137
560000 0.00417137
570000 0.00417137
580000 0.00417137
590000 0.00417137
600000 0.00417137
610000 0.00417137
620000 0.00417137
630000 0.00417137
640000 0.00417137
650000 0.416713
660000 0.370962
670000 0.336272
680000 0.309139
690000 0.280034
700000 0.25354
710000 0.226322
720000 0.198267
730000 0.170831
740000 0.138805
750000 0.103676
760000 0.0625029
770000 0.0101938
780000 0.00417137
790000 0.00956234
800000 0.00417137
810000 0.24969
820000 0.229247
830000 0.208543
840000 0.401357
850000 0.394939
860000 0.38802
870000 0.381183
880000 0.373474
890000 0.366619
900000 0.359028
910000 0.351949
920000 0.344016
930000 0.335278
940000 0.3266
950000 0.317427
960000 0.307928
970000 0.295758
980000 0.284618
990000 0.273852
