10000 -0.559252
20000 -0.533423
30000 -0.59421
40000 -0.540317
50000 -0.579403
60000 -0.544806
70000 -0.584964
80000 -0.625809
90000 -0.53981
100000 -0.578192
110000 -0.560828
120000 -0.539821
130000 -0.615729
140000 -0.554341
150000 -0.551796
160000 -0.595076
170000 -0.553345
180000 -0.550371
190000 -0.538896
200000 -0.480085
210000 -0.577998
220000 -0.546446
230000 -0.520733
240000 -0.5343
250000 -0.483343
260000 -0.638236
270000 -0.545551
280000 -0.59703
290000 -0.574079
300000 -0.499323
310000 -0.585708
320000 -0.513397
330000 -0.56284
340000 -0.551938
350000 -0.5915
360000 -0.599324
370000 -0.571495
380000 -0.598622
390000 -0.53016
400000 -0.414091
410000 -0.541558
420000 -0.459936
430000 -0.590975
440000 -0.517178
450000 -0.515043
460000 -0.496494
470000 -0.602891
480000 -0.566954
490000 -0.593233
500000 -0.530028
510000 -0.516257
520000 -0.508746
530000 -0.53936
540000 -0.505866
550000 -0.583268
560000 -0.558377
570000 -0.503337
580000 -0.549357
590000 -0.55004
600000 -0.491669
610000 -0.556158
620000 -0.539135
630000 -0.550422
640000 -0.492498
650000 -0.537439
660000 -0.513778
670000 -0.424205
680000 -0.599743
690000 -0.498744
700000 -0.502253
710000 -0.549824
720000 -0.502236
730000 -0.533588
740000 -0.476731
750000 -0.485993
760000 -0.589008
770000 -0.526598
780000 -0.518588
790000 -0.501674
800000 -0.567431
810000 -0.492416
820000 -0.510443
830000 -0.518125
840000 -0.502523
850000 -0.524659
860000 -0.424301
870000 -0.505479
880000 -0.5396
890000 -0.545091
900000 -0.562028
910000 -0.484699
920000 -0.590827
930000 -0.528331
940000 -0.54608
950000 -0.455425
960000 -0.528024
970000 -0.500821
980000 -0.555029
990000 -0.496452
1000000 -0.549547
