10000 -0.507217
20000 -0.45843
30000 -0.55763
40000 -0.597166
50000 -0.648624
60000 -0.586986
70000 -0.501464
80000 -0.580579
90000 -0.509576
100000 -0.55088
110000 -0.546589
120000 -0.537293
130000 -0.555522
140000 -0.581569
150000 -0.498374
160000 -0.536704
170000 -0.572158
180000 -0.503178
190000 -0.590794
200000 -0.468123
210000 -0.60423
220000 -0.480785
230000 -0.632318
240000 -0.547682
250000 -0.608648
260000 -0.55615
270000 -0.538489
280000 -0.482055
290000 -0.639856
300000 -0.480604
310000 -0.524878
320000 -0.524118
330000 -0.46948
340000 -0.441533
350000 -0.530676
360000 -0.475958
370000 -0.554509
380000 -0.489979
390000 -0.460018
400000 -0.619734
410000 -0.585189
420000 -0.56557
430000 -0.528823
440000 -0.441337
450000 -0.563677
460000 -0.509713
470000 -0.532322
480000 -0.483833
490000 -0.473216
500000 -0.525156
510000 -0.527864
520000 -0.542644
530000 -0.57084
540000 -0.561476
550000 -0.536882
560000 -0.484728
570000 -0.531217
580000 -0.446594
590000 -0.621778
600000 -0.587519
610000 -0.565622
620000 -0.475256
630000 -0.523747
640000 -0.546085
650000 -0.511177
660000 -0.535805
670000 -0.561403
680000 -0.501547
690000 -0.538853
700000 -0.480873
710000 -0.588484
720000 -0.546024
730000 -0.526525
740000 -0.620002
750000 -0.471707
760000 -0.534964
770000 -0.567415
780000 -0.589902
790000 -0.503042
800000 -0.583479
810000 -0.51841
820000 -0.538698
830000 -0.592445
840000 -0.549769
850000 -0.610335
860000 -0.536298
870000 -0.581094
880000 -0.546248
890000 -0.580321
900000 -0.565125
910000 -0.537059
920000 -0.527644
930000 -0.539824
940000 -0.483579
950000 -0.600791
960000 -0.471836
970000 -0.511737
980000 -0.556237
990000 -0.500542
1000000 -0.521588
