10000 -0.511308
20000 -0.609842
30000 -0.501053
40000 -0.59398
50000 -0.587776
60000 -0.540377
70000 -0.567648
80000 -0.580389
90000 -0.557234
100000 -0.507572
110000 -0.563931
120000 -0.510083
130000 -0.475762
140000 -0.600263
150000 -0.472979
160000 -0.531019
170000 -0.521753
180000 -0.580291
190000 -0.573885
200000 -0.610546
210000 -0.576629
220000 -0.587307
230000 -0.600885
240000 -0.571206
250000 -0.580936
260000 -0.585618
270000 -0.541744
280000 -0.545095
290000 -0.579748
300000 -0.455482
310000 -0.57719
320000 -0.606134
330000 -0.555997
340000 -0.656335
350000 -0.519416
360000 -0.547462
370000 -0.49444
380000 -0.59165
390000 -0.560193
400000 -0.569449
410000 -0.592191
420000 -0.54496
430000 -0.505246
440000 -0.508644
450000 -0.541133
460000 -0.577058
470000 -0.551429
480000 -0.610483
490000 -0.576764
500000 -0.576969
510000 -0.508019
520000 -0.499472
530000 -0.419654
540000 -0.549329
550000 -0.468435
560000 -0.535892
570000 -0.530462
580000 -0.543012
590000 -0.534378
600000 -0.544885
610000 -0.593557
620000 -0.455884
630000 -0.480378
640000 -0.534338
650000 -0.429179
660000 -0.515217
670000 -0.518361
680000 -0.481747
690000 -0.415764
700000 -0.444766
710000 -0.480355
720000 -0.491688
730000 -0.46067
740000 -0.550004
750000 -0.522328
760000 -0.417977
770000 -0.5824
780000 -0.521638
790000 -0.518627
800000 -0.484091
810000 -0.589164
820000 -0.485594
830000 -0.496762
840000 -0.516994
850000 -0.520103
860000 -0.526898
870000 -0.566873
880000 -0.535411
890000 -0.621759
900000 -0.453552
910000 -0.524238
920000 -0.513868
930000 -0.489792
940000 -0.51093
950000 -0.546857
960000 -0.618399
970000 -0.568607
980000 -0.49146
990000 -0.591518
1000000 -0.56567
