10000 -0.56167
20000 -0.575802
30000 -0.6038
40000 -0.521639
50000 -0.567408
60000 -0.606019
70000 -0.561824
80000 -0.504124
90000 -0.538738
100000 -0.540411
110000 -0.525758
120000 -0.628484
130000 -0.623068
140000 -0.472729
150000 -0.555927
160000 -0.490355
170000 -0.482432
180000 -0.575987
190000 -0.57546
200000 -0.557408
210000 -0.459574
220000 -0.502299
230000 -0.623725
240000 -0.635961
250000 -0.531393
260000 -0.550933
270000 -0.545937
280000 -0.491883
290000 -0.559332
300000 -0.614733
310000 -0.490531
320000 -0.552552
330000 -0.612498
340000 -0.556732
350000 -0.56761
360000 -0.499128
370000 -0.565242
380000 -0.537456
390000 -0.579877
400000 -0.520996
410000 -0.481524
420000 -0.48994
430000 -0.629478
440000 -0.582101
450000 -0.596069
460000 -0.548056
470000 -0.451083
480000 -0.421552
490000 -0.615565
500000 -0.514175
510000 -0.545778
520000 -0.541569
530000 -0.4318
540000 -0.584565
550000 -0.604573
560000 -0.608367
570000 -0.566367
580000 -0.561508
590000 -0.645778
600000 -0.568872
610000 -0.523135
620000 -0.515019
630000 -0.452569
640000 -0.542658
650000 -0.544132
660000 -0.499681
670000 -0.56876
680000 -0.587948
690000 -0.560297
700000 -0.57839
710000 -0.594407
720000 -0.517233
730000 -0.523569
740000 -0.474602
750000 -0.584094
760000 -0.5534
770000 -0.574589
780000 -0.567471
790000 -0.524046
800000 -0.483426
810000 -0.493966
820000 -0.510923
830000 -0.457861
840000 -0.504673
850000 -0.498977
860000 -0.441558
870000 -0.500406
880000 -0.467136
890000 -0.579646
900000 -0.470656
910000 -0.523207
920000 -0.390012
930000 -0.536831
940000 -0.458198
950000 -0.454029
960000 -0.550718
970000 -0.564336
980000 -0.547871
990000 -0.574567
1000000 -0.516034
