10000 0.86
20000 0.76274
30000 1.14203
40000 0.810627
50000 0.726002
60000 0.826159
70000 0.389182
80000 0.734897
90000 0.601732
100000 0.895533
110000 0.499081
120000 0.462797
130000 0.629842
140000 0.609052
150000 0.774391
160000 0.617161
170000 0.483168
180000 0.483168
190000 0.661158
200000 0.543398
210000 0.825728
220000 0.526419
230000 0.370792
240000 0.710859
250000 0.548209
260000 0.0135151
270000 0.0135151
280000 0.0135151
290000 0.0135151
300000 0.0135151
310000 0.0135151
320000 0.0135151
330000 0.0135151
340000 0.0135151
350000 0.0135151
360000 0.0135151
370000 0.0135151
380000 0.0135151
390000 0.0135151
400000 0.0135151
410000 0.421468
420000 0.0135151
430000 0.0135151
440000 0.0135151
450000 0.0135151
460000 0.0135151
470000 0.0135151
480000 0.0135151
490000 0.0135151
500000 0.0135151
510000 0.0135151
520000 0.0135151
530000 0.0135151
540000 0.0135151
550000 0.0135151
560000 0.0135151
570000 0.0135151
580000 0.0135151
590000 0.0135151
600000 0.0135151
610000 0.0135151
620000 0.0135151
630000 0.0135151
640000 0.0135151
650000 0.0135151
660000 0.0135151
670000 0.0135151
680000 0.0135151
690000 0.0135151
700000 0.0135151
710000 0.0135151
720000 0.0135151
730000 0.0135151
740000 0.0135151
750000 0.0135151
760000 0.0135151
770000 0.0135151
780000 0.0135151
790000 0.0135151
800000 0.0135151
810000 0.0135151
820000 0.0135151
830000 0.0135151
840000 0.0135151
850000 0.0135151
860000 0.0135151
870000 0.0135151
880000 0.0135151
890000 0.0135151
900000 0.0135151
910000 0.0135151
920000 0.0135151
930000 0.0135151
940000 0.0135151
950000 0.0135151
960000 0.0135151
970000 0.0135151
980000 0.0135151
990000 0.0135151
1000000 0.0135151
