10000 1.05305
20000 0.844714
30000 0.498282
40000 1.15585
50000 0.681679
60000 0.645476
70000 0.630636
80000 1.15168
90000 1.18779
100000 0.786141
110000 0.756229
120000 0.57126
130000 0.610597
140000 0.737906
150000 0.640983
160000 0.548108
170000 0.782143
180000 1.2426
190000 0.443858
200000 0.475341
210000 1.16281
220000 0.329309
230000 1.08672
240000 0.981846
250000 0.628284
260000 0.547056
270000 0.0135151
280000 0.0135151
290000 0.0135151
300000 0.0135151
310000 0.0135151
320000 0.0135151
330000 0.0135151
340000 0.0135151
350000 0.0135151
360000 0.0135151
370000 0.0135151
380000 0.0135151
390000 0.0135151
400000 0.0135151
410000 0.0135151
420000 0.0135151
430000 0.0135151
440000 0.0135151
450000 0.0135151
460000 0.0135151
470000 0.0135151
480000 0.0135151
490000 0.0135151
500000 0.0135151
510000 0.0135151
520000 0.0135151
530000 0.0135151
540000 0.0135151
550000 0.0135151
560000 0.0135151
570000 0.0135151
580000 0.0135151
590000 0.0135151
600000 0.0135151
610000 0.0135151
620000 0.0135151
630000 0.0135151
640000 0.0135151
650000 0.0135151
660000 0.0135151
670000 0.0135151
680000 0.0135151
690000 0.0135151
700000 0.0135151
710000 0.0135151
720000 0.0135151
730000 0.0135151
740000 0.0135151
750000 0.0135151
760000 0.0135151
770000 0.0135151
780000 0.0135151
790000 0.0135151
800000 0.0135151
810000 0.0135151
820000 0.0135151
830000 0.0135151
840000 0.0135151
850000 0.0135151
860000 0.0135151
870000 0.0135151
880000 0.0135151
890000 0.0135151
900000 0.0135151
910000 0.0135151
920000 0.0135151
930000 0.0135151
940000 0.0135151
950000 0.0135151
960000 0.0135151
970000 0.0135151
980000 0.0135151
990000 0.0135151
1000000 0.0135151
