10000 -0.595178
20000 -0.442514
30000 -0.554465
40000 -0.528997
50000 -0.438112
60000 -0.468685
70000 -0.578488
80000 -0.608501
90000 -0.59555
100000 -0.581217
110000 -0.455625
120000 -0.607194
130000 -0.46112
140000 -0.587306
150000 -0.467355
160000 -0.488453
170000 -0.474872
180000 -0.502932
190000 -0.60658
200000 -0.627191
210000 -0.443464
220000 -0.482888
230000 -0.619842
240000 -0.449499
250000 -0.436794
260000 -0.618838
270000 -0.426947
280000 -0.446533
290000 -0.584285
300000 -0.459115
310000 -0.451624
320000 -0.599644
330000 -0.560622
340000 -0.524803
350000 -0.43969
360000 -0.495551
370000 -0.474526
380000 -0.413065
390000 -0.579538
400000 -0.477865
410000 -0.439602
420000 -0.46047
430000 -0.438508
440000 -0.492907
450000 -0.487039
460000 -0.569701
470000 -0.448508
480000 -0.447065
490000 -0.46515
500000 -0.436558
510000 -0.447208
520000 -0.488348
530000 -0.472751
540000 -0.557208
550000 -0.474766
560000 -0.462407
570000 -0.41366
580000 -0.462951
590000 -0.457904
600000 -0.608113
610000 -0.482223
620000 -0.409737
630000 -0.494727
640000 -0.557875
650000 -0.617754
660000 -0.636113
670000 -0.482252
680000 -0.615559
690000 -0.612935
700000 -0.431296
710000 -0.463909
720000 -0.600534
730000 -0.488428
740000 -0.453199
750000 -0.546305
760000 -0.601513
770000 -0.569513
780000 -0.55725
790000 -0.473296
800000 -0.48403
810000 -0.494108
820000 -0.619093
830000 -0.450593
840000 -0.603719
850000 -0.609359
860000 -0.602414
870000 -0.484712
880000 -0.451375
890000 -0.538135
900000 -0.592714
910000 -0.616824
920000 -0.459312
930000 -0.495023
940000 -0.468318
950000 -0.601804
960000 -0.425439
970000 -0.459305
980000 -0.573487
990000 -0.607672
1000000 -0.596571
