10000 -0.548432
20000 -0.571004
30000 -0.454473
40000 -0.483477
50000 -0.443635
60000 -0.457142
70000 -0.6396
80000 -0.462859
90000 -0.568502
100000 -0.544838
110000 -0.441897
120000 -0.466601
130000 -0.476471
140000 -0.486168
150000 -0.468683
160000 -0.62004
170000 -0.61411
180000 -0.587484
190000 -0.465943
200000 -0.636428
210000 -0.593035
220000 -0.493052
230000 -0.450046
240000 -0.43178
250000 -0.541409
260000 -0.443899
270000 -0.580511
280000 -0.62139
290000 -0.467143
300000 -0.597937
310000 -0.614778
320000 -0.427331
330000 -0.460225
340000 -0.565678
350000 -0.606388
360000 -0.448603
370000 -0.47816
380000 -0.453755
390000 -0.621536
400000 -0.438604
410000 -0.470187
420000 -0.530413
430000 -0.570092
440000 -0.462037
450000 -0.559754
460000 -0.476164
470000 -0.468932
480000 -0.472709
490000 -0.633054
500000 -0.449123
510000 -0.466322
520000 -0.544573
530000 -0.541158
540000 -0.421038
550000 -0.595754
560000 -0.593248
570000 -0.620852
580000 -0.47095
590000 -0.461431
600000 -0.463516
610000 -0.640848
620000 -0.625345
630000 -0.477154
640000 -0.606706
650000 -0.439698
660000 -0.456308
670000 -0.485278
680000 -0.59798
690000 -0.592486
700000 -0.602908
710000 -0.450678
720000 -0.529702
730000 -0.633117
740000 -0.605516
750000 -0.616839
760000 -0.62068
770000 -0.601756
780000 -0.443003
790000 -0.592527
800000 -0.479625
810000 -0.4843
820000 -0.569939
830000 -0.425366
840000 -0.638221
850000 -0.473529
860000 -0.449708
870000 -0.468299
880000 -0.621431
890000 -0.606151
900000 -0.617748
910000 -0.481277
920000 -0.443958
930000 -0.461409
940000 -0.457633
950000 -0.450902
960000 -0.451614
970000 -0.503113
980000 -0.476168
990000 -0.618807
1000000 -0.473458
