10000 -0.476248
20000 -0.616151
30000 -0.482406
40000 -0.40574
50000 -0.607846
60000 -0.43617
70000 -0.527673
80000 -0.536162
90000 -0.54879
100000 -0.461139
110000 -0.464348
120000 -0.451547
130000 -0.450841
140000 -0.457164
150000 -0.431494
160000 -0.461925
170000 -0.488375
180000 -0.474863
190000 -0.447392
200000 -0.586295
210000 -0.596111
220000 -0.571869
230000 -0.56445
240000 -0.61923
250000 -0.497419
260000 -0.468314
270000 -0.544909
280000 -0.584877
290000 -0.565324
300000 -0.620004
310000 -0.455621
320000 -0.38946
330000 -0.602147
340000 -0.583872
350000 -0.613964
360000 -0.439321
370000 -0.560473
380000 -0.445848
390000 -0.578148
400000 -0.55466
410000 -0.404
420000 -0.474385
430000 -0.469396
440000 -0.526423
450000 -0.620179
460000 -0.625517
470000 -0.622302
480000 -0.620603
490000 -0.615844
500000 -0.480426
510000 -0.453417
520000 -0.436452
530000 -0.442415
540000 -0.629127
550000 -0.637613
560000 -0.472046
570000 -0.547548
580000 -0.571892
590000 -0.47657
600000 -0.617557
610000 -0.4688
620000 -0.456944
630000 -0.419016
640000 -0.59084
650000 -0.475596
660000 -0.628009
670000 -0.578985
680000 -0.562907
690000 -0.431762
700000 -0.58311
710000 -0.585843
720000 -0.468073
730000 -0.475588
740000 -0.560899
750000 -0.489722
760000 -0.541129
770000 -0.599535
780000 -0.47253
790000 -0.46971
800000 -0.465525
810000 -0.46054
820000 -0.611654
830000 -0.431453
840000 -0.565863
850000 -0.446143
860000 -0.478245
870000 -0.479091
880000 -0.608213
890000 -0.477344
900000 -0.459674
910000 -0.576125
920000 -0.628075
930000 -0.57587
940000 -0.644138
950000 -0.540474
960000 -0.481126
970000 -0.469419
980000 -0.4649
990000 -0.459254
1000000 -0.486413
