10000 -0.560805
20000 -0.592363
30000 -0.48202
40000 -0.439598
50000 -0.555178
60000 -0.544124
70000 -0.565364
80000 -0.591227
90000 -0.573601
100000 -0.46267
110000 -0.615696
120000 -0.559904
130000 -0.478463
140000 -0.586119
150000 -0.465537
160000 -0.569556
170000 -0.414606
180000 -0.615671
190000 -0.436403
200000 -0.530041
210000 -0.520538
220000 -0.613962
230000 -0.558582
240000 -0.574502
250000 -0.603442
260000 -0.45198
270000 -0.583711
280000 -0.431037
290000 -0.634035
300000 -0.579711
310000 -0.452773
320000 -0.472247
330000 -0.494526
340000 -0.59433
350000 -0.444222
360000 -0.446144
370000 -0.603638
380000 -0.434984
390000 -0.603087
400000 -0.640193
410000 -0.425244
420000 -0.493196
430000 -0.40823
440000 -0.424922
450000 -0.443445
460000 -0.486737
470000 -0.581894
480000 -0.587033
490000 -0.53807
500000 -0.612221
510000 -0.478045
520000 -0.413564
530000 -0.550129
540000 -0.570433
550000 -0.625792
560000 -0.441432
570000 -0.462461
580000 -0.574761
590000 -0.555145
600000 -0.616393
610000 -0.455899
620000 -0.596533
630000 -0.61837
640000 -0.563626
650000 -0.434251
660000 -0.462096
670000 -0.544494
680000 -0.468741
690000 -0.488116
700000 -0.61346
710000 -0.463583
720000 -0.473078
730000 -0.601102
740000 -0.463497
750000 -0.450482
760000 -0.623693
770000 -0.447987
780000 -0.485575
790000 -0.553787
800000 -0.598779
810000 -0.599973
820000 -0.408466
830000 -0.462911
840000 -0.473016
850000 -0.466425
860000 -0.605489
870000 -0.577109
880000 -0.437044
890000 -0.381032
900000 -0.61349
910000 -0.431721
920000 -0.618127
930000 -0.431369
940000 -0.46387
950000 -0.467031
960000 -0.486451
970000 -0.479076
980000 -0.46299
990000 -0.607523
1000000 -0.470981
