10000 0.655183
20000 1.05874
30000 0.65231
40000 0.654055
50000 0.489078
60000 0.640406
70000 0.836589
80000 0.580676
90000 0.803457
100000 0.946463
110000 0.617944
120000 1.08084
130000 0.65357
140000 0.959425
150000 0.638388
160000 1.18211
170000 0.90007
180000 1.12747
190000 1.13648
200000 0.803527
210000 0.87721
220000 0.941609
230000 0.82519
240000 1.05895
250000 0.901315
260000 0.537199
270000 1.20764
280000 1.10822
290000 1.20681
300000 1.08194
310000 0.911715
320000 0.883061
330000 1.0191
340000 0.57656
350000 0.807846
360000 1.07414
370000 0.767035
380000 0.92002
390000 0.860067
400000 0.888893
410000 0.836083
420000 1.01168
430000 0.559365
440000 0.830913
450000 0.651733
460000 0.823273
470000 0.894349
480000 0.808781
490000 0.77608
500000 0.862608
510000 1.24837
520000 0.421807
530000 0.996434
540000 1.09702
550000 0.552572
560000 0.949146
570000 0.825755
580000 0.801562
590000 1.07621
600000 1.18345
610000 0.766584
620000 0.945985
630000 1.22362
640000 0.651029
650000 0.358945
660000 0.844134
670000 0.829186
680000 0.957638
690000 0.598097
700000 1.12662
710000 0.794599
720000 0.532233
730000 1.15182
740000 1.02334
750000 0.654363
760000 0.855493
770000 0.554792
780000 0.792203
790000 0.605916
800000 0.826279
810000 0.978287
820000 0.937275
830000 0.711161
840000 0.553037
850000 0.489725
860000 1.04767
870000 0.829051
880000 1.08148
890000 0.913147
900000 1.20092
910000 0.416879
920000 0.458605
930000 0.832445
940000 0.606005
950000 0.808695
960000 0.858625
970000 0.769452
980000 0.577362
990000 0.728234
1000000 0.829353
