10000 0.984256
20000 1.09312
30000 0.784145
40000 1.00495
50000 1.0995
60000 0.816351
70000 1.04301
80000 0.89376
90000 0.859948
100000 0.839073
110000 0.522231
120000 1.02695
130000 1.12296
140000 1.03834
150000 0.807543
160000 1.07612
170000 1.20366
180000 0.633197
190000 0.882928
200000 1.18732
210000 0.922296
220000 1.22249
230000 1.0122
240000 0.654723
250000 0.896816
260000 1.06288
270000 0.753892
280000 0.910155
290000 0.801749
300000 0.918082
310000 0.999624
320000 0.700497
330000 1.09565
340000 1.23714
350000 1.00159
360000 0.621384
370000 0.88328
380000 1.05168
390000 0.964346
400000 1.09304
410000 0.802495
420000 1.26123
430000 0.926586
440000 0.857311
450000 0.827136
460000 0.581292
470000 1.08023
480000 0.988195
490000 0.686876
500000 0.483962
510000 0.710125
520000 0.741937
530000 0.758539
540000 0.898404
550000 0.804593
560000 0.739905
570000 1.17477
580000 0.729943
590000 1.08838
600000 0.556412
610000 0.499194
620000 0.910702
630000 0.250388
640000 1.09287
650000 1.28892
660000 1.19314
670000 0.673727
680000 0.603679
690000 0.859345
700000 0.998588
710000 0.896259
720000 0.878238
730000 0.455804
740000 1.11446
750000 0.615634
760000 0.612013
770000 0.725301
780000 0.903118
790000 0.696073
800000 1.00807
810000 0.839674
820000 0.98885
830000 1.10452
840000 0.68649
850000 0.800331
860000 1.07367
870000 1.05511
880000 1.00853
890000 0.781544
900000 0.855136
910000 0.962093
920000 0.991509
930000 1.06952
940000 1.31281
950000 0.964351
960000 1.07477
970000 0.835256
980000 0.640803
990000 1.03305
1000000 0.713372
