10000 0.855786
20000 0.789548
30000 1.14886
40000 1.09144
50000 1.20114
60000 1.1334
70000 1.1084
80000 0.99426
90000 0.772201
100000 1.03696
110000 0.479373
120000 1.01123
130000 0.679268
140000 1.1887
150000 0.841419
160000 0.358244
170000 0.656164
180000 0.822204
190000 0.720574
200000 0.871129
210000 0.971616
220000 0.652052
230000 1.23795
240000 0.725102
250000 0.954097
260000 1.12922
270000 0.735768
280000 1.26049
290000 0.86282
300000 1.06306
310000 0.451524
320000 0.926181
330000 1.12882
340000 0.455519
350000 0.932642
360000 0.790914
370000 0.573819
380000 1.2669
390000 0.899145
400000 1.02928
410000 0.952915
420000 0.854978
430000 0.867618
440000 0.964076
450000 1.20456
460000 1.07437
470000 1.29201
480000 1.07907
490000 0.614524
500000 0.78623
510000 0.802984
520000 1.00293
530000 0.898361
540000 0.706099
550000 0.637762
560000 0.804593
570000 1.12648
580000 0.757975
590000 0.696919
600000 1.22178
610000 0.263622
620000 0.768471
630000 0.921778
640000 1.1119
650000 0.913376
660000 0.991821
670000 0.650567
680000 0.631001
690000 1.13688
700000 1.09663
710000 0.946445
720000 1.14505
730000 0.859032
740000 0.907138
750000 0.709789
760000 0.964257
770000 0.731566
780000 0.938696
790000 0.549279
800000 0.668436
810000 1.0766
820000 0.836218
830000 0.611871
840000 0.523723
850000 0.859833
860000 1.15568
870000 0.692358
880000 0.599004
890000 0.252172
900000 1.13331
910000 0.80623
920000 0.744432
930000 1.04631
940000 0.302662
950000 1.27062
960000 0.780411
970000 1.12939
980000 0.856627
990000 0.50348
1000000 1.06911
