10000 0.833025
20000 1.20796
30000 0.767417
40000 0.510002
50000 0.761274
60000 0.629823
70000 0.943449
80000 0.98697
90000 0.803894
100000 1.16689
110000 0.946644
120000 0.725569
130000 0.91331
140000 0.848754
150000 1.2342
160000 0.540281
170000 0.99069
180000 0.968403
190000 0.722518
200000 1.1936
210000 1.03174
220000 0.64588
230000 0.980202
240000 0.962939
250000 0.866679
260000 0.384307
270000 1.08435
280000 0.876156
290000 0.973768
300000 1.24226
310000 0.673433
320000 0.761901
330000 0.900143
340000 0.732758
350000 1.13286
360000 1.09774
370000 1.01061
380000 0.2985
390000 0.824455
400000 0.662481
410000 0.74394
420000 0.820226
430000 0.710881
440000 0.958169
450000 0.729754
460000 1.03755
470000 0.976431
480000 1.26204
490000 0.908195
500000 0.848652
510000 0.65231
520000 0.773101
530000 0.897691
540000 0.942798
550000 0.991181
560000 0.908741
570000 1.00864
580000 0.531257
590000 0.884308
600000 1.02169
610000 0.789682
620000 0.542978
630000 1.01919
640000 0.858685
650000 0.937721
660000 0.853468
670000 0.891497
680000 1.00387
690000 1.25888
700000 0.842276
710000 0.764797
720000 1.04183
730000 0.408098
740000 0.601458
750000 0.841117
760000 1.03494
770000 0.979261
780000 0.516261
790000 0.942667
800000 1.03292
810000 0.766592
820000 0.843858
830000 0.826363
840000 0.945081
850000 1.30001
860000 0.840058
870000 0.772584
880000 0.65564
890000 0.971693
900000 0.975505
910000 1.07364
920000 0.649828
930000 1.11543
940000 0.424837
950000 0.577793
960000 1.34535
970000 0.652298
980000 0.704846
990000 1.07737
1000000 0.758429
