10000 -0.333891
20000 -0.361971
30000 -0.377721
40000 -0.386756
50000 -0.39299
60000 -0.397721
70000 -0.399556
80000 -0.399456
90000 -0.398348
100000 -0.396146
110000 -0.394188
120000 -0.392488
130000 -0.390626
140000 -0.388418
150000 -0.386854
160000 -0.384438
170000 -0.381808
180000 -0.378936
190000 -0.375366
200000 -0.371686
210000 -0.36815
220000 -0.364948
230000 -0.362368
240000 -0.359852
250000 -0.357378
260000 -0.354954
270000 -0.35261
280000 -0.350403
290000 -0.348505
300000 -0.346536
310000 -0.344544
320000 -0.342544
330000 -0.340563
340000 -0.338988
350000 -0.337338
360000 -0.335761
370000 -0.333987
380000 -0.332304
390000 -0.330652
400000 -0.329243
410000 -0.327717
420000 -0.326282
430000 -0.324803
440000 -0.323305
450000 -0.321824
460000 -0.32037
470000 -0.318871
480000 -0.317493
490000 -0.316179
500000 -0.315049
510000 -0.313781
520000 -0.312642
530000 -0.311448
540000 -0.310178
550000 -0.309266
560000 -0.308125
570000 -0.306912
580000 -0.305814
590000 -0.304582
600000 -0.303385
610000 -0.302159
620000 -0.30102
630000 -0.299903
640000 -0.298701
650000 -0.297627
660000 -0.296493
670000 -0.295357
680000 -0.294316
690000 -0.293289
700000 -0.292218
710000 -0.291243
720000 -0.290274
730000 -0.289284
740000 -0.288287
750000 -0.287365
760000 -0.286452
770000 -0.285562
780000 -0.284743
790000 -0.28392
800000 -0.283069
810000 -0.282217
820000 -0.281373
830000 -0.280534
840000 -0.279672
850000 -0.278975
860000 -0.278253
870000 -0.277746
880000 -0.277032
890000 -0.276413
900000 -0.275713
910000 -0.275039
920000 -0.274338
930000 -0.273665
940000 -0.273013
950000 -0.27238
960000 -0.27174
970000 -0.271092
980000 -0.270457
990000 -0.269864
