10000 -0.331016
20000 -0.363174
30000 -0.378765
40000 -0.388017
50000 -0.394599
60000 -0.397825
70000 -0.398883
80000 -0.398487
90000 -0.398004
100000 -0.396947
110000 -0.395613
120000 -0.39469
130000 -0.393071
140000 -0.390843
150000 -0.388426
160000 -0.386238
170000 -0.384144
180000 -0.381793
190000 -0.378795
200000 -0.375976
210000 -0.373074
220000 -0.370242
230000 -0.367186
240000 -0.36438
250000 -0.361669
260000 -0.358945
270000 -0.356233
280000 -0.353724
290000 -0.351409
300000 -0.349416
310000 -0.347134
320000 -0.344932
330000 -0.34276
340000 -0.340702
350000 -0.3389
360000 -0.337136
370000 -0.335436
380000 -0.333733
390000 -0.332285
400000 -0.330707
410000 -0.329003
420000 -0.327377
430000 -0.325789
440000 -0.3243
450000 -0.322989
460000 -0.321538
470000 -0.320274
480000 -0.318967
490000 -0.317619
500000 -0.3164
510000 -0.315107
520000 -0.314012
530000 -0.312892
540000 -0.311755
550000 -0.310684
560000 -0.309629
570000 -0.308627
580000 -0.307917
590000 -0.307313
600000 -0.306786
610000 -0.306136
620000 -0.305392
630000 -0.304647
640000 -0.303877
650000 -0.303128
660000 -0.30236
670000 -0.301465
680000 -0.300489
690000 -0.299481
700000 -0.298481
710000 -0.297486
720000 -0.296611
730000 -0.295713
740000 -0.294934
750000 -0.294085
760000 -0.293221
770000 -0.292365
780000 -0.2915
790000 -0.290669
800000 -0.289805
810000 -0.288981
820000 -0.288138
830000 -0.287316
840000 -0.286513
850000 -0.285727
860000 -0.284932
870000 -0.284135
880000 -0.283322
890000 -0.282553
900000 -0.281794
910000 -0.280993
920000 -0.280204
930000 -0.279421
940000 -0.278659
950000 -0.27792
960000 -0.277172
970000 -0.276466
980000 -0.276571
990000 -0.276701
