10000 -0.47088
20000 -0.450488
30000 -0.453232
40000 -0.44962
50000 -0.451619
60000 -0.436049
70000 -0.438528
80000 -0.43275
90000 -0.425552
100000 -0.417817
110000 -0.412196
120000 -0.407901
130000 -0.406165
140000 -0.395586
150000 -0.378537
160000 -0.354799
170000 -0.335659
180000 -0.319454
190000 -0.31676
200000 -0.316404
210000 -0.324711
220000 -0.30471
230000 -0.302395
240000 -0.299824
250000 -0.288451
260000 -0.289418
270000 -0.28936
280000 -0.284206
290000 -0.284655
300000 -0.274354
310000 -0.288159
320000 -0.271252
330000 -0.27696
340000 -0.27877
350000 -0.288344
360000 -0.280164
370000 -0.272234
380000 -0.274107
390000 -0.273613
400000 -0.277729
410000 -0.27152
420000 -0.270138
430000 -0.27302
440000 -0.270461
450000 -0.265111
460000 -0.265186
470000 -0.26066
480000 -0.257273
490000 -0.261089
500000 -0.264509
510000 -0.2639
520000 -0.268069
530000 -0.272099
540000 -0.262155
550000 -0.257648
560000 -0.249344
570000 -0.252989
580000 -0.24816
590000 -0.247041
600000 -0.25191
610000 -0.252256
620000 -0.249519
630000 -0.252124
640000 -0.24074
650000 -0.246097
660000 -0.244214
670000 -0.247449
680000 -0.244095
690000 -0.237956
700000 -0.239996
710000 -0.239563
720000 -0.241147
730000 -0.23913
740000 -0.241011
750000 -0.243613
760000 -0.234775
770000 -0.234619
780000 -0.23948
790000 -0.231967
800000 -0.236857
810000 -0.230023
820000 -0.229496
830000 -0.230456
840000 -0.229941
850000 -0.234954
860000 -0.233548
870000 -0.224363
880000 -0.222893
890000 -0.221993
900000 -0.217973
910000 -0.219958
920000 -0.222775
930000 -0.220444
940000 -0.224187
950000 -0.214526
960000 -0.222747
970000 -0.210386
980000 -0.211565
990000 -0.217288
