10000 0.390412
20000 0.25608
30000 0.18133
40000 0.139533
50000 0.113232
60000 0.0960866
70000 0.0838259
80000 0.0747111
90000 0.0673246
100000 0.0613773
110000 0.056583
120000 0.0525735
130000 0.0874473
140000 0.117252
150000 0.142004
160000 0.162685
170000 0.180091
180000 0.194947
190000 0.207673
200000 0.218691
210000 0.228213
220000 0.236467
230000 0.243666
240000 0.249896
250000 0.255398
260000 0.260223
270000 0.264431
280000 0.26813
290000 0.271383
300000 0.27425
310000 0.276773
320000 0.279017
330000 0.280984
340000 0.282802
350000 0.284372
360000 0.285748
370000 0.28698
380000 0.288042
390000 0.28898
400000 0.289775
410000 0.290436
420000 0.291066
430000 0.291611
440000 0.292059
450000 0.292413
460000 0.292686
470000 0.29292
480000 0.293094
490000 0.293198
500000 0.293281
510000 0.293313
520000 0.293324
530000 0.293234
540000 0.293203
550000 0.293086
560000 0.292945
570000 0.292784
580000 0.292577
590000 0.292484
600000 0.292274
610000 0.292028
620000 0.291779
630000 0.291562
640000 0.291282
650000 0.291033
660000 0.29074
670000 0.290623
680000 0.290608
690000 0.290564
700000 0.2905
710000 0.290822
720000 0.291177
730000 0.292886
740000 0.294664
750000 0.296302
760000 0.29785
770000 0.299261
780000 0.300503
790000 0.301625
800000 0.302626
810000 0.303525
820000 0.304332
830000 0.305056
840000 0.30575
850000 0.306394
860000 0.30697
870000 0.307485
880000 0.307959
890000 0.30837
900000 0.308734
910000 0.309051
920000 0.309074
930000 0.31017
940000 0.31121
950000 0.312207
960000 0.313152
970000 0.314039
980000 0.314868
990000 0.315649
