10000 0.241843
20000 0.186756
30000 0.167034
40000 0.200765
50000 0.254065
60000 0.1498
70000 0.122659
80000 0.0633715
90000 0.0350966
100000 0.0331622
110000 0.0304627
120000 0.0304684
130000 0.0290749
140000 0.0273228
150000 0.406904
160000 0.230466
170000 0.187313
180000 0.156233
190000 0.117745
200000 0.0992587
210000 0.0980992
220000 0.0895781
230000 0.0844177
240000 0.0832845
250000 0.0814234
260000 0.135921
270000 0.0798759
280000 0.0790033
290000 0.0733728
300000 0.0746337
310000 0.0695253
320000 0.0700226
330000 0.0706843
340000 0.0684953
350000 0.0731064
360000 0.0672289
370000 0.0673252
380000 0.067379
390000 0.0657732
400000 0.0646701
410000 0.0644645
420000 0.0639046
430000 0.0643273
440000 0.0631463
450000 0.0635905
460000 0.0698586
470000 0.0658857
480000 0.0651053
490000 0.0623258
500000 0.0636054
510000 0.062976
520000 0.0601832
530000 0.0640734
540000 0.0637662
550000 0.0708058
560000 0.0599254
570000 0.0616364
580000 0.0594544
590000 0.0603232
600000 0.0594654
610000 0.0568068
620000 0.0594535
630000 0.0558082
640000 0.109799
650000 0.0927062
660000 0.0900259
670000 0.0375408
680000 0.0372422
690000 0.0358513
700000 0.0335329
710000 0.0357502
720000 0.0340785
730000 0.0304289
740000 0.032051
750000 0.0278479
760000 0.029156
770000 0.0271608
780000 0.02514
790000 0.0224981
800000 0.0216255
810000 0.0231801
820000 0.0222222
830000 0.0210686
840000 0.0206749
850000 0.0210316
860000 0.0205966
870000 0.0212757
880000 0.0215178
890000 0.0211805
900000 0.0214155
910000 0.0215015
920000 0.0214459
930000 0.0205656
940000 0.0501676
950000 0.0437335
960000 0.0388414
970000 0.0338441
980000 0.0319621
990000 0.0301554
