10000 0.00541523
20000 0.00589615
30000 0.00529526
40000 0.0052947
50000 0.00529773
60000 0.00528484
70000 0.00528484
80000 0.00528484
90000 0.00528484
100000 0.00528484
110000 0.00528484
120000 0.00460133
130000 0.00453091
140000 0.00453076
150000 0.00453111
160000 0.00453074
170000 0.00453119
180000 0.00453132
190000 0.00453133
200000 0.00453084
210000 0.004531
220000 0.00453132
230000 0.00453156
240000 0.00453175
250000 0.00453081
260000 0.00453043
270000 0.00452954
280000 0.00452973
290000 0.0045303
300000 0.00452991
310000 0.0107191
320000 0.0115575
330000 0.00870471
340000 0.00566351
350000 0.00450521
360000 0.00450521
370000 0.00450521
380000 0.00450521
390000 0.00450521
400000 0.00450521
410000 0.00450521
420000 0.00450521
430000 0.00450521
440000 0.00450521
450000 0.00450521
460000 0.00450521
470000 0.00450521
480000 0.00450521
490000 0.00450521
500000 0.00450521
510000 0.00450521
520000 0.00450521
530000 0.00450521
540000 0.00450521
550000 0.00450521
560000 0.00450521
570000 0.00450521
580000 0.00450521
590000 0.00450521
600000 0.00450521
610000 0.00450521
620000 0.00450521
630000 0.00450521
640000 0.00450521
650000 0.00450521
660000 0.00450521
670000 0.00450521
680000 0.00450521
690000 0.00450521
700000 0.00450521
710000 0.00450521
720000 0.00450521
730000 0.00450521
740000 0.00450521
750000 0.00450521
760000 0.00450521
770000 0.00450521
780000 0.00450521
790000 0.00450521
800000 0.00450521
810000 0.00450521
820000 0.00450521
830000 0.00450521
840000 0.00450521
850000 0.00450521
860000 0.00450521
870000 0.00450521
880000 0.00450521
890000 0.00450521
900000 0.00450521
910000 0.00450521
920000 0.00450521
930000 0.00450521
940000 0.00450521
950000 0.00450521
960000 0.00450521
970000 0.00450521
980000 0.00450521
990000 0.00450521
