10000 0.0937664
20000 0.247971
30000 0.026921
40000 0.0250803
50000 0.210162
60000 0.174175
70000 0.0525639
80000 0.0151941
90000 0.00485774
100000 0.0062904
110000 0.00486267
120000 0.00486213
130000 0.00487148
140000 0.00487446
150000 0.00486856
160000 0.0048583
170000 0.00486174
180000 0.0248823
190000 0.00491242
200000 0.00522228
210000 0.0053036
220000 0.00488539
230000 0.00489565
240000 0.00486218
250000 0.00485781
260000 0.00486721
270000 0.00488286
280000 0.00487439
290000 0.00487307
300000 0.0796754
310000 0.0404318
320000 0.0102596
330000 0.00499956
340000 0.0049812
350000 0.264461
360000 0.130689
370000 0.10462
380000 0.0932982
390000 0.0901175
400000 0.0909792
410000 0.0899856
420000 0.0883481
430000 0.0896606
440000 0.0918251
450000 0.0900531
460000 0.0876509
470000 0.0855761
480000 0.0899996
490000 0.0902208
500000 0.0849338
510000 0.0883223
520000 0.0854529
530000 0.0855893
540000 0.0832666
550000 0.0821841
560000 0.107885
570000 0.103533
580000 0.0832065
590000 0.0848003
600000 0.0814812
610000 0.0814789
620000 0.0803823
630000 0.08039
640000 0.0826974
650000 0.0809255
660000 0.0810808
670000 0.0816818
680000 0.0870011
690000 0.0809433
700000 0.0948538
710000 0.0852179
720000 0.0789464
730000 0.0776634
740000 0.0800199
750000 0.080722
760000 0.0777226
770000 0.0767362
780000 0.076109
790000 0.0775339
800000 0.0755179
810000 0.0794078
820000 0.0755912
830000 0.0881755
840000 0.0747229
850000 0.0757751
860000 0.0749956
870000 0.0743113
880000 0.0746194
890000 0.0732759
900000 0.0731589
910000 0.0737368
920000 0.0728991
930000 0.0727252
940000 0.073089
950000 0.0764566
960000 0.0731543
970000 0.0722926
980000 0.0715415
990000 0.0712294
