10000 0.0036102
20000 0.377319
30000 0.273299
40000 0.152482
50000 0.145002
60000 0.103834
70000 0.0919845
80000 0.0822953
90000 0.0743061
100000 0.0707304
110000 0.0690678
120000 0.0670912
130000 0.0653824
140000 0.286351
150000 0.172411
160000 0.11049
170000 0.0868139
180000 0.0571165
190000 0.0554194
200000 0.231696
210000 0.125321
220000 0.0574969
230000 0.0557192
240000 0.0540933
250000 0.0525877
260000 0.0510596
270000 0.0494357
280000 0.047873
290000 0.0465263
300000 0.0450747
310000 0.0438151
320000 0.0422706
330000 0.0405106
340000 0.0390191
350000 0.0370755
360000 0.0357223
370000 0.0340514
380000 0.0322218
390000 0.0306011
400000 0.0287313
410000 0.0267849
420000 0.0247633
430000 0.0228273
440000 0.0203474
450000 0.0184514
460000 0.0158524
470000 0.0131954
480000 0.00987189
490000 0.00466471
500000 0.00466471
510000 0.00466471
520000 0.561663
530000 0.470932
540000 0.390343
550000 0.327488
560000 0.282736
570000 0.27934
580000 0.275893
590000 0.272582
600000 0.269446
610000 0.266973
620000 0.264226
630000 0.261242
640000 0.259785
650000 0.257238
660000 0.254782
670000 0.251872
680000 0.249453
690000 0.247273
700000 0.245622
710000 0.243299
720000 0.241546
730000 0.239662
740000 0.23734
750000 0.234047
760000 0.238804
770000 0.22958
780000 0.227634
790000 0.225709
800000 0.223879
810000 0.221981
820000 0.220245
830000 0.22051
840000 0.215912
850000 0.214198
860000 0.369319
870000 0.3387
880000 0.297519
890000 0.269975
900000 0.247788
910000 0.232669
920000 0.220591
930000 0.218628
940000 0.216535
950000 0.242984
960000 0.213424
970000 0.213838
980000 0.255554
990000 0.252641
