10000 -0.32033
20000 -0.347477
30000 -0.358366
40000 -0.363419
50000 -0.364718
60000 -0.363998
70000 -0.359868
80000 -0.354249
90000 -0.34829
100000 -0.341707
110000 -0.335664
120000 -0.330245
130000 -0.325283
140000 -0.32083
150000 -0.316808
160000 -0.313222
170000 -0.310156
180000 -0.307422
190000 -0.304753
200000 -0.302396
210000 -0.300156
220000 -0.298167
230000 -0.296263
240000 -0.294516
250000 -0.292894
260000 -0.291417
270000 -0.290004
280000 -0.288721
290000 -0.287469
300000 -0.286263
310000 -0.285177
320000 -0.284272
330000 -0.283324
340000 -0.282425
350000 -0.281571
360000 -0.280761
370000 -0.279969
380000 -0.27922
390000 -0.278494
400000 -0.277833
410000 -0.277209
420000 -0.27662
430000 -0.276031
440000 -0.275481
450000 -0.274942
460000 -0.274429
470000 -0.273952
480000 -0.273478
490000 -0.27302
500000 -0.272576
510000 -0.27215
520000 -0.27174
530000 -0.271349
540000 -0.270973
550000 -0.27062
560000 -0.270264
570000 -0.26991
580000 -0.269279
590000 -0.267661
600000 -0.265218
610000 -0.262723
620000 -0.260263
630000 -0.257849
640000 -0.2555
650000 -0.253203
660000 -0.250967
670000 -0.248762
680000 -0.246604
690000 -0.244491
700000 -0.24242
710000 -0.24037
720000 -0.238376
730000 -0.236428
740000 -0.234534
750000 -0.23269
760000 -0.230893
770000 -0.229134
780000 -0.227423
790000 -0.225745
800000 -0.224109
810000 -0.222504
820000 -0.220948
830000 -0.219417
840000 -0.217917
850000 -0.216456
860000 -0.215021
870000 -0.213623
880000 -0.212253
890000 -0.210906
900000 -0.209585
910000 -0.208307
920000 -0.207034
930000 -0.205797
940000 -0.204579
950000 -0.203396
960000 -0.202226
970000 -0.201086
980000 -0.199952
990000 -0.198851
