10000 -0.341281
20000 -0.359568
30000 -0.360415
40000 -0.359456
50000 -0.355859
60000 -0.349177
70000 -0.341608
80000 -0.334206
90000 -0.327808
100000 -0.321716
110000 -0.316037
120000 -0.310936
130000 -0.306051
140000 -0.30141
150000 -0.29733
160000 -0.293795
170000 -0.290587
180000 -0.287805
190000 -0.285331
200000 -0.282888
210000 -0.280747
220000 -0.278683
230000 -0.276853
240000 -0.27518
250000 -0.273622
260000 -0.272233
270000 -0.270884
280000 -0.269574
290000 -0.268334
300000 -0.267113
310000 -0.265968
320000 -0.264882
330000 -0.26384
340000 -0.262792
350000 -0.261789
360000 -0.260845
370000 -0.259966
380000 -0.259042
390000 -0.258229
400000 -0.257254
410000 -0.256213
420000 -0.255114
430000 -0.254118
440000 -0.253102
450000 -0.252131
460000 -0.251175
470000 -0.250254
480000 -0.249346
490000 -0.248515
500000 -0.247686
510000 -0.246898
520000 -0.246137
530000 -0.245394
540000 -0.244687
550000 -0.243991
560000 -0.243309
570000 -0.242651
580000 -0.242028
590000 -0.241387
600000 -0.240749
610000 -0.240167
620000 -0.239587
630000 -0.23904
640000 -0.23849
650000 -0.237978
660000 -0.237476
670000 -0.236961
680000 -0.236456
690000 -0.235976
700000 -0.235511
710000 -0.235056
720000 -0.234614
730000 -0.234188
740000 -0.233758
750000 -0.23334
760000 -0.232942
770000 -0.232534
780000 -0.232153
790000 -0.231757
800000 -0.231391
810000 -0.231025
820000 -0.230676
830000 -0.230312
840000 -0.22995
850000 -0.22961
860000 -0.229251
870000 -0.228916
880000 -0.228576
890000 -0.228247
900000 -0.227931
910000 -0.227623
920000 -0.227316
930000 -0.227013
940000 -0.226716
950000 -0.226429
960000 -0.226141
970000 -0.225879
980000 -0.225592
990000 -0.225324
