10000 -0.332841
20000 -0.349099
30000 -0.360902
40000 -0.365629
50000 -0.368471
60000 -0.370261
70000 -0.370289
80000 -0.37026
90000 -0.369941
100000 -0.369293
110000 -0.368214
120000 -0.36665
130000 -0.364403
140000 -0.362187
150000 -0.359088
160000 -0.356335
170000 -0.353605
180000 -0.351091
190000 -0.348518
200000 -0.34599
210000 -0.343532
220000 -0.341312
230000 -0.339169
240000 -0.337232
250000 -0.335289
260000 -0.333457
270000 -0.331679
280000 -0.330023
290000 -0.328488
300000 -0.327
310000 -0.325702
320000 -0.324365
330000 -0.323088
340000 -0.321885
350000 -0.320667
360000 -0.319549
370000 -0.318474
380000 -0.317285
390000 -0.315886
400000 -0.313305
410000 -0.309768
420000 -0.305391
430000 -0.300922
440000 -0.296572
450000 -0.292242
460000 -0.288084
470000 -0.283909
480000 -0.279864
490000 -0.27599
500000 -0.272215
510000 -0.268585
520000 -0.265098
530000 -0.261659
540000 -0.258355
550000 -0.255157
560000 -0.252065
570000 -0.24906
580000 -0.246074
590000 -0.243178
600000 -0.240366
610000 -0.237558
620000 -0.234837
630000 -0.232169
640000 -0.229531
650000 -0.226987
660000 -0.22446
670000 -0.221995
680000 -0.219566
690000 -0.217187
700000 -0.214848
710000 -0.212543
720000 -0.210265
730000 -0.208016
740000 -0.205811
750000 -0.203628
760000 -0.201479
770000 -0.199347
780000 -0.19725
790000 -0.195194
800000 -0.193171
810000 -0.191221
820000 -0.189273
830000 -0.187408
840000 -0.185562
850000 -0.183783
860000 -0.182037
870000 -0.180339
880000 -0.178676
890000 -0.177042
900000 -0.175445
910000 -0.173861
920000 -0.17233
930000 -0.170815
940000 -0.169331
950000 -0.16788
960000 -0.166441
970000 -0.165036
980000 -0.163665
990000 -0.162303
