10000 -0.415188
20000 -0.349496
30000 -0.340914
40000 -0.33544
50000 -0.333428
60000 -0.326173
70000 -0.314109
80000 -0.30809
90000 -0.300943
100000 -0.295138
110000 -0.284718
120000 -0.279863
130000 -0.280098
140000 -0.278432
150000 -0.277615
160000 -0.277209
170000 -0.275379
180000 -0.273358
190000 -0.272375
200000 -0.268965
210000 -0.26458
220000 -0.259755
230000 -0.262607
240000 -0.254785
250000 -0.250823
260000 -0.250296
270000 -0.251154
280000 -0.250509
290000 -0.250426
300000 -0.248076
310000 -0.246992
320000 -0.247359
330000 -0.247183
340000 -0.247263
350000 -0.246651
360000 -0.246323
370000 -0.246002
380000 -0.24487
390000 -0.198429
400000 -0.170851
410000 -0.132038
420000 -0.130416
430000 -0.128795
440000 -0.127067
450000 -0.126925
460000 -0.126975
470000 -0.126575
480000 -0.126724
490000 -0.126442
500000 -0.126291
510000 -0.126458
520000 -0.126641
530000 -0.126666
540000 -0.126111
550000 -0.125798
560000 -0.1255
570000 -0.125134
580000 -0.125037
590000 -0.124909
600000 -0.124831
610000 -0.124708
620000 -0.124438
630000 -0.124249
640000 -0.124014
650000 -0.123933
660000 -0.123869
670000 -0.123703
680000 -0.123717
690000 -0.123975
700000 -0.123926
710000 -0.123681
720000 -0.123138
730000 -0.122558
740000 -0.122426
750000 -0.12236
760000 -0.122179
770000 -0.122121
780000 -0.122798
790000 -0.122648
800000 -0.123235
810000 -0.12371
820000 -0.123639
830000 -0.123602
840000 -0.123471
850000 -0.123581
860000 -0.123461
870000 -0.123198
880000 -0.123206
890000 -0.123431
900000 -0.123481
910000 -0.123353
920000 -0.123528
930000 -0.123567
940000 -0.123516
950000 -0.123487
960000 -0.123632
970000 -0.123276
980000 -0.123067
990000 -0.122888
