10000 -0.433964
20000 -0.411108
30000 -0.414247
40000 -0.387432
50000 -0.364259
60000 -0.347567
70000 -0.327065
80000 -0.306735
90000 -0.293063
100000 -0.287931
110000 -0.287823
120000 -0.286228
130000 -0.28501
140000 -0.281059
150000 -0.277327
160000 -0.27743
170000 -0.276252
180000 -0.272695
190000 -0.272168
200000 -0.268814
210000 -0.268261
220000 -0.267912
230000 -0.266529
240000 -0.266014
250000 -0.26452
260000 -0.264389
270000 -0.263613
280000 -0.261137
290000 -0.261639
300000 -0.260179
310000 -0.258049
320000 -0.257357
330000 -0.255663
340000 -0.254055
350000 -0.251285
360000 -0.248236
370000 -0.247523
380000 -0.247917
390000 -0.250816
400000 -0.246459
410000 -0.249822
420000 -0.245685
430000 -0.248652
440000 -0.24724
450000 -0.247426
460000 -0.24373
470000 -0.243688
480000 -0.244548
490000 -0.244092
500000 -0.243654
510000 -0.243587
520000 -0.243318
530000 -0.243599
540000 -0.243383
550000 -0.243518
560000 -0.243096
570000 -0.243099
580000 -0.242152
590000 -0.24231
600000 -0.240349
610000 -0.208986
620000 -0.122926
630000 -0.0891185
640000 -0.0888732
650000 -0.0889371
660000 -0.0886669
670000 -0.0877512
680000 -0.0869448
690000 -0.0868124
700000 -0.0861736
710000 -0.0857872
720000 -0.0852587
730000 -0.0847613
740000 -0.084573
750000 -0.0838542
760000 -0.0832069
770000 -0.0827416
780000 -0.0824072
790000 -0.0824109
800000 -0.0824435
810000 -0.0826203
820000 -0.0822357
830000 -0.0820037
840000 -0.0820259
850000 -0.0819548
860000 -0.0819564
870000 -0.0819238
880000 -0.081574
890000 -0.0813158
900000 -0.0813007
910000 -0.0811479
920000 -0.080974
930000 -0.0809121
940000 -0.0809781
950000 -0.0809914
960000 -0.0809306
970000 -0.0808835
980000 -0.0808723
990000 -0.0807922
