10000 -0.443133
20000 -0.39206
30000 -0.374111
40000 -0.358231
50000 -0.335128
60000 -0.305821
70000 -0.283106
80000 -0.279055
90000 -0.269855
100000 -0.26
110000 -0.256539
120000 -0.251422
130000 -0.243254
140000 -0.239752
150000 -0.240105
160000 -0.240046
170000 -0.238898
180000 -0.239268
190000 -0.236686
200000 -0.23684
210000 -0.236322
220000 -0.236781
230000 -0.236513
240000 -0.236434
250000 -0.23577
260000 -0.236381
270000 -0.235475
280000 -0.234246
290000 -0.233037
300000 -0.232185
310000 -0.231353
320000 -0.231227
330000 -0.22875
340000 -0.227687
350000 -0.227675
360000 -0.226912
370000 -0.225227
380000 -0.224259
390000 -0.221248
400000 -0.216549
410000 -0.212666
420000 -0.209861
430000 -0.209406
440000 -0.20921
450000 -0.208305
460000 -0.207989
470000 -0.207761
480000 -0.207354
490000 -0.207562
500000 -0.207395
510000 -0.206537
520000 -0.206178
530000 -0.206299
540000 -0.205726
550000 -0.205321
560000 -0.205126
570000 -0.204887
580000 -0.204694
590000 -0.204549
600000 -0.204364
610000 -0.204141
620000 -0.204082
630000 -0.203764
640000 -0.20419
650000 -0.20376
660000 -0.203226
670000 -0.203025
680000 -0.203304
690000 -0.203157
700000 -0.202781
710000 -0.202665
720000 -0.202814
730000 -0.202459
740000 -0.202141
750000 -0.201691
760000 -0.20157
770000 -0.201494
780000 -0.201141
790000 -0.201253
800000 -0.200993
810000 -0.200578
820000 -0.200906
830000 -0.200065
840000 -0.200048
850000 -0.200464
860000 -0.199408
870000 -0.199342
880000 -0.199567
890000 -0.199371
900000 -0.199406
910000 -0.199108
920000 -0.199049
930000 -0.198945
940000 -0.198912
950000 -0.19886
960000 -0.198828
970000 -0.198694
980000 -0.198728
990000 -0.198558
