10000 0.400673
20000 0.328094
30000 0.284393
40000 0.237252
50000 0.191964
60000 0.160769
70000 0.138492
80000 0.121759
90000 0.108759
100000 0.0983528
110000 0.0898381
120000 0.0827428
130000 0.0767387
140000 0.0715885
150000 0.0671299
160000 0.0632273
170000 0.0597811
180000 0.0567241
190000 0.0539884
200000 0.0515251
210000 0.0492946
220000 0.047271
230000 0.0454339
240000 0.0437601
250000 0.0422213
260000 0.0407957
270000 0.0394841
280000 0.038247
290000 0.0371024
300000 0.0360326
310000 0.0350167
320000 0.0340765
330000 0.0331961
340000 0.0323644
350000 0.0315832
360000 0.0308417
370000 0.0301429
380000 0.0294803
390000 0.0288527
400000 0.0282565
410000 0.0276932
420000 0.0271583
430000 0.026647
440000 0.0261595
450000 0.0256938
460000 0.0252486
470000 0.024822
480000 0.0244134
490000 0.0240215
500000 0.0236451
510000 0.0232833
520000 0.0229359
530000 0.0226012
540000 0.0222791
550000 0.0219687
560000 0.0216693
570000 0.0213804
580000 0.0211017
590000 0.0208322
600000 0.0205718
610000 0.0203198
620000 0.020076
630000 0.0198402
640000 0.0196114
650000 0.0193876
660000 0.0191692
670000 0.0189574
680000 0.0187515
690000 0.0185521
700000 0.0183579
710000 0.0181704
720000 0.017988
730000 0.0178112
740000 0.0176393
750000 0.0174716
760000 0.017309
770000 0.0171498
780000 0.0169951
790000 0.0168461
800000 0.0166987
810000 0.0165547
820000 0.0164141
830000 0.0162775
840000 0.0161441
850000 0.0160133
860000 0.0158861
870000 0.0157614
880000 0.0156399
890000 0.0155212
900000 0.0154061
910000 0.0152933
920000 0.0151837
930000 0.0150764
940000 0.0149713
950000 0.0148686
960000 0.0147679
970000 0.0146694
980000 0.0145728
990000 0.0144782
