10000 0.344217
20000 0.233591
30000 0.16561
40000 0.126383
50000 0.102266
60000 0.0861299
70000 0.0740926
80000 0.0653079
90000 0.0584319
100000 0.0529764
110000 0.0484077
120000 0.0445099
130000 0.0413565
140000 0.0386868
150000 0.0362001
160000 0.033898
170000 0.0320583
180000 0.0304526
190000 0.029012
200000 0.027692
210000 0.0263621
220000 0.0251941
230000 0.0242069
240000 0.023307
250000 0.0224234
260000 0.0216319
270000 0.0208717
280000 0.0201977
290000 0.0195997
300000 0.0190094
310000 0.0184848
320000 0.017999
330000 0.017535
340000 0.017023
350000 0.0166108
360000 0.0162081
370000 0.0158188
380000 0.0154597
390000 0.0151283
400000 0.0147957
410000 0.0144829
420000 0.0141924
430000 0.0139111
440000 0.0136363
450000 0.0133723
460000 0.0131284
470000 0.0128796
480000 0.0126502
490000 0.0124303
500000 0.012213
510000 0.0120291
520000 0.0118615
530000 0.011582
540000 0.0114001
550000 0.0112157
560000 0.011043
570000 0.0108782
580000 0.0107208
590000 0.0105482
600000 0.010402
610000 0.0102609
620000 0.0101106
630000 0.00997946
640000 0.00984586
650000 0.00971275
660000 0.00958087
670000 0.0094561
680000 0.00934259
690000 0.0092247
700000 0.00911439
710000 0.00900911
720000 0.00890687
730000 0.00881046
740000 0.00869281
750000 0.00859659
760000 0.00850141
770000 0.00841084
780000 0.00832337
790000 0.00823424
800000 0.0081492
810000 0.00806798
820000 0.00798781
830000 0.00791049
840000 0.00783148
850000 0.00775799
860000 0.00768543
870000 0.00761501
880000 0.00754662
890000 0.00747731
900000 0.00740936
910000 0.00734449
920000 0.00728143
930000 0.00722045
940000 0.00716179
950000 0.00710591
960000 0.00704866
970000 0.00699123
980000 0.00693589
990000 0.00688139
