10000 0.198216
20000 0.103055
30000 0.0704692
40000 0.0540277
50000 0.0441032
60000 0.0374613
70000 0.0327193
80000 0.0291671
90000 0.0263925
100000 0.0241769
110000 0.0223691
120000 0.0208574
130000 0.0195731
140000 0.0184728
150000 0.0175219
160000 0.0166904
170000 0.0159553
180000 0.0153017
190000 0.0147147
200000 0.0141892
210000 0.0137127
220000 0.013279
230000 0.0128844
240000 0.0125207
250000 0.0121879
260000 0.0118799
270000 0.0115939
280000 0.01133
290000 0.0110837
300000 0.010853
310000 0.0106373
320000 0.0104354
330000 0.0102461
340000 0.0102343
350000 0.0101187
360000 0.00998698
370000 0.00985847
380000 0.00973022
390000 0.00960282
400000 0.00948072
410000 0.00936394
420000 0.00925342
430000 0.00915456
440000 0.00906063
450000 0.0089694
460000 0.00888058
470000 0.00879529
480000 0.00870932
490000 0.00862378
500000 0.00854326
510000 0.00846823
520000 0.00839909
530000 0.00833446
540000 0.00827054
550000 0.00820781
560000 0.00814589
570000 0.00808788
580000 0.00802992
590000 0.00797244
600000 0.00791495
610000 0.00786363
620000 0.00781452
630000 0.00776822
640000 0.00772157
650000 0.00767822
660000 0.00763826
670000 0.00759865
680000 0.00755934
690000 0.00752183
700000 0.00748597
710000 0.00745007
720000 0.00741642
730000 0.00738391
740000 0.00735223
750000 0.00732275
760000 0.00729692
770000 0.00727584
780000 0.0072522
790000 0.00722839
800000 0.0072034
810000 0.00717946
820000 0.00715538
830000 0.00713083
840000 0.00710483
850000 0.00707862
860000 0.00705363
870000 0.00702848
880000 0.007003
890000 0.00697891
900000 0.00695634
910000 0.00693442
920000 0.0069136
930000 0.00689353
940000 0.00687508
950000 0.0068571
960000 0.00683926
970000 0.00682015
980000 0.00679962
990000 0.00677896
