10000 0.34899
20000 0.325651
30000 0.224811
40000 0.170064
50000 0.137211
60000 0.115312
70000 0.0996682
80000 0.0879359
90000 0.0788108
100000 0.0715107
110000 0.0655379
120000 0.0605605
130000 0.0563489
140000 0.0527389
150000 0.0496102
160000 0.0468728
170000 0.0444572
180000 0.0423101
190000 0.040389
200000 0.03866
210000 0.0370957
220000 0.0356736
230000 0.0343751
240000 0.0331849
250000 0.0320898
260000 0.031079
270000 0.0301431
280000 0.029274
290000 0.0284649
300000 0.0277097
310000 0.0270032
320000 0.0263409
330000 0.0257187
340000 0.0251332
350000 0.024581
360000 0.0240596
370000 0.0235664
380000 0.023099
390000 0.0226557
400000 0.0222345
410000 0.0218339
420000 0.0214524
430000 0.0210886
440000 0.0207413
450000 0.0204095
460000 0.0200921
470000 0.0197882
480000 0.019497
490000 0.0192176
500000 0.0189495
510000 0.0186918
520000 0.0184441
530000 0.0182057
540000 0.0179761
550000 0.0177549
560000 0.0175416
570000 0.0173357
580000 0.017137
590000 0.016945
600000 0.0167594
610000 0.0165799
620000 0.0164062
630000 0.0162379
640000 0.016075
650000 0.0159171
660000 0.0157639
670000 0.0156153
680000 0.0154711
690000 0.0153311
700000 0.0151951
710000 0.0150629
720000 0.0149343
730000 0.0148093
740000 0.0146877
750000 0.0145693
760000 0.0144541
770000 0.0143418
780000 0.0142324
790000 0.0141258
800000 0.0140218
810000 0.0139204
820000 0.0138215
830000 0.013725
840000 0.0136307
850000 0.0135387
860000 0.0134488
870000 0.013361
880000 0.0132752
890000 0.0131913
900000 0.0131093
910000 0.0130291
920000 0.0129506
930000 0.0128738
940000 0.0127986
950000 0.0127251
960000 0.012653
970000 0.0125825
980000 0.0125133
990000 0.0124456
