10000 0.136118
20000 0.0402344
30000 0.00271058
40000 0.00232324
50000 0.00232495
60000 0.00232379
70000 0.00232207
80000 0.0023198
90000 0.00232114
100000 0.00232119
110000 0.00232116
120000 0.0023204
130000 0.00232159
140000 0.00232241
150000 0.00232317
160000 0.0051314
170000 0.00232208
180000 0.00232218
190000 0.0023198
200000 0.00232071
210000 0.0023198
220000 0.0023198
230000 0.00232074
240000 0.00232187
250000 0.00232243
260000 0.0023213
270000 0.0023198
280000 0.0023198
290000 0.00231985
300000 0.0023198
310000 0.00231988
320000 0.00231983
330000 0.00232064
340000 0.0023198
350000 0.0023198
360000 0.0023198
370000 0.00232159
380000 0.00232109
390000 0.00232294
400000 0.00232249
410000 0.00232184
420000 0.00232321
430000 0.00231981
440000 0.00232156
450000 0.00232168
460000 0.00232166
470000 0.00232202
480000 0.0023848
490000 0.00233466
500000 0.00232218
510000 0.00232217
520000 0.00232226
530000 0.00232237
540000 0.00232214
550000 0.00232275
560000 0.00240444
570000 0.00242451
580000 0.00243402
590000 0.0023911
600000 0.00235582
610000 0.00236042
620000 0.00232508
630000 0.002325
640000 0.00232295
650000 0.00282264
660000 0.00239656
670000 0.00237391
680000 0.00232316
690000 0.00232313
700000 0.00232312
710000 0.00232319
720000 0.0023958
730000 0.00241131
740000 0.00242144
750000 0.00244061
760000 0.00245293
770000 0.00248388
780000 0.00250183
790000 0.00246414
800000 0.00247483
810000 0.00254952
820000 0.00255624
830000 0.00255624
840000 0.00255624
850000 0.00255624
860000 0.00255624
870000 0.00247078
880000 0.00246336
890000 0.00247307
900000 0.00251884
910000 0.00249238
920000 0.00247352
930000 0.00249788
940000 0.00247621
950000 0.0024757
960000 0.00246845
970000 0.0024767
980000 0.00246642
990000 0.00245832
