10000 -0.382541
20000 -0.402021
30000 -0.410371
40000 -0.415853
50000 -0.416388
60000 -0.415846
70000 -0.414831
80000 -0.41277
90000 -0.410834
100000 -0.40856
110000 -0.405382
120000 -0.402892
130000 -0.40013
140000 -0.397018
150000 -0.393949
160000 -0.39105
170000 -0.387811
180000 -0.385298
190000 -0.38234
200000 -0.379445
210000 -0.376489
220000 -0.374053
230000 -0.371488
240000 -0.368966
250000 -0.366682
260000 -0.364377
270000 -0.362379
280000 -0.360466
290000 -0.358599
300000 -0.356876
310000 -0.355381
320000 -0.355182
330000 -0.35552
340000 -0.355791
350000 -0.355756
360000 -0.355608
370000 -0.3553
380000 -0.354818
390000 -0.354017
400000 -0.353225
410000 -0.352304
420000 -0.351088
430000 -0.349824
440000 -0.348603
450000 -0.347514
460000 -0.346479
470000 -0.345363
480000 -0.344386
490000 -0.343319
500000 -0.342429
510000 -0.34154
520000 -0.340558
530000 -0.339618
540000 -0.338752
550000 -0.337838
560000 -0.337345
570000 -0.337117
580000 -0.336769
590000 -0.336382
600000 -0.33597
610000 -0.335535
620000 -0.335082
630000 -0.334615
640000 -0.334066
650000 -0.333562
660000 -0.333051
670000 -0.332574
680000 -0.33211
690000 -0.331608
700000 -0.33164
710000 -0.332993
720000 -0.334087
730000 -0.334909
740000 -0.335481
750000 -0.335829
760000 -0.335935
770000 -0.335802
780000 -0.33532
790000 -0.334584
800000 -0.333879
810000 -0.333192
820000 -0.332551
830000 -0.331879
840000 -0.331237
850000 -0.330661
860000 -0.330067
870000 -0.329454
880000 -0.328833
890000 -0.328283
900000 -0.327727
910000 -0.327146
920000 -0.326568
930000 -0.326009
940000 -0.325451
950000 -0.324915
960000 -0.324349
970000 -0.323853
980000 -0.323388
990000 -0.322913
