10000 -0.380805
20000 -0.404201
30000 -0.412055
40000 -0.416387
50000 -0.416396
60000 -0.413781
70000 -0.410947
80000 -0.406661
90000 -0.40177
100000 -0.397754
110000 -0.393396
120000 -0.388568
130000 -0.384416
140000 -0.379991
150000 -0.3759
160000 -0.37138
170000 -0.367343
180000 -0.362828
190000 -0.358927
200000 -0.354853
210000 -0.350947
220000 -0.347203
230000 -0.343749
240000 -0.340079
250000 -0.336636
260000 -0.333013
270000 -0.329505
280000 -0.326052
290000 -0.322893
300000 -0.319847
310000 -0.316712
320000 -0.313701
330000 -0.310968
340000 -0.30876
350000 -0.306581
360000 -0.304418
370000 -0.303452
380000 -0.302657
390000 -0.301973
400000 -0.303148
410000 -0.304427
420000 -0.30537
430000 -0.305995
440000 -0.306364
450000 -0.306513
460000 -0.306372
470000 -0.305983
480000 -0.305449
490000 -0.304605
500000 -0.303654
510000 -0.302775
520000 -0.301819
530000 -0.301002
540000 -0.302564
550000 -0.302035
560000 -0.301221
570000 -0.300322
580000 -0.299436
590000 -0.298716
600000 -0.299661
610000 -0.300624
620000 -0.301488
630000 -0.302318
640000 -0.303069
650000 -0.303805
660000 -0.304461
670000 -0.305088
680000 -0.305758
690000 -0.306297
700000 -0.307301
710000 -0.307804
720000 -0.308129
730000 -0.308433
740000 -0.308707
750000 -0.308914
760000 -0.309054
770000 -0.309147
780000 -0.309318
790000 -0.309383
800000 -0.309422
810000 -0.309488
820000 -0.309518
830000 -0.309541
840000 -0.309586
850000 -0.309577
860000 -0.309548
870000 -0.309474
880000 -0.309395
890000 -0.309272
900000 -0.309137
910000 -0.30902
920000 -0.308905
930000 -0.308746
940000 -0.308564
950000 -0.308404
960000 -0.308234
970000 -0.308068
980000 -0.307898
990000 -0.307724
