10000 -0.515582
20000 -0.49051
30000 -0.468647
40000 -0.462174
50000 -0.404517
60000 -0.417382
70000 -0.404424
80000 -0.376569
90000 -0.362303
100000 -0.357546
110000 -0.35134
120000 -0.329913
130000 -0.332167
140000 -0.322121
150000 -0.307689
160000 -0.29424
170000 -0.297152
180000 -0.274396
190000 -0.276629
200000 -0.265941
210000 -0.262808
220000 -0.275135
230000 -0.261578
240000 -0.245222
250000 -0.250287
260000 -0.253166
270000 -0.235085
280000 -0.217441
290000 -0.228309
300000 -0.221199
310000 -0.21269
320000 -0.217169
330000 -0.239454
340000 -0.231582
350000 -0.228434
360000 -0.232654
370000 -0.274047
380000 -0.280531
390000 -0.265596
400000 -0.356068
410000 -0.342995
420000 -0.33022
430000 -0.323616
440000 -0.314474
450000 -0.301947
460000 -0.289354
470000 -0.283492
480000 -0.27167
490000 -0.257988
500000 -0.256491
510000 -0.252312
520000 -0.242712
530000 -0.454468
540000 -0.324744
550000 -0.260675
560000 -0.249076
570000 -0.248715
580000 -0.243546
590000 -0.349834
600000 -0.35986
610000 -0.34547
620000 -0.351304
630000 -0.347427
640000 -0.339373
650000 -0.343494
660000 -0.337241
670000 -0.347636
680000 -0.349868
690000 -0.336173
700000 -0.355109
710000 -0.32998
720000 -0.318928
730000 -0.32008
740000 -0.318453
750000 -0.312744
760000 -0.308676
770000 -0.319371
780000 -0.305651
790000 -0.30154
800000 -0.304342
810000 -0.315537
820000 -0.30035
830000 -0.315114
840000 -0.299187
850000 -0.297437
860000 -0.293367
870000 -0.305712
880000 -0.28723
890000 -0.287896
900000 -0.296484
910000 -0.298228
920000 -0.286628
930000 -0.283783
940000 -0.284677
950000 -0.286018
960000 -0.284024
970000 -0.290906
980000 -0.286272
990000 -0.283723
