10000 -0.528191
20000 -0.516779
30000 -0.50496
40000 -0.504074
50000 -0.494923
60000 -0.46995
70000 -0.478033
80000 -0.46889
90000 -0.453769
100000 -0.440635
110000 -0.418314
120000 -0.416191
130000 -0.407156
140000 -0.417849
150000 -0.39759
160000 -0.371477
170000 -0.370253
180000 -0.383639
190000 -0.383942
200000 -0.393374
210000 -0.370413
220000 -0.337325
230000 -0.336154
240000 -0.332089
250000 -0.361849
260000 -0.346048
270000 -0.341912
280000 -0.33186
290000 -0.326842
300000 -0.321561
310000 -0.301635
320000 -0.297161
330000 -0.298813
340000 -0.320895
350000 -0.304512
360000 -0.308833
370000 -0.296834
380000 -0.301125
390000 -0.293729
400000 -0.290861
410000 -0.289242
420000 -0.299782
430000 -0.292437
440000 -0.347223
450000 -0.334144
460000 -0.333431
470000 -0.337309
480000 -0.341523
490000 -0.324534
500000 -0.325997
510000 -0.322753
520000 -0.327911
530000 -0.324483
540000 -0.334207
550000 -0.315496
560000 -0.308198
570000 -0.312894
580000 -0.308495
590000 -0.309666
600000 -0.307034
610000 -0.309053
620000 -0.303827
630000 -0.300693
640000 -0.295999
650000 -0.300568
660000 -0.294879
670000 -0.291458
680000 -0.286245
690000 -0.287766
700000 -0.281179
710000 -0.280837
720000 -0.296267
730000 -0.284445
740000 -0.280728
750000 -0.277436
760000 -0.265678
770000 -0.26095
780000 -0.252533
790000 -0.243584
800000 -0.233541
810000 -0.233807
820000 -0.242185
830000 -0.219041
840000 -0.201006
850000 -0.170589
860000 -0.167779
870000 -0.16061
880000 -0.161954
890000 -0.15866
900000 -0.155948
910000 -0.152484
920000 -0.152884
930000 -0.152779
940000 -0.376973
950000 -0.362331
960000 -0.34589
970000 -0.332752
980000 -0.336075
990000 -0.383619
