10000 0.414747
20000 0.243298
30000 0.182105
40000 0.151068
50000 0.169054
60000 0.191234
70000 0.210999
80000 0.217861
90000 0.220025
100000 0.219082
110000 0.216214
120000 0.212422
130000 0.208163
140000 0.206215
150000 0.204257
160000 0.201738
170000 0.198932
180000 0.195979
190000 0.192955
200000 0.189797
210000 0.188305
220000 0.186406
230000 0.184243
240000 0.181915
250000 0.179488
260000 0.176964
270000 0.174399
280000 0.171803
290000 0.169117
300000 0.16891
310000 0.173596
320000 0.177724
330000 0.18138
340000 0.184645
350000 0.187515
360000 0.190009
370000 0.192116
380000 0.193884
390000 0.195411
400000 0.196684
410000 0.197679
420000 0.19843
430000 0.19903
440000 0.199485
450000 0.199777
460000 0.199837
470000 0.19993
480000 0.20152
490000 0.201832
500000 0.201749
510000 0.201555
520000 0.201292
530000 0.200952
540000 0.200553
550000 0.200076
560000 0.199725
570000 0.199863
580000 0.199558
590000 0.198982
600000 0.198362
610000 0.197721
620000 0.197058
630000 0.196369
640000 0.195648
650000 0.19491
660000 0.194144
670000 0.193347
680000 0.192537
690000 0.191711
700000 0.190872
710000 0.190026
720000 0.189176
730000 0.188322
740000 0.187463
750000 0.186602
760000 0.185742
770000 0.184879
780000 0.184015
790000 0.183154
800000 0.182289
810000 0.181432
820000 0.180453
830000 0.180191
840000 0.179809
850000 0.179311
860000 0.178704
870000 0.178039
880000 0.177357
890000 0.176662
900000 0.175954
910000 0.175236
920000 0.174511
930000 0.174342
940000 0.174848
950000 0.175335
960000 0.175759
970000 0.176116
980000 0.176371
990000 0.17657
