10000 0.292719
20000 0.391923
30000 0.330975
40000 0.276415
50000 0.312014
60000 0.262177
70000 0.229329
80000 0.276311
90000 0.215367
100000 0.16918
110000 0.133651
120000 0.100274
130000 0.0689415
140000 0.0563348
150000 0.0560319
160000 0.0505822
170000 0.0488874
180000 0.196548
190000 0.162356
200000 0.133046
210000 0.107623
220000 0.0872376
230000 0.231773
240000 0.216805
250000 0.193616
260000 0.171839
270000 0.150335
280000 0.137688
290000 0.126737
300000 0.116109
310000 0.107044
320000 0.314903
330000 0.293577
340000 0.268492
350000 0.238496
360000 0.201447
370000 0.151198
380000 0.122122
390000 0.0855824
400000 0.0379815
410000 0.0306496
420000 0.0306432
430000 0.0306515
440000 0.0306412
450000 0.0306422
460000 0.03064
470000 0.0306358
480000 0.0306282
490000 0.0306323
500000 0.0306358
510000 0.030633
520000 0.0306237
530000 0.0306144
540000 0.17846
550000 0.168789
560000 0.158844
570000 0.144739
580000 0.132167
590000 0.11774
600000 0.103901
610000 0.0891428
620000 0.067105
630000 0.044448
640000 0.0305904
650000 0.239381
660000 0.233007
670000 0.227726
680000 0.225116
690000 0.217818
700000 0.21323
710000 0.208467
720000 0.204643
730000 0.19804
740000 0.192883
750000 0.187553
760000 0.181677
770000 0.176025
780000 0.170934
790000 0.165675
800000 0.162951
810000 0.156653
820000 0.151328
830000 0.146497
840000 0.141832
850000 0.137208
860000 0.132491
870000 0.127875
880000 0.122762
890000 0.1183
900000 0.112823
910000 0.109457
920000 0.105658
930000 0.0986208
940000 0.093746
950000 0.088204
960000 0.0837207
970000 0.0743976
980000 0.0687313
990000 0.062498
