10000 0.745555
20000 0.260388
30000 0.205667
40000 0.381874
50000 0.342261
60000 0.323424
70000 0.303827
80000 0.410635
90000 0.335768
100000 0.313962
110000 0.295663
120000 0.28091
130000 0.263777
140000 0.251026
150000 0.240488
160000 0.224606
170000 0.23615
180000 0.206463
190000 0.24224
200000 0.194434
210000 0.184194
220000 0.175958
230000 0.169237
240000 0.162681
250000 0.170377
260000 0.162289
270000 0.155609
280000 0.147082
290000 0.139597
300000 0.131711
310000 0.12457
320000 0.123648
330000 0.107851
340000 0.0979651
350000 0.0911767
360000 0.479462
370000 0.46797
380000 0.447797
390000 0.428749
400000 0.420741
410000 0.413829
420000 0.412545
430000 0.402171
440000 0.39397
450000 0.383238
460000 0.371574
470000 0.368544
480000 0.365848
490000 0.364922
500000 0.362064
510000 0.358734
520000 0.355257
530000 0.351433
540000 0.346693
550000 0.343581
560000 0.339401
570000 0.338531
580000 0.354144
590000 0.351523
600000 0.428813
610000 0.437466
620000 0.430086
630000 0.42285
640000 0.414929
650000 0.405774
660000 0.401383
670000 0.394508
680000 0.390762
690000 0.386955
700000 0.383157
710000 0.378387
720000 0.374044
730000 0.372417
740000 0.369412
750000 0.366072
760000 0.363715
770000 0.362833
780000 0.358567
790000 0.354903
800000 0.351961
810000 0.349782
820000 0.347173
830000 0.345419
840000 0.343666
850000 0.340622
860000 0.339391
870000 0.337602
880000 0.353703
890000 0.348358
900000 0.345528
910000 0.341973
920000 0.338576
930000 0.335889
940000 0.334097
950000 0.331587
960000 0.336518
970000 0.332739
980000 0.330219
990000 0.330137
