10000 0.352085
20000 0.304065
30000 0.117351
40000 0.0578905
50000 0.0516262
60000 0.0508163
70000 0.0503358
80000 0.322428
90000 0.294456
100000 0.302086
110000 0.285191
120000 0.274456
130000 0.283394
140000 0.26964
150000 0.250459
160000 0.244713
170000 0.240564
180000 0.237582
190000 0.22386
200000 0.218738
210000 0.213901
220000 0.215625
230000 0.208218
240000 0.202401
250000 0.196722
260000 0.198722
270000 0.192338
280000 0.186219
290000 0.181164
300000 0.174293
310000 0.168485
320000 0.161677
330000 0.156064
340000 0.151356
350000 0.148549
360000 0.142498
370000 0.141263
380000 0.167352
390000 0.165289
400000 0.165729
410000 0.164692
420000 0.160656
430000 0.155378
440000 0.153811
450000 0.150894
460000 0.148427
470000 0.145275
480000 0.14102
490000 0.215192
500000 0.187707
510000 0.14465
520000 0.140559
530000 0.135268
540000 0.129655
550000 0.124785
560000 0.118646
570000 0.115222
580000 0.111799
590000 0.10912
600000 0.104729
610000 0.102097
620000 0.098626
630000 0.0944505
640000 0.091751
650000 0.0896103
660000 0.0877049
670000 0.085917
680000 0.0842502
690000 0.0820398
700000 0.0800676
710000 0.0783383
720000 0.0904278
730000 0.0861732
740000 0.0812638
750000 0.0772576
760000 0.0714493
770000 0.0673556
780000 0.0644883
790000 0.0622091
800000 0.0607936
810000 0.0584713
820000 0.0570686
830000 0.0540813
840000 0.0976945
850000 0.0944388
860000 0.0907727
870000 0.0884064
880000 0.0860527
890000 0.0858539
900000 0.0837805
910000 0.0818084
920000 0.0797393
930000 0.0774862
940000 0.0753787
950000 0.0729669
960000 0.0704041
970000 0.0682893
980000 0.065879
990000 0.0637974
