10000 0.175894
20000 0.134889
30000 0.0375781
40000 0.351526
50000 0.184764
60000 0.147618
70000 0.116925
80000 0.0964037
90000 0.0814138
100000 0.0719869
110000 0.0678846
120000 0.0625704
130000 0.0576354
140000 0.0526497
150000 0.0481667
160000 0.0456399
170000 0.0418959
180000 0.0303773
190000 0.0300276
200000 0.0288456
210000 0.0284539
220000 0.0701225
230000 0.0460389
240000 0.0201971
250000 0.0377036
260000 0.0508216
270000 0.639657
280000 0.613446
290000 0.595442
300000 0.5696
310000 0.555719
320000 0.547981
330000 0.533926
340000 0.520883
350000 0.510801
360000 0.500778
370000 0.491635
380000 0.481749
390000 0.476452
400000 0.468983
410000 0.455548
420000 0.447598
430000 0.438112
440000 0.431569
450000 0.421789
460000 0.417074
470000 0.431411
480000 0.470244
490000 0.457404
500000 0.441072
510000 0.432109
520000 0.428447
530000 0.4183
540000 0.409636
550000 0.401301
560000 0.393803
570000 0.38928
580000 0.383877
590000 0.379816
600000 0.375507
610000 0.420872
620000 0.414568
630000 0.408707
640000 0.404134
650000 0.398309
660000 0.392808
670000 0.386876
680000 0.379611
690000 0.371801
700000 0.366807
710000 0.363406
720000 0.361705
730000 0.356208
740000 0.35319
750000 0.349365
760000 0.347333
770000 0.342967
780000 0.339685
790000 0.335786
800000 0.332794
810000 0.329682
820000 0.328257
830000 0.325126
840000 0.321555
850000 0.318626
860000 0.317361
870000 0.314139
880000 0.380148
890000 0.376979
900000 0.375473
910000 0.368214
920000 0.360064
930000 0.352262
940000 0.345519
950000 0.340002
960000 0.332938
970000 0.329764
980000 0.323286
990000 0.329695
