10000 0.139818
20000 0.0488339
30000 0.0435735
40000 0.0389568
50000 0.0359016
60000 0.0343721
70000 0.194248
80000 0.265656
90000 0.244151
100000 0.232972
110000 0.223089
120000 0.217521
130000 0.205119
140000 0.201144
150000 0.192167
160000 0.187066
170000 0.180373
180000 0.179836
190000 0.171115
200000 0.165301
210000 0.161522
220000 0.155836
230000 0.151368
240000 0.149466
250000 0.142067
260000 0.139377
270000 0.133536
280000 0.134831
290000 0.127774
300000 0.125237
310000 0.137914
320000 0.12906
330000 0.124945
340000 0.119782
350000 0.116363
360000 0.110025
370000 0.103447
380000 0.105265
390000 0.0966812
400000 0.0919423
410000 0.0923739
420000 0.0901651
430000 0.087457
440000 0.0889397
450000 0.0827003
460000 0.083893
470000 0.0791745
480000 0.0772019
490000 0.0803006
500000 0.073017
510000 0.0708792
520000 0.0737611
530000 0.0726482
540000 0.0708423
550000 0.070812
560000 0.071541
570000 0.0709517
580000 0.0943309
590000 0.0897769
600000 0.0859817
610000 0.0824892
620000 0.0811343
630000 0.0785987
640000 0.0782816
650000 0.0788893
660000 0.0776599
670000 0.0762976
680000 0.0773449
690000 0.0754459
700000 0.0757895
710000 0.0752821
720000 0.0729392
730000 0.0747534
740000 0.0723223
750000 0.071485
760000 0.0713005
770000 0.0730631
780000 0.0713121
790000 0.0685603
800000 0.070867
810000 0.0700069
820000 0.0756492
830000 0.0798178
840000 0.0787983
850000 0.0772561
860000 0.0760681
870000 0.0763298
880000 0.0766857
890000 0.0763363
900000 0.077582
910000 0.106767
920000 0.104269
930000 0.102836
940000 0.102109
950000 0.101879
960000 0.10078
970000 0.101441
980000 0.0991964
990000 0.0986417
