10000 -0.540332
20000 -0.574741
30000 -0.583627
40000 -0.541162
50000 -0.568298
60000 -0.53524
70000 -0.607397
80000 -0.581052
90000 -0.59776
100000 -0.602068
110000 -0.53491
120000 -0.563841
130000 -0.546289
140000 -0.56805
150000 -0.567187
160000 -0.542074
170000 -0.580184
180000 -0.559249
190000 -0.467442
200000 -0.489929
210000 -0.52956
220000 -0.625633
230000 -0.635262
240000 -0.578086
250000 -0.525203
260000 -0.619044
270000 -0.536983
280000 -0.59174
290000 -0.595828
300000 -0.552588
310000 -0.620723
320000 -0.603328
330000 -0.523397
340000 -0.560029
350000 -0.557436
360000 -0.541168
370000 -0.61702
380000 -0.617012
390000 -0.494815
400000 -0.590058
410000 -0.608471
420000 -0.539381
430000 -0.496174
440000 -0.555927
450000 -0.502563
460000 -0.535595
470000 -0.614793
480000 -0.539257
490000 -0.536709
500000 -0.606966
510000 -0.566365
520000 -0.634237
530000 -0.565182
540000 -0.526332
550000 -0.484042
560000 -0.591355
570000 -0.587284
580000 -0.548979
590000 -0.539246
600000 -0.625265
610000 -0.456067
620000 -0.514071
630000 -0.548497
640000 -0.569349
650000 -0.551077
660000 -0.579339
670000 -0.618245
680000 -0.545249
690000 -0.623982
700000 -0.639549
710000 -0.558387
720000 -0.60404
730000 -0.525584
740000 -0.557963
750000 -0.55627
760000 -0.59607
770000 -0.567647
780000 -0.53405
790000 -0.555091
800000 -0.664168
810000 -0.589847
820000 -0.551828
830000 -0.550618
840000 -0.443375
850000 -0.504389
860000 -0.561955
870000 -0.47603
880000 -0.568455
890000 -0.537024
900000 -0.578584
910000 -0.583627
920000 -0.461753
930000 -0.565056
940000 -0.593313
950000 -0.517667
960000 -0.534033
970000 -0.602732
980000 -0.507163
990000 -0.579549
1000000 -0.55206
