10000 -0.525242
20000 -0.614984
30000 -0.580749
40000 -0.531437
50000 -0.551642
60000 -0.584238
70000 -0.507082
80000 -0.605594
90000 -0.541814
100000 -0.55015
110000 -0.586101
120000 -0.637944
130000 -0.546955
140000 -0.570501
150000 -0.504143
160000 -0.573735
170000 -0.632463
180000 -0.560307
190000 -0.500048
200000 -0.572669
210000 -0.606678
220000 -0.548716
230000 -0.515967
240000 -0.589074
250000 -0.548456
260000 -0.533515
270000 -0.544921
280000 -0.4893
290000 -0.628534
300000 -0.502918
310000 -0.579211
320000 -0.556944
330000 -0.593682
340000 -0.529761
350000 -0.579529
360000 -0.514181
370000 -0.515266
380000 -0.599904
390000 -0.490382
400000 -0.616003
410000 -0.651501
420000 -0.567133
430000 -0.498668
440000 -0.489885
450000 -0.604901
460000 -0.561125
470000 -0.555315
480000 -0.558601
490000 -0.495558
500000 -0.499501
510000 -0.598199
520000 -0.493154
530000 -0.62074
540000 -0.574579
550000 -0.585371
560000 -0.602161
570000 -0.604115
580000 -0.528795
590000 -0.617381
600000 -0.526319
610000 -0.517774
620000 -0.544847
630000 -0.618892
640000 -0.551604
650000 -0.574863
660000 -0.614127
670000 -0.64563
680000 -0.533735
690000 -0.572139
700000 -0.556008
710000 -0.533478
720000 -0.427694
730000 -0.555865
740000 -0.600259
750000 -0.555944
760000 -0.551862
770000 -0.608207
780000 -0.571248
790000 -0.53202
800000 -0.535309
810000 -0.617893
820000 -0.509262
830000 -0.521072
840000 -0.543846
850000 -0.590646
860000 -0.548496
870000 -0.65973
880000 -0.565427
890000 -0.58078
900000 -0.546699
910000 -0.52214
920000 -0.563323
930000 -0.554585
940000 -0.535563
950000 -0.665834
960000 -0.56956
970000 -0.65329
980000 -0.506172
990000 -0.50576
1000000 -0.590525
