10000 -0.495153
20000 -0.521456
30000 -0.53716
40000 -0.585718
50000 -0.557578
60000 -0.53174
70000 -0.546901
80000 -0.650442
90000 -0.606953
100000 -0.595367
110000 -0.52951
120000 -0.530682
130000 -0.608526
140000 -0.539101
150000 -0.6426
160000 -0.492834
170000 -0.555016
180000 -0.553087
190000 -0.602648
200000 -0.493782
210000 -0.488313
220000 -0.590583
230000 -0.536045
240000 -0.631795
250000 -0.619509
260000 -0.637799
270000 -0.593292
280000 -0.565356
290000 -0.591478
300000 -0.614363
310000 -0.49405
320000 -0.642224
330000 -0.587595
340000 -0.536368
350000 -0.560384
360000 -0.531113
370000 -0.589123
380000 -0.515549
390000 -0.567772
400000 -0.610007
410000 -0.531371
420000 -0.528923
430000 -0.6464
440000 -0.556601
450000 -0.565784
460000 -0.572453
470000 -0.501247
480000 -0.594013
490000 -0.49688
500000 -0.558676
510000 -0.553881
520000 -0.548082
530000 -0.562207
540000 -0.61614
550000 -0.50476
560000 -0.525555
570000 -0.542309
580000 -0.580981
590000 -0.581042
600000 -0.514775
610000 -0.557092
620000 -0.603016
630000 -0.564259
640000 -0.631735
650000 -0.513119
660000 -0.613904
670000 -0.54999
680000 -0.548919
690000 -0.574267
700000 -0.496534
710000 -0.513268
720000 -0.495854
730000 -0.582362
740000 -0.618875
750000 -0.544118
760000 -0.621483
770000 -0.579771
780000 -0.568615
790000 -0.566868
800000 -0.549776
810000 -0.54539
820000 -0.50203
830000 -0.54429
840000 -0.516557
850000 -0.548665
860000 -0.498778
870000 -0.571086
880000 -0.576144
890000 -0.560542
900000 -0.616349
910000 -0.572227
920000 -0.661229
930000 -0.565817
940000 -0.546279
950000 -0.554006
960000 -0.550325
970000 -0.624969
980000 -0.571021
990000 -0.538214
1000000 -0.58555
