10000 -0.529976
20000 -0.490314
30000 -0.571698
40000 -0.51649
50000 -0.577879
60000 -0.493831
70000 -0.498599
80000 -0.526714
90000 -0.525865
100000 -0.572436
110000 -0.526119
120000 -0.585357
130000 -0.518729
140000 -0.558785
150000 -0.627867
160000 -0.639095
170000 -0.621322
180000 -0.560639
190000 -0.59778
200000 -0.595044
210000 -0.600282
220000 -0.582242
230000 -0.516384
240000 -0.495164
250000 -0.540138
260000 -0.549655
270000 -0.563989
280000 -0.580509
290000 -0.625979
300000 -0.492588
310000 -0.629677
320000 -0.57242
330000 -0.581189
340000 -0.534018
350000 -0.585971
360000 -0.583604
370000 -0.585119
380000 -0.530808
390000 -0.603199
400000 -0.619593
410000 -0.634132
420000 -0.597796
430000 -0.589531
440000 -0.601701
450000 -0.57529
460000 -0.543018
470000 -0.535266
480000 -0.457027
490000 -0.574798
500000 -0.577925
510000 -0.625236
520000 -0.54167
530000 -0.608687
540000 -0.596905
550000 -0.590354
560000 -0.633777
570000 -0.594634
580000 -0.489496
590000 -0.569499
600000 -0.531887
610000 -0.480738
620000 -0.597522
630000 -0.550053
640000 -0.557961
650000 -0.591884
660000 -0.564179
670000 -0.570002
680000 -0.617085
690000 -0.585336
700000 -0.512093
710000 -0.599373
720000 -0.533714
730000 -0.602038
740000 -0.619644
750000 -0.586168
760000 -0.621589
770000 -0.491751
780000 -0.514191
790000 -0.559781
800000 -0.535831
810000 -0.463965
820000 -0.557852
830000 -0.573725
840000 -0.592057
850000 -0.57335
860000 -0.490428
870000 -0.561006
880000 -0.585474
890000 -0.638597
900000 -0.637606
910000 -0.514848
920000 -0.65036
930000 -0.593311
940000 -0.49491
950000 -0.524323
960000 -0.595847
970000 -0.582125
980000 -0.583163
990000 -0.461396
1000000 -0.56297
