10000 -0.307437
20000 -0.348632
30000 -0.365818
40000 -0.373635
50000 -0.37735
60000 -0.379619
70000 -0.381367
80000 -0.381455
90000 -0.381525
100000 -0.379281
110000 -0.378531
120000 -0.376604
130000 -0.373695
140000 -0.371241
150000 -0.368693
160000 -0.367508
170000 -0.36596
180000 -0.364331
190000 -0.362208
200000 -0.359231
210000 -0.355872
220000 -0.351734
230000 -0.346523
240000 -0.341096
250000 -0.335602
260000 -0.330473
270000 -0.325402
280000 -0.320493
290000 -0.315831
300000 -0.311316
310000 -0.307016
320000 -0.302897
330000 -0.298856
340000 -0.294971
350000 -0.291281
360000 -0.287761
370000 -0.284334
380000 -0.281034
390000 -0.277868
400000 -0.275137
410000 -0.272612
420000 -0.270253
430000 -0.267934
440000 -0.265678
450000 -0.263543
460000 -0.261436
470000 -0.259565
480000 -0.257703
490000 -0.255886
500000 -0.254102
510000 -0.252336
520000 -0.250586
530000 -0.248874
540000 -0.247182
550000 -0.245562
560000 -0.243937
570000 -0.242286
580000 -0.24068
590000 -0.239113
600000 -0.23755
610000 -0.235987
620000 -0.234426
630000 -0.232922
640000 -0.231425
650000 -0.229962
660000 -0.228519
670000 -0.227101
680000 -0.225713
690000 -0.224365
700000 -0.223026
710000 -0.221709
720000 -0.220422
730000 -0.219139
740000 -0.217901
750000 -0.216663
760000 -0.215446
770000 -0.214239
780000 -0.213041
790000 -0.211862
800000 -0.210721
810000 -0.209585
820000 -0.208489
830000 -0.207401
840000 -0.206382
850000 -0.205424
860000 -0.204463
870000 -0.203479
880000 -0.202491
890000 -0.201529
900000 -0.20055
910000 -0.199591
920000 -0.198686
930000 -0.197822
940000 -0.196947
950000 -0.196074
960000 -0.195225
970000 -0.194395
980000 -0.193562
990000 -0.192741
