10000 -0.329356
20000 -0.360264
30000 -0.373154
40000 -0.382122
50000 -0.386623
60000 -0.387491
70000 -0.385816
80000 -0.380652
90000 -0.374108
100000 -0.368645
110000 -0.363096
120000 -0.359204
130000 -0.355059
140000 -0.351059
150000 -0.347252
160000 -0.344119
170000 -0.341121
180000 -0.337795
190000 -0.335116
200000 -0.332096
210000 -0.329025
220000 -0.326067
230000 -0.323529
240000 -0.320932
250000 -0.318365
260000 -0.316155
270000 -0.313871
280000 -0.311758
290000 -0.309749
300000 -0.307903
310000 -0.306242
320000 -0.304691
330000 -0.303277
340000 -0.301777
350000 -0.300318
360000 -0.298934
370000 -0.297659
380000 -0.296589
390000 -0.297368
400000 -0.29799
410000 -0.298426
420000 -0.298768
430000 -0.298956
440000 -0.299047
450000 -0.299064
460000 -0.298924
470000 -0.298643
480000 -0.298275
490000 -0.297859
500000 -0.297419
510000 -0.296895
520000 -0.296276
530000 -0.295646
540000 -0.294857
550000 -0.293932
560000 -0.292971
570000 -0.292019
580000 -0.291037
590000 -0.290043
600000 -0.289024
610000 -0.287984
620000 -0.286991
630000 -0.285939
640000 -0.284793
650000 -0.283736
660000 -0.282623
670000 -0.281464
680000 -0.2803
690000 -0.279154
700000 -0.278263
710000 -0.277358
720000 -0.27647
730000 -0.275545
740000 -0.274569
750000 -0.273562
760000 -0.272513
770000 -0.271423
780000 -0.2703
790000 -0.269131
800000 -0.267985
810000 -0.266841
820000 -0.265695
830000 -0.264529
840000 -0.263741
850000 -0.262972
860000 -0.262178
870000 -0.261373
880000 -0.260551
890000 -0.259725
900000 -0.25891
910000 -0.258087
920000 -0.257274
930000 -0.256466
940000 -0.25566
950000 -0.254863
960000 -0.254086
970000 -0.253588
980000 -0.253348
990000 -0.253084
