10000 -0.337579
20000 -0.363004
30000 -0.370534
40000 -0.373451
50000 -0.372102
60000 -0.36705
70000 -0.360362
80000 -0.355273
90000 -0.350668
100000 -0.34758
110000 -0.345781
120000 -0.344395
130000 -0.342183
140000 -0.340247
150000 -0.338261
160000 -0.335951
170000 -0.334112
180000 -0.33299
190000 -0.331531
200000 -0.32997
210000 -0.328023
220000 -0.326143
230000 -0.324389
240000 -0.322702
250000 -0.321099
260000 -0.319596
270000 -0.318651
280000 -0.317717
290000 -0.316822
300000 -0.31789
310000 -0.31891
320000 -0.319856
330000 -0.320785
340000 -0.321448
350000 -0.322008
360000 -0.322556
370000 -0.322954
380000 -0.323332
390000 -0.323681
400000 -0.323917
410000 -0.324106
420000 -0.324209
430000 -0.324404
440000 -0.324591
450000 -0.324826
460000 -0.324999
470000 -0.325132
480000 -0.325192
490000 -0.325208
500000 -0.32522
510000 -0.325183
520000 -0.32516
530000 -0.325158
540000 -0.325107
550000 -0.325067
560000 -0.324952
570000 -0.324763
580000 -0.32459
590000 -0.324497
600000 -0.324391
610000 -0.32425
620000 -0.324094
630000 -0.323889
640000 -0.323664
650000 -0.323443
660000 -0.323205
670000 -0.322971
680000 -0.322721
690000 -0.32243
700000 -0.32212
710000 -0.321797
720000 -0.321468
730000 -0.321079
740000 -0.320712
750000 -0.320285
760000 -0.319831
770000 -0.319363
780000 -0.318868
790000 -0.31834
800000 -0.317772
810000 -0.317188
820000 -0.316577
830000 -0.315885
840000 -0.315177
850000 -0.314465
860000 -0.313746
870000 -0.313041
880000 -0.312344
890000 -0.31166
900000 -0.310969
910000 -0.310331
920000 -0.309666
930000 -0.308994
940000 -0.308319
950000 -0.307648
960000 -0.30696
970000 -0.306306
980000 -0.305675
990000 -0.305045
