10000 -0.331101
20000 -0.368604
30000 -0.380176
40000 -0.385452
50000 -0.385273
60000 -0.38426
70000 -0.383056
80000 -0.382783
90000 -0.383578
100000 -0.383531
110000 -0.381423
120000 -0.378501
130000 -0.376865
140000 -0.375003
150000 -0.372555
160000 -0.369228
170000 -0.365749
180000 -0.361611
190000 -0.357671
200000 -0.353426
210000 -0.348275
220000 -0.343043
230000 -0.33718
240000 -0.330874
250000 -0.32406
260000 -0.317432
270000 -0.31262
280000 -0.306825
290000 -0.301206
300000 -0.296406
310000 -0.291835
320000 -0.287453
330000 -0.283145
340000 -0.279005
350000 -0.27482
360000 -0.271571
370000 -0.26873
380000 -0.265986
390000 -0.263295
400000 -0.260808
410000 -0.258289
420000 -0.255904
430000 -0.253588
440000 -0.251246
450000 -0.249007
460000 -0.246673
470000 -0.244607
480000 -0.242588
490000 -0.240657
500000 -0.238833
510000 -0.237074
520000 -0.235286
530000 -0.233583
540000 -0.231869
550000 -0.230257
560000 -0.228631
570000 -0.227022
580000 -0.225445
590000 -0.223883
600000 -0.222391
610000 -0.220883
620000 -0.219337
630000 -0.217841
640000 -0.21638
650000 -0.214995
660000 -0.213696
670000 -0.212458
680000 -0.211197
690000 -0.209917
700000 -0.20871
710000 -0.207521
720000 -0.2064
730000 -0.205309
740000 -0.204247
750000 -0.20319
760000 -0.202155
770000 -0.201149
780000 -0.200172
790000 -0.199186
800000 -0.19821
810000 -0.197279
820000 -0.196389
830000 -0.195513
840000 -0.194677
850000 -0.19386
860000 -0.193061
870000 -0.192267
880000 -0.191499
890000 -0.190738
900000 -0.189976
910000 -0.189206
920000 -0.188455
930000 -0.18772
940000 -0.186991
950000 -0.186275
960000 -0.185559
970000 -0.18485
980000 -0.18414
990000 -0.18344
