10000 -0.318277
20000 -0.354401
30000 -0.36875
40000 -0.374098
50000 -0.377697
60000 -0.380533
70000 -0.381617
80000 -0.380753
90000 -0.379014
100000 -0.376196
110000 -0.372712
120000 -0.369296
130000 -0.365796
140000 -0.362243
150000 -0.358847
160000 -0.355649
170000 -0.35252
180000 -0.349414
190000 -0.347132
200000 -0.345235
210000 -0.344568
220000 -0.344636
230000 -0.344267
240000 -0.343724
250000 -0.343258
260000 -0.342641
270000 -0.341932
280000 -0.341161
290000 -0.340461
300000 -0.339799
310000 -0.339031
320000 -0.338185
330000 -0.337388
340000 -0.336723
350000 -0.336043
360000 -0.335362
370000 -0.334701
380000 -0.334001
390000 -0.333346
400000 -0.33268
410000 -0.332066
420000 -0.331457
430000 -0.331109
440000 -0.331135
450000 -0.331382
460000 -0.331593
470000 -0.331727
480000 -0.33177
490000 -0.331863
500000 -0.332
510000 -0.332028
520000 -0.331992
530000 -0.331871
540000 -0.331655
550000 -0.331378
560000 -0.331084
570000 -0.330699
580000 -0.33033
590000 -0.329948
600000 -0.329585
610000 -0.329179
620000 -0.328789
630000 -0.328408
640000 -0.327999
650000 -0.327594
660000 -0.327225
670000 -0.326817
680000 -0.326395
690000 -0.325951
700000 -0.325482
710000 -0.325013
720000 -0.324626
730000 -0.324204
740000 -0.323772
750000 -0.32336
760000 -0.322988
770000 -0.3226
780000 -0.322218
790000 -0.321821
800000 -0.321392
810000 -0.320946
820000 -0.320474
830000 -0.319984
840000 -0.319488
850000 -0.319008
860000 -0.318512
870000 -0.318016
880000 -0.317529
890000 -0.317028
900000 -0.316511
910000 -0.316126
920000 -0.315801
930000 -0.315473
940000 -0.315159
950000 -0.314833
960000 -0.314502
970000 -0.314156
980000 -0.313811
990000 -0.313471
