10000 -0.46276
20000 -0.45298
30000 -0.436457
40000 -0.424118
50000 -0.407269
60000 -0.391964
70000 -0.371113
80000 -0.359281
90000 -0.343108
100000 -0.336157
110000 -0.350784
120000 -0.338108
130000 -0.330654
140000 -0.32461
150000 -0.317105
160000 -0.305605
170000 -0.310551
180000 -0.292567
190000 -0.28617
200000 -0.288776
210000 -0.289446
220000 -0.281889
230000 -0.285123
240000 -0.280083
250000 -0.314057
260000 -0.305267
270000 -0.294172
280000 -0.285622
290000 -0.283947
300000 -0.267322
310000 -0.252995
320000 -0.287257
330000 -0.279983
340000 -0.275906
350000 -0.271765
360000 -0.270218
370000 -0.26381
380000 -0.282633
390000 -0.276961
400000 -0.272359
410000 -0.271105
420000 -0.265221
430000 -0.26306
440000 -0.260977
450000 -0.259067
460000 -0.256569
470000 -0.253764
480000 -0.251177
490000 -0.248938
500000 -0.246233
510000 -0.244246
520000 -0.24258
530000 -0.240384
540000 -0.241788
550000 -0.239763
560000 -0.23977
570000 -0.239527
580000 -0.240182
590000 -0.254479
600000 -0.253001
610000 -0.25097
620000 -0.249971
630000 -0.248105
640000 -0.246497
650000 -0.245631
660000 -0.242859
670000 -0.23932
680000 -0.24009
690000 -0.239916
700000 -0.238847
710000 -0.239027
720000 -0.239069
730000 -0.238472
740000 -0.253907
750000 -0.238953
760000 -0.239399
770000 -0.259913
780000 -0.256651
790000 -0.25539
800000 -0.254207
810000 -0.253768
820000 -0.257455
830000 -0.253525
840000 -0.256871
850000 -0.250904
860000 -0.256545
870000 -0.249621
880000 -0.246144
890000 -0.246606
900000 -0.242038
910000 -0.242899
920000 -0.242254
930000 -0.244088
940000 -0.241616
950000 -0.240508
960000 -0.239582
970000 -0.241635
980000 -0.238377
990000 -0.239097
