10000 -0.448295
20000 -0.442481
30000 -0.421414
40000 -0.409592
50000 -0.406043
60000 -0.400182
70000 -0.375463
80000 -0.384453
90000 -0.364155
100000 -0.341615
110000 -0.329912
120000 -0.322395
130000 -0.308554
140000 -0.311276
150000 -0.305645
160000 -0.311857
170000 -0.290169
180000 -0.307078
190000 -0.31443
200000 -0.299924
210000 -0.334761
220000 -0.336122
230000 -0.330549
240000 -0.328746
250000 -0.321839
260000 -0.321965
270000 -0.317006
280000 -0.31624
290000 -0.317884
300000 -0.314802
310000 -0.309533
320000 -0.308519
330000 -0.309452
340000 -0.313049
350000 -0.307525
360000 -0.303002
370000 -0.311136
380000 -0.306085
390000 -0.306938
400000 -0.304924
410000 -0.302179
420000 -0.300508
430000 -0.324957
440000 -0.337392
450000 -0.334326
460000 -0.322995
470000 -0.321499
480000 -0.317555
490000 -0.31714
500000 -0.319645
510000 -0.311348
520000 -0.307898
530000 -0.302978
540000 -0.299276
550000 -0.299199
560000 -0.298519
570000 -0.294268
580000 -0.2923
590000 -0.290742
600000 -0.291358
610000 -0.288919
620000 -0.289473
630000 -0.28881
640000 -0.288807
650000 -0.287335
660000 -0.285141
670000 -0.282617
680000 -0.277881
690000 -0.274716
700000 -0.270691
710000 -0.281214
720000 -0.278342
730000 -0.276999
740000 -0.276921
750000 -0.281236
760000 -0.282062
770000 -0.280723
780000 -0.27824
790000 -0.279691
800000 -0.276263
810000 -0.27358
820000 -0.270766
830000 -0.269513
840000 -0.268774
850000 -0.267212
860000 -0.267091
870000 -0.266797
880000 -0.265439
890000 -0.264084
900000 -0.262921
910000 -0.281086
920000 -0.279073
930000 -0.278836
940000 -0.277419
950000 -0.276288
960000 -0.274794
970000 -0.273309
980000 -0.274188
990000 -0.272965
