10000 -0.437597
20000 -0.424007
30000 -0.425685
40000 -0.429626
50000 -0.413141
60000 -0.396713
70000 -0.396811
80000 -0.395702
90000 -0.384994
100000 -0.363205
110000 -0.347096
120000 -0.378026
130000 -0.357084
140000 -0.334296
150000 -0.325975
160000 -0.316
170000 -0.316348
180000 -0.289989
190000 -0.3318
200000 -0.318904
210000 -0.30848
220000 -0.2865
230000 -0.284997
240000 -0.275669
250000 -0.278533
260000 -0.281381
270000 -0.269264
280000 -0.281007
290000 -0.293049
300000 -0.27975
310000 -0.293563
320000 -0.279381
330000 -0.274849
340000 -0.273864
350000 -0.280765
360000 -0.268685
370000 -0.271549
380000 -0.268661
390000 -0.271918
400000 -0.269179
410000 -0.269552
420000 -0.27105
430000 -0.270449
440000 -0.264216
450000 -0.262696
460000 -0.263992
470000 -0.263649
480000 -0.263495
490000 -0.260727
500000 -0.265434
510000 -0.258739
520000 -0.265264
530000 -0.262252
540000 -0.259038
550000 -0.256367
560000 -0.25446
570000 -0.255989
580000 -0.252761
590000 -0.25422
600000 -0.253074
610000 -0.250714
620000 -0.252052
630000 -0.249843
640000 -0.255024
650000 -0.247771
660000 -0.251287
670000 -0.254208
680000 -0.243141
690000 -0.244857
700000 -0.24238
710000 -0.238392
720000 -0.236082
730000 -0.238334
740000 -0.247276
750000 -0.23874
760000 -0.23988
770000 -0.234965
780000 -0.23395
790000 -0.234246
800000 -0.232955
810000 -0.250586
820000 -0.248544
830000 -0.248593
840000 -0.247652
850000 -0.24555
860000 -0.238413
870000 -0.241121
880000 -0.23631
890000 -0.233607
900000 -0.236482
910000 -0.233469
920000 -0.238411
930000 -0.239619
940000 -0.233819
950000 -0.233631
960000 -0.227804
970000 -0.224372
980000 -0.223387
990000 -0.218839
