10000 0.445915
20000 0.267179
30000 0.185357
40000 0.162026
50000 0.144396
60000 0.128995
70000 0.112551
80000 0.104357
90000 0.165475
100000 0.202349
110000 0.219378
120000 0.219672
130000 0.204842
140000 0.190533
150000 0.178132
160000 0.171463
170000 0.167215
180000 0.171089
190000 0.173621
200000 0.175218
210000 0.176025
220000 0.176207
230000 0.17584
240000 0.175013
250000 0.176274
260000 0.177176
270000 0.177685
280000 0.177866
290000 0.177793
300000 0.17748
310000 0.17696
320000 0.176267
330000 0.175426
340000 0.174448
350000 0.173365
360000 0.172263
370000 0.171053
380000 0.169744
390000 0.168348
400000 0.166926
410000 0.165439
420000 0.163852
430000 0.162178
440000 0.1604
450000 0.158545
460000 0.156596
470000 0.154578
480000 0.152508
490000 0.150393
500000 0.148229
510000 0.14599
520000 0.14366
530000 0.141256
540000 0.138808
550000 0.136366
560000 0.134011
570000 0.131739
580000 0.129546
590000 0.127426
600000 0.125378
610000 0.123396
620000 0.121479
630000 0.119622
640000 0.117823
650000 0.11608
660000 0.114884
670000 0.113772
680000 0.112557
690000 0.111213
700000 0.10976
710000 0.108331
720000 0.106889
730000 0.105486
740000 0.104122
750000 0.102794
760000 0.1015
770000 0.100241
780000 0.0990133
790000 0.097817
800000 0.0966506
810000 0.095513
820000 0.0944032
830000 0.0933201
840000 0.0922628
850000 0.0912303
860000 0.0902219
870000 0.0892366
880000 0.0882738
890000 0.0873326
900000 0.0864123
910000 0.0855122
920000 0.0846317
930000 0.0837701
940000 0.0829269
950000 0.0821014
960000 0.0812931
970000 0.0805015
980000 0.079726
990000 0.0789662
