10000 0.461706
20000 0.378181
30000 0.312888
40000 0.259946
50000 0.225463
60000 0.206598
70000 0.240876
80000 0.270807
90000 0.290701
100000 0.306118
110000 0.316041
120000 0.323392
130000 0.327842
140000 0.32993
150000 0.330433
160000 0.329995
170000 0.329015
180000 0.327448
190000 0.325577
200000 0.323418
210000 0.321189
220000 0.318596
230000 0.315867
240000 0.313142
250000 0.310316
260000 0.307587
270000 0.306978
280000 0.306275
290000 0.305461
300000 0.304506
310000 0.303303
320000 0.301836
330000 0.300209
340000 0.298452
350000 0.296641
360000 0.294775
370000 0.292824
380000 0.290761
390000 0.288673
400000 0.286503
410000 0.28428
420000 0.282013
430000 0.279686
440000 0.277309
450000 0.274876
460000 0.272349
470000 0.269795
480000 0.267239
490000 0.264872
500000 0.262473
510000 0.260038
520000 0.257576
530000 0.255095
540000 0.252608
550000 0.250058
560000 0.247411
570000 0.246413
580000 0.245797
590000 0.244953
600000 0.24389
610000 0.242615
620000 0.241159
630000 0.239509
640000 0.237667
650000 0.235698
660000 0.233096
670000 0.230296
680000 0.227468
690000 0.224692
700000 0.221976
710000 0.219325
720000 0.216727
730000 0.214204
740000 0.211725
750000 0.20926
760000 0.206898
770000 0.204587
780000 0.202322
790000 0.200102
800000 0.197923
810000 0.195929
820000 0.194501
830000 0.192964
840000 0.191589
850000 0.190953
860000 0.191272
870000 0.191524
880000 0.191714
890000 0.191836
900000 0.191892
910000 0.191884
920000 0.191796
930000 0.191638
940000 0.191405
950000 0.191116
960000 0.190782
970000 0.190403
980000 0.18997
990000 0.189486
