10000 0.572666
20000 0.499238
30000 0.450208
40000 0.394921
50000 0.379121
60000 0.386987
70000 0.377057
80000 0.374864
90000 0.372451
100000 0.373846
110000 0.372444
120000 0.36736
130000 0.357466
140000 0.347645
150000 0.336096
160000 0.322725
170000 0.308045
180000 0.29266
190000 0.277557
200000 0.263955
210000 0.251645
220000 0.241105
230000 0.244419
240000 0.24686
250000 0.248493
260000 0.2497
270000 0.250969
280000 0.25177
290000 0.252242
300000 0.252835
310000 0.252335
320000 0.252197
330000 0.251386
340000 0.250573
350000 0.248865
360000 0.246907
370000 0.244729
380000 0.242349
390000 0.24002
400000 0.237245
410000 0.233801
420000 0.230057
430000 0.226049
440000 0.221754
450000 0.217146
460000 0.212618
470000 0.208206
480000 0.203977
490000 0.199921
500000 0.196027
510000 0.192286
520000 0.188688
530000 0.185227
540000 0.181893
550000 0.178681
560000 0.175584
570000 0.172595
580000 0.169709
590000 0.166921
600000 0.164226
610000 0.161619
620000 0.159097
630000 0.156654
640000 0.154288
650000 0.151994
660000 0.14977
670000 0.147613
680000 0.145519
690000 0.143485
700000 0.14151
710000 0.13959
720000 0.137724
730000 0.135909
740000 0.134142
750000 0.132423
760000 0.130749
770000 0.129119
780000 0.12753
790000 0.125982
800000 0.124472
810000 0.123
820000 0.121564
830000 0.120162
840000 0.118793
850000 0.117457
860000 0.116152
870000 0.114877
880000 0.11363
890000 0.112412
900000 0.111221
910000 0.110056
920000 0.108916
930000 0.107801
940000 0.10671
950000 0.105641
960000 0.104595
970000 0.103571
980000 0.102567
990000 0.101584
