10000 0.506388
20000 0.483178
30000 0.446721
40000 0.417999
50000 0.417065
60000 0.399349
70000 0.366859
80000 0.336207
90000 0.305519
100000 0.28137
110000 0.265824
120000 0.256344
130000 0.24663
140000 0.236184
150000 0.227277
160000 0.218193
170000 0.207129
180000 0.196401
190000 0.186596
200000 0.177699
210000 0.169535
220000 0.162079
230000 0.155297
240000 0.150738
250000 0.145411
260000 0.142279
270000 0.141885
280000 0.141628
290000 0.140675
300000 0.139114
310000 0.136788
320000 0.13378
330000 0.130239
340000 0.128012
350000 0.128071
360000 0.127796
370000 0.12704
380000 0.125858
390000 0.124224
400000 0.122012
410000 0.119422
420000 0.116735
430000 0.114148
440000 0.111676
450000 0.109257
460000 0.108541
470000 0.107331
480000 0.105587
490000 0.103518
500000 0.101522
510000 0.0996422
520000 0.0994055
530000 0.0996673
540000 0.0998001
550000 0.0998287
560000 0.0997839
570000 0.0996655
580000 0.0994889
590000 0.0992647
600000 0.0989969
610000 0.098691
620000 0.0983456
630000 0.0979701
640000 0.097566
650000 0.0971441
660000 0.0967008
670000 0.0962445
680000 0.0957784
690000 0.0953943
700000 0.0949975
710000 0.0945859
720000 0.0941601
730000 0.0937254
740000 0.0932829
750000 0.0928341
760000 0.0923788
770000 0.0919199
780000 0.0914522
790000 0.0909804
800000 0.0905069
810000 0.0900311
820000 0.0895548
830000 0.0890791
840000 0.0886003
850000 0.088121
860000 0.0876408
870000 0.0871604
880000 0.086681
890000 0.0871352
900000 0.0909146
910000 0.0945618
920000 0.0980427
930000 0.101332
940000 0.104429
950000 0.107354
960000 0.110109
970000 0.112707
980000 0.115153
990000 0.117447
