10000 0.379399
20000 0.463689
30000 0.453265
40000 0.522354
50000 0.181498
60000 0.475398
70000 0.495581
80000 0.412119
90000 0.317922
100000 0.241958
110000 0.164336
120000 0.0955526
130000 0.0152381
140000 0.00520631
150000 0.00520631
160000 0.238561
170000 0.219336
180000 0.195112
190000 0.177736
200000 0.16216
210000 0.20343
220000 0.190809
230000 0.181284
240000 0.172438
250000 0.177499
260000 0.175286
270000 0.167612
280000 0.162084
290000 0.155619
300000 0.148808
310000 0.144281
320000 0.137588
330000 0.128058
340000 0.123415
350000 0.120316
360000 0.105582
370000 0.100025
380000 0.0951592
390000 0.0903544
400000 0.0860833
410000 0.0842803
420000 0.150196
430000 0.143626
440000 0.136178
450000 0.142327
460000 0.13426
470000 0.128267
480000 0.120611
490000 0.11257
500000 0.106058
510000 0.0930842
520000 0.0899595
530000 0.0842305
540000 0.090991
550000 0.0813595
560000 0.0786425
570000 0.0729099
580000 0.0700401
590000 0.068496
600000 0.0804454
610000 0.0707789
620000 0.0649522
630000 0.0664998
640000 0.0643657
650000 0.0630196
660000 0.0614025
670000 0.060173
680000 0.0588772
690000 0.0581602
700000 0.0807306
710000 0.0809689
720000 0.0765232
730000 0.0744835
740000 0.0824846
750000 0.0696943
760000 0.0679247
770000 0.142684
780000 0.152578
790000 0.145787
800000 0.140582
810000 0.134072
820000 0.12798
830000 0.122129
840000 0.116542
850000 0.109543
860000 0.103321
870000 0.0954052
880000 0.0855251
890000 0.079842
900000 0.0731885
910000 0.0716825
920000 0.0689792
930000 0.0669344
940000 0.0646665
950000 0.0626752
960000 0.059858
970000 0.0577432
980000 0.0557395
990000 0.0518885
