10000 0.544102
20000 0.402012
30000 0.466686
40000 0.390152
50000 0.374983
60000 0.174714
70000 0.215621
80000 0.10091
90000 0.0450368
100000 0.0398436
110000 0.151355
120000 0.137759
130000 0.108166
140000 0.079715
150000 0.098587
160000 0.0503202
170000 0.00825642
180000 0.0052571
190000 0.00737884
200000 0.0048606
210000 0.00258441
220000 0.00399328
230000 0.00447843
240000 0.0281536
250000 0.0047989
260000 0.118827
270000 0.142693
280000 0.126511
290000 0.105206
300000 0.08043
310000 0.05401
320000 0.019996
330000 0.0100173
340000 0.134031
350000 0.124166
360000 0.108647
370000 0.0886263
380000 0.0720161
390000 0.0517842
400000 0.0245915
410000 0.0117806
420000 0.00425897
430000 0.00462255
440000 0.00491994
450000 0.00682649
460000 0.0503675
470000 0.0290465
480000 0.00353826
490000 0.00217915
500000 0.00445393
510000 0.00465426
520000 0.117335
530000 0.11004
540000 0.103945
550000 0.0994499
560000 0.0946428
570000 0.091195
580000 0.0878271
590000 0.0846847
600000 0.0817048
610000 0.0784402
620000 0.0757202
630000 0.0732346
640000 0.0709011
650000 0.0687857
660000 0.0668541
670000 0.0650724
680000 0.0691665
690000 0.0615951
700000 0.060078
710000 0.0585015
720000 0.0571091
730000 0.0559079
740000 0.0545947
750000 0.0533922
760000 0.0523448
770000 0.0511582
780000 0.0498487
790000 0.0487692
800000 0.0478547
810000 0.0468921
820000 0.0460809
830000 0.0450948
840000 0.0441858
850000 0.0432694
860000 0.0423719
870000 0.0415997
880000 0.0407232
890000 0.400679
900000 0.38112
910000 0.369194
920000 0.357464
930000 0.34434
940000 0.33551
950000 0.325858
960000 0.315106
970000 0.307315
980000 0.29846
990000 0.289493
