100000 -0.410592
200000 -0.456394
300000 -0.475268
400000 -0.437115
500000 -0.357672
600000 -0.368692
700000 -0.322036
800000 -0.307047
900000 -0.316805
1000000 -0.337197
1100000 -0.268985
1200000 -0.2404
1300000 -0.226199
1400000 -0.266175
1500000 -0.234954
1600000 -0.22561
1700000 -0.222467
1800000 -0.232113
1900000 -0.223584
2000000 -0.248578
2100000 -0.224218
2200000 -0.222167
2300000 -0.223471
2400000 -0.222846
2500000 -0.2199
2600000 -0.221583
2700000 -0.2283
2800000 -0.227942
2900000 -0.221652
3000000 -0.221931
3100000 -0.223635
3200000 -0.219619
3300000 -0.220882
3400000 -0.225835
3500000 -0.219211
3600000 -0.218284
3700000 -0.21893
3800000 -0.219437
3900000 -0.219709
4000000 -0.21382
4100000 -0.213954
4200000 -0.217221
4300000 -0.225091
4400000 -0.218379
4500000 -0.216329
4600000 -0.226262
4700000 -0.218345
4800000 -0.217054
4900000 -0.219785
5000000 -0.218492
5100000 -0.216621
5200000 -0.216063
5300000 -0.21642
5400000 -0.215992
5500000 -0.215517
5600000 -0.220137
5700000 -0.229547
5800000 -0.215177
5900000 -0.216764
6000000 -0.213607
6100000 -0.216854
6200000 -0.217622
6300000 -0.220373
6400000 -0.216063
6500000 -0.218356
6600000 -0.223061
6700000 -0.214851
6800000 -0.215371
6900000 -0.215391
7000000 -0.215971
7100000 -0.215165
7200000 -0.216458
7300000 -0.216769
7400000 -0.21657
7500000 -0.215652
7600000 -0.221628
7700000 -0.21825
7800000 -0.213338
7900000 -0.216234
8000000 -0.217769
8100000 -0.216796
8200000 -0.211767
8300000 -0.211802
8400000 -0.213803
8500000 -0.215383
8600000 -0.217332
8700000 -0.216264
8800000 -0.214428
8900000 -0.215087
9000000 -0.214053
9100000 -0.214515
9200000 -0.222313
9300000 -0.211259
9400000 -0.218811
9500000 -0.213619
9600000 -0.215903
9700000 -0.211518
9800000 -0.215725
9900000 -0.215319
10000000 -0.212816
