100000 -0.4515
200000 -0.456052
300000 -0.445564
400000 -0.375226
500000 -0.357931
600000 -0.405633
700000 -0.312314
800000 -0.423908
900000 -0.308204
1000000 -0.436941
1100000 -0.310504
1200000 -0.266279
1300000 -0.23366
1400000 -0.21766
1500000 -0.223133
1600000 -0.226006
1700000 -0.234239
1800000 -0.233752
1900000 -0.254291
2000000 -0.227908
2100000 -0.228084
2200000 -0.222317
2300000 -0.218939
2400000 -0.231256
2500000 -0.220842
2600000 -0.214885
2700000 -0.223788
2800000 -0.219991
2900000 -0.223821
3000000 -0.216103
3100000 -0.233978
3200000 -0.219559
3300000 -0.215592
3400000 -0.218483
3500000 -0.218646
3600000 -0.215038
3700000 -0.219803
3800000 -0.219457
3900000 -0.217963
4000000 -0.220037
4100000 -0.217551
4200000 -0.221991
4300000 -0.213442
4400000 -0.218189
4500000 -0.215955
4600000 -0.224723
4700000 -0.221624
4800000 -0.219565
4900000 -0.214037
5000000 -0.218361
5100000 -0.216812
5200000 -0.217754
5300000 -0.218998
5400000 -0.222456
5500000 -0.215916
5600000 -0.213804
5700000 -0.221305
5800000 -0.210453
5900000 -0.215629
6000000 -0.21659
6100000 -0.223841
6200000 -0.217052
6300000 -0.219205
6400000 -0.220212
6500000 -0.219082
6600000 -0.223993
6700000 -0.216908
6800000 -0.215778
6900000 -0.227248
7000000 -0.217975
7100000 -0.215582
7200000 -0.213028
7300000 -0.213997
7400000 -0.216681
7500000 -0.218716
7600000 -0.214771
7700000 -0.218232
7800000 -0.216446
7900000 -0.216586
8000000 -0.212667
8100000 -0.21218
8200000 -0.215854
8300000 -0.218041
8400000 -0.219916
8500000 -0.215324
8600000 -0.218989
8700000 -0.219229
8800000 -0.213188
8900000 -0.225302
9000000 -0.215676
9100000 -0.215209
9200000 -0.212853
9300000 -0.21831
9400000 -0.216554
9500000 -0.213973
9600000 -0.213307
9700000 -0.215461
9800000 -0.216092
9900000 -0.210812
10000000 -0.215445
