100000 -0.44293
200000 -0.469183
300000 -0.457579
400000 -0.39398
500000 -0.395799
600000 -0.424151
700000 -0.324235
800000 -0.350009
900000 -0.344088
1000000 -0.24747
1100000 -0.231603
1200000 -0.224161
1300000 -0.221204
1400000 -0.236525
1500000 -0.246527
1600000 -0.239827
1700000 -0.220601
1800000 -0.225404
1900000 -0.225528
2000000 -0.233296
2100000 -0.217145
2200000 -0.216418
2300000 -0.226884
2400000 -0.229465
2500000 -0.221383
2600000 -0.217175
2700000 -0.23353
2800000 -0.218923
2900000 -0.222064
3000000 -0.221576
3100000 -0.222779
3200000 -0.22434
3300000 -0.222266
3400000 -0.216585
3500000 -0.228164
3600000 -0.221166
3700000 -0.218484
3800000 -0.216783
3900000 -0.219422
4000000 -0.216035
4100000 -0.212854
4200000 -0.21777
4300000 -0.215245
4400000 -0.218661
4500000 -0.215785
4600000 -0.218356
4700000 -0.21661
4800000 -0.215772
4900000 -0.219753
5000000 -0.224405
5100000 -0.212764
5200000 -0.218161
5300000 -0.217977
5400000 -0.226851
5500000 -0.21677
5600000 -0.220351
5700000 -0.228798
5800000 -0.2171
5900000 -0.216834
6000000 -0.215423
6100000 -0.213652
6200000 -0.226627
6300000 -0.215304
6400000 -0.213744
6500000 -0.215664
6600000 -0.215662
6700000 -0.214305
6800000 -0.215851
6900000 -0.213579
7000000 -0.214551
7100000 -0.215339
7200000 -0.214277
7300000 -0.21457
7400000 -0.213402
7500000 -0.216094
7600000 -0.227507
7700000 -0.213527
7800000 -0.216036
7900000 -0.216658
8000000 -0.217317
8100000 -0.217386
8200000 -0.216497
8300000 -0.217041
8400000 -0.216448
8500000 -0.217877
8600000 -0.215879
8700000 -0.212822
8800000 -0.214662
8900000 -0.215331
9000000 -0.216374
9100000 -0.21281
9200000 -0.21815
9300000 -0.214789
9400000 -0.216877
9500000 -0.213367
9600000 -0.224044
9700000 -0.214826
9800000 -0.248673
9900000 -0.218161
10000000 -0.222038
