100000 -0.462645
200000 -0.414488
300000 -0.458286
400000 -0.464666
500000 -0.292747
600000 -0.356393
700000 -0.324847
800000 -0.309125
900000 -0.28712
1000000 -0.251285
1100000 -0.256479
1200000 -0.266765
1300000 -0.26187
1400000 -0.315928
1500000 -0.222183
1600000 -0.226914
1700000 -0.222763
1800000 -0.225281
1900000 -0.219203
2000000 -0.220535
2100000 -0.226135
2200000 -0.2288
2300000 -0.220523
2400000 -0.219564
2500000 -0.225511
2600000 -0.231189
2700000 -0.232811
2800000 -0.217134
2900000 -0.216803
3000000 -0.214232
3100000 -0.221903
3200000 -0.214153
3300000 -0.21419
3400000 -0.218494
3500000 -0.226742
3600000 -0.218358
3700000 -0.214265
3800000 -0.219284
3900000 -0.218031
4000000 -0.216381
4100000 -0.216437
4200000 -0.216912
4300000 -0.220525
4400000 -0.216482
4500000 -0.218598
4600000 -0.254967
4700000 -0.21676
4800000 -0.217195
4900000 -0.214314
5000000 -0.217401
5100000 -0.217412
5200000 -0.217357
5300000 -0.217739
5400000 -0.217557
5500000 -0.217723
5600000 -0.217329
5700000 -0.217378
5800000 -0.217509
5900000 -0.216366
6000000 -0.216498
6100000 -0.223191
6200000 -0.21736
6300000 -0.217159
6400000 -0.216627
6500000 -0.216634
6600000 -0.215457
6700000 -0.215818
6800000 -0.21349
6900000 -0.21808
7000000 -0.214731
7100000 -0.212522
7200000 -0.214483
7300000 -0.215793
7400000 -0.21436
7500000 -0.213435
7600000 -0.214431
7700000 -0.224012
7800000 -0.217181
7900000 -0.216909
8000000 -0.215117
8100000 -0.214502
8200000 -0.215713
8300000 -0.214647
8400000 -0.213447
8500000 -0.212786
8600000 -0.213739
8700000 -0.215695
8800000 -0.21787
8900000 -0.216492
9000000 -0.215759
9100000 -0.215648
9200000 -0.215611
9300000 -0.213128
9400000 -0.220338
9500000 -0.212445
9600000 -0.213042
9700000 -0.214403
9800000 -0.215021
9900000 -0.214086
10000000 -0.211844
