100000 -0.43696
200000 -0.437518
300000 -0.467053
400000 -0.337435
500000 -0.300421
600000 -0.317629
700000 -0.258827
800000 -0.269865
900000 -0.341549
1000000 -0.317961
1100000 -0.271075
1200000 -0.326443
1300000 -0.233232
1400000 -0.223788
1500000 -0.247206
1600000 -0.221322
1700000 -0.219454
1800000 -0.222721
1900000 -0.221297
2000000 -0.225846
2100000 -0.221479
2200000 -0.220339
2300000 -0.22383
2400000 -0.217642
2500000 -0.218242
2600000 -0.224197
2700000 -0.218948
2800000 -0.222296
2900000 -0.219679
3000000 -0.230859
3100000 -0.235115
3200000 -0.221765
3300000 -0.224044
3400000 -0.223308
3500000 -0.216714
3600000 -0.217707
3700000 -0.214165
3800000 -0.219666
3900000 -0.22533
4000000 -0.217942
4100000 -0.218583
4200000 -0.220389
4300000 -0.230148
4400000 -0.218883
4500000 -0.216686
4600000 -0.212958
4700000 -0.232848
4800000 -0.221718
4900000 -0.221005
5000000 -0.218817
5100000 -0.215257
5200000 -0.219077
5300000 -0.227195
5400000 -0.217155
5500000 -0.221471
5600000 -0.214991
5700000 -0.211532
5800000 -0.219152
5900000 -0.226899
6000000 -0.226922
6100000 -0.213148
6200000 -0.227213
6300000 -0.213664
6400000 -0.216974
6500000 -0.215113
6600000 -0.215995
6700000 -0.215676
6800000 -0.216362
6900000 -0.214306
7000000 -0.217491
7100000 -0.219137
7200000 -0.237924
7300000 -0.215567
7400000 -0.21596
7500000 -0.222423
7600000 -0.215908
7700000 -0.216744
7800000 -0.219644
7900000 -0.216232
8000000 -0.215021
8100000 -0.226198
8200000 -0.212675
8300000 -0.215849
8400000 -0.215034
8500000 -0.219608
8600000 -0.219073
8700000 -0.214547
8800000 -0.212758
8900000 -0.220683
9000000 -0.217083
9100000 -0.215087
9200000 -0.210968
9300000 -0.214131
9400000 -0.216665
9500000 -0.215536
9600000 -0.213194
9700000 -0.216212
9800000 -0.213578
9900000 -0.210628
10000000 -0.214828
