10000 -0.431695
20000 -0.39136
30000 -0.317672
40000 -0.305555
50000 -0.303281
60000 -0.294636
70000 -0.287088
80000 -0.284387
90000 -0.276748
100000 -0.273927
110000 -0.271215
120000 -0.270555
130000 -0.266788
140000 -0.267574
150000 -0.268144
160000 -0.267914
170000 -0.266693
180000 -0.266027
190000 -0.265623
200000 -0.26601
210000 -0.267451
220000 -0.267117
230000 -0.266352
240000 -0.267231
250000 -0.266512
260000 -0.267166
270000 -0.267341
280000 -0.266966
290000 -0.266222
300000 -0.266568
310000 -0.266716
320000 -0.266581
330000 -0.266241
340000 -0.266075
350000 -0.266379
360000 -0.266508
370000 -0.266676
380000 -0.266257
390000 -0.266619
400000 -0.266669
410000 -0.266547
420000 -0.266547
430000 -0.266594
440000 -0.266836
450000 -0.266612
460000 -0.266561
470000 -0.266288
480000 -0.265765
490000 -0.26569
500000 -0.265884
510000 -0.266045
520000 -0.266053
530000 -0.266452
540000 -0.265945
550000 -0.265923
560000 -0.266128
570000 -0.26551
580000 -0.26563
590000 -0.265605
600000 -0.265624
610000 -0.26567
620000 -0.26616
630000 -0.266395
640000 -0.265688
650000 -0.265617
660000 -0.265573
670000 -0.265406
680000 -0.265258
690000 -0.265062
700000 -0.264804
710000 -0.264909
720000 -0.239069
730000 -0.219487
740000 -0.20415
750000 -0.211017
760000 -0.201028
770000 -0.200266
780000 -0.199119
790000 -0.197929
800000 -0.19691
810000 -0.195704
820000 -0.194445
830000 -0.193529
840000 -0.192366
850000 -0.190433
860000 -0.189473
870000 -0.188304
880000 -0.137731
890000 -0.0846027
900000 -0.0824533
910000 -0.0809767
920000 -0.0797309
930000 -0.0786405
940000 -0.077308
950000 -0.0732579
960000 -0.0569098
970000 -0.0433882
980000 -0.0327281
990000 -0.0322068
