10000 -0.440824
20000 -0.422175
30000 -0.414992
40000 -0.391746
50000 -0.387065
60000 -0.367474
70000 -0.369492
80000 -0.365388
90000 -0.364099
100000 -0.339313
110000 -0.327971
120000 -0.324544
130000 -0.3144
140000 -0.309382
150000 -0.308729
160000 -0.306108
170000 -0.297079
180000 -0.295227
190000 -0.289589
200000 -0.28822
210000 -0.283304
220000 -0.282717
230000 -0.279923
240000 -0.277272
250000 -0.278871
260000 -0.276893
270000 -0.27358
280000 -0.273396
290000 -0.269685
300000 -0.269139
310000 -0.268951
320000 -0.269033
330000 -0.268288
340000 -0.267084
350000 -0.267266
360000 -0.266734
370000 -0.266576
380000 -0.267025
390000 -0.266806
400000 -0.266983
410000 -0.266817
420000 -0.266953
430000 -0.267189
440000 -0.267501
450000 -0.267326
460000 -0.2675
470000 -0.265835
480000 -0.265784
490000 -0.264916
500000 -0.264697
510000 -0.264141
520000 -0.262972
530000 -0.263677
540000 -0.263871
550000 -0.265218
560000 -0.264441
570000 -0.263717
580000 -0.263551
590000 -0.264145
600000 -0.26413
610000 -0.263559
620000 -0.2638
630000 -0.263484
640000 -0.262457
650000 -0.261583
660000 -0.261392
670000 -0.251759
680000 -0.223979
690000 -0.197912
700000 -0.160469
710000 -0.159811
720000 -0.159102
730000 -0.158381
740000 -0.15751
750000 -0.156235
760000 -0.154793
770000 -0.153999
780000 -0.153103
790000 -0.152381
800000 -0.152155
810000 -0.152322
820000 -0.151664
830000 -0.151532
840000 -0.150866
850000 -0.149994
860000 -0.150054
870000 -0.149663
880000 -0.148499
890000 -0.147477
900000 -0.146784
910000 -0.145649
920000 -0.145487
930000 -0.145374
940000 -0.145375
950000 -0.145315
960000 -0.145317
970000 -0.145118
980000 -0.144983
990000 -0.144727
