10000 -0.440582
20000 -0.425861
30000 -0.374126
40000 -0.323129
50000 -0.302878
60000 -0.292167
70000 -0.278979
80000 -0.267067
90000 -0.253852
100000 -0.248413
110000 -0.243153
120000 -0.242714
130000 -0.236695
140000 -0.235936
150000 -0.23304
160000 -0.231531
170000 -0.230719
180000 -0.228854
190000 -0.228699
200000 -0.229647
210000 -0.227997
220000 -0.227701
230000 -0.228563
240000 -0.22792
250000 -0.226242
260000 -0.226172
270000 -0.225866
280000 -0.225121
290000 -0.225032
300000 -0.22503
310000 -0.224891
320000 -0.224948
330000 -0.224953
340000 -0.224874
350000 -0.225081
360000 -0.224952
370000 -0.224681
380000 -0.224644
390000 -0.224689
400000 -0.224671
410000 -0.224696
420000 -0.224575
430000 -0.224522
440000 -0.224455
450000 -0.224409
460000 -0.224255
470000 -0.224322
480000 -0.224268
490000 -0.224874
500000 -0.22521
510000 -0.225321
520000 -0.225168
530000 -0.225189
540000 -0.224696
550000 -0.225067
560000 -0.225162
570000 -0.224607
580000 -0.224673
590000 -0.224143
600000 -0.223959
610000 -0.223453
620000 -0.224
630000 -0.224447
640000 -0.224636
650000 -0.224724
660000 -0.224575
670000 -0.224056
680000 -0.224374
690000 -0.224432
700000 -0.22421
710000 -0.223471
720000 -0.223422
730000 -0.22431
740000 -0.224109
750000 -0.223365
760000 -0.223338
770000 -0.223364
780000 -0.223356
790000 -0.223343
800000 -0.223268
810000 -0.223263
820000 -0.223363
830000 -0.160944
840000 -0.118433
850000 -0.0837741
860000 -0.0808019
870000 -0.078036
880000 -0.0753823
890000 -0.074323
900000 -0.0733331
910000 -0.0712234
920000 -0.0700458
930000 -0.0680621
940000 -0.0678325
950000 -0.0674939
960000 -0.0691064
970000 -0.0681159
980000 -0.0679903
990000 -0.0665151
