10000 -0.454984
20000 -0.423926
30000 -0.407869
40000 -0.3702
50000 -0.337882
60000 -0.327887
70000 -0.308617
80000 -0.288219
90000 -0.277312
100000 -0.259509
110000 -0.245907
120000 -0.235622
130000 -0.227725
140000 -0.220395
150000 -0.215572
160000 -0.211316
170000 -0.207446
180000 -0.202808
190000 -0.19852
200000 -0.195545
210000 -0.191352
220000 -0.189362
230000 -0.188674
240000 -0.188814
250000 -0.186904
260000 -0.186647
270000 -0.186343
280000 -0.186751
290000 -0.186883
300000 -0.1871
310000 -0.186072
320000 -0.186071
330000 -0.186129
340000 -0.185874
350000 -0.185877
360000 -0.186123
370000 -0.18609
380000 -0.185652
390000 -0.185408
400000 -0.185243
410000 -0.185077
420000 -0.184965
430000 -0.184807
440000 -0.185006
450000 -0.184474
460000 -0.182593
470000 -0.183726
480000 -0.18311
490000 -0.181572
500000 -0.181164
510000 -0.179915
520000 -0.179142
530000 -0.179376
540000 -0.179269
550000 -0.178066
560000 -0.177386
570000 -0.176198
580000 -0.174983
590000 -0.174861
600000 -0.173961
610000 -0.173906
620000 -0.171228
630000 -0.170713
640000 -0.169908
650000 -0.168742
660000 -0.170018
670000 -0.168178
680000 -0.1681
690000 -0.167816
700000 -0.167806
710000 -0.167616
720000 -0.167549
730000 -0.167348
740000 -0.167351
750000 -0.167257
760000 -0.167297
770000 -0.16723
780000 -0.167211
790000 -0.167169
800000 -0.167148
810000 -0.167142
820000 -0.167104
830000 -0.166924
840000 -0.166825
850000 -0.166848
860000 -0.166814
870000 -0.166702
880000 -0.166654
890000 -0.166447
900000 -0.166448
910000 -0.16633
920000 -0.166257
930000 -0.166304
940000 -0.166306
950000 -0.166259
960000 -0.166402
970000 -0.166384
980000 -0.166498
990000 -0.166556
