10000 0.277426
20000 0.141337
30000 0.0958164
40000 0.0730401
50000 0.0593687
60000 0.050255
70000 0.0437434
80000 0.0388596
90000 0.0350605
100000 0.0320216
110000 0.0295349
120000 0.0274627
130000 0.0257091
140000 0.0242062
150000 0.0229036
160000 0.0217637
170000 0.020758
180000 0.019864
190000 0.0190641
200000 0.0183441
210000 0.0176928
220000 0.0171007
230000 0.01656
240000 0.0160644
250000 0.0156085
260000 0.0151875
270000 0.0147978
280000 0.014436
290000 0.014099
300000 0.0137846
310000 0.0134904
320000 0.0132146
330000 0.0129556
340000 0.0127117
350000 0.0124818
360000 0.0122647
370000 0.0120593
380000 0.0118647
390000 0.0116801
400000 0.0115047
410000 0.0113379
420000 0.011179
430000 0.0110275
440000 0.0108829
450000 0.0107447
460000 0.0106126
470000 0.010486
480000 0.0103647
490000 0.0102484
500000 0.0101367
510000 0.0100295
520000 0.00992628
530000 0.00982701
540000 0.00973141
550000 0.0096393
560000 0.00955047
570000 0.00946476
580000 0.00938199
590000 0.00930205
600000 0.00922477
610000 0.00915001
620000 0.00907766
630000 0.00900762
640000 0.00893976
650000 0.00887399
660000 0.00881021
670000 0.00874834
680000 0.00868829
690000 0.00862998
700000 0.00857333
710000 0.00851829
720000 0.00846478
730000 0.00841271
740000 0.00836206
750000 0.00831276
760000 0.00826477
770000 0.00821801
780000 0.00817246
790000 0.00812806
800000 0.00808476
810000 0.00804255
820000 0.00800135
830000 0.00796115
840000 0.00792191
850000 0.00788359
860000 0.00784616
870000 0.00780959
880000 0.00777385
890000 0.00773893
900000 0.00770476
910000 0.00767136
920000 0.00763868
930000 0.0076067
940000 0.0075754
950000 0.00754477
960000 0.00751476
970000 0.00748538
980000 0.0074566
990000 0.0074284
