10000 0.471184
20000 0.252344
30000 0.169918
40000 0.12856
50000 0.103716
60000 0.0871361
70000 0.0752987
80000 0.0664113
90000 0.0595002
100000 0.0539726
110000 0.0494474
120000 0.0456817
130000 0.0424854
140000 0.0397505
150000 0.0373772
160000 0.0353028
170000 0.0334727
180000 0.0318449
190000 0.0303885
200000 0.0290799
210000 0.0278925
220000 0.0268147
230000 0.0258305
240000 0.0249287
250000 0.0240978
260000 0.0233315
270000 0.0226223
280000 0.0219633
290000 0.02135
300000 0.0207775
310000 0.0202419
320000 0.0197399
330000 0.0192683
340000 0.0188244
350000 0.0184057
360000 0.0180102
370000 0.0176368
380000 0.0172823
390000 0.0169458
400000 0.0166267
410000 0.0163229
420000 0.0160334
430000 0.0157578
440000 0.0154943
450000 0.0152427
460000 0.0150023
470000 0.0147718
480000 0.014551
490000 0.0143391
500000 0.0141358
510000 0.0139405
520000 0.0137526
530000 0.0135718
540000 0.0133979
550000 0.0132301
560000 0.0130682
570000 0.0129122
580000 0.0127615
590000 0.0126159
600000 0.0124751
610000 0.0123391
620000 0.0122074
630000 0.0120798
640000 0.0119562
650000 0.0118365
660000 0.0117204
670000 0.0116078
680000 0.0114984
690000 0.0113922
700000 0.011289
710000 0.0111887
720000 0.0110913
730000 0.0109965
740000 0.0109043
750000 0.0108145
760000 0.0107272
770000 0.010642
780000 0.010559
790000 0.0104782
800000 0.0103993
810000 0.0103225
820000 0.0102475
830000 0.0101743
840000 0.0101028
850000 0.010033
860000 0.00996485
870000 0.00989828
880000 0.00983321
890000 0.00976963
900000 0.00970746
910000 0.00964656
920000 0.00958704
930000 0.00952882
940000 0.00947182
950000 0.00941605
960000 0.00936139
970000 0.0093079
980000 0.00925548
990000 0.00920417
