10000 0.0920374
20000 0.0485039
30000 0.0339636
40000 0.0266874
50000 0.0223211
60000 0.0194092
70000 0.0173291
80000 0.0157691
90000 0.0145555
100000 0.0135846
110000 0.0127903
120000 0.0121282
130000 0.0115681
140000 0.0110879
150000 0.0106717
160000 0.0103076
170000 0.00998626
180000 0.00970061
190000 0.00944507
200000 0.0092151
210000 0.00900698
220000 0.00881787
230000 0.00864505
240000 0.00848671
250000 0.00834106
260000 0.00820657
270000 0.00808206
280000 0.00796646
290000 0.00785881
300000 0.00775834
310000 0.00766436
320000 0.00757625
330000 0.00749346
340000 0.00741555
350000 0.00734211
360000 0.00727273
370000 0.00720712
380000 0.00714494
390000 0.00708596
400000 0.00702993
410000 0.00697662
420000 0.00692587
430000 0.00687746
440000 0.00683126
450000 0.00678713
460000 0.0067449
470000 0.00670446
480000 0.00666572
490000 0.00662855
500000 0.00659287
510000 0.0065586
520000 0.00652563
530000 0.00649391
540000 0.00646337
550000 0.00643394
560000 0.00640556
570000 0.00637817
580000 0.00635173
590000 0.00632619
600000 0.00630149
610000 0.00627761
620000 0.0062545
630000 0.00623212
640000 0.00621044
650000 0.00618942
660000 0.00616905
670000 0.00614928
680000 0.00613009
690000 0.00611146
700000 0.00609336
710000 0.00607578
720000 0.00605867
730000 0.00604205
740000 0.00602587
750000 0.00601011
760000 0.00599477
770000 0.00597984
780000 0.00596528
790000 0.0059511
800000 0.00593727
810000 0.00592377
820000 0.00591061
830000 0.00589777
840000 0.00588523
850000 0.00587299
860000 0.00586103
870000 0.00584935
880000 0.00583793
890000 0.00582677
900000 0.00581585
910000 0.00580518
920000 0.00579474
930000 0.00578452
940000 0.00577452
950000 0.00576473
960000 0.00575515
970000 0.00574576
980000 0.00573656
990000 0.00572756
