10000 0.255543
20000 0.182597
30000 0.128677
40000 0.0980118
50000 0.079298
60000 0.0666629
70000 0.0576852
80000 0.0510027
90000 0.0455269
100000 0.041132
110000 0.0375244
120000 0.0344753
130000 0.0319155
140000 0.0297321
150000 0.0278128
160000 0.0261363
170000 0.0246583
180000 0.0233505
190000 0.0221748
200000 0.0211267
210000 0.0201674
220000 0.0192948
230000 0.0185088
240000 0.0177839
250000 0.0171195
260000 0.0164982
270000 0.0159163
280000 0.015379
290000 0.0148852
300000 0.0144197
310000 0.0139888
320000 0.0135804
330000 0.0132019
340000 0.0128417
350000 0.0125001
360000 0.012182
370000 0.0118786
380000 0.0115941
390000 0.0113191
400000 0.0110623
410000 0.0108136
420000 0.0105779
430000 0.0103523
440000 0.0101354
450000 0.00992542
460000 0.00972722
470000 0.00953796
480000 0.00935711
490000 0.00918079
500000 0.00901269
510000 0.00885206
520000 0.00869619
530000 0.00854725
540000 0.0084044
550000 0.00826535
560000 0.0081336
570000 0.00800303
580000 0.00787925
590000 0.00775842
600000 0.00764303
610000 0.00753183
620000 0.00742204
630000 0.00731616
640000 0.00721471
650000 0.00711674
660000 0.00702104
670000 0.00693032
680000 0.00684045
690000 0.00675543
700000 0.00667322
710000 0.00659367
720000 0.00651621
730000 0.00644122
740000 0.00636827
750000 0.006295
760000 0.00622582
770000 0.00615883
780000 0.00609119
790000 0.00602692
800000 0.00596422
810000 0.00590201
820000 0.0058428
830000 0.00578376
840000 0.00572571
850000 0.00566962
860000 0.00561413
870000 0.00556022
880000 0.00550822
890000 0.00545722
900000 0.00540639
910000 0.00535723
920000 0.00530896
930000 0.00526176
940000 0.00521635
950000 0.00517131
960000 0.0051273
970000 0.00508452
980000 0.00504199
990000 0.00500082
