10000 0.266564
20000 0.251881
30000 0.206946
40000 0.15633
50000 0.126007
60000 0.105788
70000 0.0913452
80000 0.0805123
90000 0.0720869
100000 0.0653439
110000 0.059829
120000 0.0552322
130000 0.0513432
140000 0.0480097
150000 0.0451209
160000 0.0425919
170000 0.0403617
180000 0.0383787
190000 0.0366037
200000 0.0350069
210000 0.0335624
220000 0.0322488
230000 0.0310495
240000 0.0299504
250000 0.028939
260000 0.0280056
270000 0.027141
280000 0.0263383
290000 0.025591
300000 0.0248936
310000 0.024241
320000 0.0236292
330000 0.0230546
340000 0.0225137
350000 0.0220038
360000 0.0215222
370000 0.0210666
380000 0.0206351
390000 0.0202255
400000 0.0198365
410000 0.0194665
420000 0.0191143
430000 0.018778
440000 0.0184573
450000 0.0181509
460000 0.0178576
470000 0.0175769
480000 0.0173079
490000 0.01705
500000 0.0168023
510000 0.0165642
520000 0.0163354
530000 0.0161154
540000 0.0159032
550000 0.0156989
560000 0.0155019
570000 0.0153117
580000 0.0151281
590000 0.0149508
600000 0.0147794
610000 0.0146136
620000 0.0144532
630000 0.0142977
640000 0.0141472
650000 0.0140013
660000 0.0138599
670000 0.0137226
680000 0.0135894
690000 0.0134601
700000 0.0133344
710000 0.0132123
720000 0.0130936
730000 0.0129782
740000 0.0128659
750000 0.0127565
760000 0.01265
770000 0.0125464
780000 0.0124453
790000 0.0123468
800000 0.0122508
810000 0.0121571
820000 0.0120658
830000 0.0119766
840000 0.0118895
850000 0.0118045
860000 0.0117216
870000 0.0116404
880000 0.0115612
890000 0.0114836
900000 0.0114079
910000 0.0113338
920000 0.0112613
930000 0.0111904
940000 0.0111209
950000 0.011053
960000 0.0109864
970000 0.0109213
980000 0.0108574
990000 0.0107949
