10000 0.000992674
20000 0.0032575
30000 0.000586063
40000 0.000505937
50000 0.000487281
60000 0.000493038
70000 0.000447566
80000 0.000439853
90000 0.000477768
100000 0.0004764
110000 0.000492765
120000 0.000499946
130000 0.000647604
140000 0.000647604
150000 0.000647604
160000 0.000647604
170000 0.000647604
180000 0.000647604
190000 0.000647604
200000 0.000647604
210000 0.000647604
220000 0.000647604
230000 0.000647604
240000 0.000647604
250000 0.000647604
260000 0.000647604
270000 0.000647604
280000 0.000647604
290000 0.000530818
300000 0.00050942
310000 0.000443106
320000 0.000389658
330000 0.000397751
340000 0.000444721
350000 0.000405507
360000 0.000419358
370000 0.000473782
380000 0.000514054
390000 0.000517228
400000 0.000540946
410000 0.000551856
420000 0.000571907
430000 0.00055729
440000 0.000549423
450000 0.000594024
460000 0.000617553
470000 0.000647604
480000 0.000596583
490000 0.000561946
500000 0.000556466
510000 0.000529364
520000 0.000531898
530000 0.000534239
540000 0.000545902
550000 0.000516336
560000 0.000523224
570000 0.000544989
580000 0.000518453
590000 0.000507644
600000 0.000465277
610000 0.00047279
620000 0.000477494
630000 0.000452823
640000 0.000462161
650000 0.000453144
660000 0.00044114
670000 0.00044571
680000 0.000442189
690000 0.000438992
700000 0.000425515
710000 0.000401943
720000 0.000397319
730000 0.000427367
740000 0.000426193
750000 0.000461272
760000 0.000458611
770000 0.00046524
780000 0.000467997
790000 0.000463989
800000 0.000446733
810000 0.000443734
820000 0.000450366
830000 0.000473836
840000 0.000466782
850000 0.000427847
860000 0.000420019
870000 0.000408269
880000 0.000379333
890000 0.00034921
900000 0.000375162
910000 0.000409095
920000 0.000430318
930000 0.000416147
940000 0.000436824
950000 0.000436649
960000 0.000425314
970000 0.000428261
980000 0.000426757
990000 0.00038718
