10000 -0.280425
20000 -0.319401
30000 -0.344161
40000 -0.358494
50000 -0.361858
60000 -0.361222
70000 -0.356241
80000 -0.350353
90000 -0.346736
100000 -0.343013
110000 -0.337783
120000 -0.334003
130000 -0.329248
140000 -0.323529
150000 -0.318393
160000 -0.313743
170000 -0.309154
180000 -0.304514
190000 -0.300398
200000 -0.296413
210000 -0.292973
220000 -0.289772
230000 -0.28675
240000 -0.28402
250000 -0.280888
260000 -0.278494
270000 -0.276213
280000 -0.274139
290000 -0.272044
300000 -0.270145
310000 -0.26832
320000 -0.266553
330000 -0.264922
340000 -0.263344
350000 -0.261828
360000 -0.260444
370000 -0.259124
380000 -0.257686
390000 -0.256416
400000 -0.255224
410000 -0.254012
420000 -0.252829
430000 -0.251624
440000 -0.250511
450000 -0.249336
460000 -0.248138
470000 -0.247028
480000 -0.246361
490000 -0.245215
500000 -0.24421
510000 -0.24316
520000 -0.24212
530000 -0.24108
540000 -0.240063
550000 -0.239162
560000 -0.238221
570000 -0.23735
580000 -0.236473
590000 -0.235444
600000 -0.234264
610000 -0.232952
620000 -0.231662
630000 -0.230428
640000 -0.228992
650000 -0.22743
660000 -0.225945
670000 -0.224424
680000 -0.222992
690000 -0.221589
700000 -0.220459
710000 -0.219053
720000 -0.217777
730000 -0.216453
740000 -0.215195
750000 -0.213992
760000 -0.212905
770000 -0.211689
780000 -0.210627
790000 -0.209503
800000 -0.208396
810000 -0.207329
820000 -0.206291
830000 -0.20527
840000 -0.204298
850000 -0.203339
860000 -0.202388
870000 -0.201447
880000 -0.200569
890000 -0.199639
900000 -0.198747
910000 -0.197887
920000 -0.197043
930000 -0.196193
940000 -0.195376
950000 -0.194581
960000 -0.193775
970000 -0.193022
980000 -0.192215
990000 -0.191448
