10000 -0.296657
20000 -0.32988
30000 -0.349463
40000 -0.360711
50000 -0.367686
60000 -0.372418
70000 -0.377026
80000 -0.379213
90000 -0.383372
100000 -0.383661
110000 -0.385048
120000 -0.384927
130000 -0.384481
140000 -0.383963
150000 -0.383626
160000 -0.382765
170000 -0.381954
180000 -0.382049
190000 -0.380856
200000 -0.379858
210000 -0.378523
220000 -0.376776
230000 -0.374984
240000 -0.372958
250000 -0.370904
260000 -0.368645
270000 -0.366523
280000 -0.364349
290000 -0.362394
300000 -0.359974
310000 -0.357767
320000 -0.355761
330000 -0.353773
340000 -0.351632
350000 -0.349592
360000 -0.347605
370000 -0.345456
380000 -0.343371
390000 -0.341415
400000 -0.339632
410000 -0.337876
420000 -0.336048
430000 -0.334189
440000 -0.332456
450000 -0.330676
460000 -0.329019
470000 -0.327461
480000 -0.325916
490000 -0.324313
500000 -0.322765
510000 -0.321175
520000 -0.319758
530000 -0.318245
540000 -0.316682
550000 -0.315333
560000 -0.313828
570000 -0.312388
580000 -0.311009
590000 -0.309387
600000 -0.307937
610000 -0.30643
620000 -0.305066
630000 -0.303541
640000 -0.302053
650000 -0.300538
660000 -0.299006
670000 -0.297481
680000 -0.295865
690000 -0.294231
700000 -0.292597
710000 -0.290902
720000 -0.289371
730000 -0.28782
740000 -0.286352
750000 -0.284791
760000 -0.283306
770000 -0.281836
780000 -0.280422
790000 -0.279041
800000 -0.277664
810000 -0.276279
820000 -0.274954
830000 -0.273663
840000 -0.27247
850000 -0.271207
860000 -0.269971
870000 -0.268698
880000 -0.267536
890000 -0.266378
900000 -0.265221
910000 -0.26409
920000 -0.262971
930000 -0.261902
940000 -0.260868
950000 -0.259741
960000 -0.258709
970000 -0.257624
980000 -0.256601
990000 -0.255507
