10000 -0.438016
20000 -0.430886
30000 -0.410889
40000 -0.375538
50000 -0.358213
60000 -0.354597
70000 -0.347309
80000 -0.32023
90000 -0.30565
100000 -0.30473
110000 -0.29916
120000 -0.296744
130000 -0.295572
140000 -0.295261
150000 -0.294515
160000 -0.292873
170000 -0.290811
180000 -0.292014
190000 -0.290668
200000 -0.290916
210000 -0.289525
220000 -0.288269
230000 -0.287698
240000 -0.286515
250000 -0.284262
260000 -0.283922
270000 -0.283075
280000 -0.283029
290000 -0.282575
300000 -0.281823
310000 -0.281485
320000 -0.280349
330000 -0.280586
340000 -0.280017
350000 -0.27897
360000 -0.278702
370000 -0.279145
380000 -0.280151
390000 -0.279382
400000 -0.276611
410000 -0.274795
420000 -0.273016
430000 -0.272678
440000 -0.272312
450000 -0.273289
460000 -0.271359
470000 -0.270688
480000 -0.270575
490000 -0.270757
500000 -0.268977
510000 -0.266136
520000 -0.266081
530000 -0.2619
540000 -0.260338
550000 -0.257941
560000 -0.261397
570000 -0.261502
580000 -0.261254
590000 -0.258258
600000 -0.256508
610000 -0.253413
620000 -0.24752
630000 -0.208093
640000 -0.19544
650000 -0.162196
660000 -0.0988664
670000 -0.0981657
680000 -0.0985112
690000 -0.0970696
700000 -0.0968354
710000 -0.0959674
720000 -0.0953718
730000 -0.0949523
740000 -0.0949932
750000 -0.095312
760000 -0.0953843
770000 -0.0946147
780000 -0.0947817
790000 -0.0949151
800000 -0.0947485
810000 -0.094476
820000 -0.0942146
830000 -0.0940423
840000 -0.0937502
850000 -0.0932349
860000 -0.0932974
870000 -0.0933981
880000 -0.0933205
890000 -0.0933311
900000 -0.0928844
910000 -0.0921334
920000 -0.0908824
930000 -0.0905036
940000 -0.0905261
950000 -0.0905557
960000 -0.0923244
970000 -0.0913208
980000 -0.0935116
990000 -0.0931445
