10000 -0.446034
20000 -0.43827
30000 -0.427323
40000 -0.4171
50000 -0.411442
60000 -0.434503
70000 -0.422161
80000 -0.413679
90000 -0.381195
100000 -0.373467
110000 -0.375256
120000 -0.369567
130000 -0.366457
140000 -0.358616
150000 -0.356396
160000 -0.359455
170000 -0.355239
180000 -0.339466
190000 -0.337955
200000 -0.335964
210000 -0.334813
220000 -0.333144
230000 -0.33023
240000 -0.326989
250000 -0.325024
260000 -0.323097
270000 -0.318912
280000 -0.317343
290000 -0.314577
300000 -0.309893
310000 -0.306734
320000 -0.304139
330000 -0.29889
340000 -0.296181
350000 -0.29159
360000 -0.286097
370000 -0.280557
380000 -0.278153
390000 -0.275675
400000 -0.272185
410000 -0.265626
420000 -0.264447
430000 -0.257778
440000 -0.255015
450000 -0.249936
460000 -0.250653
470000 -0.247284
480000 -0.246669
490000 -0.251545
500000 -0.252675
510000 -0.249562
520000 -0.246746
530000 -0.249113
540000 -0.24328
550000 -0.24208
560000 -0.242371
570000 -0.239827
580000 -0.240288
590000 -0.240087
600000 -0.239182
610000 -0.239542
620000 -0.239411
630000 -0.239055
640000 -0.23839
650000 -0.238106
660000 -0.237045
670000 -0.236018
680000 -0.235592
690000 -0.219752
700000 -0.210255
710000 -0.203691
720000 -0.201174
730000 -0.189596
740000 -0.183465
750000 -0.167149
760000 -0.159284
770000 -0.153787
780000 -0.136481
790000 -0.133804
800000 -0.113571
810000 -0.112336
820000 -0.110879
830000 -0.108778
840000 -0.106723
850000 -0.107606
860000 -0.106
870000 -0.104858
880000 -0.104459
890000 -0.10413
900000 -0.103571
910000 -0.103193
920000 -0.101397
930000 -0.101373
940000 -0.100718
950000 -0.0999168
960000 -0.100189
970000 -0.0998974
980000 -0.0993858
990000 -0.0990137
