10000 -0.447644
20000 -0.402802
30000 -0.374251
40000 -0.364328
50000 -0.323606
60000 -0.289518
70000 -0.282727
80000 -0.279145
90000 -0.276859
100000 -0.275337
110000 -0.275231
120000 -0.270262
130000 -0.267128
140000 -0.268587
150000 -0.263773
160000 -0.260157
170000 -0.260751
180000 -0.258821
190000 -0.258177
200000 -0.257178
210000 -0.255446
220000 -0.25263
230000 -0.254085
240000 -0.254237
250000 -0.251354
260000 -0.247892
270000 -0.247494
280000 -0.245523
290000 -0.245953
300000 -0.243228
310000 -0.242255
320000 -0.241294
330000 -0.240497
340000 -0.240569
350000 -0.240123
360000 -0.239551
370000 -0.238712
380000 -0.237957
390000 -0.241501
400000 -0.241842
410000 -0.239355
420000 -0.239661
430000 -0.237854
440000 -0.238223
450000 -0.238805
460000 -0.239447
470000 -0.236497
480000 -0.238508
490000 -0.236918
500000 -0.236833
510000 -0.23548
520000 -0.234974
530000 -0.233491
540000 -0.232231
550000 -0.232444
560000 -0.231225
570000 -0.231914
580000 -0.231123
590000 -0.230998
600000 -0.230387
610000 -0.19615
620000 -0.160132
630000 -0.113987
640000 -0.114055
650000 -0.111567
660000 -0.106709
670000 -0.106727
680000 -0.106455
690000 -0.103684
700000 -0.103228
710000 -0.103614
720000 -0.099638
730000 -0.0994468
740000 -0.096533
750000 -0.0944957
760000 -0.092805
770000 -0.0884047
780000 -0.0899157
790000 -0.0869331
800000 -0.0838359
810000 -0.0747754
820000 -0.0746179
830000 -0.0762691
840000 -0.0749209
850000 -0.0726907
860000 -0.0739711
870000 -0.0732079
880000 -0.0725922
890000 -0.071216
900000 -0.0711827
910000 -0.0711581
920000 -0.071215
930000 -0.0712479
940000 -0.070802
950000 -0.0708211
960000 -0.0705377
970000 -0.0706204
980000 -0.0705605
990000 -0.0705251
