10000 -0.448491
20000 -0.449824
30000 -0.43977
40000 -0.435057
50000 -0.420797
60000 -0.40398
70000 -0.399489
80000 -0.400353
90000 -0.399437
100000 -0.390074
110000 -0.38807
120000 -0.388031
130000 -0.386711
140000 -0.380381
150000 -0.364714
160000 -0.364029
170000 -0.338927
180000 -0.334974
190000 -0.323928
200000 -0.321723
210000 -0.318955
220000 -0.31722
230000 -0.315652
240000 -0.312162
250000 -0.308093
260000 -0.307104
270000 -0.304479
280000 -0.304412
290000 -0.303667
300000 -0.303214
310000 -0.30023
320000 -0.297779
330000 -0.297677
340000 -0.296323
350000 -0.295182
360000 -0.289972
370000 -0.287451
380000 -0.282236
390000 -0.277427
400000 -0.275749
410000 -0.273461
420000 -0.272961
430000 -0.272896
440000 -0.272394
450000 -0.272598
460000 -0.272571
470000 -0.272095
480000 -0.271608
490000 -0.271106
500000 -0.271205
510000 -0.270671
520000 -0.270659
530000 -0.27105
540000 -0.270923
550000 -0.270696
560000 -0.269944
570000 -0.270658
580000 -0.270779
590000 -0.271377
600000 -0.271353
610000 -0.271692
620000 -0.270799
630000 -0.270597
640000 -0.234586
650000 -0.195974
660000 -0.136879
670000 -0.125677
680000 -0.124108
690000 -0.121034
700000 -0.12122
710000 -0.120857
720000 -0.120411
730000 -0.120072
740000 -0.117556
750000 -0.11688
760000 -0.115774
770000 -0.11522
780000 -0.114674
790000 -0.112876
800000 -0.113742
810000 -0.111844
820000 -0.111354
830000 -0.11211
840000 -0.111489
850000 -0.110257
860000 -0.110198
870000 -0.109885
880000 -0.109521
890000 -0.107463
900000 -0.107297
910000 -0.106735
920000 -0.106819
930000 -0.106575
940000 -0.106706
950000 -0.106529
960000 -0.106354
970000 -0.106265
980000 -0.105761
990000 -0.105841
