10000 0.48445
20000 0.430527
30000 0.358286
40000 0.285288
50000 0.230553
60000 0.192976
70000 0.166083
80000 0.145891
90000 0.130202
100000 0.117634
110000 0.107329
120000 0.0987415
130000 0.0915137
140000 0.0852709
150000 0.0798634
160000 0.0751473
170000 0.0709869
180000 0.0672714
190000 0.0639767
200000 0.0609799
210000 0.0582847
220000 0.0558281
230000 0.0535853
240000 0.0515323
250000 0.0496423
260000 0.0478957
270000 0.0462834
280000 0.0447851
290000 0.0433859
300000 0.0420845
310000 0.0408633
320000 0.0397189
330000 0.0386451
340000 0.0376355
350000 0.0366822
360000 0.035783
370000 0.0349301
380000 0.0341242
390000 0.0333582
400000 0.0326313
410000 0.0319403
420000 0.0312817
430000 0.0306533
440000 0.0300545
450000 0.0294812
460000 0.028933
470000 0.0284081
480000 0.0279052
490000 0.0274237
500000 0.0269602
510000 0.0265161
520000 0.0260902
530000 0.0256762
540000 0.0252796
550000 0.0248983
560000 0.0245294
570000 0.0241744
580000 0.023831
590000 0.0234999
600000 0.023179
610000 0.0228702
620000 0.0225709
630000 0.0222787
640000 0.0219976
650000 0.0217248
660000 0.0214607
670000 0.0212039
680000 0.0209545
690000 0.020713
700000 0.0204787
710000 0.0202503
720000 0.0200277
730000 0.0198119
740000 0.0196019
750000 0.0193975
760000 0.019199
770000 0.0190047
780000 0.0188159
790000 0.0186316
800000 0.0184525
810000 0.0182769
820000 0.0181062
830000 0.0179399
840000 0.0177769
850000 0.017618
860000 0.0174626
870000 0.0173111
880000 0.017163
890000 0.017018
900000 0.0168765
910000 0.0167378
920000 0.0166022
930000 0.0164696
940000 0.0163401
950000 0.016213
960000 0.0160886
970000 0.0159666
980000 0.0158472
990000 0.0157305
