10000 -0.620895
20000 -0.566355
30000 -0.59835
40000 -0.567354
50000 -0.577632
60000 -0.50011
70000 -0.656375
80000 -0.575016
90000 -0.5738
100000 -0.586718
110000 -0.564262
120000 -0.542566
130000 -0.51956
140000 -0.555671
150000 -0.605355
160000 -0.612035
170000 -0.639033
180000 -0.642941
190000 -0.621903
200000 -0.574553
210000 -0.566271
220000 -0.481471
230000 -0.552793
240000 -0.613325
250000 -0.564463
260000 -0.60353
270000 -0.615771
280000 -0.580407
290000 -0.604365
300000 -0.582831
310000 -0.529082
320000 -0.574632
330000 -0.561917
340000 -0.531444
350000 -0.578518
360000 -0.569069
370000 -0.5747
380000 -0.474451
390000 -0.515898
400000 -0.634771
410000 -0.541991
420000 -0.655197
430000 -0.586453
440000 -0.58249
450000 -0.643908
460000 -0.611758
470000 -0.593956
480000 -0.548402
490000 -0.5281
500000 -0.535909
510000 -0.596095
520000 -0.531667
530000 -0.513756
540000 -0.578563
550000 -0.542811
560000 -0.594222
570000 -0.616688
580000 -0.595485
590000 -0.629119
600000 -0.595794
610000 -0.644126
620000 -0.565642
630000 -0.582034
640000 -0.550844
650000 -0.558531
660000 -0.545367
670000 -0.522475
680000 -0.652408
690000 -0.603511
700000 -0.599435
710000 -0.48435
720000 -0.541958
730000 -0.556493
740000 -0.590923
750000 -0.574373
760000 -0.593057
770000 -0.553494
780000 -0.573664
790000 -0.564117
800000 -0.630208
810000 -0.603508
820000 -0.592691
830000 -0.592073
840000 -0.464036
850000 -0.504788
860000 -0.48001
870000 -0.615996
880000 -0.494253
890000 -0.616546
900000 -0.543554
910000 -0.601057
920000 -0.509593
930000 -0.583433
940000 -0.512757
950000 -0.551864
960000 -0.610512
970000 -0.545562
980000 -0.500367
990000 -0.537972
1000000 -0.614743
