10000 0.668049
20000 0.736927
30000 0.549018
40000 0.717468
50000 1.31115
60000 1.1221
70000 0.721975
80000 1.11694
90000 0.392713
100000 1.04617
110000 0.734371
120000 0.985327
130000 1.00999
140000 0.763606
150000 0.901528
160000 1.19079
170000 1.3601
180000 0.784608
190000 1.20968
200000 1.07003
210000 1.11702
220000 0.653502
230000 1.14377
240000 1.09474
250000 0.853806
260000 0.965558
270000 0.905372
280000 0.844992
290000 0.836785
300000 0.77357
310000 0.821533
320000 0.995702
330000 1.11758
340000 1.05481
350000 1.30265
360000 0.630581
370000 0.787428
380000 0.818151
390000 0.579477
400000 0.563652
410000 0.801102
420000 1.06199
430000 0.494172
440000 0.763906
450000 0.925941
460000 1.31795
470000 1.12088
480000 1.13117
490000 0.870366
500000 0.870379
510000 1.0748
520000 0.940529
530000 0.791046
540000 0.743829
550000 0.980979
560000 1.01393
570000 1.18998
580000 1.10953
590000 1.16276
600000 1.25298
610000 1.19316
620000 1.28788
630000 0.849341
640000 0.902939
650000 1.25431
660000 0.990581
670000 0.821153
680000 0.524076
690000 1.01767
700000 1.05094
710000 0.508662
720000 1.05889
730000 0.714471
740000 0.71771
750000 1.24146
760000 0.885373
770000 0.672564
780000 1.07779
790000 1.13355
800000 1.05366
810000 1.3072
820000 1.19307
830000 0.795216
840000 0.570604
850000 0.910687
860000 0.991069
870000 0.561326
880000 0.919936
890000 0.90242
900000 0.886405
910000 0.548036
920000 0.789447
930000 1.3281
940000 0.692946
950000 0.596768
960000 0.393841
970000 0.714312
980000 0.771681
990000 0.773733
1000000 0.954892
