10000 0.83879
20000 0.763906
30000 1.08811
40000 0.965084
50000 1.15023
60000 0.80299
70000 0.849734
80000 0.655356
90000 1.02956
100000 0.689909
110000 0.783021
120000 1.14391
130000 0.477395
140000 1.13231
150000 0.988424
160000 1.35494
170000 0.640983
180000 0.846177
190000 0.842582
200000 1.24803
210000 0.859164
220000 1.1082
230000 0.82099
240000 0.899638
250000 1.04538
260000 1.28023
270000 0.893902
280000 0.485076
290000 0.909676
300000 0.991747
310000 1
320000 0.737121
330000 0.533397
340000 1.04255
350000 0.610341
360000 1.27524
370000 0.938133
380000 1.20358
390000 0.548036
400000 1.09916
410000 1.03216
420000 0.993205
430000 1.16233
440000 1.05431
450000 1.15956
460000 0.745126
470000 0.747446
480000 0.742355
490000 1.11086
500000 0.63054
510000 1.14753
520000 1.01261
530000 0.698754
540000 0.950972
550000 0.757218
560000 1.18147
570000 1.18666
580000 1.19069
590000 0.640984
600000 0.528096
610000 1.14324
620000 0.853617
630000 0.912056
640000 0.963329
650000 0.776844
660000 0.763609
670000 1.2664
680000 1.26487
690000 0.717927
700000 1.22987
710000 1.01721
720000 1.15406
730000 0.590366
740000 0.369059
750000 0.934744
760000 1.08527
770000 1.06514
780000 0.763386
790000 0.987492
800000 0.814095
810000 0.824216
820000 0.962179
830000 0.906404
840000 0.665019
850000 0.770789
860000 1.00564
870000 1.14664
880000 0.482007
890000 0.936249
900000 1.27749
910000 0.78461
920000 1.16636
930000 1.00146
940000 1.33951
950000 0.904233
960000 1.099
970000 0.670413
980000 1.06025
990000 0.748051
1000000 1.34978
