10000 -0.337825
20000 -0.365958
30000 -0.377123
40000 -0.381878
50000 -0.384057
60000 -0.383808
70000 -0.382108
80000 -0.377931
90000 -0.372214
100000 -0.366833
110000 -0.362017
120000 -0.357564
130000 -0.353539
140000 -0.349841
150000 -0.346481
160000 -0.343358
170000 -0.340335
180000 -0.337521
190000 -0.33492
200000 -0.332454
210000 -0.330108
220000 -0.327883
230000 -0.325817
240000 -0.323906
250000 -0.322129
260000 -0.320468
270000 -0.318882
280000 -0.317409
290000 -0.315999
300000 -0.31466
310000 -0.313414
320000 -0.312249
330000 -0.311125
340000 -0.310061
350000 -0.309046
360000 -0.308073
370000 -0.307149
380000 -0.30625
390000 -0.305388
400000 -0.304568
410000 -0.303788
420000 -0.303014
430000 -0.302271
440000 -0.301552
450000 -0.300882
460000 -0.300205
470000 -0.299555
480000 -0.298909
490000 -0.298287
500000 -0.297677
510000 -0.297081
520000 -0.296505
530000 -0.295946
540000 -0.295405
550000 -0.294878
560000 -0.294336
570000 -0.293822
580000 -0.29333
590000 -0.292846
600000 -0.292372
610000 -0.291897
620000 -0.291417
630000 -0.290955
640000 -0.290513
650000 -0.290064
660000 -0.289622
670000 -0.289183
680000 -0.288747
690000 -0.288324
700000 -0.287904
710000 -0.28748
720000 -0.287053
730000 -0.286628
740000 -0.286195
750000 -0.285765
760000 -0.285323
770000 -0.284889
780000 -0.284461
790000 -0.284051
800000 -0.283642
810000 -0.283234
820000 -0.282826
830000 -0.282432
840000 -0.282045
850000 -0.28166
860000 -0.281276
870000 -0.280894
880000 -0.280518
890000 -0.280146
900000 -0.279789
910000 -0.279438
920000 -0.279098
930000 -0.278754
940000 -0.278412
950000 -0.278075
960000 -0.277738
970000 -0.277418
980000 -0.277096
990000 -0.276783
