10000 -0.442998
20000 -0.399309
30000 -0.364519
40000 -0.354869
50000 -0.33492
60000 -0.324969
70000 -0.307154
80000 -0.300713
90000 -0.285718
100000 -0.274821
110000 -0.274867
120000 -0.269579
130000 -0.261201
140000 -0.251653
150000 -0.257724
160000 -0.251551
170000 -0.253913
180000 -0.251848
190000 -0.252792
200000 -0.250261
210000 -0.251178
220000 -0.249122
230000 -0.249828
240000 -0.249288
250000 -0.249638
260000 -0.248969
270000 -0.249395
280000 -0.248117
290000 -0.247927
300000 -0.24806
310000 -0.247995
320000 -0.247896
330000 -0.247881
340000 -0.247842
350000 -0.247787
360000 -0.247848
370000 -0.247918
380000 -0.247847
390000 -0.247698
400000 -0.247791
410000 -0.247646
420000 -0.247402
430000 -0.247297
440000 -0.247238
450000 -0.247114
460000 -0.24717
470000 -0.247173
480000 -0.247186
490000 -0.247354
500000 -0.247222
510000 -0.247371
520000 -0.247486
530000 -0.247403
540000 -0.24734
550000 -0.247242
560000 -0.247222
570000 -0.247071
580000 -0.247078
590000 -0.24697
600000 -0.246851
610000 -0.24689
620000 -0.247036
630000 -0.247023
640000 -0.246954
650000 -0.246777
660000 -0.246799
670000 -0.246744
680000 -0.246702
690000 -0.246669
700000 -0.246587
710000 -0.246444
720000 -0.246596
730000 -0.2465
740000 -0.246506
750000 -0.246581
760000 -0.246497
770000 -0.246358
780000 -0.246466
790000 -0.246409
800000 -0.246278
810000 -0.24639
820000 -0.246311
830000 -0.246419
840000 -0.246264
850000 -0.246275
860000 -0.246338
870000 -0.246393
880000 -0.246415
890000 -0.246379
900000 -0.246446
910000 -0.246348
920000 -0.246439
930000 -0.246326
940000 -0.246484
950000 -0.246525
960000 -0.246591
970000 -0.246575
980000 -0.24653
990000 -0.246449
