10000 -0.449355
20000 -0.423424
30000 -0.382012
40000 -0.356316
50000 -0.34073
60000 -0.329415
70000 -0.313565
80000 -0.301153
90000 -0.290405
100000 -0.284855
110000 -0.271613
120000 -0.269407
130000 -0.262415
140000 -0.266884
150000 -0.259202
160000 -0.26138
170000 -0.261774
180000 -0.255457
190000 -0.254414
200000 -0.252888
210000 -0.253864
220000 -0.252302
230000 -0.251005
240000 -0.250458
250000 -0.24928
260000 -0.248833
270000 -0.249432
280000 -0.250191
290000 -0.25002
300000 -0.250183
310000 -0.249547
320000 -0.249451
330000 -0.249272
340000 -0.249061
350000 -0.248651
360000 -0.24843
370000 -0.24783
380000 -0.248004
390000 -0.248095
400000 -0.247808
410000 -0.247704
420000 -0.248629
430000 -0.24857
440000 -0.248126
450000 -0.247925
460000 -0.2479
470000 -0.247573
480000 -0.247424
490000 -0.247547
500000 -0.247548
510000 -0.247542
520000 -0.247658
530000 -0.247315
540000 -0.247141
550000 -0.246892
560000 -0.246822
570000 -0.246847
580000 -0.247183
590000 -0.246992
600000 -0.247006
610000 -0.246734
620000 -0.247004
630000 -0.246761
640000 -0.246689
650000 -0.246479
660000 -0.246352
670000 -0.246233
680000 -0.246256
690000 -0.246088
700000 -0.246178
710000 -0.246134
720000 -0.246225
730000 -0.246258
740000 -0.246143
750000 -0.246036
760000 -0.246259
770000 -0.246326
780000 -0.246312
790000 -0.246094
800000 -0.246374
810000 -0.246609
820000 -0.246632
830000 -0.246685
840000 -0.246728
850000 -0.246585
860000 -0.246394
870000 -0.246303
880000 -0.246465
890000 -0.246465
900000 -0.24637
910000 -0.246424
920000 -0.246288
930000 -0.246277
940000 -0.246274
950000 -0.246337
960000 -0.246521
970000 -0.246416
980000 -0.246357
990000 -0.246266
