10000 -0.445155
20000 -0.436414
30000 -0.389665
40000 -0.378975
50000 -0.361451
60000 -0.33533
70000 -0.308659
80000 -0.293414
90000 -0.287484
100000 -0.275684
110000 -0.272418
120000 -0.265734
130000 -0.26184
140000 -0.259309
150000 -0.256967
160000 -0.253969
170000 -0.253178
180000 -0.252577
190000 -0.251811
200000 -0.250405
210000 -0.249417
220000 -0.248743
230000 -0.248047
240000 -0.247983
250000 -0.247515
260000 -0.246768
270000 -0.246311
280000 -0.24639
290000 -0.246279
300000 -0.245472
310000 -0.245817
320000 -0.245516
330000 -0.24485
340000 -0.244754
350000 -0.244355
360000 -0.244669
370000 -0.244497
380000 -0.244542
390000 -0.244092
400000 -0.24381
410000 -0.244236
420000 -0.243972
430000 -0.24363
440000 -0.243585
450000 -0.243577
460000 -0.243444
470000 -0.243388
480000 -0.243032
490000 -0.243184
500000 -0.243164
510000 -0.243344
520000 -0.243548
530000 -0.243093
540000 -0.24331
550000 -0.242896
560000 -0.242696
570000 -0.242586
580000 -0.242511
590000 -0.242452
600000 -0.242935
610000 -0.242986
620000 -0.242929
630000 -0.243023
640000 -0.242475
650000 -0.242352
660000 -0.242749
670000 -0.242593
680000 -0.242422
690000 -0.242433
700000 -0.242771
710000 -0.242447
720000 -0.241951
730000 -0.241698
740000 -0.241746
750000 -0.241754
760000 -0.241656
770000 -0.24179
780000 -0.241749
790000 -0.241729
800000 -0.241757
810000 -0.241785
820000 -0.241619
830000 -0.241625
840000 -0.241595
850000 -0.241611
860000 -0.241842
870000 -0.241872
880000 -0.241747
890000 -0.241655
900000 -0.241758
910000 -0.241745
920000 -0.241675
930000 -0.241732
940000 -0.2417
950000 -0.241746
960000 -0.241926
970000 -0.242047
980000 -0.241963
990000 -0.241816
