10000 -0.437756
20000 -0.422496
30000 -0.383091
40000 -0.367603
50000 -0.341968
60000 -0.320911
70000 -0.297808
80000 -0.283587
90000 -0.275588
100000 -0.272716
110000 -0.269091
120000 -0.270668
130000 -0.2663
140000 -0.263099
150000 -0.26213
160000 -0.263684
170000 -0.258387
180000 -0.261113
190000 -0.258848
200000 -0.256212
210000 -0.257169
220000 -0.256865
230000 -0.257541
240000 -0.257026
250000 -0.255179
260000 -0.25532
270000 -0.256176
280000 -0.254977
290000 -0.254971
300000 -0.254796
310000 -0.254674
320000 -0.254504
330000 -0.254337
340000 -0.254414
350000 -0.254302
360000 -0.25446
370000 -0.254267
380000 -0.254226
390000 -0.254378
400000 -0.254264
410000 -0.254332
420000 -0.254116
430000 -0.254109
440000 -0.25408
450000 -0.254043
460000 -0.253835
470000 -0.253772
480000 -0.253418
490000 -0.25342
500000 -0.253503
510000 -0.253577
520000 -0.253547
530000 -0.25338
540000 -0.254226
550000 -0.253541
560000 -0.253082
570000 -0.25287
580000 -0.252659
590000 -0.25278
600000 -0.252966
610000 -0.252924
620000 -0.252815
630000 -0.252911
640000 -0.252701
650000 -0.252711
660000 -0.252859
670000 -0.252864
680000 -0.252894
690000 -0.252949
700000 -0.252447
710000 -0.252636
720000 -0.252353
730000 -0.252317
740000 -0.252258
750000 -0.25222
760000 -0.252224
770000 -0.25195
780000 -0.251863
790000 -0.251668
800000 -0.251596
810000 -0.25162
820000 -0.251848
830000 -0.251625
840000 -0.251602
850000 -0.251801
860000 -0.25208
870000 -0.252192
880000 -0.252112
890000 -0.25181
900000 -0.251533
910000 -0.251093
920000 -0.250982
930000 -0.250806
940000 -0.250888
950000 -0.251033
960000 -0.250938
970000 -0.250915
980000 -0.250794
990000 -0.250648
