10000 -0.455827
20000 -0.44477
30000 -0.434791
40000 -0.426503
50000 -0.414782
60000 -0.405233
70000 -0.398266
80000 -0.376161
90000 -0.356225
100000 -0.326405
110000 -0.301975
120000 -0.293951
130000 -0.286302
140000 -0.273802
150000 -0.265587
160000 -0.26205
170000 -0.257373
180000 -0.256026
190000 -0.252232
200000 -0.250458
210000 -0.250026
220000 -0.248816
230000 -0.247923
240000 -0.245926
250000 -0.242521
260000 -0.239205
270000 -0.234639
280000 -0.229417
290000 -0.218966
300000 -0.215381
310000 -0.209246
320000 -0.211978
330000 -0.205583
340000 -0.204983
350000 -0.203994
360000 -0.202641
370000 -0.202311
380000 -0.20168
390000 -0.201235
400000 -0.200578
410000 -0.199783
420000 -0.199165
430000 -0.199377
440000 -0.198685
450000 -0.197813
460000 -0.197552
470000 -0.196746
480000 -0.196101
490000 -0.195652
500000 -0.194933
510000 -0.19469
520000 -0.193867
530000 -0.19386
540000 -0.19422
550000 -0.195079
560000 -0.1947
570000 -0.194765
580000 -0.194228
590000 -0.194262
600000 -0.194458
610000 -0.194512
620000 -0.193915
630000 -0.193173
640000 -0.193123
650000 -0.193178
660000 -0.193214
670000 -0.193212
680000 -0.193196
690000 -0.193218
700000 -0.193209
710000 -0.193232
720000 -0.193225
730000 -0.193254
740000 -0.19328
750000 -0.193284
760000 -0.19329
770000 -0.193265
780000 -0.193089
790000 -0.193099
800000 -0.193093
810000 -0.193069
820000 -0.193108
830000 -0.193013
840000 -0.19296
850000 -0.192934
860000 -0.192901
870000 -0.192884
880000 -0.192882
890000 -0.192905
900000 -0.192889
910000 -0.192912
920000 -0.192897
930000 -0.192948
940000 -0.192914
950000 -0.192951
960000 -0.193022
970000 -0.192926
980000 -0.192937
990000 -0.193035
