10000 0.273085
20000 0.182989
30000 0.151436
40000 0.135656
50000 0.126071
60000 0.11965
70000 0.114973
80000 0.111426
90000 0.108675
100000 0.106462
110000 0.104663
120000 0.103154
130000 0.101886
140000 0.100795
150000 0.0998495
160000 0.0976485
170000 0.0920714
180000 0.0870122
190000 0.0824864
200000 0.07841
210000 0.0747204
220000 0.071372
230000 0.0683043
240000 0.0655121
250000 0.062943
260000 0.0605633
270000 0.058355
280000 0.0563029
290000 0.0543916
300000 0.0526117
310000 0.050944
320000 0.0493811
330000 0.0479107
340000 0.0465272
350000 0.0452217
360000 0.0439901
370000 0.0428259
380000 0.0417223
390000 0.0406597
400000 0.0396652
410000 0.038718
420000 0.0378161
430000 0.0369562
440000 0.0361355
450000 0.0353515
460000 0.0346024
470000 0.0338845
480000 0.0331968
490000 0.0325366
500000 0.0319029
510000 0.0312941
520000 0.0307091
530000 0.0301457
540000 0.0296035
550000 0.0290808
560000 0.0285772
570000 0.0280911
580000 0.0276217
590000 0.0271682
600000 0.0267296
610000 0.0263058
620000 0.0258961
630000 0.0254992
640000 0.0251145
650000 0.0247412
660000 0.024379
670000 0.0240284
680000 0.0236882
690000 0.0233582
700000 0.0230378
710000 0.022726
720000 0.0224226
730000 0.0221271
740000 0.0218399
750000 0.0215606
760000 0.0212882
770000 0.0210228
780000 0.0207675
790000 0.0205098
800000 0.0202575
810000 0.0200178
820000 0.0197839
830000 0.0195557
840000 0.019333
850000 0.0191155
860000 0.0189032
870000 0.0186957
880000 0.018493
890000 0.0182948
900000 0.0181012
910000 0.0179119
920000 0.0177266
930000 0.017545
940000 0.0173675
950000 0.0171932
960000 0.0170205
970000 0.0168533
980000 0.0166895
990000 0.0165289
