10000 0.379178
20000 0.198542
30000 0.133789
40000 0.101388
50000 0.0819415
60000 0.0689749
70000 0.0597123
80000 0.0527647
90000 0.0473606
100000 0.0430373
110000 0.0394999
120000 0.036552
130000 0.0340576
140000 0.0319195
150000 0.0300664
160000 0.0284449
170000 0.0270142
180000 0.0257425
190000 0.0246046
200000 0.0235805
210000 0.0226539
220000 0.0218115
230000 0.0210424
240000 0.0203374
250000 0.0196888
260000 0.01909
270000 0.0185356
280000 0.0180209
290000 0.0175416
300000 0.0170943
310000 0.0166758
320000 0.0162834
330000 0.0159149
340000 0.015568
350000 0.015241
360000 0.0149321
370000 0.0146399
380000 0.0143631
390000 0.0141005
400000 0.013851
410000 0.0136137
420000 0.0133877
430000 0.0131722
440000 0.0129665
450000 0.0127699
460000 0.0125819
470000 0.0124019
480000 0.0122294
490000 0.0120639
500000 0.011905
510000 0.0117524
520000 0.0116057
530000 0.0114644
540000 0.0113285
550000 0.0111974
560000 0.011071
570000 0.0109491
580000 0.0108314
590000 0.0107177
600000 0.0106077
610000 0.0105014
620000 0.0103985
630000 0.0102988
640000 0.0102023
650000 0.0101087
660000 0.010018
670000 0.00993
680000 0.00984457
690000 0.00976162
700000 0.00968104
710000 0.00960273
720000 0.0095266
730000 0.00945255
740000 0.0093805
750000 0.00931037
760000 0.00924209
770000 0.00917558
780000 0.00911078
790000 0.00904762
800000 0.00898604
810000 0.00892597
820000 0.00886738
830000 0.00881019
840000 0.00875437
850000 0.00869986
860000 0.00864661
870000 0.00859459
880000 0.00854376
890000 0.00849406
900000 0.00844547
910000 0.00839795
920000 0.00835146
930000 0.00830597
940000 0.00826145
950000 0.00821787
960000 0.00817519
970000 0.0081334
980000 0.00809245
990000 0.00805234
