10000 -0.5652
20000 -0.587717
30000 -0.545826
40000 -0.494074
50000 -0.543587
60000 -0.543834
70000 -0.51713
80000 -0.594331
90000 -0.527038
100000 -0.534091
110000 -0.577586
120000 -0.547447
130000 -0.526965
140000 -0.592623
150000 -0.657043
160000 -0.461079
170000 -0.642676
180000 -0.609017
190000 -0.619488
200000 -0.462212
210000 -0.572477
220000 -0.578835
230000 -0.559954
240000 -0.604902
250000 -0.566242
260000 -0.544047
270000 -0.528048
280000 -0.661396
290000 -0.590873
300000 -0.562162
310000 -0.591885
320000 -0.549792
330000 -0.439908
340000 -0.669314
350000 -0.627208
360000 -0.598291
370000 -0.51509
380000 -0.523257
390000 -0.593073
400000 -0.495793
410000 -0.554547
420000 -0.462602
430000 -0.569431
440000 -0.572367
450000 -0.536293
460000 -0.620316
470000 -0.52071
480000 -0.467521
490000 -0.490324
500000 -0.594015
510000 -0.535879
520000 -0.585539
530000 -0.610397
540000 -0.531646
550000 -0.594864
560000 -0.62832
570000 -0.548931
580000 -0.584272
590000 -0.491995
600000 -0.477237
610000 -0.621826
620000 -0.462607
630000 -0.582262
640000 -0.482427
650000 -0.531146
660000 -0.617601
670000 -0.489102
680000 -0.546214
690000 -0.563743
700000 -0.487198
710000 -0.586159
720000 -0.641625
730000 -0.51243
740000 -0.466214
750000 -0.53681
760000 -0.519302
770000 -0.457187
780000 -0.642403
790000 -0.537269
800000 -0.502709
810000 -0.604879
820000 -0.543726
830000 -0.612818
840000 -0.598157
850000 -0.59588
860000 -0.578906
870000 -0.550987
880000 -0.579257
890000 -0.554868
900000 -0.587142
910000 -0.536747
920000 -0.607322
930000 -0.561361
940000 -0.611054
950000 -0.541582
960000 -0.524582
970000 -0.550671
980000 -0.553312
990000 -0.618623
1000000 -0.541561
