10000 -0.534327
20000 -0.630791
30000 -0.490494
40000 -0.579782
50000 -0.597696
60000 -0.528414
70000 -0.519129
80000 -0.540155
90000 -0.554338
100000 -0.589025
110000 -0.527918
120000 -0.536047
130000 -0.546266
140000 -0.61987
150000 -0.551974
160000 -0.625031
170000 -0.540017
180000 -0.607503
190000 -0.602795
200000 -0.619141
210000 -0.523622
220000 -0.638048
230000 -0.547949
240000 -0.516421
250000 -0.593576
260000 -0.615408
270000 -0.628501
280000 -0.575511
290000 -0.516706
300000 -0.561271
310000 -0.587205
320000 -0.533545
330000 -0.5876
340000 -0.47487
350000 -0.522921
360000 -0.602386
370000 -0.58438
380000 -0.529079
390000 -0.514926
400000 -0.576545
410000 -0.565254
420000 -0.572775
430000 -0.5986
440000 -0.542553
450000 -0.610588
460000 -0.594437
470000 -0.590364
480000 -0.546859
490000 -0.497433
500000 -0.585159
510000 -0.543593
520000 -0.522907
530000 -0.581959
540000 -0.575395
550000 -0.620349
560000 -0.558823
570000 -0.535168
580000 -0.52864
590000 -0.646559
600000 -0.575399
610000 -0.636345
620000 -0.508247
630000 -0.526418
640000 -0.494396
650000 -0.623706
660000 -0.507788
670000 -0.580422
680000 -0.586633
690000 -0.650633
700000 -0.579531
710000 -0.585941
720000 -0.584072
730000 -0.580602
740000 -0.560762
750000 -0.613887
760000 -0.61504
770000 -0.538525
780000 -0.629114
790000 -0.621704
800000 -0.525729
810000 -0.588664
820000 -0.585918
830000 -0.626233
840000 -0.555042
850000 -0.622648
860000 -0.552455
870000 -0.585153
880000 -0.605373
890000 -0.548683
900000 -0.590729
910000 -0.522858
920000 -0.639541
930000 -0.565417
940000 -0.625734
950000 -0.509285
960000 -0.504624
970000 -0.574503
980000 -0.581615
990000 -0.491295
1000000 -0.532425
