10000 -0.567227
20000 -0.580818
30000 -0.563963
40000 -0.588858
50000 -0.52014
60000 -0.581536
70000 -0.603421
80000 -0.589046
90000 -0.574242
100000 -0.55615
110000 -0.605396
120000 -0.577578
130000 -0.546241
140000 -0.576721
150000 -0.583781
160000 -0.611672
170000 -0.581559
180000 -0.641799
190000 -0.58037
200000 -0.528246
210000 -0.524093
220000 -0.557162
230000 -0.564741
240000 -0.619617
250000 -0.512731
260000 -0.562603
270000 -0.484557
280000 -0.49875
290000 -0.557816
300000 -0.488285
310000 -0.560909
320000 -0.561427
330000 -0.607313
340000 -0.547405
350000 -0.560318
360000 -0.555013
370000 -0.601813
380000 -0.578884
390000 -0.57972
400000 -0.537094
410000 -0.527667
420000 -0.610252
430000 -0.554863
440000 -0.637262
450000 -0.573307
460000 -0.566897
470000 -0.608997
480000 -0.436706
490000 -0.634072
500000 -0.513257
510000 -0.596537
520000 -0.560865
530000 -0.523426
540000 -0.604932
550000 -0.542881
560000 -0.530085
570000 -0.525616
580000 -0.594104
590000 -0.567527
600000 -0.575311
610000 -0.514871
620000 -0.635787
630000 -0.531411
640000 -0.547694
650000 -0.608423
660000 -0.546268
670000 -0.573693
680000 -0.549254
690000 -0.517914
700000 -0.59927
710000 -0.595756
720000 -0.528401
730000 -0.590474
740000 -0.586322
750000 -0.612936
760000 -0.600635
770000 -0.570432
780000 -0.534132
790000 -0.610586
800000 -0.589978
810000 -0.582451
820000 -0.564444
830000 -0.585411
840000 -0.581444
850000 -0.617743
860000 -0.583103
870000 -0.526065
880000 -0.476242
890000 -0.607848
900000 -0.551299
910000 -0.566287
920000 -0.551193
930000 -0.493815
940000 -0.579989
950000 -0.549289
960000 -0.615298
970000 -0.562905
980000 -0.614094
990000 -0.632503
1000000 -0.645497
