10000 0.851316
20000 0.92605
30000 0.904846
40000 1.0289
50000 0.951341
60000 1.04164
70000 0.714469
80000 0.91848
90000 1.0546
100000 1.08506
110000 0.88034
120000 0.691014
130000 0.853935
140000 0.747446
150000 1.16275
160000 1.06745
170000 0.927646
180000 0.726732
190000 0.972331
200000 0.977299
210000 0.996472
220000 0.630636
230000 1.00134
240000 0.682931
250000 0.861497
260000 1.36763
270000 1.01154
280000 0.975007
290000 1.06806
300000 0.835291
310000 0.741667
320000 1.20776
330000 1.22808
340000 1.18667
350000 0.495711
360000 0.734371
370000 0.547928
380000 0.94412
390000 1.15413
400000 1.04012
410000 0.763623
420000 0.66933
430000 1.04259
440000 1.1502
450000 1.13058
460000 0.964606
470000 1.25529
480000 0.734889
490000 0.660521
500000 1.05771
510000 0.266467
520000 1.30084
530000 1.1582
540000 0.459807
550000 1.15623
560000 0.714469
570000 1.1441
580000 0.686973
590000 0.809484
600000 1.1661
610000 0.939248
620000 0.88382
630000 0.989561
640000 1.11704
650000 0.636998
660000 0.770793
670000 0.78461
680000 0.913571
690000 0.628589
700000 0.582852
710000 1.14022
720000 0.726093
730000 0.637129
740000 0.865395
750000 0.883892
760000 0.968929
770000 0.946777
780000 0.400504
790000 1.0648
800000 1.22276
810000 0.980034
820000 1.03829
830000 0.632455
840000 0.388586
850000 0.948358
860000 0.734677
870000 0.698069
880000 1.08438
890000 0.773566
900000 0.652625
910000 1.06231
920000 1.02599
930000 0.768531
940000 1.14943
950000 0.720194
960000 1.11055
970000 0.581746
980000 0.742607
990000 0.794991
1000000 0.890786
