10000 0.612208
20000 0.807244
30000 0.627576
40000 0.631635
50000 0.92991
60000 1.1501
70000 1.28055
80000 0.989134
90000 1.08901
100000 0.714133
110000 1.16446
120000 0.655356
130000 1.24196
140000 0.838371
150000 0.861717
160000 1.07831
170000 0.735079
180000 0.954888
190000 1.34313
200000 0.790894
210000 0.734371
220000 0.939358
230000 0.836504
240000 0.881144
250000 1.01664
260000 1.13794
270000 1.0514
280000 1.36539
290000 0.517351
300000 0.72295
310000 0.793191
320000 0.953677
330000 1.08089
340000 0.945916
350000 1.14716
360000 0.754132
370000 1.09078
380000 1.18617
390000 0.483168
400000 1.28524
410000 0.718567
420000 0.957635
430000 0.693907
440000 0.622722
450000 1.1121
460000 1.14104
470000 0.831109
480000 1.22642
490000 0.641647
500000 0.883892
510000 1.10827
520000 1.00572
530000 0.978078
540000 0.884939
550000 1.09367
560000 1.17579
570000 1.15732
580000 1.10051
590000 0.898107
600000 0.835
610000 0.670457
620000 1.01865
630000 0.859165
640000 0.734677
650000 0.372701
660000 1.10894
670000 0.788972
680000 0.970304
690000 0.980453
700000 1.14967
710000 1.17533
720000 1.03889
730000 0.763906
740000 1.05939
750000 0.582581
760000 0.944565
770000 0.836633
780000 1.27481
790000 1.05337
800000 0.88292
810000 1.10025
820000 0.548036
830000 1.06089
840000 1.24186
850000 0.959032
860000 0.604265
870000 0.843515
880000 0.777739
890000 1.00133
900000 0.904618
910000 0.621279
920000 0.767852
930000 0.961982
940000 0.826238
950000 1.03172
960000 1.0758
970000 1.09049
980000 1.0332
990000 0.819578
1000000 1.00387
