10000 0.525499
20000 1.01492
30000 1.26551
40000 0.757646
50000 0.700845
60000 0.698715
70000 0.710671
80000 1.02938
90000 1.08783
100000 0.934059
110000 0.666842
120000 0.92081
130000 0.722315
140000 1.19786
150000 0.918623
160000 0.948432
170000 0.987957
180000 0.770781
190000 0.614851
200000 1.26713
210000 1.00718
220000 0.968362
230000 1.32587
240000 0.53615
250000 1.1286
260000 1.21275
270000 0.734386
280000 0.565701
290000 1.26917
300000 1.18857
310000 0.772808
320000 0.729755
330000 0.865848
340000 1.15131
350000 1.03821
360000 0.704589
370000 1.19139
380000 1.17383
390000 0.907494
400000 0.71771
410000 1.07801
420000 0.962745
430000 0.952196
440000 0.757218
450000 0.956192
460000 0.712959
470000 0.872542
480000 0.994528
490000 0.69722
500000 0.940923
510000 1.37745
520000 0.715086
530000 1.1794
540000 0.483168
550000 0.655625
560000 1.02281
570000 0.743833
580000 1.36262
590000 1.16275
600000 0.688695
610000 1.01257
620000 1.26582
630000 0.656456
640000 1.17363
650000 0.630577
660000 0.540568
670000 0.862111
680000 0.665979
690000 1.2943
700000 0.898039
710000 0.549624
720000 0.920494
730000 1.34834
740000 0.597453
750000 0.898857
760000 0.747173
770000 0.429216
780000 0.911927
790000 0.734544
800000 0.632428
810000 0.743888
820000 0.681113
830000 0.606162
840000 0.762828
850000 1.03143
860000 0.688122
870000 0.73713
880000 0.406057
890000 0.670072
900000 0.876877
910000 1.25503
920000 0.97635
930000 0.60118
940000 0.751689
950000 1.06413
960000 1.21899
970000 1.02711
980000 0.630581
990000 0.380837
1000000 1.35861
