10000 -0.324291
20000 -0.359137
30000 -0.370583
40000 -0.377865
50000 -0.38029
60000 -0.381217
70000 -0.381562
80000 -0.381215
90000 -0.378956
100000 -0.375861
110000 -0.372073
120000 -0.3675
130000 -0.362432
140000 -0.357209
150000 -0.352325
160000 -0.347705
170000 -0.343442
180000 -0.339462
190000 -0.33597
200000 -0.33263
210000 -0.329464
220000 -0.32651
230000 -0.323632
240000 -0.320958
250000 -0.318465
260000 -0.316014
270000 -0.313584
280000 -0.311175
290000 -0.308785
300000 -0.306404
310000 -0.304021
320000 -0.301395
330000 -0.298766
340000 -0.296146
350000 -0.293586
360000 -0.291165
370000 -0.288892
380000 -0.286693
390000 -0.284582
400000 -0.282595
410000 -0.280731
420000 -0.278955
430000 -0.277255
440000 -0.27563
450000 -0.274043
460000 -0.272531
470000 -0.271081
480000 -0.269681
490000 -0.268321
500000 -0.26705
510000 -0.265801
520000 -0.264606
530000 -0.263443
540000 -0.262327
550000 -0.261249
560000 -0.260204
570000 -0.259189
580000 -0.258217
590000 -0.257244
600000 -0.256332
610000 -0.255434
620000 -0.254566
630000 -0.253722
640000 -0.252903
650000 -0.252111
660000 -0.251347
670000 -0.250603
680000 -0.249893
690000 -0.249193
700000 -0.248527
710000 -0.247866
720000 -0.247199
730000 -0.246568
740000 -0.245954
750000 -0.245344
760000 -0.244763
770000 -0.244173
780000 -0.243608
790000 -0.243044
800000 -0.242492
810000 -0.241956
820000 -0.241434
830000 -0.240935
840000 -0.240448
850000 -0.239966
860000 -0.23948
870000 -0.239009
880000 -0.238539
890000 -0.238079
900000 -0.237469
910000 -0.236691
920000 -0.235804
930000 -0.234771
940000 -0.233612
950000 -0.232386
960000 -0.231168
970000 -0.229958
980000 -0.22876
990000 -0.227565
