10000 -0.324668
20000 -0.357803
30000 -0.372326
40000 -0.380381
50000 -0.38395
60000 -0.386344
70000 -0.385753
80000 -0.383217
90000 -0.379267
100000 -0.373984
110000 -0.368779
120000 -0.363195
130000 -0.357281
140000 -0.351187
150000 -0.344519
160000 -0.33844
170000 -0.333
180000 -0.328051
190000 -0.323638
200000 -0.31958
210000 -0.315825
220000 -0.312406
230000 -0.309242
240000 -0.306238
250000 -0.30346
260000 -0.300898
270000 -0.298525
280000 -0.296254
290000 -0.294132
300000 -0.292142
310000 -0.290266
320000 -0.288438
330000 -0.286725
340000 -0.285121
350000 -0.283612
360000 -0.282173
370000 -0.280811
380000 -0.279513
390000 -0.278265
400000 -0.277114
410000 -0.27599
420000 -0.274894
430000 -0.273879
440000 -0.272894
450000 -0.271948
460000 -0.271029
470000 -0.270138
480000 -0.269308
490000 -0.2685
500000 -0.267688
510000 -0.266927
520000 -0.266171
530000 -0.265449
540000 -0.264757
550000 -0.264107
560000 -0.263463
570000 -0.26284
580000 -0.262246
590000 -0.261661
600000 -0.261083
610000 -0.260528
620000 -0.259986
630000 -0.259473
640000 -0.25895
650000 -0.258141
660000 -0.256765
670000 -0.254859
680000 -0.252425
690000 -0.250006
700000 -0.247627
710000 -0.245296
720000 -0.243036
730000 -0.24082
740000 -0.238659
750000 -0.236544
760000 -0.234496
770000 -0.232499
780000 -0.230553
790000 -0.228665
800000 -0.22682
810000 -0.225019
820000 -0.223255
830000 -0.221529
840000 -0.219838
850000 -0.218189
860000 -0.216576
870000 -0.21499
880000 -0.213445
890000 -0.21192
900000 -0.210429
910000 -0.208955
920000 -0.207505
930000 -0.206091
940000 -0.204704
950000 -0.20335
960000 -0.202017
970000 -0.200707
980000 -0.19943
990000 -0.198179
