10000 -0.334383
20000 -0.344822
30000 -0.339783
40000 -0.332105
50000 -0.3244
60000 -0.314727
70000 -0.305581
80000 -0.297411
90000 -0.290665
100000 -0.284548
110000 -0.279147
120000 -0.274103
130000 -0.269493
140000 -0.265242
150000 -0.261352
160000 -0.257854
170000 -0.254665
180000 -0.251702
190000 -0.248795
200000 -0.246108
210000 -0.243604
220000 -0.241281
230000 -0.239064
240000 -0.237017
250000 -0.235124
260000 -0.233372
270000 -0.231774
280000 -0.230247
290000 -0.228863
300000 -0.227522
310000 -0.226285
320000 -0.2251
330000 -0.223974
340000 -0.222938
350000 -0.221924
360000 -0.220957
370000 -0.220058
380000 -0.219193
390000 -0.218357
400000 -0.217573
410000 -0.216798
420000 -0.216091
430000 -0.215416
440000 -0.214769
450000 -0.214153
460000 -0.213559
470000 -0.212989
480000 -0.212453
490000 -0.211929
500000 -0.211439
510000 -0.210962
520000 -0.210498
530000 -0.21006
540000 -0.209608
550000 -0.209174
560000 -0.20876
570000 -0.208355
580000 -0.207952
590000 -0.207562
600000 -0.207137
610000 -0.205819
620000 -0.203763
630000 -0.201604
640000 -0.199503
650000 -0.197459
660000 -0.195472
670000 -0.19355
680000 -0.191677
690000 -0.189869
700000 -0.188108
710000 -0.1864
720000 -0.184727
730000 -0.183097
740000 -0.181517
750000 -0.179966
760000 -0.178465
770000 -0.176986
780000 -0.175564
790000 -0.174177
800000 -0.172812
810000 -0.171485
820000 -0.170183
830000 -0.168921
840000 -0.167682
850000 -0.166471
860000 -0.165289
870000 -0.164132
880000 -0.163006
890000 -0.16191
900000 -0.160833
910000 -0.159775
920000 -0.15874
930000 -0.157733
940000 -0.156745
950000 -0.155782
960000 -0.154839
970000 -0.153918
980000 -0.153018
990000 -0.152135
