10000 -0.336085
20000 -0.339958
30000 -0.331944
40000 -0.323889
50000 -0.313866
60000 -0.304818
70000 -0.297673
80000 -0.29248
90000 -0.288301
100000 -0.284889
110000 -0.282105
120000 -0.279676
130000 -0.277538
140000 -0.275559
150000 -0.273825
160000 -0.272324
170000 -0.271019
180000 -0.269827
190000 -0.268738
200000 -0.267684
210000 -0.266766
220000 -0.265951
230000 -0.265081
240000 -0.26433
250000 -0.263606
260000 -0.262938
270000 -0.262327
280000 -0.261733
290000 -0.261157
300000 -0.260584
310000 -0.260056
320000 -0.259581
330000 -0.25914
340000 -0.258728
350000 -0.258342
360000 -0.25798
370000 -0.257616
380000 -0.257225
390000 -0.256886
400000 -0.256553
410000 -0.256254
420000 -0.255978
430000 -0.255727
440000 -0.255476
450000 -0.255226
460000 -0.25499
470000 -0.254738
480000 -0.254505
490000 -0.25426
500000 -0.254028
510000 -0.253805
520000 -0.253589
530000 -0.25337
540000 -0.253158
550000 -0.252956
560000 -0.252761
570000 -0.252567
580000 -0.252389
590000 -0.25221
600000 -0.252042
610000 -0.251875
620000 -0.25172
630000 -0.251561
640000 -0.251412
650000 -0.251271
660000 -0.251128
670000 -0.250998
680000 -0.250865
690000 -0.250738
700000 -0.250617
710000 -0.250499
720000 -0.250386
730000 -0.250273
740000 -0.250043
750000 -0.249479
760000 -0.248638
770000 -0.247784
780000 -0.246686
790000 -0.245459
800000 -0.244078
810000 -0.242709
820000 -0.241371
830000 -0.24007
840000 -0.238797
850000 -0.237553
860000 -0.236337
870000 -0.23515
880000 -0.23399
890000 -0.232845
900000 -0.231731
910000 -0.230639
920000 -0.229576
930000 -0.228536
940000 -0.227518
950000 -0.226519
960000 -0.22554
970000 -0.224583
980000 -0.223647
990000 -0.22273
