10000 -0.415865
20000 -0.389435
30000 -0.38215
40000 -0.371173
50000 -0.354159
60000 -0.323294
70000 -0.318233
80000 -0.305261
90000 -0.289555
100000 -0.286036
110000 -0.281329
120000 -0.274787
130000 -0.279529
140000 -0.278507
150000 -0.277676
160000 -0.273002
170000 -0.272169
180000 -0.271168
190000 -0.271576
200000 -0.271786
210000 -0.269428
220000 -0.271155
230000 -0.269831
240000 -0.268642
250000 -0.267952
260000 -0.267513
270000 -0.267404
280000 -0.267459
290000 -0.267818
300000 -0.267879
310000 -0.267268
320000 -0.266302
330000 -0.266077
340000 -0.265161
350000 -0.264772
360000 -0.263745
370000 -0.262843
380000 -0.262184
390000 -0.262654
400000 -0.262492
410000 -0.262457
420000 -0.262295
430000 -0.262483
440000 -0.261062
450000 -0.259622
460000 -0.257451
470000 -0.25619
480000 -0.254167
490000 -0.253754
500000 -0.253598
510000 -0.253671
520000 -0.253348
530000 -0.253465
540000 -0.253078
550000 -0.230495
560000 -0.172128
570000 -0.110209
580000 -0.104579
590000 -0.104811
600000 -0.104587
610000 -0.104098
620000 -0.103089
630000 -0.102245
640000 -0.101769
650000 -0.101191
660000 -0.100709
670000 -0.10065
680000 -0.100435
690000 -0.0999453
700000 -0.0995241
710000 -0.099069
720000 -0.0987156
730000 -0.0984296
740000 -0.0981829
750000 -0.0980652
760000 -0.0976711
770000 -0.0974109
780000 -0.0971857
790000 -0.0968932
800000 -0.0964316
810000 -0.0964372
820000 -0.0964644
830000 -0.0964313
840000 -0.0961977
850000 -0.0962835
860000 -0.0961798
870000 -0.0961861
880000 -0.0955247
890000 -0.0953593
900000 -0.0946532
910000 -0.0946527
920000 -0.0945497
930000 -0.0944199
940000 -0.0943741
950000 -0.0942473
960000 -0.0940841
970000 -0.0940838
980000 -0.0938948
990000 -0.0937548
