10000 -0.434686
20000 -0.38132
30000 -0.345341
40000 -0.32516
50000 -0.30027
60000 -0.284965
70000 -0.278665
80000 -0.275109
90000 -0.268705
100000 -0.261978
110000 -0.255078
120000 -0.247502
130000 -0.240975
140000 -0.234892
150000 -0.230614
160000 -0.226831
170000 -0.226879
180000 -0.225041
190000 -0.222075
200000 -0.21981
210000 -0.220693
220000 -0.220381
230000 -0.217274
240000 -0.212594
250000 -0.209261
260000 -0.20416
270000 -0.201907
280000 -0.20123
290000 -0.201842
300000 -0.19796
310000 -0.197005
320000 -0.195801
330000 -0.19444
340000 -0.192755
350000 -0.191962
360000 -0.189041
370000 -0.186633
380000 -0.184956
390000 -0.182321
400000 -0.181848
410000 -0.182654
420000 -0.182123
430000 -0.180827
440000 -0.18103
450000 -0.181597
460000 -0.180869
470000 -0.179918
480000 -0.177781
490000 -0.177887
500000 -0.178003
510000 -0.178741
520000 -0.177771
530000 -0.178038
540000 -0.178566
550000 -0.178835
560000 -0.177633
570000 -0.178859
580000 -0.178558
590000 -0.177016
600000 -0.176875
610000 -0.1769
620000 -0.177169
630000 -0.176989
640000 -0.178528
650000 -0.179807
660000 -0.180268
670000 -0.179419
680000 -0.177833
690000 -0.178796
700000 -0.17907
710000 -0.178676
720000 -0.177955
730000 -0.179392
740000 -0.178162
750000 -0.178875
760000 -0.178587
770000 -0.179043
780000 -0.17827
790000 -0.176854
800000 -0.177457
810000 -0.177343
820000 -0.178124
830000 -0.17628
840000 -0.175899
850000 -0.176052
860000 -0.176065
870000 -0.175708
880000 -0.175754
890000 -0.174283
900000 -0.17363
910000 -0.172473
920000 -0.171592
930000 -0.170303
940000 -0.170934
950000 -0.170202
960000 -0.168954
970000 -0.169608
980000 -0.169724
990000 -0.169697
