10000 -0.381457
20000 -0.32298
30000 -0.310298
40000 -0.27947
50000 -0.257762
60000 -0.256848
70000 -0.255669
80000 -0.255113
90000 -0.254886
100000 -0.254309
110000 -0.2532
120000 -0.252867
130000 -0.250354
140000 -0.24978
150000 -0.249797
160000 -0.249846
170000 -0.249797
180000 -0.249337
190000 -0.248591
200000 -0.248756
210000 -0.248169
220000 -0.24752
230000 -0.246912
240000 -0.246717
250000 -0.246453
260000 -0.246135
270000 -0.245587
280000 -0.245072
290000 -0.2446
300000 -0.244381
310000 -0.244758
320000 -0.244992
330000 -0.245469
340000 -0.245088
350000 -0.245658
360000 -0.244295
370000 -0.243761
380000 -0.243694
390000 -0.244006
400000 -0.243914
410000 -0.244541
420000 -0.245016
430000 -0.244722
440000 -0.244013
450000 -0.243539
460000 -0.243179
470000 -0.242987
480000 -0.242823
490000 -0.242681
500000 -0.242442
510000 -0.2422
520000 -0.242134
530000 -0.242022
540000 -0.242052
550000 -0.242171
560000 -0.242114
570000 -0.242088
580000 -0.242129
590000 -0.241902
600000 -0.241872
610000 -0.24196
620000 -0.24202
630000 -0.242101
640000 -0.242072
650000 -0.242038
660000 -0.242108
670000 -0.242108
680000 -0.242206
690000 -0.242426
700000 -0.242428
710000 -0.242384
720000 -0.242338
730000 -0.242206
740000 -0.221241
750000 -0.193277
760000 -0.185461
770000 -0.173939
780000 -0.157314
790000 -0.138636
800000 -0.133049
810000 -0.132859
820000 -0.13286
830000 -0.132854
840000 -0.13287
850000 -0.132859
860000 -0.132848
870000 -0.132831
880000 -0.132833
890000 -0.132692
900000 -0.132677
910000 -0.13267
920000 -0.132677
930000 -0.13268
940000 -0.132675
950000 -0.132684
960000 -0.132688
970000 -0.13269
980000 -0.132698
990000 -0.132689
