100000 -0.249259
200000 -0.247417
300000 -0.246384
400000 -0.246333
500000 -0.248666
600000 -0.248865
700000 -0.243631
800000 -0.248587
900000 -0.249043
1000000 -0.243888
1100000 -0.243324
1200000 -0.245387
1300000 -0.245509
1400000 -0.245831
1500000 -0.243795
1600000 -0.248246
1700000 -0.24337
1800000 -0.244195
1900000 -0.243259
2000000 -0.243478
2100000 -0.243355
2200000 -0.247766
2300000 -0.246336
2400000 -0.245435
2500000 -0.24334
2600000 -0.243217
2700000 -0.243481
2800000 -0.245349
2900000 -0.243441
3000000 -0.243384
3100000 -0.243272
3200000 -0.243325
3300000 -0.243678
3400000 -0.243342
3500000 -0.243271
3600000 -0.243418
3700000 -0.243323
3800000 -0.248107
3900000 -0.243272
4000000 -0.245549
4100000 -0.243495
4200000 -0.243521
4300000 -0.243272
4400000 -0.243749
4500000 -0.24335
4600000 -0.243364
4700000 -0.243416
4800000 -0.243284
4900000 -0.243269
5000000 -0.243191
5100000 -0.243362
5200000 -0.244227
5300000 -0.243335
5400000 -0.243285
5500000 -0.243343
5600000 -0.243281
5700000 -0.245668
5800000 -0.243281
5900000 -0.243281
6000000 -0.243306
6100000 -0.243284
6200000 -0.24551
6300000 -0.243478
6400000 -0.243285
6500000 -0.243385
6600000 -0.243192
6700000 -0.243245
6800000 -0.243306
6900000 -0.245581
7000000 -0.243191
7100000 -0.243285
7200000 -0.243331
7300000 -0.243404
7400000 -0.243416
7500000 -0.243265
7600000 -0.243563
7700000 -0.243284
7800000 -0.243399
7900000 -0.243246
8000000 -0.243413
8100000 -0.243306
8200000 -0.243495
8300000 -0.243246
8400000 -0.2434
8500000 -0.243433
8600000 -0.243316
8700000 -0.243328
8800000 -0.2456
8900000 -0.243446
9000000 -0.2434
9100000 -0.243402
9200000 -0.243353
9300000 -0.243504
9400000 -0.243374
9500000 -0.243413
9600000 -0.243402
9700000 -0.243569
9800000 -0.243251
9900000 -0.24353
10000000 -0.243425
