100000 -0.268888
200000 -0.265323
300000 -0.263055
400000 -0.263721
500000 -0.26225
600000 -0.262525
700000 -0.265533
800000 -0.260524
900000 -0.260322
1000000 -0.260919
1100000 -0.26487
1200000 -0.260434
1300000 -0.260563
1400000 -0.260144
1500000 -0.260424
1600000 -0.260107
1700000 -0.260462
1800000 -0.260631
1900000 -0.260009
2000000 -0.262398
2100000 -0.260222
2200000 -0.260846
2300000 -0.262307
2400000 -0.26488
2500000 -0.260846
2600000 -0.264723
2700000 -0.260252
2800000 -0.260274
2900000 -0.260959
3000000 -0.260775
3100000 -0.260768
3200000 -0.262653
3300000 -0.260297
3400000 -0.260416
3500000 -0.260382
3600000 -0.260842
3700000 -0.260199
3800000 -0.260265
3900000 -0.260317
4000000 -0.260064
4100000 -0.259999
4200000 -0.262538
4300000 -0.260363
4400000 -0.260228
4500000 -0.260064
4600000 -0.260231
4700000 -0.264497
4800000 -0.260858
4900000 -0.260303
5000000 -0.262533
5100000 -0.260859
5200000 -0.26023
5300000 -0.26023
5400000 -0.26305
5500000 -0.262149
5600000 -0.260099
5700000 -0.260304
5800000 -0.260178
5900000 -0.260108
6000000 -0.260523
6100000 -0.259975
6200000 -0.260104
6300000 -0.260093
6400000 -0.264082
6500000 -0.260377
6600000 -0.260049
6700000 -0.262272
6800000 -0.26005
6900000 -0.260205
7000000 -0.260293
7100000 -0.260004
7200000 -0.260598
7300000 -0.259976
7400000 -0.260091
7500000 -0.260318
7600000 -0.260318
7700000 -0.25996
7800000 -0.259977
7900000 -0.260302
8000000 -0.260053
8100000 -0.260059
8200000 -0.260046
8300000 -0.260049
8400000 -0.260335
8500000 -0.260296
8600000 -0.260511
8700000 -0.260237
8800000 -0.259962
8900000 -0.259972
9000000 -0.260099
9100000 -0.259988
9200000 -0.260003
9300000 -0.260019
9400000 -0.260102
9500000 -0.260001
9600000 -0.260219
9700000 -0.260279
9800000 -0.264596
9900000 -0.25996
10000000 -0.26219
