100000 -0.260716
200000 -0.254618
300000 -0.252977
400000 -0.25474
500000 -0.248265
600000 -0.257835
700000 -0.250177
800000 -0.247647
900000 -0.247392
1000000 -0.248134
1100000 -0.247626
1200000 -0.249758
1300000 -0.24775
1400000 -0.247532
1500000 -0.2502
1600000 -0.247491
1700000 -0.247878
1800000 -0.247585
1900000 -0.247554
2000000 -0.249539
2100000 -0.249622
2200000 -0.247491
2300000 -0.247435
2400000 -0.249773
2500000 -0.247469
2600000 -0.247797
2700000 -0.250179
2800000 -0.247446
2900000 -0.250728
3000000 -0.247597
3100000 -0.247526
3200000 -0.247487
3300000 -0.247477
3400000 -0.247537
3500000 -0.247348
3600000 -0.249669
3700000 -0.2481
3800000 -0.247449
3900000 -0.247168
4000000 -0.247118
4100000 -0.247247
4200000 -0.247118
4300000 -0.247361
4400000 -0.247302
4500000 -0.251917
4600000 -0.249511
4700000 -0.251691
4800000 -0.247193
4900000 -0.252494
5000000 -0.248149
5100000 -0.247234
5200000 -0.247314
5300000 -0.24722
5400000 -0.247481
5500000 -0.247332
5600000 -0.251479
5700000 -0.247185
5800000 -0.247284
5900000 -0.247386
6000000 -0.24762
6100000 -0.247167
6200000 -0.247152
6300000 -0.249427
6400000 -0.250048
6500000 -0.247349
6600000 -0.247468
6700000 -0.247502
6800000 -0.247456
6900000 -0.247416
7000000 -0.24716
7100000 -0.247348
7200000 -0.247584
7300000 -0.24755
7400000 -0.247201
7500000 -0.247366
7600000 -0.247535
7700000 -0.247485
7800000 -0.247553
7900000 -0.247623
8000000 -0.248129
8100000 -0.247407
8200000 -0.248158
8300000 -0.247404
8400000 -0.247191
8500000 -0.247254
8600000 -0.247434
8700000 -0.247413
8800000 -0.247271
8900000 -0.24717
9000000 -0.249586
9100000 -0.247466
9200000 -0.247516
9300000 -0.247549
9400000 -0.247339
9500000 -0.247304
9600000 -0.247434
9700000 -0.24726
9800000 -0.247168
9900000 -0.247266
10000000 -0.247277
