100000 -0.252501
200000 -0.244567
300000 -0.247352
400000 -0.248862
500000 -0.245749
600000 -0.245112
700000 -0.247067
800000 -0.24481
900000 -0.239325
1000000 -0.240549
1100000 -0.239973
1200000 -0.240305
1300000 -0.242017
1400000 -0.242925
1500000 -0.240492
1600000 -0.240553
1700000 -0.238351
1800000 -0.238331
1900000 -0.240488
2000000 -0.238269
2100000 -0.239881
2200000 -0.239053
2300000 -0.238273
2400000 -0.238296
2500000 -0.238338
2600000 -0.23834
2700000 -0.238379
2800000 -0.238284
2900000 -0.240535
3000000 -0.238242
3100000 -0.238241
3200000 -0.23891
3300000 -0.238337
3400000 -0.238258
3500000 -0.240535
3600000 -0.238258
3700000 -0.238362
3800000 -0.238269
3900000 -0.240385
4000000 -0.241724
4100000 -0.238346
4200000 -0.238258
4300000 -0.238266
4400000 -0.238456
4500000 -0.238322
4600000 -0.243583
4700000 -0.238351
4800000 -0.238241
4900000 -0.240468
5000000 -0.238393
5100000 -0.238345
5200000 -0.238258
5300000 -0.238351
5400000 -0.245064
5500000 -0.238345
5600000 -0.238268
5700000 -0.238314
5800000 -0.238268
5900000 -0.238258
6000000 -0.238282
6100000 -0.238324
6200000 -0.238258
6300000 -0.240485
6400000 -0.238362
6500000 -0.238459
6600000 -0.238327
6700000 -0.238338
6800000 -0.238378
6900000 -0.238366
7000000 -0.238375
7100000 -0.238452
7200000 -0.238446
7300000 -0.240639
7400000 -0.238462
7500000 -0.238339
7600000 -0.238339
7700000 -0.239326
7800000 -0.23827
7900000 -0.238452
8000000 -0.238416
8100000 -0.240534
8200000 -0.238277
8300000 -0.238241
8400000 -0.239756
8500000 -0.238241
8600000 -0.240365
8700000 -0.238349
8800000 -0.238416
8900000 -0.238336
9000000 -0.238322
9100000 -0.238489
9200000 -0.238339
9300000 -0.23999
9400000 -0.238322
9500000 -0.238416
9600000 -0.239029
9700000 -0.238267
9800000 -0.238268
9900000 -0.238361
10000000 -0.238268
