100000 0.00498274
200000 0.00498274
300000 0.00498274
400000 0.00498274
500000 0.00498274
600000 0.00498274
700000 0.00498274
800000 0.00498274
900000 0.00498274
1000000 0.00498274
1100000 0.00498274
1200000 0.00498274
1300000 0.00498274
1400000 0.00498274
1500000 0.00498274
1600000 0.00498274
1700000 0.00498274
1800000 0.00498274
1900000 0.00498274
2000000 0.00498274
2100000 0.00498274
2200000 0.00498274
2300000 0.00498274
2400000 0.00498274
2500000 0.00498274
2600000 0.00498274
2700000 0.00498274
2800000 0.00498274
2900000 0.00498274
3000000 0.00498274
3100000 0.00498274
3200000 0.00498274
3300000 0.00498274
3400000 0.00498274
3500000 0.00498274
3600000 0.00498274
3700000 0.00498274
3800000 0.00498274
3900000 0.00498274
4000000 0.00498274
4100000 0.00498274
4200000 0.00498274
4300000 0.00498274
4400000 0.00498274
4500000 0.00498274
4600000 0.00498274
4700000 0.00498274
4800000 0.00498274
4900000 0.00498274
5000000 0.00498274
5100000 0.00498274
5200000 0.00498274
5300000 0.00498274
5400000 0.00498274
5500000 0.00498274
5600000 0.00498274
5700000 0.00498274
5800000 0.00498274
5900000 0.00498274
6000000 0.00498274
6100000 0.00498274
6200000 0.00498274
6300000 0.00498274
6400000 0.00498274
6500000 0.00498274
6600000 0.00498274
6700000 0.00498274
6800000 0.00498274
6900000 0.00498274
7000000 0.00498274
7100000 0.00498274
7200000 0.00498274
7300000 0.00498274
7400000 0.00498274
7500000 0.00498274
7600000 0.00498274
7700000 0.00498274
7800000 0.00498274
7900000 0.00498274
8000000 0.00498274
8100000 0.00498274
8200000 0.00498274
8300000 0.00498274
8400000 0.00498274
8500000 0.00498274
8600000 0.00498274
8700000 0.00498274
8800000 0.00498274
8900000 0.00498274
9000000 0.00498274
9100000 0.00498274
9200000 0.00498274
9300000 0.00498274
9400000 0.00498274
9500000 0.00498274
9600000 0.00498274
9700000 0.00498274
9800000 0.00498274
9900000 0.00498274
10000000 0.00498274
