10000 -0.597073
20000 -0.577867
30000 -0.607435
40000 -0.477545
50000 -0.453443
60000 -0.576197
70000 -0.413516
80000 -0.537893
90000 -0.516676
100000 -0.587183
110000 -0.481779
120000 -0.53923
130000 -0.557641
140000 -0.467033
150000 -0.444096
160000 -0.566158
170000 -0.49067
180000 -0.428659
190000 -0.469086
200000 -0.568831
210000 -0.600127
220000 -0.466447
230000 -0.574516
240000 -0.597999
250000 -0.607644
260000 -0.568391
270000 -0.56007
280000 -0.445467
290000 -0.457614
300000 -0.62047
310000 -0.494334
320000 -0.634445
330000 -0.609572
340000 -0.550804
350000 -0.468671
360000 -0.620446
370000 -0.475514
380000 -0.447475
390000 -0.624135
400000 -0.58522
410000 -0.614
420000 -0.449006
430000 -0.583746
440000 -0.591325
450000 -0.42042
460000 -0.447936
470000 -0.450164
480000 -0.467193
490000 -0.613076
500000 -0.441536
510000 -0.467951
520000 -0.568629
530000 -0.463925
540000 -0.605489
550000 -0.443847
560000 -0.453455
570000 -0.577388
580000 -0.485028
590000 -0.467288
600000 -0.485596
610000 -0.46337
620000 -0.452136
630000 -0.599611
640000 -0.481648
650000 -0.435219
660000 -0.44597
670000 -0.588968
680000 -0.618465
690000 -0.627435
700000 -0.630551
710000 -0.577968
720000 -0.48991
730000 -0.446072
740000 -0.454804
750000 -0.586959
760000 -0.61875
770000 -0.593499
780000 -0.518766
790000 -0.471909
800000 -0.496953
810000 -0.594568
820000 -0.595622
830000 -0.580109
840000 -0.594313
850000 -0.453312
860000 -0.539555
870000 -0.570796
880000 -0.447385
890000 -0.536986
900000 -0.571022
910000 -0.464038
920000 -0.586308
930000 -0.590302
940000 -0.481295
950000 -0.444081
960000 -0.60478
970000 -0.620576
980000 -0.578129
990000 -0.6098
1000000 -0.484483
