10000 -0.416316
20000 -0.449213
30000 -0.580089
40000 -0.595478
50000 -0.457851
60000 -0.58292
70000 -0.470513
80000 -0.503438
90000 -0.478714
100000 -0.543137
110000 -0.610032
120000 -0.622537
130000 -0.419335
140000 -0.636336
150000 -0.527697
160000 -0.414197
170000 -0.468266
180000 -0.486907
190000 -0.470619
200000 -0.596362
210000 -0.475382
220000 -0.542337
230000 -0.632178
240000 -0.611291
250000 -0.471079
260000 -0.586162
270000 -0.51987
280000 -0.468459
290000 -0.607972
300000 -0.454531
310000 -0.476699
320000 -0.467692
330000 -0.605493
340000 -0.574603
350000 -0.585512
360000 -0.477844
370000 -0.473497
380000 -0.600889
390000 -0.470297
400000 -0.626197
410000 -0.587904
420000 -0.574657
430000 -0.592094
440000 -0.456428
450000 -0.430551
460000 -0.6172
470000 -0.434949
480000 -0.564834
490000 -0.45216
500000 -0.433504
510000 -0.561361
520000 -0.579983
530000 -0.586102
540000 -0.497192
550000 -0.55934
560000 -0.554848
570000 -0.466994
580000 -0.437731
590000 -0.467469
600000 -0.462499
610000 -0.475069
620000 -0.585392
630000 -0.608676
640000 -0.48822
650000 -0.587051
660000 -0.488456
670000 -0.642242
680000 -0.473884
690000 -0.615326
700000 -0.601807
710000 -0.580194
720000 -0.565343
730000 -0.575596
740000 -0.494623
750000 -0.576393
760000 -0.450778
770000 -0.449279
780000 -0.613157
790000 -0.612611
800000 -0.468494
810000 -0.591642
820000 -0.496962
830000 -0.575822
840000 -0.570558
850000 -0.48117
860000 -0.524867
870000 -0.609041
880000 -0.452711
890000 -0.435882
900000 -0.541489
910000 -0.477588
920000 -0.633867
930000 -0.574895
940000 -0.45677
950000 -0.478335
960000 -0.48413
970000 -0.452128
980000 -0.484596
990000 -0.456518
1000000 -0.451904
