10000 0.788191
20000 0.867515
30000 1.05802
40000 0.913856
50000 0.954492
60000 0.770151
70000 1.24289
80000 0.932861
90000 0.950313
100000 0.860979
110000 0.853735
120000 0.91417
130000 0.888006
140000 1.01594
150000 1.2569
160000 1.06702
170000 0.8325
180000 1.09109
190000 0.464907
200000 0.605045
210000 1.29239
220000 1.12999
230000 1.01597
240000 0.732428
250000 1.29918
260000 0.807951
270000 0.938017
280000 0.768657
290000 0.680137
300000 1.00126
310000 1.04899
320000 0.94299
330000 1.0081
340000 0.678321
350000 0.911045
360000 1.20269
370000 0.721627
380000 0.896374
390000 0.854133
400000 0.90402
410000 1.00974
420000 0.775291
430000 0.803948
440000 1.10643
450000 1.07652
460000 1.07687
470000 0.661989
480000 1.21849
490000 1.07278
500000 0.655667
510000 0.846871
520000 0.891352
530000 1.05417
540000 1.12562
550000 0.869985
560000 1.18572
570000 0.854543
580000 0.784448
590000 0.82537
600000 1.04362
610000 1.11097
620000 0.599832
630000 0.791798
640000 1.19382
650000 1.00566
660000 0.587743
670000 0.77612
680000 1.09821
690000 0.88545
700000 1.02598
710000 1.13325
720000 1.08565
730000 0.317695
740000 0.636295
750000 0.749831
760000 1.20634
770000 0.988235
780000 1.35203
790000 0.948332
800000 0.888659
810000 0.910289
820000 1.32188
830000 0.834351
840000 0.778876
850000 0.544016
860000 0.956062
870000 0.96731
880000 0.895296
890000 0.801482
900000 0.831864
910000 1.14239
920000 1.2354
930000 1.2105
940000 0.825923
950000 0.933894
960000 1.05324
970000 0.643472
980000 0.804141
990000 0.881458
1000000 0.986422
