100000 -0.257265
200000 -0.256463
300000 -0.259829
400000 -0.251339
500000 -0.253934
600000 -0.254505
700000 -0.247974
800000 -0.250117
900000 -0.248207
1000000 -0.251557
1100000 -0.25015
1200000 -0.248427
1300000 -0.248238
1400000 -0.248222
1500000 -0.24721
1600000 -0.247993
1700000 -0.246757
1800000 -0.247922
1900000 -0.247066
2000000 -0.247298
2100000 -0.24726
2200000 -0.247376
2300000 -0.246876
2400000 -0.248476
2500000 -0.247681
2600000 -0.247512
2700000 -0.24951
2800000 -0.24845
2900000 -0.247812
3000000 -0.246759
3100000 -0.249085
3200000 -0.249005
3300000 -0.250718
3400000 -0.248799
3500000 -0.248788
3600000 -0.24768
3700000 -0.246432
3800000 -0.246873
3900000 -0.246248
4000000 -0.24977
4100000 -0.24717
4200000 -0.246322
4300000 -0.246312
4400000 -0.24704
4500000 -0.247117
4600000 -0.246996
4700000 -0.246234
4800000 -0.246592
4900000 -0.246441
5000000 -0.246841
5100000 -0.246326
5200000 -0.246155
5300000 -0.246155
5400000 -0.246183
5500000 -0.246273
5600000 -0.247235
5700000 -0.24622
5800000 -0.24619
5900000 -0.24613
6000000 -0.245917
6100000 -0.245928
6200000 -0.249756
6300000 -0.246178
6400000 -0.246402
6500000 -0.246097
6600000 -0.246164
6700000 -0.246477
6800000 -0.246175
6900000 -0.246126
7000000 -0.246018
7100000 -0.246165
7200000 -0.246477
7300000 -0.246696
7400000 -0.246156
7500000 -0.246274
7600000 -0.246178
7700000 -0.246062
7800000 -0.246149
7900000 -0.245935
8000000 -0.246852
8100000 -0.246147
8200000 -0.245986
8300000 -0.246232
8400000 -0.246183
8500000 -0.246157
8600000 -0.246374
8700000 -0.246986
8800000 -0.245906
8900000 -0.245983
9000000 -0.24568
9100000 -0.245831
9200000 -0.247424
9300000 -0.245958
9400000 -0.246126
9500000 -0.246728
9600000 -0.246467
9700000 -0.247207
9800000 -0.246145
9900000 -0.246167
10000000 -0.246315
