100000 -0.249589
200000 -0.24393
300000 -0.24217
400000 -0.240791
500000 -0.242098
600000 -0.241294
700000 -0.240852
800000 -0.251416
900000 -0.239658
1000000 -0.241267
1100000 -0.238639
1200000 -0.237562
1300000 -0.237834
1400000 -0.23788
1500000 -0.240647
1600000 -0.236769
1700000 -0.237573
1800000 -0.236904
1900000 -0.237194
2000000 -0.237623
2100000 -0.236596
2200000 -0.238131
2300000 -0.238403
2400000 -0.237856
2500000 -0.236767
2600000 -0.236895
2700000 -0.237322
2800000 -0.236705
2900000 -0.236984
3000000 -0.237049
3100000 -0.239085
3200000 -0.239247
3300000 -0.237984
3400000 -0.237374
3500000 -0.237154
3600000 -0.236663
3700000 -0.237854
3800000 -0.237282
3900000 -0.237539
4000000 -0.236583
4100000 -0.23668
4200000 -0.23672
4300000 -0.237257
4400000 -0.239537
4500000 -0.236831
4600000 -0.236538
4700000 -0.236197
4800000 -0.236608
4900000 -0.237391
5000000 -0.23658
5100000 -0.236551
5200000 -0.236738
5300000 -0.238703
5400000 -0.237126
5500000 -0.236818
5600000 -0.236666
5700000 -0.236123
5800000 -0.237867
5900000 -0.236855
6000000 -0.236981
6100000 -0.239088
6200000 -0.238368
6300000 -0.236544
6400000 -0.2365
6500000 -0.236548
6600000 -0.236601
6700000 -0.236594
6800000 -0.236606
6900000 -0.236506
7000000 -0.238582
7100000 -0.236498
7200000 -0.236642
7300000 -0.236567
7400000 -0.236598
7500000 -0.236504
7600000 -0.236512
7700000 -0.236474
7800000 -0.236507
7900000 -0.2365
8000000 -0.24563
8100000 -0.236196
8200000 -0.236573
8300000 -0.236493
8400000 -0.237069
8500000 -0.237596
8600000 -0.236456
8700000 -0.237104
8800000 -0.239207
8900000 -0.236279
9000000 -0.236511
9100000 -0.236448
9200000 -0.241394
9300000 -0.236109
9400000 -0.236457
9500000 -0.236475
9600000 -0.23654
9700000 -0.236544
9800000 -0.238769
9900000 -0.237272
10000000 -0.237375
