100000 -0.203601
200000 -0.183385
300000 -0.184164
400000 -0.18064
500000 -0.182815
600000 -0.179452
700000 -0.180988
800000 -0.178513
900000 -0.178424
1000000 -0.182937
1100000 -0.181804
1200000 -0.180935
1300000 -0.17971
1400000 -0.179729
1500000 -0.177522
1600000 -0.180015
1700000 -0.181626
1800000 -0.178084
1900000 -0.17873
2000000 -0.179799
2100000 -0.178389
2200000 -0.17831
2300000 -0.178772
2400000 -0.181094
2500000 -0.178482
2600000 -0.180485
2700000 -0.177795
2800000 -0.178824
2900000 -0.180244
3000000 -0.177972
3100000 -0.178534
3200000 -0.183297
3300000 -0.178147
3400000 -0.178366
3500000 -0.178428
3600000 -0.178396
3700000 -0.189918
3800000 -0.177961
3900000 -0.18585
4000000 -0.176317
4100000 -0.175039
4200000 -0.176157
4300000 -0.176098
4400000 -0.175225
4500000 -0.178584
4600000 -0.176403
4700000 -0.178551
4800000 -0.175277
4900000 -0.175489
5000000 -0.177068
5100000 -0.176714
5200000 -0.181286
5300000 -0.176911
5400000 -0.175884
5500000 -0.17547
5600000 -0.175468
5700000 -0.176185
5800000 -0.175889
5900000 -0.176926
6000000 -0.1765
6100000 -0.175186
6200000 -0.176601
6300000 -0.175427
6400000 -0.176306
6500000 -0.17541
6600000 -0.178258
6700000 -0.177309
6800000 -0.176061
6900000 -0.175082
7000000 -0.178238
7100000 -0.175601
7200000 -0.175631
7300000 -0.175294
7400000 -0.176126
7500000 -0.176083
7600000 -0.175575
7700000 -0.174823
7800000 -0.175843
7900000 -0.175372
8000000 -0.175914
8100000 -0.175446
8200000 -0.175251
8300000 -0.175315
8400000 -0.175353
8500000 -0.175819
8600000 -0.176261
8700000 -0.175608
8800000 -0.175355
8900000 -0.176317
9000000 -0.175369
9100000 -0.176402
9200000 -0.175689
9300000 -0.175229
9400000 -0.175456
9500000 -0.175821
9600000 -0.177119
9700000 -0.175509
9800000 -0.176238
9900000 -0.176053
10000000 -0.176121
