100000 -0.184705
200000 -0.190557
300000 -0.185406
400000 -0.184979
500000 -0.185149
600000 -0.186092
700000 -0.184973
800000 -0.184587
900000 -0.182745
1000000 -0.183132
1100000 -0.186892
1200000 -0.185282
1300000 -0.183754
1400000 -0.184444
1500000 -0.182894
1600000 -0.183013
1700000 -0.184691
1800000 -0.18282
1900000 -0.182838
2000000 -0.183884
2100000 -0.186431
2200000 -0.184251
2300000 -0.18297
2400000 -0.183002
2500000 -0.182595
2600000 -0.193611
2700000 -0.18392
2800000 -0.182235
2900000 -0.182608
3000000 -0.184062
3100000 -0.182312
3200000 -0.183293
3300000 -0.182514
3400000 -0.183199
3500000 -0.184206
3600000 -0.183352
3700000 -0.183743
3800000 -0.182409
3900000 -0.182667
4000000 -0.182974
4100000 -0.182959
4200000 -0.183065
4300000 -0.185375
4400000 -0.182507
4500000 -0.182283
4600000 -0.181894
4700000 -0.182186
4800000 -0.185297
4900000 -0.185714
5000000 -0.182183
5100000 -0.18293
5200000 -0.185118
5300000 -0.181137
5400000 -0.182001
5500000 -0.183304
5600000 -0.182022
5700000 -0.182205
5800000 -0.18228
5900000 -0.182852
6000000 -0.182895
6100000 -0.18138
6200000 -0.182084
6300000 -0.181462
6400000 -0.184505
6500000 -0.181638
6600000 -0.1816
6700000 -0.182987
6800000 -0.182703
6900000 -0.1823
7000000 -0.18238
7100000 -0.181993
7200000 -0.183154
7300000 -0.182317
7400000 -0.182735
7500000 -0.182384
7600000 -0.182075
7700000 -0.182392
7800000 -0.181289
7900000 -0.18211
8000000 -0.181273
8100000 -0.181337
8200000 -0.182295
8300000 -0.182261
8400000 -0.181613
8500000 -0.182022
8600000 -0.182205
8700000 -0.182103
8800000 -0.18432
8900000 -0.181305
9000000 -0.18198
9100000 -0.181828
9200000 -0.181926
9300000 -0.182423
9400000 -0.181717
9500000 -0.182027
9600000 -0.181326
9700000 -0.181824
9800000 -0.182157
9900000 -0.182078
10000000 -0.182119
