100000 -0.195901
200000 -0.186603
300000 -0.181521
400000 -0.18088
500000 -0.181524
600000 -0.179885
700000 -0.180299
800000 -0.179617
900000 -0.192838
1000000 -0.181868
1100000 -0.18049
1200000 -0.180387
1300000 -0.179085
1400000 -0.178351
1500000 -0.180328
1600000 -0.180344
1700000 -0.180594
1800000 -0.179065
1900000 -0.180121
2000000 -0.180814
2100000 -0.180242
2200000 -0.179342
2300000 -0.179042
2400000 -0.185801
2500000 -0.179943
2600000 -0.181416
2700000 -0.178773
2800000 -0.179555
2900000 -0.180947
3000000 -0.179038
3100000 -0.17959
3200000 -0.178772
3300000 -0.179027
3400000 -0.177905
3500000 -0.178233
3600000 -0.178935
3700000 -0.180632
3800000 -0.179486
3900000 -0.181732
4000000 -0.181393
4100000 -0.178377
4200000 -0.178044
4300000 -0.17867
4400000 -0.178013
4500000 -0.179811
4600000 -0.179362
4700000 -0.179021
4800000 -0.179864
4900000 -0.178546
5000000 -0.178412
5100000 -0.179103
5200000 -0.180529
5300000 -0.179988
5400000 -0.179186
5500000 -0.17837
5600000 -0.178251
5700000 -0.178923
5800000 -0.178031
5900000 -0.179816
6000000 -0.177877
6100000 -0.178383
6200000 -0.180119
6300000 -0.17981
6400000 -0.178646
6500000 -0.179397
6600000 -0.178031
6700000 -0.178968
6800000 -0.18099
6900000 -0.178572
7000000 -0.178832
7100000 -0.178117
7200000 -0.178978
7300000 -0.177647
7400000 -0.178212
7500000 -0.17781
7600000 -0.177736
7700000 -0.178002
7800000 -0.177915
7900000 -0.178217
8000000 -0.178553
8100000 -0.181453
8200000 -0.178377
8300000 -0.178191
8400000 -0.177729
8500000 -0.178165
8600000 -0.178538
8700000 -0.178398
8800000 -0.178394
8900000 -0.178155
9000000 -0.178643
9100000 -0.178503
9200000 -0.179366
9300000 -0.178626
9400000 -0.178787
9500000 -0.179396
9600000 -0.179317
9700000 -0.178154
9800000 -0.178018
9900000 -0.177581
10000000 -0.178193
