100000 -0.26659
200000 -0.244307
300000 -0.238154
400000 -0.239024
500000 -0.23689
600000 -0.23756
700000 -0.239338
800000 -0.239206
900000 -0.238916
1000000 -0.239409
1100000 -0.239106
1200000 -0.239012
1300000 -0.237005
1400000 -0.238379
1500000 -0.237993
1600000 -0.235722
1700000 -0.237755
1800000 -0.238217
1900000 -0.237435
2000000 -0.236872
2100000 -0.23752
2200000 -0.237281
2300000 -0.236448
2400000 -0.23575
2500000 -0.235878
2600000 -0.23803
2700000 -0.235431
2800000 -0.235729
2900000 -0.237157
3000000 -0.235794
3100000 -0.236752
3200000 -0.235908
3300000 -0.235118
3400000 -0.235833
3500000 -0.234689
3600000 -0.234874
3700000 -0.236861
3800000 -0.235382
3900000 -0.235044
4000000 -0.237079
4100000 -0.238373
4200000 -0.234754
4300000 -0.236029
4400000 -0.236131
4500000 -0.236038
4600000 -0.235341
4700000 -0.239858
4800000 -0.235809
4900000 -0.234141
5000000 -0.23693
5100000 -0.234399
5200000 -0.23427
5300000 -0.235191
5400000 -0.235556
5500000 -0.23478
5600000 -0.235556
5700000 -0.236312
5800000 -0.236009
5900000 -0.235539
6000000 -0.23424
6100000 -0.236439
6200000 -0.235224
6300000 -0.23488
6400000 -0.236499
6500000 -0.234959
6600000 -0.236487
6700000 -0.235174
6800000 -0.234875
6900000 -0.234399
7000000 -0.235641
7100000 -0.234221
7200000 -0.23452
7300000 -0.234181
7400000 -0.234116
7500000 -0.23492
7600000 -0.234323
7700000 -0.234676
7800000 -0.234749
7900000 -0.233736
8000000 -0.234241
8100000 -0.234496
8200000 -0.233761
8300000 -0.234883
8400000 -0.233725
8500000 -0.234702
8600000 -0.233981
8700000 -0.234861
8800000 -0.234034
8900000 -0.234016
9000000 -0.235592
9100000 -0.234148
9200000 -0.23411
9300000 -0.235148
9400000 -0.234449
9500000 -0.234815
9600000 -0.234834
9700000 -0.237293
9800000 -0.234084
9900000 -0.234662
10000000 -0.23505
