100000 0.107285
200000 0.107189
300000 0.0526856
400000 0.0526856
500000 0.0526856
600000 0.0526856
700000 0.0526856
800000 0.0526856
900000 0.0526856
1000000 0.0526856
1100000 0.0526856
1200000 0.0526856
1300000 0.0526856
1400000 0.0526856
1500000 0.0526856
1600000 0.0545474
1700000 0.0526856
1800000 0.0526856
1900000 0.0526856
2000000 0.0526856
2100000 0.0526856
2200000 0.0526856
2300000 0.0526856
2400000 0.0526856
2500000 0.0526856
2600000 0.0526856
2700000 0.0545474
2800000 0.0526856
2900000 0.0526856
3000000 0.0526856
3100000 0.0526856
3200000 0.0526856
3300000 0.0526856
3400000 0.0526856
3500000 0.0526856
3600000 0.0526856
3700000 0.0526856
3800000 0.0526856
3900000 0.0526856
4000000 0.0526856
4100000 0.0526856
4200000 0.0526856
4300000 0.0526856
4400000 0.0526856
4500000 0.0526856
4600000 0.0526856
4700000 0.0526856
4800000 0.0526856
4900000 0.0526856
5000000 0.0526856
5100000 0.0526856
5200000 0.0526856
5300000 0.0545474
5400000 0.0526856
5500000 0.0526856
5600000 0.0526856
5700000 0.0526856
5800000 0.0526856
5900000 0.0526856
6000000 0.0526856
6100000 0.0526856
6200000 0.0526856
6300000 0.0526856
6400000 0.0526856
6500000 0.0526856
6600000 0.0526856
6700000 0.0526856
6800000 0.0526856
6900000 0.0526856
7000000 0.0526856
7100000 0.0526856
7200000 0.0526856
7300000 0.0526856
7400000 0.0526856
7500000 0.0526856
7600000 0.0526856
7700000 0.0526856
7800000 0.0526856
7900000 0.0526856
8000000 0.0526856
8100000 0.0526856
8200000 0.0526856
8300000 0.0526856
8400000 0.0526856
8500000 0.0526856
8600000 0.0526856
8700000 0.0526856
8800000 0.0526856
8900000 0.0526856
9000000 0.0526856
9100000 0.0526856
9200000 0.0526856
9300000 0.0526856
9400000 0.0526856
9500000 0.0526856
9600000 0.0526856
9700000 0.0526856
9800000 0.0526856
9900000 0.0526856
10000000 0.0526856
