100000 0.0730966
200000 0.0730966
300000 0.0730966
400000 0.0730966
500000 0.0730966
600000 0.0730966
700000 0.0730966
800000 0.0730966
900000 0.0730966
1000000 0.0730966
1100000 0.0730966
1200000 0.0730966
1300000 0.0730966
1400000 0.0730966
1500000 0.0730966
1600000 0.0730966
1700000 0.0730966
1800000 0.0730966
1900000 0.0730966
2000000 0.0730966
2100000 0.0730966
2200000 0.0730966
2300000 0.0730966
2400000 0.0730966
2500000 0.0730966
2600000 0.0730966
2700000 0.0730966
2800000 0.0730966
2900000 0.0730966
3000000 0.0730966
3100000 0.0730966
3200000 0.0730966
3300000 0.0730966
3400000 0.0730966
3500000 0.0730966
3600000 0.0730966
3700000 0.0730966
3800000 0.0730966
3900000 0.0730966
4000000 0.0730966
4100000 0.0730966
4200000 0.0730966
4300000 0.0730966
4400000 0.0730966
4500000 0.0730966
4600000 0.0730966
4700000 0.0730966
4800000 0.0730966
4900000 0.0730966
5000000 0.0730966
5100000 0.0730966
5200000 0.0730966
5300000 0.0730966
5400000 0.0730966
5500000 0.0730966
5600000 0.0730966
5700000 0.0730966
5800000 0.0730966
5900000 0.0730966
6000000 0.0730966
6100000 0.0730966
6200000 0.0730966
6300000 0.0730966
6400000 0.0730966
6500000 0.0730966
6600000 0.0730966
6700000 0.0730966
6800000 0.0730966
6900000 0.0730966
7000000 0.0730966
7100000 0.0730966
7200000 0.0730966
7300000 0.0730966
7400000 0.0730966
7500000 0.0730966
7600000 0.0730966
7700000 0.0730966
7800000 0.0730966
7900000 0.0730966
8000000 0.0730966
8100000 0.0730966
8200000 0.0730966
8300000 0.0730966
8400000 0.0730966
8500000 0.0730966
8600000 0.0730966
8700000 0.0730966
8800000 0.0730966
8900000 0.0730966
9000000 0.0730966
9100000 0.0730966
9200000 0.0730966
9300000 0.0730966
9400000 0.0730966
9500000 0.0730966
9600000 0.0730966
9700000 0.0730966
9800000 0.0730966
9900000 0.0730966
10000000 0.0730966
