10000 -0.31396
20000 -0.350568
30000 -0.365086
40000 -0.371756
50000 -0.377753
60000 -0.379035
70000 -0.378685
80000 -0.37892
90000 -0.377108
100000 -0.375588
110000 -0.373018
120000 -0.370045
130000 -0.366791
140000 -0.363284
150000 -0.360348
160000 -0.357239
170000 -0.353722
180000 -0.350303
190000 -0.346731
200000 -0.343354
210000 -0.339925
220000 -0.336962
230000 -0.333919
240000 -0.331608
250000 -0.329205
260000 -0.326969
270000 -0.324854
280000 -0.322968
290000 -0.320855
300000 -0.318331
310000 -0.315205
320000 -0.311016
330000 -0.306365
340000 -0.300861
350000 -0.295215
360000 -0.289812
370000 -0.284685
380000 -0.279812
390000 -0.275196
400000 -0.270757
410000 -0.266479
420000 -0.262476
430000 -0.258618
440000 -0.25494
450000 -0.251378
460000 -0.247934
470000 -0.244701
480000 -0.241568
490000 -0.238508
500000 -0.235703
510000 -0.232924
520000 -0.230241
530000 -0.227688
540000 -0.225317
550000 -0.222938
560000 -0.220655
570000 -0.218456
580000 -0.216235
590000 -0.214175
600000 -0.212152
610000 -0.2102
620000 -0.208312
630000 -0.206498
640000 -0.204745
650000 -0.203041
660000 -0.201378
670000 -0.199815
680000 -0.198239
690000 -0.196736
700000 -0.195242
710000 -0.193791
720000 -0.192357
730000 -0.191025
740000 -0.189661
750000 -0.188357
760000 -0.187096
770000 -0.185843
780000 -0.184665
790000 -0.183496
800000 -0.182338
810000 -0.181196
820000 -0.180088
830000 -0.179003
840000 -0.177953
850000 -0.176879
860000 -0.175879
870000 -0.174875
880000 -0.173933
890000 -0.172979
900000 -0.172033
910000 -0.171145
920000 -0.170267
930000 -0.169382
940000 -0.16853
950000 -0.167695
960000 -0.166853
970000 -0.166033
980000 -0.16526
990000 -0.164474
