10000 -0.320067
20000 -0.347411
30000 -0.357497
40000 -0.36194
50000 -0.360546
60000 -0.358571
70000 -0.355379
80000 -0.35041
90000 -0.344905
100000 -0.33926
110000 -0.333865
120000 -0.329352
130000 -0.325143
140000 -0.321512
150000 -0.318328
160000 -0.315432
170000 -0.31224
180000 -0.309123
190000 -0.305939
200000 -0.302889
210000 -0.299842
220000 -0.297212
230000 -0.294749
240000 -0.292106
250000 -0.289404
260000 -0.286747
270000 -0.284384
280000 -0.282105
290000 -0.2798
300000 -0.277726
310000 -0.275643
320000 -0.273747
330000 -0.271829
340000 -0.270074
350000 -0.268384
360000 -0.266745
370000 -0.265075
380000 -0.263517
390000 -0.261984
400000 -0.260605
410000 -0.259233
420000 -0.257953
430000 -0.25675
440000 -0.255582
450000 -0.254506
460000 -0.253462
470000 -0.252405
480000 -0.251438
490000 -0.250487
500000 -0.249571
510000 -0.248708
520000 -0.247877
530000 -0.247013
540000 -0.246227
550000 -0.245438
560000 -0.244682
570000 -0.243935
580000 -0.242954
590000 -0.241539
600000 -0.23999
610000 -0.238297
620000 -0.236372
630000 -0.234391
640000 -0.232537
650000 -0.230702
660000 -0.228935
670000 -0.227187
680000 -0.22548
690000 -0.223795
700000 -0.222148
710000 -0.220546
720000 -0.219034
730000 -0.217547
740000 -0.216093
750000 -0.214643
760000 -0.213243
770000 -0.211852
780000 -0.210629
790000 -0.209335
800000 -0.208087
810000 -0.206871
820000 -0.205624
830000 -0.204418
840000 -0.203283
850000 -0.202119
860000 -0.200968
870000 -0.199861
880000 -0.198748
890000 -0.197668
900000 -0.196651
910000 -0.195632
920000 -0.194621
930000 -0.193607
940000 -0.192621
950000 -0.191645
960000 -0.190704
970000 -0.189735
980000 -0.188704
990000 -0.187659
