10000 -0.443139
20000 -0.448189
30000 -0.426228
40000 -0.398237
50000 -0.387916
60000 -0.404645
70000 -0.341097
80000 -0.35198
90000 -0.303237
100000 -0.290969
110000 -0.283351
120000 -0.285874
130000 -0.281748
140000 -0.276294
150000 -0.278218
160000 -0.270148
170000 -0.268803
180000 -0.259086
190000 -0.254329
200000 -0.25375
210000 -0.247844
220000 -0.246779
230000 -0.245676
240000 -0.240757
250000 -0.240769
260000 -0.237824
270000 -0.236641
280000 -0.235476
290000 -0.233168
300000 -0.233526
310000 -0.232434
320000 -0.231849
330000 -0.232698
340000 -0.231682
350000 -0.230216
360000 -0.229739
370000 -0.229477
380000 -0.229261
390000 -0.229028
400000 -0.228958
410000 -0.229326
420000 -0.229297
430000 -0.229656
440000 -0.229211
450000 -0.228913
460000 -0.228661
470000 -0.228728
480000 -0.227955
490000 -0.228008
500000 -0.228149
510000 -0.227933
520000 -0.227785
530000 -0.227469
540000 -0.227271
550000 -0.22713
560000 -0.226847
570000 -0.226705
580000 -0.226437
590000 -0.226339
600000 -0.226002
610000 -0.225682
620000 -0.225766
630000 -0.225989
640000 -0.226002
650000 -0.225678
660000 -0.225576
670000 -0.225238
680000 -0.225075
690000 -0.225102
700000 -0.225012
710000 -0.225095
720000 -0.224613
730000 -0.224735
740000 -0.224549
750000 -0.224204
760000 -0.205235
770000 -0.192857
780000 -0.172166
790000 -0.155288
800000 -0.136643
810000 -0.130599
820000 -0.128984
830000 -0.127564
840000 -0.126753
850000 -0.126015
860000 -0.124273
870000 -0.123911
880000 -0.123142
890000 -0.122275
900000 -0.117469
910000 -0.121524
920000 -0.118924
930000 -0.116101
940000 -0.111593
950000 -0.103394
960000 -0.0995774
970000 -0.0942642
980000 -0.0911223
990000 -0.0896621
