10000 -0.418799
20000 -0.372859
30000 -0.359121
40000 -0.324082
50000 -0.331363
60000 -0.322186
70000 -0.319267
80000 -0.303145
90000 -0.299469
100000 -0.296533
110000 -0.292468
120000 -0.287673
130000 -0.276699
140000 -0.264001
150000 -0.251577
160000 -0.233479
170000 -0.231129
180000 -0.21251
190000 -0.201555
200000 -0.205153
210000 -0.201283
220000 -0.194189
230000 -0.19408
240000 -0.192733
250000 -0.190063
260000 -0.189534
270000 -0.189011
280000 -0.188616
290000 -0.186458
300000 -0.184559
310000 -0.182417
320000 -0.18172
330000 -0.180484
340000 -0.178948
350000 -0.178994
360000 -0.178162
370000 -0.180996
380000 -0.179912
390000 -0.18018
400000 -0.179252
410000 -0.179629
420000 -0.176885
430000 -0.173479
440000 -0.174007
450000 -0.174698
460000 -0.175439
470000 -0.175133
480000 -0.174677
490000 -0.173683
500000 -0.173272
510000 -0.173718
520000 -0.17416
530000 -0.174655
540000 -0.173557
550000 -0.17303
560000 -0.172512
570000 -0.172623
580000 -0.172646
590000 -0.172533
600000 -0.172411
610000 -0.172267
620000 -0.172345
630000 -0.172149
640000 -0.171972
650000 -0.172134
660000 -0.171998
670000 -0.171415
680000 -0.171052
690000 -0.158072
700000 -0.144481
710000 -0.130665
720000 -0.123345
730000 -0.122594
740000 -0.112117
750000 -0.112154
760000 -0.111701
770000 -0.111497
780000 -0.111764
790000 -0.111803
800000 -0.111874
810000 -0.111953
820000 -0.112355
830000 -0.112344
840000 -0.112382
850000 -0.112457
860000 -0.11175
870000 -0.11158
880000 -0.112655
890000 -0.112085
900000 -0.112111
910000 -0.111414
920000 -0.111374
930000 -0.111687
940000 -0.111959
950000 -0.11183
960000 -0.111484
970000 -0.111356
980000 -0.111136
990000 -0.110806
