10000 -0.452898
20000 -0.432943
30000 -0.427664
40000 -0.4191
50000 -0.405362
60000 -0.386082
70000 -0.367643
80000 -0.34327
90000 -0.333431
100000 -0.316789
110000 -0.311391
120000 -0.310594
130000 -0.308933
140000 -0.303414
150000 -0.302106
160000 -0.297003
170000 -0.29703
180000 -0.291264
190000 -0.286308
200000 -0.283947
210000 -0.282209
220000 -0.28077
230000 -0.275895
240000 -0.273367
250000 -0.26247
260000 -0.262136
270000 -0.261724
280000 -0.26156
290000 -0.261806
300000 -0.259717
310000 -0.259581
320000 -0.258723
330000 -0.258547
340000 -0.257084
350000 -0.257185
360000 -0.257763
370000 -0.258765
380000 -0.258392
390000 -0.259033
400000 -0.259252
410000 -0.258108
420000 -0.259413
430000 -0.259258
440000 -0.258996
450000 -0.257138
460000 -0.186422
470000 -0.138237
480000 -0.138066
490000 -0.137401
500000 -0.137724
510000 -0.137449
520000 -0.136983
530000 -0.136847
540000 -0.136409
550000 -0.13559
560000 -0.134569
570000 -0.134183
580000 -0.134744
590000 -0.134762
600000 -0.134457
610000 -0.132919
620000 -0.132896
630000 -0.132813
640000 -0.132523
650000 -0.132691
660000 -0.13249
670000 -0.132142
680000 -0.131987
690000 -0.132499
700000 -0.132359
710000 -0.132472
720000 -0.131801
730000 -0.131286
740000 -0.131196
750000 -0.131452
760000 -0.131779
770000 -0.131964
780000 -0.131974
790000 -0.132124
800000 -0.131576
810000 -0.130943
820000 -0.130734
830000 -0.129697
840000 -0.130199
850000 -0.129788
860000 -0.129843
870000 -0.129933
880000 -0.12996
890000 -0.130027
900000 -0.129976
910000 -0.129699
920000 -0.129851
930000 -0.130134
940000 -0.129805
950000 -0.129577
960000 -0.130204
970000 -0.130358
980000 -0.129972
990000 -0.130165
