10000 0.456994
20000 0.337199
30000 0.155645
40000 0.12058
50000 0.11934
60000 0.11957
70000 0.118029
80000 0.117554
90000 0.118363
100000 0.0969823
110000 0.0457506
120000 0.0075801
130000 0.00743679
140000 0.00653318
150000 0.00653318
160000 0.00653318
170000 0.00653318
180000 0.00653318
190000 0.00653318
200000 0.00653318
210000 0.00653318
220000 0.00653318
230000 0.00653318
240000 0.00653318
250000 0.00528484
260000 0.00528484
270000 0.00528484
280000 0.00528484
290000 0.00528484
300000 0.00528484
310000 0.00528484
320000 0.00528484
330000 0.00528484
340000 0.00528484
350000 0.00528484
360000 0.00528484
370000 0.00528484
380000 0.00528484
390000 0.00528484
400000 0.00528484
410000 0.00528484
420000 0.00528484
430000 0.00528484
440000 0.00528484
450000 0.00528484
460000 0.00528484
470000 0.00528484
480000 0.00528484
490000 0.00528484
500000 0.00528484
510000 0.00528484
520000 0.00528484
530000 0.00528484
540000 0.00528484
550000 0.00528484
560000 0.00528484
570000 0.00528484
580000 0.00528484
590000 0.00528484
600000 0.00528484
610000 0.00528484
620000 0.00528484
630000 0.00528484
640000 0.00528484
650000 0.00528484
660000 0.00528484
670000 0.00528484
680000 0.00528484
690000 0.00528484
700000 0.00528484
710000 0.00528484
720000 0.00528484
730000 0.00528484
740000 0.00528484
750000 0.00528484
760000 0.00528484
770000 0.00528484
780000 0.00528484
790000 0.00528484
800000 0.00528484
810000 0.00528484
820000 0.00528484
830000 0.00528484
840000 0.00528484
850000 0.00528484
860000 0.00528484
870000 0.00528484
880000 0.00528484
890000 0.00528484
900000 0.00528484
910000 0.00528484
920000 0.00528484
930000 0.00528484
940000 0.00528484
950000 0.00528484
960000 0.00528484
970000 0.00528484
980000 0.00528484
990000 0.00528484
